
./testbench.sh clang++ O3 MontgomeryHalf __uint128_t 191 8 40 -DTEST_ARRAY -DHURCHALLA_MONTGOMERY_TWO_POW_USE_CSELECT_ON_BIT -DHURCHALLA_ALLOW_INLINE_ASM_ALL

compilation finished, now executing:
---Running Program---

begin benchmarks - array two_pow
(ignore)88650815719561301638322740755946931820

OVERALL BEST:
1.3207  0 31 x 04
1.3247  0 31 x 06
1.3264  0 30 x 12
1.3273  0 29 x 03
1.3274  0 30 x 08
1.3308  0 28 x 03
1.3318  0 31 x 03
1.3332  0 30 x 10
1.3377  0 30 x 03
1.3389  0 28 x 04
1.3404  0 31 x 12
1.3431  0 31 x 10
1.3462  0 28 x 06
1.3464  0 28 x 08
1.3473  0 30 x 04
1.3480  0 31 x 08
1.3495  0 31 x 05
1.3499  0 29 x 04
1.3507  0 29 x 05
1.3508  0 29 x 12
1.3519  0 28 x 12
1.3520  0 30 x 05
1.3532  0 27 x 07
1.3538  0 30 x 07
1.3547  0 27 x 08
1.3551  0 29 x 10
1.3551  0 31 x 07
1.3551  0 28 x 07
1.3554  0 29 x 06
1.3590  0 27 x 05
1.3601  0 27 x 03
1.3602  0 28 x 10
1.3608  0 30 x 06
1.3636  0 27 x 10
1.3672  0 29 x 07
1.3674  0 29 x 08
1.3707  0 27 x 06
1.3708  0 27 x 04
1.3747  0 28 x 05
1.3767  0 27 x 12
1.4205  0 01 x 08
1.4310  0 05 x 08
1.4347  0 04 x 08
1.4414  0 06 x 08
1.4467  0 01 x 07
1.4510  0 06 x 10
1.4546  0 01 x 12
1.4567  0 06 x 12
1.4577  0 05 x 12
1.4613  0 01 x 04
1.4619  0 05 x 05
1.4622  0 05 x 10
1.4670  0 06 x 05
1.4695  0 01 x 06
1.4696  0 01 x 10
1.4701  0 05 x 03
1.4728  0 04 x 07
1.4728  0 06 x 07
1.4729  0 01 x 05
1.4746  0 04 x 10
1.4765  0 06 x 03
1.4769  0 05 x 06
1.4789  0 06 x 06
1.4808  0 04 x 05
1.4822  0 05 x 04
1.4833  0 04 x 12
1.4844  0 00 x 12
1.4866  0 05 x 07
1.4871  0 06 x 04
1.4890  0 00 x 03
1.4894  0 00 x 07
1.4911  0 03 x 03
1.4976  0 04 x 03
1.4991  0 04 x 06
1.5020  0 00 x 06
1.5027  0 00 x 08
1.5061  0 00 x 10
1.5096  0 04 x 04
1.5118  5 08 x 04
1.5137  0 00 x 04
1.5155  0 03 x 05
1.5196  0 00 x 05
1.5215  0 03 x 07
1.5235  0 03 x 04
1.5292  0 07 x 08
1.5329  0 01 x 03
1.5345  4 08 x 04
1.5388  0 07 x 05
1.5417  0 03 x 10
1.5427  0 03 x 06
1.5431  0 07 x 03
1.5461  0 03 x 08
1.5480  0 03 x 12
1.5557  0 07 x 07
1.5601  0 07 x 04
1.5601  0 07 x 06
1.5664  0 07 x 12
1.5685  0 07 x 10
1.5718  5 08 x 10
1.5764  5 08 x 08
1.5834  5 08 x 03
1.5839  4 08 x 05
1.5905  5 08 x 12
1.5921  4 08 x 03
1.6031  5 08 x 07
1.6035  5 08 x 06
1.6080  5 08 x 05
1.6110  6 08 x 03
1.6123  4 08 x 08
1.6175  4 08 x 10
1.6177  4 08 x 12
1.6198  6 08 x 08
1.6259  4 08 x 07
1.6292  6 08 x 10
1.6344  6 08 x 12
1.6347  6 08 x 07
1.6396  4 08 x 06
1.6487  6 08 x 04
1.6503  6 08 x 06
1.6555  6 08 x 05
1.6802  3 08 x 04
1.7160  3 08 x 07
1.7181  3 08 x 03
1.7245  3 08 x 10
1.7282  3 08 x 05
1.7299  3 08 x 06
1.7340  3 08 x 08
1.7392  3 08 x 12
1.7946  7 08 x 03
1.8295  7 08 x 04
1.8331  7 08 x 05
1.9458  2 08 x 04
1.9524  2 08 x 05
1.9645  2 08 x 03
2.1053  0 02 x 08
2.1059  0 02 x 03
2.1556  0 02 x 05
2.1708  0 02 x 07
2.1840  0 02 x 12
2.2195  0 02 x 10
2.2260  0 02 x 04
2.2352  0 02 x 06
2.7591  1 08 x 05
2.7658  1 08 x 03
2.7988  1 08 x 04
Timings By Test Type:
0.3929  0 31 x 06    0.3920  0 31 x 04    0.2672  0 31 x 04    0.2675  0 31 x 04
0.3935  0 30 x 12    0.3933  0 30 x 12    0.2692  0 31 x 06    0.2692  0 31 x 06
0.3936  0 30 x 08    0.3934  0 31 x 06    0.2694  0 29 x 03    0.2695  0 29 x 03
0.3940  0 31 x 04    0.3936  0 30 x 08    0.2698  0 30 x 12    0.2697  0 30 x 08
0.3943  0 29 x 03    0.3941  0 29 x 03    0.2701  0 31 x 03    0.2698  0 30 x 12
0.3952  0 28 x 03    0.3952  0 28 x 03    0.2702  0 28 x 03    0.2701  0 31 x 03
0.3954  0 30 x 10    0.3957  0 30 x 10    0.2706  0 30 x 08    0.2702  0 28 x 03
0.3958  0 31 x 03    0.3957  0 31 x 03    0.2711  0 30 x 10    0.2711  0 30 x 10
0.3974  0 30 x 03    0.3973  0 30 x 03    0.2716  0 30 x 03    0.2715  0 30 x 03
0.3978  0 28 x 04    0.3978  0 28 x 04    0.2717  0 28 x 04    0.2716  0 28 x 04
0.3982  0 31 x 12    0.3980  0 31 x 12    0.2721  0 31 x 12    0.2720  0 31 x 12
0.3982  0 31 x 10    0.3991  0 31 x 10    0.2726  0 31 x 10    0.2731  0 31 x 10
0.3993  0 28 x 08    0.3996  0 28 x 06    0.2733  0 28 x 08    0.2735  0 28 x 06
0.3996  0 28 x 06    0.3997  0 28 x 08    0.2735  0 28 x 06    0.2735  0 30 x 04
0.4001  0 30 x 04    0.4000  0 30 x 04    0.2736  0 31 x 08    0.2735  0 31 x 08
0.4004  0 31 x 08    0.4004  0 31 x 08    0.2736  0 30 x 04    0.2737  0 29 x 04
0.4005  0 31 x 05    0.4006  0 31 x 05    0.2737  0 29 x 04    0.2740  0 29 x 12
0.4011  0 29 x 04    0.4013  0 29 x 12    0.2742  0 29 x 05    0.2740  0 29 x 05
0.4012  0 29 x 12    0.4013  0 29 x 05    0.2742  0 31 x 05    0.2740  0 28 x 08
0.4012  0 29 x 05    0.4013  0 29 x 04    0.2744  0 28 x 12    0.2742  0 31 x 05
0.4013  0 30 x 07    0.4015  0 28 x 12    0.2744  0 29 x 12    0.2744  0 28 x 12
0.4015  0 30 x 05    0.4016  0 30 x 05    0.2744  0 30 x 05    0.2745  0 30 x 05
0.4016  0 28 x 12    0.4018  0 27 x 08    0.2747  0 27 x 07    0.2747  0 27 x 07
0.4019  0 27 x 07    0.4019  0 27 x 07    0.2749  0 29 x 06    0.2749  0 30 x 07
0.4020  0 27 x 08    0.4024  0 31 x 07    0.2750  0 27 x 08    0.2749  0 29 x 06
0.4022  0 29 x 10    0.4025  0 29 x 10    0.2750  0 28 x 07    0.2750  0 28 x 07
0.4025  0 28 x 07    0.4026  0 28 x 07    0.2750  0 30 x 07    0.2751  0 31 x 07
0.4026  0 31 x 07    0.4026  0 30 x 07    0.2750  0 31 x 07    0.2752  0 27 x 05
0.4028  0 29 x 06    0.4027  0 29 x 06    0.2752  0 29 x 10    0.2752  0 29 x 10
0.4032  0 27 x 05    0.4037  0 28 x 10    0.2755  0 27 x 03    0.2753  0 27 x 03
0.4038  0 28 x 10    0.4043  0 27 x 05    0.2762  0 30 x 06    0.2759  0 27 x 08
0.4041  0 30 x 06    0.4043  0 30 x 06    0.2763  0 27 x 05    0.2763  0 30 x 06
0.4047  0 27 x 03    0.4046  0 27 x 03    0.2763  0 28 x 10    0.2765  0 28 x 10
0.4050  0 27 x 10    0.4051  0 27 x 10    0.2769  0 27 x 10    0.2766  0 27 x 10
0.4062  0 29 x 07    0.4062  0 29 x 08    0.2774  0 29 x 08    0.2772  0 29 x 07
0.4062  0 27 x 06    0.4064  0 29 x 07    0.2774  0 29 x 07    0.2774  0 29 x 08
0.4065  0 29 x 08    0.4074  0 27 x 04    0.2778  0 27 x 06    0.2779  0 27 x 04
0.4076  0 27 x 04    0.4077  0 27 x 06    0.2779  0 27 x 04    0.2784  0 27 x 12
0.4089  0 28 x 05    0.4082  0 28 x 05    0.2789  0 28 x 05    0.2786  0 28 x 05
0.4098  0 27 x 12    0.4093  0 27 x 12    0.2792  0 27 x 12    0.2789  0 27 x 06
0.4234  0 01 x 08    0.4234  0 01 x 08    0.2869  0 01 x 08    0.2868  0 01 x 08
0.4256  0 05 x 08    0.4255  0 05 x 08    0.2897  0 04 x 08    0.2897  0 04 x 08
0.4263  0 06 x 08    0.4266  0 06 x 08    0.2900  0 05 x 08    0.2900  0 05 x 08
0.4277  0 04 x 08    0.4276  0 04 x 08    0.2922  0 01 x 07    0.2922  0 01 x 07
0.4290  0 06 x 10    0.4289  0 06 x 10    0.2938  0 01 x 12    0.2938  0 01 x 12
0.4310  0 06 x 12    0.4308  0 06 x 12    0.2943  0 06 x 08    0.2943  0 06 x 08
0.4311  0 01 x 07    0.4311  0 01 x 07    0.2944  0 05 x 12    0.2945  0 05 x 12
0.4335  0 01 x 12    0.4334  0 01 x 12    0.2951  0 01 x 04    0.2951  0 01 x 04
0.4346  0 05 x 12    0.4336  0 06 x 05    0.2957  0 05 x 10    0.2957  0 05 x 10
0.4352  0 05 x 05    0.4342  0 05 x 12    0.2959  0 05 x 05    0.2959  0 05 x 05
0.4353  0 06 x 05    0.4350  0 05 x 05    0.2965  0 06 x 10    0.2964  0 01 x 06
0.4354  0 05 x 10    0.4354  0 05 x 10    0.2970  0 01 x 06    0.2965  0 06 x 10
0.4355  0 01 x 04    0.4356  0 01 x 04    0.2971  0 01 x 10    0.2970  0 01 x 10
0.4360  0 06 x 07    0.4360  0 06 x 07    0.2971  0 01 x 05    0.2971  0 01 x 05
0.4376  0 01 x 10    0.4377  0 06 x 03    0.2972  0 05 x 03    0.2972  0 05 x 03
0.4378  0 06 x 03    0.4378  0 01 x 06    0.2975  0 06 x 12    0.2974  0 04 x 07
0.4379  0 05 x 03    0.4378  0 05 x 03    0.2975  0 04 x 07    0.2975  0 06 x 12
0.4380  0 06 x 06    0.4379  0 01 x 10    0.2984  0 05 x 06    0.2976  0 03 x 03
0.4383  0 01 x 06    0.4382  0 06 x 06    0.2984  0 04 x 10    0.2981  0 04 x 10
0.4390  0 04 x 07    0.4386  0 04 x 10    0.2990  0 04 x 05    0.2985  0 05 x 06
0.4394  0 01 x 05    0.4388  0 04 x 07    0.2996  0 04 x 12    0.2986  0 06 x 05
0.4395  0 04 x 10    0.4392  0 01 x 05    0.2996  0 06 x 05    0.2991  0 04 x 05
0.4400  0 05 x 06    0.4400  0 05 x 06    0.2998  0 05 x 04    0.2994  0 04 x 12
0.4409  0 06 x 04    0.4405  0 06 x 04    0.3002  0 05 x 07    0.2998  0 05 x 04
0.4413  0 04 x 05    0.4412  0 05 x 04    0.3004  0 06 x 07    0.3003  0 05 x 07
0.4414  0 05 x 04    0.4415  0 04 x 05    0.3004  0 06 x 03    0.3004  0 06 x 07
0.4417  0 00 x 12    0.4415  0 00 x 12    0.3006  0 00 x 12    0.3005  0 00 x 12
0.4422  0 04 x 12    0.4421  0 04 x 12    0.3013  0 06 x 06    0.3006  0 06 x 03
0.4428  0 00 x 07    0.4428  0 00 x 07    0.3015  0 00 x 03    0.3009  0 00 x 03
0.4429  0 00 x 03    0.4430  0 05 x 07    0.3020  0 00 x 07    0.3014  0 06 x 06
0.4431  0 05 x 07    0.4437  0 00 x 03    0.3022  0 04 x 03    0.3017  0 00 x 07
0.4447  5 08 x 04    0.4446  5 08 x 04    0.3023  0 03 x 03    0.3023  0 04 x 03
0.4459  0 03 x 03    0.4454  0 03 x 03    0.3027  0 04 x 06    0.3026  0 04 x 06
0.4461  0 04 x 03    0.4467  0 00 x 06    0.3029  0 06 x 04    0.3028  0 06 x 04
0.4467  0 00 x 06    0.4468  0 04 x 06    0.3043  0 00 x 06    0.3043  0 00 x 06
0.4470  0 04 x 06    0.4469  0 00 x 08    0.3044  0 00 x 08    0.3044  0 00 x 08
0.4470  0 00 x 08    0.4470  0 04 x 03    0.3046  0 04 x 04    0.3045  0 04 x 04
0.4482  0 00 x 10    0.4482  0 00 x 10    0.3049  0 00 x 10    0.3049  0 00 x 10
0.4490  0 07 x 08    0.4488  0 07 x 08    0.3060  0 03 x 05    0.3056  0 03 x 05
0.4503  0 04 x 04    0.4502  0 04 x 04    0.3063  0 00 x 04    0.3063  0 00 x 04
0.4506  0 00 x 04    0.4505  0 00 x 04    0.3067  0 03 x 07    0.3070  0 00 x 05
0.4520  0 03 x 05    0.4519  0 03 x 05    0.3074  0 03 x 04    0.3074  0 03 x 04
0.4524  0 07 x 05    0.4522  0 00 x 05    0.3074  0 00 x 05    0.3080  0 03 x 07
0.4531  0 00 x 05    0.4525  0 03 x 07    0.3092  0 01 x 03    0.3090  0 01 x 03
0.4541  0 07 x 03    0.4528  0 07 x 05    0.3113  5 08 x 04    0.3113  5 08 x 04
0.4543  4 08 x 04    0.4541  0 07 x 03    0.3115  0 03 x 06    0.3115  0 03 x 06
0.4543  0 03 x 07    0.4544  0 03 x 04    0.3117  0 03 x 10    0.3117  0 03 x 10
0.4543  0 03 x 04    0.4544  4 08 x 04    0.3124  0 03 x 08    0.3123  0 03 x 08
0.4571  0 01 x 03    0.4571  0 07 x 07    0.3129  4 08 x 04    0.3129  4 08 x 04
0.4573  0 07 x 07    0.4575  0 01 x 03    0.3130  0 03 x 12    0.3130  0 03 x 12
0.4587  0 07 x 04    0.4580  0 07 x 10    0.3158  0 07 x 08    0.3156  0 07 x 08
0.4587  0 07 x 06    0.4586  0 07 x 12    0.3168  0 07 x 05    0.3169  0 07 x 05
0.4590  0 07 x 12    0.4587  0 07 x 06    0.3174  0 07 x 03    0.3176  0 07 x 03
0.4592  0 03 x 10    0.4589  0 07 x 04    0.3207  0 07 x 07    0.3207  0 07 x 07
0.4595  0 07 x 10    0.4591  0 03 x 10    0.3212  0 07 x 04    0.3213  0 07 x 04
0.4599  0 03 x 06    0.4598  0 03 x 06    0.3214  0 07 x 06    0.3214  0 07 x 06
0.4607  0 03 x 08    0.4606  0 03 x 08    0.3227  4 08 x 05    0.3233  4 08 x 05
0.4610  0 03 x 12    0.4609  0 03 x 12    0.3244  5 08 x 10    0.3243  5 08 x 10
0.4616  5 08 x 10    0.4615  5 08 x 10    0.3244  0 07 x 12    0.3243  0 07 x 12
0.4632  5 08 x 08    0.4633  5 08 x 08    0.3247  4 08 x 03    0.3247  4 08 x 03
0.4660  5 08 x 03    0.4660  5 08 x 03    0.3249  5 08 x 08    0.3250  5 08 x 08
0.4665  5 08 x 12    0.4672  5 08 x 12    0.3256  0 07 x 10    0.3254  0 07 x 10
0.4685  6 08 x 03    0.4685  6 08 x 03    0.3257  5 08 x 03    0.3256  5 08 x 03
0.4694  4 08 x 05    0.4685  4 08 x 05    0.3287  5 08 x 12    0.3281  5 08 x 12
0.4709  6 08 x 08    0.4710  6 08 x 08    0.3293  4 08 x 08    0.3293  4 08 x 08
0.4709  5 08 x 06    0.4714  4 08 x 03    0.3302  5 08 x 07    0.3299  5 08 x 07
0.4713  4 08 x 03    0.4715  5 08 x 07    0.3305  5 08 x 06    0.3305  5 08 x 06
0.4715  5 08 x 07    0.4716  5 08 x 06    0.3307  5 08 x 05    0.3307  5 08 x 05
0.4732  5 08 x 05    0.4734  5 08 x 05    0.3308  4 08 x 10    0.3307  4 08 x 10
0.4736  6 08 x 10    0.4736  6 08 x 10    0.3314  4 08 x 12    0.3311  4 08 x 12
0.4749  6 08 x 12    0.4749  6 08 x 12    0.3317  4 08 x 07    0.3312  4 08 x 07
0.4755  6 08 x 07    0.4753  6 08 x 07    0.3344  4 08 x 06    0.3346  4 08 x 06
0.4769  4 08 x 08    0.4767  4 08 x 08    0.3370  6 08 x 03    0.3370  6 08 x 03
0.4776  4 08 x 12    0.4776  4 08 x 12    0.3389  6 08 x 08    0.3390  6 08 x 08
0.4780  4 08 x 10    0.4780  4 08 x 10    0.3405  3 08 x 04    0.3399  3 08 x 04
0.4798  6 08 x 06    0.4799  6 08 x 06    0.3410  6 08 x 10    0.3410  6 08 x 10
0.4805  6 08 x 04    0.4804  6 08 x 04    0.3419  6 08 x 07    0.3420  6 08 x 07
0.4819  4 08 x 07    0.4811  4 08 x 07    0.3423  6 08 x 12    0.3423  6 08 x 12
0.4820  6 08 x 05    0.4818  6 08 x 05    0.3439  6 08 x 04    0.3439  6 08 x 04
0.4854  4 08 x 06    0.4853  4 08 x 06    0.3453  6 08 x 06    0.3453  6 08 x 06
0.5002  3 08 x 04    0.4996  3 08 x 04    0.3459  6 08 x 05    0.3459  6 08 x 05
0.5102  3 08 x 07    0.5101  3 08 x 07    0.3479  3 08 x 07    0.3478  3 08 x 07
0.5109  3 08 x 03    0.5110  3 08 x 03    0.3482  3 08 x 03    0.3480  3 08 x 03
0.5123  3 08 x 10    0.5114  7 08 x 03    0.3498  3 08 x 10    0.3494  3 08 x 10
0.5127  7 08 x 03    0.5130  3 08 x 10    0.3502  3 08 x 05    0.3502  3 08 x 05
0.5139  3 08 x 05    0.5139  3 08 x 05    0.3506  3 08 x 06    0.3507  3 08 x 06
0.5143  3 08 x 06    0.5144  3 08 x 06    0.3516  3 08 x 08    0.3522  3 08 x 08
0.5157  3 08 x 08    0.5146  3 08 x 08    0.3528  3 08 x 12    0.3527  3 08 x 12
0.5169  3 08 x 12    0.5168  3 08 x 12    0.3855  7 08 x 03    0.3850  7 08 x 03
0.5243  7 08 x 04    0.5243  7 08 x 04    0.3905  7 08 x 04    0.3904  7 08 x 04
0.5249  7 08 x 05    0.5248  7 08 x 05    0.3916  7 08 x 05    0.3918  7 08 x 05
0.5794  2 08 x 04    0.5793  2 08 x 04    0.3935  2 08 x 04    0.3936  2 08 x 04
0.5814  2 08 x 05    0.5813  2 08 x 05    0.3949  2 08 x 05    0.3948  2 08 x 05
0.5853  2 08 x 03    0.5855  2 08 x 03    0.3966  2 08 x 03    0.3971  2 08 x 03
0.6276  0 02 x 08    0.6276  0 02 x 08    0.4243  0 02 x 03    0.4244  0 02 x 03
0.6286  0 02 x 03    0.6286  0 02 x 03    0.4250  0 02 x 08    0.4251  0 02 x 08
0.6430  0 02 x 05    0.6429  0 02 x 05    0.4349  0 02 x 05    0.4348  0 02 x 05
0.6473  0 02 x 07    0.6472  0 02 x 07    0.4381  0 02 x 07    0.4382  0 02 x 07
0.6509  0 02 x 12    0.6508  0 02 x 12    0.4413  0 02 x 12    0.4411  0 02 x 12
0.6616  0 02 x 10    0.6614  0 02 x 10    0.4484  0 02 x 10    0.4481  0 02 x 10
0.6643  0 02 x 04    0.6642  0 02 x 04    0.4488  0 02 x 04    0.4488  0 02 x 04
0.6665  0 02 x 06    0.6667  0 02 x 06    0.4511  0 02 x 06    0.4510  0 02 x 06
0.8235  1 08 x 05    0.8230  1 08 x 05    0.5560  1 08 x 05    0.5565  1 08 x 05
0.8261  1 08 x 03    0.8261  1 08 x 03    0.5568  1 08 x 03    0.5568  1 08 x 03
0.8354  1 08 x 04    0.8353  1 08 x 04    0.5647  1 08 x 04    0.5633  1 08 x 04
---Benchmark Program Finished---
