
./testbench.sh g++ O3 MontgomeryFull __uint128_t 191 8 40 -DTEST_ARRAY

compilation finished, now executing:
---Running Program---

begin benchmarks - array two_pow
(ignore)12673900455973402205682641815686729848

OVERALL BEST:
2.5597  0 31 x 04
2.5617  0 31 x 03
2.5660  0 31 x 05
2.5674  0 29 x 03
2.5701  0 29 x 05
2.5717  0 31 x 08
2.5771  0 29 x 08
2.5865  0 29 x 04
2.5877  0 31 x 06
2.5921  0 31 x 07
2.5923  0 29 x 07
2.6103  0 29 x 06
2.6200  0 31 x 10
2.6225  0 29 x 12
2.6258  0 31 x 12
2.6302  0 29 x 10
2.6938  0 30 x 04
2.7044  0 28 x 04
2.7081  0 30 x 03
2.7144  0 28 x 03
2.7360  0 30 x 05
2.7399  0 05 x 03
2.7449  0 30 x 06
2.7483  0 28 x 05
2.7512  0 28 x 06
2.7525  0 04 x 03
2.7567  0 30 t 03
2.7577  0 30 x 07
2.7707  0 28 x 07
2.7717  0 05 x 04
2.7732  0 28 x 08
2.7740  0 28 t 03
2.7873  0 30 x 08
2.8038  0 30 x 10
2.8130  0 30 x 12
2.8171  0 06 x 03
2.8192  0 31 t 03
2.8225  0 05 x 05
2.8307  0 06 x 04
2.8332  0 28 x 12
2.8362  0 29 t 03
2.8377  0 04 x 05
2.8394  0 28 t 04
2.8404  0 04 x 06
2.8409  0 05 x 06
2.8431  0 28 x 10
2.8447  0 30 t 04
2.8457  0 04 t 03
2.8542  0 06 x 05
2.8627  0 00 t 03
2.8680  0 05 x 07
2.8720  0 05 t 03
2.8781  0 04 x 07
2.8826  0 04 x 08
2.8854  0 31 t 07
2.8923  0 00 x 06
2.8988  0 31 t 04
2.8990  0 06 t 03
2.8992  0 00 x 07
2.9024  0 04 x 04
2.9084  0 29 t 07
2.9114  0 05 x 08
2.9161  0 05 x 10
2.9201  0 00 x 03
2.9208  0 29 t 04
2.9251  0 01 t 03
2.9280  0 31 t 08
2.9289  0 29 t 08
2.9291  0 06 x 07
2.9316  0 01 x 03
2.9329  0 04 x 10
2.9361  0 00 x 04
2.9467  0 31 t 05
2.9474  0 00 x 05
2.9499  0 00 x 08
2.9501  0 01 x 04
2.9514  0 07 x 03
2.9523  0 28 t 05
2.9547  0 30 t 05
2.9586  0 06 x 08
2.9617  0 01 x 05
2.9683  0 01 x 07
2.9729  0 29 t 05
2.9778  0 06 x 06
2.9781  0 04 x 12
2.9831  0 01 x 06
3.0045  0 06 x 10
3.0095  0 05 x 12
3.0158  0 01 x 08
3.0169  0 31 t 10
3.0241  0 27 x 03
3.0244  0 28 t 06
3.0246  0 31 t 06
3.0249  0 29 t 10
3.0306  0 00 t 04
3.0326  0 29 t 06
3.0347  0 30 t 06
3.0499  0 00 x 10
3.0600  0 07 x 05
3.0614  0 27 x 04
3.0632  0 01 t 04
3.0665  0 27 x 05
3.0786  0 07 x 04
3.0878  0 27 x 12
3.0879  0 01 x 10
3.0900  0 27 x 07
3.0900  0 27 x 10
3.0907  0 06 x 12
3.0911  0 28 t 07
3.0933  0 00 x 12
3.0959  0 27 x 06
3.0991  0 30 t 07
3.1004  0 31 t 12
3.1068  0 27 x 08
3.1102  0 07 t 03
3.1210  0 30 t 08
3.1344  0 28 t 08
3.1371  0 05 t 04
3.1397  0 29 t 12
3.1615  0 07 x 06
3.1629  0 06 t 04
3.1763  0 04 t 04
3.1820  0 01 x 12
3.1867  0 07 x 08
3.1963  0 28 t 10
3.2111  0 07 x 07
3.2342  0 05 t 05
3.2353  0 04 t 07
3.2374  0 28 t 12
3.2395  0 04 t 08
3.2473  0 04 t 05
3.2492  0 06 t 05
3.2729  0 30 t 12
3.2736  0 00 t 07
3.2931  0 00 t 05
3.3036  0 05 t 06
3.3187  0 07 x 12
3.3276  0 01 t 07
3.3289  0 07 x 10
3.3300  0 06 t 06
3.3385  0 04 t 06
3.3460  0 05 t 07
3.3619  0 01 t 05
3.3788  0 06 t 07
3.3926  5 08 x 03
3.3969  4 08 x 03
3.3994  0 05 t 08
3.4008  0 01 t 08
3.4035  0 00 t 06
3.4040  0 00 t 08
3.4085  0 07 t 04
3.4139  0 04 t 10
3.4210  0 30 t 10
3.4447  0 07 t 05
3.4461  0 01 t 06
3.4471  0 05 t 10
3.4555  0 06 t 08
3.4691  4 08 x 04
3.4699  4 08 x 05
3.4715  5 08 x 04
3.4726  5 08 x 05
3.4823  0 00 t 10
3.4868  0 27 t 10
3.4900  0 04 t 12
3.5276  4 08 x 06
3.5409  0 27 t 03
3.5414  0 01 t 10
3.5436  5 08 x 06
3.5641  0 06 t 10
3.5642  5 08 t 03
3.5647  0 27 t 04
3.5717  0 07 t 06
3.5771  3 08 x 04
3.5832  0 00 t 12
3.5877  0 27 t 12
3.5882  0 06 t 12
3.5897  4 08 x 07
3.5921  0 27 t 05
3.5948  5 08 x 07
3.6026  5 08 x 08
3.6069  4 08 t 04
3.6101  4 08 x 08
3.6107  5 08 t 04
3.6141  6 08 x 03
3.6184  0 27 t 06
3.6225  0 01 t 12
3.6305  0 07 t 07
3.6414  0 27 t 07
3.6595  0 27 t 08
3.6602  4 08 t 03
3.6667  4 08 x 10
3.6701  5 08 x 10
3.6817  6 08 x 04
3.6847  4 08 x 12
3.6910  5 08 x 12
3.7015  3 08 x 05
3.7195  6 08 x 05
3.7262  0 05 t 12
3.7406  3 08 x 03
3.7438  5 08 t 05
3.7446  0 07 t 08
3.7509  3 08 x 06
3.7548  4 08 t 06
3.7708  4 08 t 05
3.7891  5 08 t 06
3.7907  6 08 x 06
3.7915  0 07 t 12
3.7966  6 08 t 03
3.8291  0 07 t 10
3.8301  3 08 x 08
3.8425  3 08 x 07
3.8494  6 08 x 07
3.8660  4 08 t 07
3.8742  5 08 t 07
3.8853  4 08 t 08
3.9001  6 08 x 08
3.9029  3 08 x 10
3.9059  3 08 x 12
3.9128  3 08 t 03
3.9134  6 08 t 04
3.9184  5 08 t 08
3.9324  3 08 t 04
3.9591  6 08 x 10
3.9725  4 08 t 10
3.9868  3 08 t 05
4.0157  4 08 t 12
4.0169  5 08 t 10
4.0206  6 08 x 12
4.0289  3 08 t 06
4.0374  6 08 t 05
4.0530  3 08 t 08
4.0674  6 08 t 06
4.0707  5 08 t 12
4.0773  3 08 t 07
4.1606  6 08 t 07
4.2039  2 08 x 04
4.2165  2 08 x 03
4.2239  2 08 x 05
4.2248  6 08 t 08
4.2539  3 08 t 10
4.2587  3 08 t 12
4.3105  2 08 t 03
4.3391  6 08 t 10
4.3444  2 08 t 04
4.3530  2 08 t 05
4.3555  7 08 x 03
4.3580  7 08 x 04
4.4055  7 08 x 05
4.4420  6 08 t 12
4.4564  0 02 x 12
4.5537  0 02 x 10
4.5900  7 08 t 04
4.5966  7 08 t 03
4.6560  0 02 x 08
4.7263  0 02 x 07
4.7604  7 08 t 05
4.7731  0 02 x 06
4.9708  0 02 x 03
5.0325  0 02 x 04
5.1453  0 02 x 05
5.5797  1 08 x 03
5.5931  1 08 t 03
5.6205  0 03 x 12
5.7102  1 08 t 04
5.7206  1 08 x 04
5.7255  1 08 t 05
5.7341  1 08 x 05
5.7790  0 03 x 03
5.7812  0 03 x 08
5.7979  0 03 x 10
5.8486  0 03 x 07
5.8705  0 03 x 04
6.0520  0 03 x 06
6.0939  0 03 x 05
Timings By Test Type:
0.9059  0 31 t 03    0.6124  0 31 x 03    0.6101  0 31 t 03    0.4133  0 31 x 03
0.9088  0 29 t 03    0.6154  0 31 x 05    0.6127  0 29 t 03    0.4158  0 29 x 03
0.9099  0 31 x 04    0.6160  0 29 x 03    0.6142  0 31 x 04    0.4160  0 31 x 05
0.9104  0 29 x 05    0.6161  0 29 x 08    0.6160  0 29 x 05    0.4176  0 31 x 04
0.9131  0 31 t 04    0.6162  0 31 x 08    0.6173  0 31 t 04    0.4181  0 29 x 08
0.9147  0 31 t 07    0.6165  0 31 x 07    0.6176  0 29 x 03    0.4187  0 31 x 07
0.9148  0 31 x 08    0.6180  0 31 x 04    0.6178  0 31 x 03    0.4200  0 31 x 08
0.9151  0 31 x 06    0.6214  0 29 x 04    0.6189  0 31 x 05    0.4201  0 29 x 04
0.9157  0 31 x 05    0.6220  0 29 x 07    0.6200  0 31 x 06    0.4211  0 29 x 05
0.9180  0 29 x 03    0.6227  0 29 x 05    0.6206  0 31 x 08    0.4225  0 29 x 07
0.9183  0 31 x 03    0.6250  0 31 x 10    0.6214  0 29 t 04    0.4260  0 31 x 10
0.9199  0 29 t 04    0.6253  0 31 x 06    0.6217  0 31 t 07    0.4271  0 29 x 12
0.9200  0 29 x 08    0.6276  0 29 x 12    0.6229  0 29 x 04    0.4273  0 31 x 06
0.9214  0 31 t 05    0.6282  0 31 x 12    0.6229  0 29 x 08    0.4281  0 31 x 12
0.9217  0 29 x 06    0.6307  0 29 x 10    0.6238  0 31 t 05    0.4291  0 29 x 10
0.9221  0 29 x 04    0.6346  0 29 x 06    0.6239  0 29 x 06    0.4301  0 29 x 06
0.9222  0 29 x 07    0.6396  0 30 x 03    0.6255  0 29 x 07    0.4320  0 30 x 04
0.9235  0 29 t 07    0.6401  0 30 x 04    0.6264  0 29 t 07    0.4328  0 28 x 04
0.9279  0 31 x 07    0.6414  0 28 x 04    0.6285  0 29 t 05    0.4399  0 05 x 03
0.9294  0 29 t 05    0.6450  0 28 x 03    0.6290  0 31 x 07    0.4405  0 28 x 03
0.9295  0 29 t 08    0.6518  0 30 x 05    0.6304  0 29 t 08    0.4410  0 30 x 03
0.9307  0 31 t 08    0.6535  0 05 x 03    0.6318  0 31 t 08    0.4424  0 30 x 05
0.9339  0 29 x 12    0.6537  0 30 x 06    0.6339  0 29 x 12    0.4426  0 30 x 06
0.9345  0 31 x 10    0.6563  0 28 x 05    0.6345  0 31 x 10    0.4434  0 04 x 03
0.9347  0 31 x 12    0.6590  0 28 x 06    0.6346  0 29 x 10    0.4443  0 28 x 05
0.9358  0 29 x 10    0.6601  0 04 x 03    0.6348  0 31 x 12    0.4454  0 28 x 06
0.9405  0 31 t 06    0.6610  0 30 x 07    0.6355  0 30 t 03    0.4487  0 30 x 07
0.9416  0 29 t 10    0.6622  0 05 x 04    0.6362  0 28 t 03    0.4488  0 05 x 04
0.9417  0 31 t 10    0.6661  0 28 x 07    0.6376  0 31 t 06    0.4507  0 28 x 07
0.9433  0 29 t 06    0.6670  0 28 x 08    0.6393  0 29 t 06    0.4527  0 28 x 08
0.9468  0 30 t 03    0.6691  0 30 x 08    0.6397  0 29 t 10    0.4558  0 30 x 08
0.9504  0 28 t 03    0.6727  0 06 x 04    0.6399  0 31 t 10    0.4572  0 05 x 05
0.9583  0 28 t 04    0.6745  0 05 x 05    0.6464  0 28 t 04    0.4597  0 28 x 12
0.9596  0 30 t 04    0.6748  0 30 x 10    0.6472  0 30 t 04    0.4604  0 30 x 10
0.9691  0 04 t 03    0.6764  0 06 x 03    0.6511  0 30 x 03    0.4610  0 04 x 05
0.9692  0 30 x 04    0.6769  0 28 x 12    0.6511  0 04 t 03    0.4612  0 28 x 10
0.9704  0 31 t 12    0.6783  0 06 x 05    0.6522  0 28 x 03    0.4625  0 06 x 04
0.9739  0 28 x 04    0.6785  0 28 x 10    0.6524  0 30 x 04    0.4628  0 04 x 06
0.9764  0 30 x 03    0.6785  0 30 x 12    0.6563  0 28 x 04    0.4639  0 06 x 03
0.9768  0 28 x 03    0.6835  0 05 x 06    0.6567  0 00 t 03    0.4642  0 05 x 06
0.9771  0 00 t 03    0.6849  0 05 x 07    0.6584  0 31 t 12    0.4649  0 05 x 07
0.9780  0 28 t 05    0.6863  0 04 x 06    0.6596  0 28 t 05    0.4659  0 30 x 12
0.9787  0 30 t 05    0.6865  0 04 x 05    0.6610  0 30 t 05    0.4667  0 30 t 03
0.9796  0 30 x 05    0.6916  0 06 x 07    0.6617  0 04 x 03    0.4679  0 04 x 08
0.9811  0 29 t 12    0.6934  0 04 x 08    0.6622  0 30 x 05    0.4680  0 06 x 05
0.9828  0 05 t 03    0.6942  0 07 x 03    0.6630  0 28 x 06    0.4705  0 00 x 06
0.9832  0 05 x 03    0.6966  0 00 x 06    0.6630  0 28 x 05    0.4721  0 04 x 07
0.9834  0 30 x 07    0.7006  0 04 x 07    0.6633  0 05 x 03    0.4722  0 28 t 03
0.9839  0 28 x 06    0.7022  0 04 x 10    0.6641  0 05 t 03    0.4738  0 04 x 10
0.9840  0 30 x 06    0.7024  0 00 x 07    0.6646  0 30 x 07    0.4748  0 00 x 07
0.9847  0 28 x 05    0.7064  0 05 x 10    0.6646  0 29 t 12    0.4780  0 04 x 12
0.9869  0 06 t 03    0.7076  0 04 x 12    0.6647  0 30 x 06    0.4784  0 04 x 04
0.9872  0 28 x 08    0.7078  0 30 t 03    0.6655  0 28 x 07    0.4801  0 06 x 07
0.9872  0 04 x 03    0.7106  0 05 x 08    0.6664  0 28 x 08    0.4805  0 05 x 10
0.9874  0 28 t 06    0.7123  0 05 x 12    0.6665  0 28 t 06    0.4811  0 05 x 08
0.9884  0 28 x 07    0.7132  0 00 x 08    0.6673  0 01 t 03    0.4816  0 00 x 03
0.9901  0 05 x 04    0.7136  0 04 x 04    0.6702  0 30 x 08    0.4818  0 00 x 08
0.9917  0 30 t 06    0.7151  0 28 t 03    0.6705  0 30 t 06    0.4827  0 01 x 03
0.9921  0 30 x 08    0.7163  0 06 x 08    0.6706  0 05 x 04    0.4843  0 01 x 04
0.9947  0 01 t 03    0.7178  0 00 x 03    0.6728  0 30 x 10    0.4849  0 00 x 04
0.9956  0 30 x 12    0.7187  0 01 x 03    0.6731  0 30 x 12    0.4867  0 00 x 05
0.9957  0 06 x 03    0.7203  0 06 x 10    0.6749  0 28 t 07    0.4870  0 05 x 12
0.9958  0 30 x 10    0.7204  0 01 x 04    0.6751  0 05 t 04    0.4878  0 07 x 03
0.9975  0 05 t 04    0.7216  0 00 x 04    0.6764  0 30 t 07    0.4887  0 01 x 05
0.9999  0 28 t 07    0.7227  0 06 x 06    0.6769  0 06 t 03    0.4894  0 01 x 07
1.0036  0 30 t 07    0.7233  0 07 x 05    0.6774  0 28 t 08    0.4914  0 04 t 03
1.0036  0 06 t 04    0.7237  0 00 x 05    0.6794  0 04 x 05    0.4914  0 05 t 03
1.0052  0 28 t 08    0.7249  0 01 x 07    0.6802  0 04 x 06    0.4920  0 00 x 10
1.0054  0 06 x 04    0.7270  0 00 x 10    0.6812  0 06 x 03    0.4933  0 00 t 03
1.0080  0 05 x 05    0.7270  0 01 x 05    0.6817  0 30 t 08    0.4958  0 28 t 04
1.0092  0 30 t 08    0.7294  0 06 x 12    0.6820  0 00 t 04    0.4972  0 06 x 08
1.0100  0 05 x 06    0.7336  0 05 t 03    0.6829  0 05 x 05    0.4977  0 30 t 04
1.0107  0 04 x 05    0.7338  0 07 x 04    0.6832  0 05 x 06    0.4989  0 27 x 03
1.0112  0 04 x 06    0.7340  0 06 t 03    0.6841  0 04 t 04    0.4991  0 01 x 06
1.0117  0 06 x 05    0.7341  0 04 t 03    0.6844  0 01 t 04    0.4994  0 06 x 06
1.0118  0 00 t 04    0.7356  0 00 t 03    0.6849  0 28 x 12    0.5012  0 06 t 03
1.0118  0 28 x 12    0.7389  0 28 t 04    0.6859  0 04 x 07    0.5023  0 01 x 08
1.0160  0 28 x 10    0.7396  0 01 x 06    0.6874  0 28 x 10    0.5038  0 06 x 10
1.0172  0 04 t 04    0.7402  0 30 t 04    0.6875  0 04 x 04    0.5051  0 01 x 10
1.0175  0 01 t 04    0.7440  0 01 x 08    0.6890  0 06 t 04    0.5062  0 01 t 03
1.0195  0 04 x 07    0.7483  0 01 x 10    0.6901  0 06 x 04    0.5068  0 27 x 04
1.0229  0 04 x 04    0.7538  0 27 x 03    0.6907  0 00 x 03    0.5115  0 27 x 05
1.0244  0 28 t 10    0.7550  0 27 x 04    0.6923  0 28 t 10    0.5133  0 27 x 12
1.0246  0 05 x 08    0.7560  0 27 x 10    0.6928  0 04 x 08    0.5134  0 00 x 12
1.0252  0 05 x 07    0.7569  0 27 x 12    0.6931  0 05 x 07    0.5134  0 06 x 12
1.0268  0 05 t 05    0.7569  0 01 t 03    0.6932  0 05 t 05    0.5140  0 07 x 05
1.0285  0 04 x 08    0.7573  0 00 x 12    0.6934  0 00 x 07    0.5144  0 27 x 07
1.0286  0 00 x 07    0.7599  0 07 x 07    0.6945  0 04 t 05    0.5145  0 27 x 10
1.0300  0 00 x 03    0.7600  0 27 x 05    0.6945  0 01 x 03    0.5160  0 27 x 06
1.0304  0 00 x 06    0.7638  0 07 x 06    0.6948  0 00 x 06    0.5178  0 27 x 08
1.0306  0 05 x 10    0.7653  0 27 x 06    0.6951  0 05 x 08    0.5195  0 07 x 04
1.0312  0 28 t 12    0.7656  0 27 x 07    0.6957  0 28 t 12    0.5234  0 31 t 03
1.0315  0 04 t 05    0.7680  0 27 x 08    0.6961  0 06 x 05    0.5259  0 01 x 12
1.0316  0 06 t 05    0.7690  0 07 x 08    0.6962  0 00 x 04    0.5286  0 29 t 03
1.0325  0 06 x 08    0.7788  0 01 x 12    0.6986  0 05 x 10    0.5294  0 28 t 05
1.0334  0 00 x 04    0.7798  0 31 t 03    0.6987  0 30 t 12    0.5297  0 30 t 05
1.0341  0 30 t 12    0.7853  0 30 t 05    0.6994  0 00 x 05    0.5361  0 00 t 04
1.0357  0 07 t 03    0.7853  0 28 t 05    0.7011  0 01 x 04    0.5415  0 07 x 06
1.0357  0 01 x 03    0.7862  0 29 t 03    0.7017  0 01 x 06    0.5422  0 31 t 07
1.0376  0 00 x 05    0.7869  0 07 x 12    0.7020  0 01 x 05    0.5463  0 29 t 07
1.0390  0 06 x 06    0.7897  0 07 t 03    0.7053  0 04 t 07    0.5465  0 01 t 04
1.0410  0 06 x 07    0.7966  0 07 x 10    0.7054  0 01 x 07    0.5479  0 07 x 07
1.0420  0 07 x 03    0.8006  0 00 t 04    0.7060  0 04 t 08    0.5488  0 31 t 08
1.0427  0 01 x 06    0.8068  0 31 t 07    0.7063  0 27 x 03    0.5489  0 07 x 08
1.0440  0 01 x 05    0.8119  5 08 x 03    0.7065  0 00 x 08    0.5495  0 31 t 04
1.0443  0 01 x 04    0.8122  0 29 t 07    0.7066  0 04 x 10    0.5511  0 29 t 08
1.0484  0 00 x 08    0.8148  0 01 t 04    0.7070  0 06 t 05    0.5518  0 28 t 06
1.0486  0 01 x 07    0.8164  5 08 x 04    0.7072  0 05 t 06    0.5529  0 30 t 06
1.0493  0 04 t 07    0.8167  0 31 t 08    0.7089  0 00 t 05    0.5532  0 29 t 04
1.0503  0 04 x 10    0.8177  5 08 x 05    0.7116  0 01 x 08    0.5555  4 08 x 03
1.0504  0 05 t 06    0.8179  0 29 t 08    0.7127  0 06 x 08    0.5564  0 07 t 03
1.0504  0 04 t 08    0.8187  0 28 t 06    0.7136  0 00 t 07    0.5622  0 31 t 05
1.0519  0 00 t 05    0.8189  0 31 t 04    0.7147  0 04 t 06    0.5625  5 08 x 03
1.0522  0 06 x 10    0.8196  0 30 t 06    0.7163  0 06 x 07    0.5672  0 07 x 12
1.0528  0 06 t 06    0.8216  4 08 x 04    0.7166  0 06 x 06    0.5675  0 29 t 05
1.0579  0 01 x 08    0.8219  4 08 x 05    0.7169  0 05 t 07    0.5682  4 08 x 04
1.0594  0 00 t 07    0.8263  0 29 t 04    0.7193  0 01 t 05    0.5699  0 28 t 07
1.0628  0 04 t 06    0.8268  4 08 x 03    0.7199  0 27 x 05    0.5707  4 08 x 05
1.0649  0 05 t 07    0.8393  0 31 t 05    0.7200  0 01 t 07    0.5711  0 30 t 07
1.0652  0 27 x 03    0.8434  4 08 x 06    0.7206  0 04 x 12    0.5737  0 07 x 10
1.0704  0 07 x 05    0.8464  0 28 t 07    0.7216  0 27 x 04    0.5749  0 30 t 08
1.0709  0 01 t 05    0.8468  5 08 x 06    0.7222  0 06 t 06    0.5768  0 31 t 10
1.0710  0 01 t 07    0.8475  0 29 t 05    0.7261  0 04 t 10    0.5794  0 31 t 06
1.0718  0 04 x 12    0.8481  0 30 t 07    0.7265  0 05 t 08    0.5802  0 29 t 10
1.0731  0 06 t 07    0.8543  5 08 x 07    0.7272  0 27 x 07    0.5816  0 29 t 06
1.0738  0 07 x 04    0.8553  0 30 t 08    0.7274  0 07 x 03    0.5829  0 05 t 04
1.0739  0 07 t 04    0.8557  5 08 x 08    0.7283  0 06 x 10    0.5837  0 28 t 08
1.0751  0 27 x 05    0.8562  4 08 x 07    0.7285  0 07 t 03    0.5839  5 08 x 04
1.0757  0 30 t 10    0.8585  0 31 t 10    0.7289  0 27 x 06    0.5848  4 08 x 06
1.0780  0 27 x 04    0.8634  0 29 t 10    0.7293  0 30 t 10    0.5850  5 08 x 05
1.0797  0 04 t 10    0.8637  6 08 x 03    0.7299  0 00 t 08    0.5890  3 08 x 04
1.0801  0 05 x 12    0.8643  4 08 x 08    0.7300  0 05 x 12    0.5910  0 04 t 04
1.0803  0 05 t 08    0.8668  3 08 x 04    0.7321  0 27 x 08    0.5910  0 31 t 12
1.0829  0 27 x 07    0.8671  0 31 t 06    0.7337  0 01 t 08    0.5925  0 06 t 04
1.0834  0 27 x 12    0.8680  0 28 t 08    0.7340  0 00 t 06    0.5949  0 04 t 07
1.0844  0 27 x 10    0.8685  0 29 t 06    0.7342  0 27 x 12    0.5956  0 28 t 10
1.0847  0 00 t 08    0.8722  6 08 x 04    0.7343  0 00 x 12    0.5957  0 04 t 08
1.0856  0 06 t 08    0.8778  0 06 t 04    0.7351  0 27 x 10    0.5978  4 08 x 07
1.0857  0 27 x 06    0.8779  5 08 x 10    0.7355  0 27 t 10    0.5992  0 29 t 12
1.0882  0 00 x 12    0.8806  0 31 t 12    0.7356  0 00 x 10    0.6023  0 00 t 07
1.0889  0 27 x 08    0.8817  0 05 t 04    0.7357  0 05 t 10    0.6026  0 05 t 05
1.0901  0 07 x 06    0.8830  4 08 x 10    0.7363  0 01 t 06    0.6027  5 08 x 06
1.0904  0 00 t 06    0.8835  6 08 x 05    0.7365  0 06 t 07    0.6059  3 08 x 05
1.0907  0 07 t 05    0.8841  0 04 t 04    0.7376  0 01 x 10    0.6065  4 08 x 08
1.0919  0 06 x 12    0.8841  0 28 t 10    0.7391  0 00 t 10    0.6069  0 28 t 12
1.0940  0 01 t 08    0.8843  5 08 x 12    0.7445  0 04 t 12    0.6084  0 06 t 05
1.0951  0 01 t 06    0.8858  0 04 t 07    0.7446  0 06 t 08    0.6099  0 04 t 05
1.0953  0 00 x 10    0.8874  0 04 t 08    0.7459  0 27 t 03    0.6126  0 00 t 05
1.0954  0 07 x 08    0.8893  3 08 x 05    0.7483  0 27 t 12    0.6129  5 08 x 07
1.0960  0 05 t 10    0.8948  0 29 t 12    0.7498  0 27 t 04    0.6149  0 05 t 06
1.0970  0 01 x 10    0.8959  4 08 x 12    0.7517  0 07 x 04    0.6171  0 01 t 07
1.0981  0 00 t 10    0.8982  0 00 t 07    0.7523  0 07 x 05    0.6175  4 08 x 10
1.0992  0 27 t 10    0.9021  6 08 x 06    0.7541  0 07 t 04    0.6176  5 08 x 08
1.1079  0 04 t 12    0.9021  0 06 t 05    0.7548  0 01 x 12    0.6184  0 30 t 12
1.1109  0 06 t 10    0.9036  0 28 t 12    0.7551  0 01 t 10    0.6193  3 08 x 06
1.1144  0 07 x 07    0.9107  3 08 x 06    0.7560  0 06 x 12    0.6228  0 05 t 07
1.1179  0 27 t 03    0.9115  0 04 t 05    0.7563  0 27 t 05    0.6238  4 08 x 12
1.1180  0 27 t 12    0.9116  0 05 t 05    0.7615  0 27 t 08    0.6260  0 04 t 06
1.1183  0 07 t 06    0.9147  5 08 t 03    0.7618  0 27 t 06    0.6274  0 06 t 06
1.1187  0 27 t 04    0.9163  4 08 t 04    0.7620  0 07 t 05    0.6286  5 08 x 10
1.1224  0 01 x 12    0.9178  6 08 x 07    0.7626  0 27 t 07    0.6302  0 01 t 05
1.1233  0 06 t 12    0.9195  0 01 t 07    0.7648  0 06 t 10    0.6321  0 01 t 08
1.1235  0 01 t 10    0.9197  0 00 t 05    0.7661  0 07 x 06    0.6325  4 08 t 04
1.1252  0 27 t 05    0.9217  0 30 t 12    0.7697  0 00 t 12    0.6328  5 08 t 03
1.1314  0 27 t 06    0.9231  5 08 t 04    0.7716  0 01 t 12    0.6331  0 00 t 06
1.1358  0 27 t 07    0.9276  0 06 t 06    0.7733  0 07 x 08    0.6336  0 05 t 08
1.1358  0 07 t 07    0.9288  6 08 x 08    0.7753  0 06 t 12    0.6344  0 06 t 07
1.1368  0 27 t 08    0.9304  3 08 x 08    0.7822  0 05 t 12    0.6358  5 08 x 12
1.1417  0 00 t 12    0.9312  0 05 t 06    0.7861  0 07 t 06    0.6366  6 08 x 03
1.1468  0 07 x 10    0.9321  0 07 t 04    0.7889  0 07 x 07    0.6372  0 00 t 08
1.1483  0 01 t 12    0.9322  3 08 x 07    0.7990  0 07 t 07    0.6386  3 08 x 07
1.1503  0 07 x 12    0.9348  0 06 t 07    0.8118  0 07 x 10    0.6398  3 08 x 08
1.1594  0 07 t 08    0.9350  0 04 t 06    0.8132  4 08 x 03    0.6403  3 08 x 03
1.1676  0 05 t 12    0.9409  0 01 t 08    0.8143  0 07 x 12    0.6414  0 05 t 10
1.1722  0 07 t 12    0.9412  0 07 t 05    0.8161  0 07 t 08    0.6452  0 04 t 10
1.1795  0 07 t 10    0.9414  0 05 t 07    0.8239  4 08 t 03    0.6465  6 08 x 04
1.1905  5 08 t 03    0.9415  0 01 t 05    0.8262  5 08 t 03    0.6478  0 01 t 06
1.1909  5 08 x 03    0.9457  6 08 x 10    0.8268  0 07 t 12    0.6484  0 07 t 04
1.2014  4 08 x 03    0.9460  0 00 t 06    0.8274  5 08 x 03    0.6506  5 08 t 04
1.2031  5 08 t 04    0.9512  3 08 x 03    0.8318  4 08 t 04    0.6508  0 07 t 05
1.2163  4 08 t 03    0.9523  0 00 t 08    0.8340  5 08 t 04    0.6508  0 30 t 10
1.2164  5 08 x 05    0.9530  3 08 x 10    0.8355  0 07 t 10    0.6521  4 08 t 03
1.2181  5 08 x 04    0.9588  3 08 x 12    0.8444  4 08 x 05    0.6534  3 08 x 10
1.2263  4 08 t 04    0.9590  0 05 t 08    0.8446  4 08 x 04    0.6545  0 27 t 10
1.2305  6 08 x 03    0.9603  6 08 t 03    0.8522  5 08 t 05    0.6561  0 06 t 08
1.2329  4 08 x 05    0.9629  6 08 x 12    0.8526  3 08 x 04    0.6566  6 08 x 05
1.2333  5 08 x 06    0.9630  0 04 t 10    0.8532  5 08 x 04    0.6571  0 04 t 12
1.2347  4 08 x 04    0.9651  0 30 t 10    0.8535  5 08 x 05    0.6576  3 08 x 12
1.2357  5 08 t 05    0.9669  0 01 t 06    0.8546  4 08 x 06    0.6581  0 00 t 10
1.2396  5 08 t 06    0.9679  4 08 t 03    0.8564  4 08 t 06    0.6669  4 08 t 05
1.2448  4 08 x 06    0.9692  0 06 t 08    0.8565  4 08 t 05    0.6676  0 01 t 10
1.2449  6 08 t 03    0.9716  4 08 t 06    0.8601  3 08 x 03    0.6701  0 00 t 12
1.2482  5 08 x 08    0.9741  0 05 t 10    0.8608  5 08 x 06    0.6705  0 27 t 03
1.2482  5 08 x 07    0.9805  0 04 t 12    0.8640  5 08 t 06    0.6707  4 08 t 06
1.2539  6 08 x 04    0.9806  5 08 t 05    0.8718  4 08 x 07    0.6753  6 08 x 06
1.2561  4 08 t 06    0.9823  0 07 t 06    0.8730  4 08 t 07    0.6753  5 08 t 05
1.2571  5 08 t 07    0.9825  4 08 t 05    0.8748  4 08 x 08    0.6786  0 27 t 04
1.2632  6 08 x 05    0.9870  0 00 t 10    0.8761  5 08 t 07    0.6833  0 01 t 12
1.2637  5 08 t 08    0.9877  5 08 t 06    0.8779  4 08 t 08    0.6835  3 08 t 03
1.2638  4 08 x 07    0.9953  0 01 t 10    0.8794  5 08 x 07    0.6842  0 27 t 05
1.2645  4 08 x 08    0.9961  0 07 t 07    0.8794  3 08 t 03    0.6850  0 07 t 06
1.2649  4 08 t 05    0.9975  0 27 t 10    0.8811  5 08 x 08    0.6860  0 27 t 12
1.2677  6 08 t 04    1.0017  0 00 t 12    0.8822  3 08 t 04    0.6863  0 06 t 10
1.2686  3 08 x 04    1.0020  0 06 t 10    0.8827  4 08 x 10    0.6867  0 06 t 12
1.2695  5 08 x 10    1.0029  0 06 t 12    0.8828  4 08 x 12    0.6890  6 08 x 07
1.2730  5 08 x 12    1.0066  0 27 t 03    0.8833  6 08 x 03    0.6899  0 27 t 06
1.2792  4 08 t 07    1.0141  4 08 t 07    0.8849  5 08 t 08    0.6954  6 08 t 03
1.2818  4 08 t 08    1.0150  6 08 t 04    0.8903  3 08 x 05    0.6963  0 27 t 07
1.2823  4 08 x 12    1.0175  0 27 t 04    0.8929  4 08 t 10    0.6978  5 08 t 06
1.2832  6 08 x 06    1.0178  4 08 t 08    0.8939  3 08 t 05    0.6992  3 08 t 04
1.2835  4 08 x 10    1.0192  0 01 t 12    0.8942  5 08 x 10    0.6996  0 07 t 07
1.2847  5 08 t 10    1.0199  5 08 t 07    0.8961  6 08 t 03    0.6998  4 08 t 07
1.2890  3 08 x 03    1.0264  0 27 t 05    0.8966  3 08 x 06    0.7003  6 08 x 08
1.2897  6 08 t 05    1.0291  3 08 t 03    0.8973  4 08 t 12    0.7032  0 27 t 08
1.2899  5 08 t 12    1.0314  3 08 t 04    0.8979  5 08 x 12    0.7049  0 05 t 12
1.2934  6 08 t 06    1.0350  5 08 t 08    0.9009  5 08 t 10    0.7078  4 08 t 08
1.2978  6 08 x 07    1.0353  0 27 t 06    0.9053  6 08 t 04    0.7093  3 08 t 05
1.3019  4 08 t 10    1.0354  0 27 t 12    0.9064  5 08 t 12    0.7112  6 08 x 10
1.3059  4 08 t 12    1.0397  0 07 t 08    0.9088  3 08 t 06    0.7136  3 08 t 06
1.3073  6 08 t 07    1.0402  7 08 x 04    0.9090  6 08 x 04    0.7162  2 08 x 03
1.3128  6 08 x 08    1.0466  0 27 t 07    0.9149  3 08 x 08    0.7198  3 08 t 07
1.3159  3 08 x 05    1.0470  3 08 t 05    0.9161  6 08 x 05    0.7205  3 08 t 08
1.3175  6 08 t 08    1.0489  4 08 t 10    0.9191  3 08 t 08    0.7210  5 08 t 07
1.3196  3 08 t 04    1.0490  7 08 x 03    0.9196  3 08 x 07    0.7241  2 08 x 04
1.3208  3 08 t 03    1.0508  0 07 t 12    0.9228  6 08 t 05    0.7253  6 08 t 04
1.3242  3 08 x 06    1.0535  3 08 t 06    0.9260  3 08 t 07    0.7273  6 08 x 12
1.3303  6 08 x 10    1.0539  3 08 t 08    0.9264  3 08 x 12    0.7289  4 08 t 10
1.3366  3 08 t 05    1.0564  3 08 t 07    0.9291  3 08 x 10    0.7293  0 07 t 08
1.3440  6 08 x 12    1.0580  0 27 t 08    0.9302  6 08 x 06    0.7297  2 08 x 05
1.3448  6 08 t 10    1.0583  7 08 x 05    0.9341  6 08 t 06    0.7347  5 08 t 08
1.3450  3 08 x 08    1.0608  0 07 t 10    0.9448  6 08 x 07    0.7416  0 07 t 12
1.3520  3 08 x 07    1.0613  6 08 t 06    0.9466  6 08 t 07    0.7430  4 08 t 12
1.3530  3 08 t 06    1.0629  6 08 t 05    0.9511  3 08 t 12    0.7532  0 07 t 10
1.3595  3 08 t 08    1.0694  4 08 t 12    0.9565  3 08 t 10    0.7570  3 08 t 10
1.3632  3 08 x 12    1.0707  5 08 t 10    0.9581  6 08 t 08    0.7605  5 08 t 10
1.3673  6 08 t 12    1.0715  0 05 t 12    0.9583  6 08 x 08    0.7620  6 08 t 05
1.3674  3 08 x 10    1.0753  2 08 x 04    0.9586  2 08 t 03    0.7664  3 08 t 12
1.3751  3 08 t 07    1.0806  2 08 x 03    0.9609  2 08 x 04    0.7735  2 08 t 05
1.4123  3 08 t 12    1.0826  2 08 x 05    0.9649  2 08 x 05    0.7771  2 08 t 04
1.4131  7 08 x 03    1.0963  5 08 t 12    0.9667  2 08 t 04    0.7780  5 08 t 12
1.4170  7 08 x 04    1.0980  6 08 t 07    0.9668  2 08 x 03    0.7781  2 08 t 03
1.4229  7 08 t 03    1.1169  3 08 t 10    0.9719  6 08 x 10    0.7786  6 08 t 06
1.4235  3 08 t 10    1.1230  6 08 t 08    0.9733  0 02 x 12    0.8087  6 08 t 07
1.4236  7 08 x 05    1.1290  3 08 t 12    0.9764  2 08 t 05    0.8135  0 02 x 12
1.4258  7 08 t 04    1.1467  2 08 t 03    0.9773  6 08 t 10    0.8212  7 08 x 04
1.4271  2 08 t 03    1.1505  2 08 t 05    0.9864  6 08 x 12    0.8263  6 08 t 08
1.4436  2 08 x 04    1.1569  2 08 t 04    0.9936  0 02 x 10    0.8290  7 08 x 03
1.4436  2 08 t 04    1.1628  6 08 t 10    0.9941  6 08 t 12    0.8307  0 02 x 10
1.4467  2 08 x 05    1.1897  7 08 t 04    1.0154  0 02 x 08    0.8384  7 08 x 05
1.4526  2 08 t 05    1.2017  6 08 t 12    1.0288  0 02 x 07    0.8537  0 02 x 08
1.4529  2 08 x 03    1.2018  7 08 t 03    1.0366  0 02 x 06    0.8542  6 08 t 10
1.4578  0 02 x 12    1.2118  0 02 x 12    1.0580  0 02 x 03    0.8676  0 02 x 07
1.4614  7 08 t 05    1.2386  0 02 x 10    1.0643  7 08 x 03    0.8696  0 02 x 06
1.4909  0 02 x 10    1.2515  7 08 t 05    1.0680  7 08 t 03    0.8789  6 08 t 12
1.5201  0 02 x 08    1.2668  0 02 x 08    1.0707  0 02 x 04    0.9016  7 08 t 04
1.5410  0 02 x 07    1.2889  0 02 x 07    1.0728  7 08 t 04    0.9039  7 08 t 03
1.5639  0 02 x 06    1.3030  0 02 x 06    1.0796  7 08 x 04    0.9227  0 02 x 03
1.5981  0 02 x 03    1.3920  0 02 x 03    1.0852  7 08 x 05    0.9370  0 02 x 04
1.6149  0 02 x 04    1.4100  0 02 x 04    1.0987  7 08 t 05    0.9487  7 08 t 05
1.6439  0 02 x 05    1.4392  0 02 x 05    1.1005  0 02 x 05    0.9618  0 02 x 05
1.7823  0 03 x 12    1.4874  1 08 x 03    1.1563  0 03 x 12    0.9867  1 08 x 03
1.8084  0 03 x 03    1.4951  1 08 t 03    1.1701  0 03 x 10    0.9888  1 08 t 03
1.8331  0 03 x 08    1.5284  1 08 t 04    1.1826  0 03 x 08    1.0204  1 08 t 04
1.8401  0 03 x 04    1.5294  1 08 t 05    1.1966  0 03 x 07    1.0208  1 08 x 04
1.8514  0 03 x 10    1.5324  1 08 x 05    1.2060  0 03 x 03    1.0237  1 08 t 05
1.8563  0 03 x 07    1.5358  1 08 x 04    1.2272  0 03 x 04    1.0267  1 08 x 05
1.8639  1 08 x 03    1.6228  0 03 x 12    1.2300  0 03 x 06    1.0591  0 03 x 12
1.8669  1 08 t 03    1.6564  0 03 x 03    1.2416  1 08 x 03    1.0754  0 03 x 10
1.8949  1 08 t 04    1.6774  0 03 x 08    1.2422  1 08 t 03    1.0882  0 03 x 08
1.8965  1 08 x 04    1.6796  0 03 x 04    1.2665  1 08 t 04    1.0992  0 03 x 07
1.9004  1 08 t 05    1.6965  0 03 x 07    1.2674  1 08 x 04    1.1082  0 03 x 03
1.9016  1 08 x 05    1.7009  0 03 x 10    1.2719  1 08 t 05    1.1237  0 03 x 04
1.9066  0 03 x 05    1.7417  0 03 x 05    1.2734  1 08 x 05    1.1295  0 03 x 06
1.9240  0 03 x 06    1.7685  0 03 x 06    1.2766  0 03 x 05    1.1689  0 03 x 05
---Benchmark Program Finished---
