
./testbench.sh clang++ O3 MontgomeryQuarter __uint128_t 191 8 40 -DTEST_ARRAY

compilation finished, now executing:
---Running Program---

begin benchmarks - array two_pow
(ignore)289614972769914165620993018199243565129

OVERALL BEST:
1.3826  0 30 x 03
1.3857  0 31 x 03
1.3954  0 29 x 07
1.3956  0 31 x 10
1.3976  0 28 x 03
1.3984  0 28 x 05
1.3990  0 30 x 07
1.3996  0 30 x 08
1.4046  0 29 x 03
1.4057  0 30 x 04
1.4079  0 29 x 04
1.4088  0 31 x 12
1.4102  0 31 x 04
1.4105  0 28 x 07
1.4126  0 28 x 06
1.4128  0 28 x 08
1.4133  0 28 x 10
1.4136  0 31 x 08
1.4181  0 31 x 07
1.4204  0 30 x 10
1.4222  0 30 x 05
1.4223  0 29 x 06
1.4236  0 29 x 08
1.4257  0 28 x 04
1.4262  0 28 x 12
1.4264  0 29 x 12
1.4340  0 31 x 06
1.4371  0 30 x 12
1.4403  0 29 x 10
1.4403  0 30 x 06
1.4438  0 27 x 03
1.4443  0 27 x 07
1.4498  0 27 x 04
1.4501  0 27 x 08
1.4611  0 27 x 06
1.4629  0 29 x 05
1.4631  0 31 x 05
1.4650  0 27 x 12
1.4654  0 27 x 05
1.4662  0 27 x 10
1.5174  0 05 x 08
1.5202  0 05 x 10
1.5256  0 06 x 08
1.5256  0 06 x 10
1.5336  0 05 x 03
1.5336  0 05 x 12
1.5359  0 05 x 07
1.5361  0 06 x 03
1.5368  0 06 x 07
1.5438  0 04 x 08
1.5455  0 01 x 03
1.5484  0 06 x 12
1.5541  0 01 x 04
1.5604  0 04 x 07
1.5632  0 01 x 10
1.5645  0 05 x 06
1.5651  0 04 x 03
1.5727  0 04 x 12
1.5733  0 00 x 10
1.5772  0 01 x 05
1.5775  0 01 x 12
1.5803  0 04 x 10
1.5805  0 05 x 04
1.5827  0 06 x 04
1.5830  0 01 x 07
1.5856  0 01 x 08
1.5885  0 03 x 04
1.5890  0 00 x 03
1.5895  0 07 x 08
1.5900  0 00 x 08
1.5905  0 00 x 12
1.5924  0 07 x 03
1.5929  0 07 x 07
1.5974  0 03 x 03
1.6011  0 06 x 06
1.6016  0 04 x 06
1.6024  0 00 x 07
1.6062  0 05 x 05
1.6093  0 06 x 05
1.6124  5 08 x 03
1.6149  5 08 x 08
1.6157  0 04 x 04
1.6163  5 08 x 10
1.6264  0 01 x 06
1.6295  4 08 x 03
1.6304  5 08 x 07
1.6346  5 08 x 04
1.6348  0 07 x 12
1.6386  5 08 x 12
1.6404  0 07 x 04
1.6411  4 08 x 08
1.6420  0 07 x 06
1.6439  0 04 x 05
1.6515  4 08 x 10
1.6535  0 00 x 05
1.6593  5 08 x 05
1.6618  4 08 x 07
1.6634  4 08 x 04
1.6654  0 00 x 04
1.6661  4 08 x 12
1.6688  0 07 x 05
1.6734  6 08 x 08
1.6761  0 07 x 10
1.6791  6 08 x 10
1.6819  5 08 x 06
1.6838  6 08 x 03
1.6890  4 08 x 05
1.6931  6 08 x 12
1.6946  6 08 x 07
1.7029  6 08 x 04
1.7096  4 08 x 06
1.7098  0 00 x 06
1.7151  6 08 x 05
1.7227  0 03 x 05
1.7467  3 08 x 08
1.7553  6 08 x 06
1.7630  3 08 x 03
1.7663  3 08 x 07
1.7681  3 08 x 10
1.7730  3 08 x 12
1.7800  3 08 x 04
1.8010  0 03 x 06
1.8098  3 08 x 05
1.8274  3 08 x 06
1.8401  0 03 x 07
1.8697  0 03 x 08
1.8721  7 08 x 03
1.9020  7 08 x 04
1.9070  7 08 x 05
1.9414  0 03 x 10
1.9740  0 03 x 12
1.9753  0 02 x 12
2.0091  0 02 x 07
2.0428  2 08 x 04
2.0672  0 02 x 06
2.0742  0 02 x 05
2.0821  0 02 x 08
2.0977  0 02 x 04
2.0983  0 02 x 10
2.1255  0 02 x 03
2.1275  2 08 x 05
2.1299  2 08 x 03
2.6056  1 08 x 04
2.7523  1 08 x 03
2.7845  1 08 x 05
Timings By Test Type:
0.4090  0 30 x 03    0.4091  0 30 x 03    0.2823  0 30 x 03    0.2822  0 30 x 03
0.4097  0 31 x 03    0.4098  0 31 x 03    0.2832  0 31 x 03    0.2831  0 31 x 03
0.4112  0 31 x 10    0.4111  0 31 x 10    0.2851  0 28 x 03    0.2851  0 28 x 03
0.4121  0 29 x 07    0.4120  0 29 x 07    0.2856  0 29 x 07    0.2857  0 29 x 07
0.4128  0 30 x 08    0.4128  0 30 x 08    0.2862  0 28 x 05    0.2861  0 28 x 05
0.4129  0 30 x 07    0.4128  0 30 x 07    0.2865  0 29 x 03    0.2865  0 29 x 03
0.4130  0 28 x 05    0.4132  0 28 x 05    0.2867  0 31 x 10    0.2866  0 30 x 07
0.4137  0 28 x 03    0.4138  0 28 x 03    0.2867  0 30 x 04    0.2866  0 31 x 10
0.4145  0 31 x 12    0.4145  0 31 x 12    0.2867  0 30 x 07    0.2870  0 30 x 04
0.4157  0 29 x 03    0.4149  0 28 x 10    0.2870  0 30 x 08    0.2870  0 30 x 08
0.4159  0 30 x 04    0.4158  0 29 x 03    0.2877  0 29 x 04    0.2877  0 29 x 04
0.4163  0 29 x 04    0.4161  0 30 x 04    0.2882  0 31 x 04    0.2884  0 31 x 04
0.4165  0 28 x 07    0.4162  0 29 x 04    0.2888  0 28 x 06    0.2888  0 28 x 07
0.4166  0 28 x 08    0.4163  0 28 x 06    0.2888  0 28 x 07    0.2897  0 28 x 08
0.4167  0 28 x 06    0.4164  0 28 x 07    0.2893  0 31 x 12    0.2899  0 31 x 08
0.4168  0 31 x 04    0.4168  0 31 x 04    0.2895  0 28 x 08    0.2904  0 28 x 10
0.4169  0 31 x 08    0.4169  0 31 x 08    0.2899  0 31 x 08    0.2906  0 31 x 12
0.4176  0 28 x 10    0.4170  0 28 x 08    0.2903  0 29 x 08    0.2906  0 31 x 07
0.4182  0 30 x 10    0.4183  0 30 x 10    0.2903  0 28 x 10    0.2908  0 28 x 06
0.4185  0 31 x 07    0.4184  0 31 x 07    0.2906  0 31 x 07    0.2908  0 30 x 05
0.4197  0 29 x 12    0.4201  0 28 x 12    0.2909  0 30 x 05    0.2909  0 28 x 04
0.4202  0 29 x 06    0.4202  0 30 x 05    0.2910  0 29 x 06    0.2909  0 29 x 06
0.4203  0 30 x 05    0.4202  0 29 x 06    0.2911  0 28 x 04    0.2910  0 29 x 08
0.4208  0 28 x 12    0.4210  0 29 x 12    0.2922  0 30 x 10    0.2918  0 30 x 10
0.4212  0 29 x 08    0.4211  0 29 x 08    0.2926  0 29 x 12    0.2925  0 28 x 12
0.4220  0 28 x 04    0.4217  0 28 x 04    0.2927  0 28 x 12    0.2931  0 29 x 12
0.4232  0 31 x 06    0.4233  0 31 x 06    0.2938  0 31 x 06    0.2938  0 31 x 06
0.4239  0 30 x 12    0.4236  0 30 x 12    0.2944  0 27 x 03    0.2944  0 27 x 03
0.4250  0 29 x 10    0.4250  0 29 x 10    0.2946  0 30 x 12    0.2948  0 30 x 06
0.4254  0 30 x 06    0.4254  0 30 x 06    0.2948  0 30 x 06    0.2949  0 30 x 12
0.4265  0 27 x 07    0.4264  0 27 x 07    0.2952  0 29 x 10    0.2951  0 29 x 10
0.4275  0 27 x 03    0.4275  0 27 x 03    0.2957  0 27 x 07    0.2956  0 27 x 07
0.4281  0 27 x 08    0.4282  0 27 x 08    0.2958  0 27 x 04    0.2958  0 27 x 04
0.4291  0 27 x 04    0.4290  0 27 x 04    0.2968  0 27 x 08    0.2969  0 27 x 08
0.4311  0 27 x 12    0.4316  0 27 x 06    0.2989  0 27 x 06    0.2988  0 27 x 06
0.4318  0 27 x 06    0.4320  0 27 x 12    0.2990  0 29 x 05    0.2989  0 29 x 05
0.4324  0 31 x 05    0.4323  0 31 x 05    0.2992  0 31 x 05    0.2992  0 31 x 05
0.4325  0 29 x 05    0.4325  0 29 x 05    0.2994  0 27 x 05    0.2993  0 27 x 05
0.4327  0 27 x 10    0.4327  0 27 x 10    0.3004  0 27 x 10    0.3003  0 27 x 10
0.4334  0 27 x 05    0.4334  0 27 x 05    0.3009  0 27 x 12    0.3010  0 27 x 12
0.4494  0 05 x 08    0.4495  0 05 x 08    0.3093  0 05 x 08    0.3092  0 05 x 08
0.4498  0 05 x 10    0.4499  0 05 x 10    0.3103  0 05 x 10    0.3102  0 05 x 10
0.4508  0 06 x 10    0.4509  0 06 x 10    0.3116  0 06 x 08    0.3116  0 06 x 08
0.4512  0 06 x 08    0.4512  0 06 x 08    0.3118  0 06 x 10    0.3121  0 06 x 10
0.4535  0 05 x 12    0.4535  0 05 x 12    0.3125  0 05 x 03    0.3121  0 05 x 03
0.4543  0 05 x 03    0.4544  0 06 x 07    0.3128  0 05 x 07    0.3129  0 05 x 07
0.4544  0 06 x 03    0.4545  0 06 x 03    0.3130  0 04 x 08    0.3130  0 04 x 08
0.4547  0 06 x 07    0.4546  0 05 x 03    0.3131  0 01 x 03    0.3131  0 01 x 03
0.4552  0 05 x 07    0.4551  0 05 x 07    0.3133  0 05 x 12    0.3133  0 05 x 12
0.4572  0 06 x 12    0.4575  0 06 x 12    0.3136  0 06 x 03    0.3136  0 06 x 03
0.4589  0 04 x 08    0.4590  0 04 x 08    0.3139  0 06 x 07    0.3137  0 06 x 07
0.4598  0 01 x 03    0.4595  0 01 x 03    0.3154  0 01 x 04    0.3151  0 01 x 04
0.4620  0 01 x 04    0.4616  0 01 x 04    0.3163  0 04 x 07    0.3164  0 04 x 07
0.4634  0 05 x 06    0.4634  0 05 x 06    0.3166  0 04 x 03    0.3167  0 06 x 12
0.4638  0 04 x 07    0.4638  0 04 x 07    0.3169  0 06 x 12    0.3167  0 04 x 03
0.4645  0 01 x 10    0.4645  0 01 x 10    0.3171  0 01 x 10    0.3171  0 01 x 10
0.4651  0 00 x 10    0.4651  0 00 x 10    0.3188  0 05 x 06    0.3188  0 04 x 12
0.4660  0 04 x 03    0.4658  0 04 x 03    0.3188  0 04 x 12    0.3188  0 05 x 06
0.4673  0 07 x 08    0.4672  0 07 x 08    0.3196  0 01 x 05    0.3196  0 01 x 05
0.4675  0 04 x 12    0.4676  0 04 x 12    0.3200  0 01 x 12    0.3198  0 01 x 12
0.4678  0 07 x 07    0.4678  0 07 x 07    0.3202  0 04 x 10    0.3204  0 04 x 10
0.4685  0 07 x 03    0.4684  0 07 x 03    0.3207  0 01 x 07    0.3206  0 01 x 07
0.4687  0 06 x 04    0.4687  0 05 x 04    0.3215  0 00 x 10    0.3215  0 05 x 04
0.4688  0 05 x 04    0.4687  0 06 x 04    0.3215  0 05 x 04    0.3216  0 00 x 10
0.4689  0 01 x 12    0.4688  0 01 x 12    0.3216  0 01 x 08    0.3216  0 01 x 08
0.4690  0 01 x 05    0.4690  0 01 x 05    0.3221  0 03 x 04    0.3222  0 03 x 04
0.4698  0 04 x 10    0.4699  0 04 x 10    0.3227  0 06 x 04    0.3225  0 06 x 04
0.4699  0 00 x 12    0.4700  0 00 x 12    0.3237  0 03 x 03    0.3236  0 03 x 03
0.4704  0 00 x 08    0.4703  0 00 x 08    0.3237  0 00 x 03    0.3236  0 00 x 03
0.4707  0 00 x 03    0.4708  0 01 x 07    0.3245  0 04 x 06    0.3246  0 04 x 06
0.4708  0 01 x 07    0.4710  0 00 x 03    0.3247  0 00 x 08    0.3247  0 00 x 08
0.4712  0 01 x 08    0.4712  0 01 x 08    0.3253  0 00 x 12    0.3253  0 00 x 12
0.4721  0 03 x 04    0.4721  0 03 x 04    0.3263  0 06 x 06    0.3266  0 05 x 05
0.4733  5 08 x 03    0.4732  5 08 x 03    0.3263  0 05 x 05    0.3270  0 00 x 07
0.4735  5 08 x 10    0.4735  5 08 x 08    0.3271  0 04 x 04    0.3271  0 04 x 04
0.4736  5 08 x 08    0.4736  0 06 x 06    0.3271  0 00 x 07    0.3272  0 06 x 06
0.4740  0 06 x 06    0.4737  5 08 x 10    0.3275  0 06 x 05    0.3276  0 07 x 08
0.4741  0 00 x 07    0.4742  0 00 x 07    0.3275  0 07 x 08    0.3277  0 07 x 03
0.4750  0 03 x 03    0.4750  0 03 x 03    0.3278  0 07 x 03    0.3278  0 06 x 05
0.4759  0 04 x 06    0.4765  0 04 x 06    0.3288  0 07 x 07    0.3286  0 07 x 07
0.4767  0 05 x 05    0.4767  0 05 x 05    0.3297  0 01 x 06    0.3297  0 01 x 06
0.4770  0 06 x 05    0.4770  0 06 x 05    0.3324  0 04 x 05    0.3329  0 04 x 05
0.4777  5 08 x 07    0.4778  5 08 x 07    0.3330  5 08 x 03    0.3330  5 08 x 03
0.4790  0 07 x 12    0.4790  0 07 x 12    0.3334  4 08 x 03    0.3334  4 08 x 03
0.4797  5 08 x 04    0.4793  5 08 x 04    0.3339  5 08 x 08    0.3339  5 08 x 08
0.4801  5 08 x 12    0.4801  5 08 x 12    0.3346  5 08 x 10    0.3346  5 08 x 10
0.4808  0 04 x 04    0.4807  0 04 x 04    0.3364  4 08 x 08    0.3366  4 08 x 08
0.4814  4 08 x 03    0.4813  4 08 x 03    0.3371  0 00 x 05    0.3370  0 00 x 05
0.4825  0 07 x 04    0.4826  0 07 x 04    0.3374  5 08 x 07    0.3374  5 08 x 07
0.4829  0 07 x 06    0.4829  0 07 x 06    0.3376  0 07 x 04    0.3377  0 07 x 04
0.4835  0 01 x 06    0.4834  0 01 x 06    0.3377  5 08 x 04    0.3378  5 08 x 04
0.4839  4 08 x 08    0.4842  4 08 x 08    0.3381  0 07 x 06    0.3381  0 07 x 06
0.4856  6 08 x 08    0.4855  6 08 x 08    0.3384  0 07 x 12    0.3385  0 07 x 12
0.4866  4 08 x 10    0.4869  4 08 x 10    0.3388  4 08 x 10    0.3392  5 08 x 12
0.4869  5 08 x 05    0.4870  5 08 x 05    0.3393  5 08 x 12    0.3392  0 00 x 04
0.4870  6 08 x 10    0.4871  6 08 x 10    0.3393  0 00 x 04    0.3392  4 08 x 10
0.4892  6 08 x 03    0.4881  0 04 x 05    0.3405  4 08 x 04    0.3406  4 08 x 04
0.4898  0 00 x 05    0.4888  6 08 x 03    0.3408  4 08 x 07    0.3406  4 08 x 07
0.4903  4 08 x 07    0.4897  0 00 x 05    0.3421  4 08 x 12    0.3421  4 08 x 12
0.4904  0 04 x 05    0.4902  4 08 x 07    0.3428  5 08 x 05    0.3427  5 08 x 05
0.4905  0 07 x 10    0.4907  0 07 x 10    0.3430  0 07 x 05    0.3428  0 07 x 05
0.4908  6 08 x 07    0.4908  4 08 x 12    0.3458  4 08 x 05    0.3458  4 08 x 05
0.4911  4 08 x 12    0.4911  6 08 x 07    0.3475  0 07 x 10    0.3474  0 07 x 10
0.4912  6 08 x 12    0.4911  4 08 x 04    0.3475  5 08 x 06    0.3477  5 08 x 06
0.4912  4 08 x 04    0.4912  6 08 x 12    0.3484  0 00 x 06    0.3484  0 00 x 06
0.4916  0 07 x 05    0.4915  0 07 x 05    0.3496  0 03 x 05    0.3495  0 03 x 05
0.4933  5 08 x 06    0.4934  5 08 x 06    0.3502  4 08 x 06    0.3503  4 08 x 06
0.4934  0 00 x 04    0.4934  0 00 x 04    0.3513  6 08 x 08    0.3510  6 08 x 08
0.4939  6 08 x 04    0.4940  6 08 x 04    0.3525  6 08 x 10    0.3525  6 08 x 10
0.4977  6 08 x 05    0.4976  6 08 x 05    0.3529  6 08 x 03    0.3529  6 08 x 03
0.4987  4 08 x 05    0.4986  4 08 x 05    0.3554  6 08 x 12    0.3554  6 08 x 12
0.5046  4 08 x 06    0.5046  4 08 x 06    0.3556  3 08 x 08    0.3555  3 08 x 08
0.5065  0 00 x 06    0.5064  0 00 x 06    0.3563  6 08 x 07    0.3563  6 08 x 07
0.5092  6 08 x 06    0.5092  6 08 x 06    0.3575  6 08 x 04    0.3575  6 08 x 04
0.5119  0 03 x 05    0.5118  0 03 x 05    0.3579  3 08 x 03    0.3579  3 08 x 03
0.5179  3 08 x 08    0.5178  3 08 x 08    0.3596  3 08 x 07    0.3597  3 08 x 07
0.5236  3 08 x 07    0.5235  3 08 x 07    0.3598  3 08 x 10    0.3599  3 08 x 10
0.5236  3 08 x 03    0.5237  3 08 x 03    0.3600  6 08 x 05    0.3599  6 08 x 05
0.5242  3 08 x 10    0.5243  3 08 x 10    0.3608  3 08 x 12    0.3609  3 08 x 12
0.5257  3 08 x 12    0.5257  3 08 x 12    0.3623  3 08 x 04    0.3623  3 08 x 04
0.5277  3 08 x 04    0.5277  3 08 x 04    0.3655  0 03 x 06    0.3654  0 03 x 06
0.5309  7 08 x 03    0.5307  7 08 x 03    0.3682  3 08 x 05    0.3683  3 08 x 05
0.5351  0 03 x 06    0.5350  0 03 x 06    0.3685  6 08 x 06    0.3684  6 08 x 06
0.5367  3 08 x 05    0.5366  3 08 x 05    0.3717  3 08 x 06    0.3719  3 08 x 06
0.5414  7 08 x 04    0.5413  7 08 x 04    0.3735  0 03 x 07    0.3734  0 03 x 07
0.5422  3 08 x 06    0.5416  3 08 x 06    0.3795  0 03 x 08    0.3795  0 03 x 08
0.5431  7 08 x 05    0.5429  7 08 x 05    0.3942  0 03 x 10    0.3942  0 03 x 10
0.5466  0 03 x 07    0.5466  0 03 x 07    0.4009  0 03 x 12    0.4007  0 03 x 12
0.5554  0 03 x 08    0.5553  0 03 x 08    0.4013  0 02 x 12    0.4013  0 02 x 12
0.5765  0 03 x 10    0.5766  0 03 x 10    0.4054  7 08 x 03    0.4051  7 08 x 03
0.5863  0 03 x 12    0.5861  0 03 x 12    0.4078  0 02 x 07    0.4076  0 02 x 07
0.5863  0 02 x 12    0.5865  0 02 x 12    0.4097  7 08 x 04    0.4096  7 08 x 04
0.5968  0 02 x 07    0.5968  0 02 x 07    0.4105  7 08 x 05    0.4105  7 08 x 05
0.6067  2 08 x 04    0.6068  2 08 x 04    0.4147  2 08 x 04    0.4146  2 08 x 04
0.6143  0 02 x 06    0.6143  0 02 x 06    0.4193  0 02 x 06    0.4194  0 02 x 06
0.6165  0 02 x 05    0.6164  0 02 x 05    0.4207  0 02 x 05    0.4206  0 02 x 05
0.6184  0 02 x 08    0.6185  0 02 x 08    0.4226  0 02 x 08    0.4227  0 02 x 08
0.6229  0 02 x 10    0.6233  0 02 x 10    0.4252  0 02 x 04    0.4253  0 02 x 04
0.6235  0 02 x 04    0.6237  0 02 x 04    0.4261  0 02 x 10    0.4259  0 02 x 10
0.6317  2 08 x 05    0.6318  2 08 x 05    0.4305  0 02 x 03    0.4306  0 02 x 03
0.6321  0 02 x 03    0.6323  0 02 x 03    0.4320  2 08 x 05    0.4314  2 08 x 03
0.6325  2 08 x 03    0.6337  2 08 x 03    0.4323  2 08 x 03    0.4319  2 08 x 05
0.7752  1 08 x 04    0.7751  1 08 x 04    0.5277  1 08 x 04    0.5276  1 08 x 04
0.8198  1 08 x 03    0.8198  1 08 x 03    0.5563  1 08 x 03    0.5563  1 08 x 03
0.8295  1 08 x 05    0.8276  1 08 x 05    0.5634  1 08 x 05    0.5640  1 08 x 05
---Benchmark Program Finished---
