
./testbench.sh g++ O3 MontgomeryFull __uint128_t 191 8 40 -DTEST_ARRAY -DHURCHALLA_MONTGOMERY_TWO_POW_USE_CSELECT_ON_BIT -DHURCHALLA_ALLOW_INLINE_ASM_ALL

compilation finished, now executing:
---Running Program---

begin benchmarks - array two_pow
(ignore)12673900455973402205682641815686729848

OVERALL BEST:
1.4085  0 31 x 04
1.4149  0 31 x 05
1.4256  0 29 x 05
1.4291  0 29 x 04
1.4320  0 31 x 06
1.4367  0 29 x 06
1.4385  0 31 x 03
1.4435  0 29 x 07
1.4467  0 31 x 07
1.4536  0 31 x 08
1.4554  0 29 x 08
1.4585  0 31 x 12
1.4589  0 31 x 10
1.4592  0 30 x 04
1.4677  0 29 x 10
1.4719  0 29 x 03
1.4726  0 29 x 12
1.4749  0 28 x 04
1.4806  0 30 x 03
1.5147  0 31 t 04
1.5169  0 29 t 05
1.5210  0 28 x 03
1.5227  0 29 t 04
1.5316  0 31 t 03
1.5436  0 05 x 04
1.5472  0 28 x 08
1.5480  0 04 x 04
1.5488  0 29 t 06
1.5508  0 29 t 07
1.5529  0 31 t 08
1.5533  0 29 t 10
1.5547  0 28 x 06
1.5555  0 28 x 07
1.5580  0 29 t 08
1.5587  0 31 t 06
1.5594  0 29 t 12
1.5601  0 31 t 07
1.5605  0 28 x 10
1.5617  0 29 t 03
1.5647  0 31 t 05
1.5673  0 01 x 04
1.5724  0 30 t 03
1.5733  0 06 x 04
1.5745  0 01 x 06
1.5773  0 01 x 10
1.5780  0 05 x 05
1.5784  0 05 x 06
1.5797  0 04 x 06
1.5816  0 01 x 12
1.5830  0 05 x 03
1.5831  0 31 t 12
1.5838  0 05 x 08
1.5855  0 01 x 05
1.5859  0 05 x 12
1.5872  0 04 x 05
1.5878  0 01 x 08
1.5880  0 28 t 03
1.5882  0 05 x 07
1.5887  0 28 t 04
1.5889  0 06 x 05
1.5893  0 01 x 07
1.5911  0 06 x 03
1.5938  0 28 x 05
1.5947  0 31 t 10
1.5957  0 04 x 08
1.5967  0 27 x 07
1.5969  0 27 x 06
1.5975  0 04 x 07
1.5980  0 05 x 10
1.5999  0 27 x 05
1.6034  0 00 x 06
1.6042  0 00 x 04
1.6042  0 30 t 04
1.6042  0 04 x 12
1.6047  0 04 x 10
1.6052  0 01 x 03
1.6079  0 04 x 03
1.6082  0 30 x 08
1.6121  0 00 x 07
1.6127  0 00 x 05
1.6129  0 30 x 07
1.6173  0 05 t 03
1.6196  0 06 x 10
1.6234  0 06 x 08
1.6238  0 06 x 06
1.6249  0 00 x 10
1.6255  0 27 x 03
1.6260  0 27 x 04
1.6261  0 00 x 08
1.6280  0 01 t 03
1.6316  0 27 x 08
1.6320  0 00 x 03
1.6344  0 06 t 03
1.6357  0 05 t 04
1.6362  0 27 x 10
1.6369  0 27 x 12
1.6396  0 30 x 06
1.6422  0 06 x 07
1.6431  0 00 x 12
1.6443  0 28 t 07
1.6448  0 06 x 12
1.6477  0 04 t 03
1.6484  0 06 t 04
1.6498  0 30 x 10
1.6504  0 30 x 12
1.6564  0 27 t 03
1.6566  0 30 t 07
1.6571  0 04 t 04
1.6578  0 30 t 06
1.6582  0 28 t 06
1.6584  0 28 x 12
1.6584  0 01 t 04
1.6605  0 05 t 05
1.6618  0 28 t 08
1.6663  0 01 t 07
1.6681  0 01 t 06
1.6703  0 05 t 06
1.6712  0 30 t 05
1.6712  0 04 t 08
1.6715  0 00 t 03
1.6715  0 05 t 08
1.6718  0 30 t 08
1.6736  0 01 t 08
1.6756  0 06 t 05
1.6768  0 28 t 10
1.6780  0 05 t 07
1.6788  0 30 x 05
1.6811  0 01 t 05
1.6826  0 28 t 05
1.6842  0 04 t 05
1.6851  0 30 t 10
1.6858  0 01 t 10
1.6861  0 06 t 10
1.6874  0 04 t 06
1.6905  0 04 t 07
1.6910  0 05 t 12
1.6935  0 04 t 10
1.6975  0 05 t 10
1.7011  0 00 t 05
1.7059  0 06 t 08
1.7061  0 06 t 06
1.7095  0 07 x 03
1.7110  0 04 t 12
1.7202  0 00 t 04
1.7204  0 07 x 06
1.7206  0 07 x 05
1.7247  0 00 t 08
1.7267  0 00 t 07
1.7291  0 00 t 06
1.7324  0 07 x 04
1.7341  0 07 t 03
1.7345  0 27 t 05
1.7395  0 07 x 07
1.7398  5 08 x 03
1.7458  0 00 t 10
1.7466  0 07 x 10
1.7506  0 06 t 12
1.7548  0 06 t 07
1.7606  0 30 t 12
1.7623  0 07 x 08
1.7624  0 00 t 12
1.7727  6 08 x 03
1.7755  0 27 t 04
1.7763  0 07 t 06
1.7776  0 27 t 06
1.7892  0 28 t 12
1.7945  0 27 t 07
1.8052  0 07 x 12
1.8105  0 01 t 12
1.8123  0 07 t 08
1.8153  0 27 t 08
1.8157  0 07 t 05
1.8281  0 07 t 04
1.8281  0 07 t 07
1.8324  0 27 t 10
1.8347  5 08 t 03
1.8352  4 08 x 03
1.8447  0 27 t 12
1.8481  0 07 t 12
1.8668  5 08 x 04
1.8668  6 08 x 04
1.8741  0 07 t 10
1.9254  6 08 t 03
1.9390  5 08 x 05
1.9495  0 03 x 10
1.9562  0 03 x 12
1.9855  4 08 x 04
1.9859  4 08 x 06
1.9881  7 08 x 03
1.9884  5 08 x 06
1.9894  0 03 x 08
1.9950  0 03 x 07
1.9967  5 08 x 07
2.0091  6 08 x 05
2.0159  6 08 t 04
2.0166  4 08 t 03
2.0215  7 08 x 04
2.0256  4 08 x 08
2.0273  5 08 t 04
2.0306  5 08 t 05
2.0322  4 08 x 07
2.0446  4 08 x 05
2.0498  4 08 x 10
2.0600  5 08 x 08
2.0605  0 03 x 06
2.0716  4 08 x 12
2.0721  6 08 t 05
2.0722  0 03 x 03
2.0749  5 08 t 06
2.0991  6 08 x 06
2.1028  5 08 x 10
2.1086  4 08 t 06
2.1122  4 08 t 07
2.1131  7 08 t 03
2.1221  5 08 t 07
2.1242  4 08 t 05
2.1289  4 08 t 08
2.1289  3 08 x 08
2.1393  5 08 x 12
2.1421  3 08 x 06
2.1465  3 08 x 07
2.1531  3 08 x 10
2.1591  3 08 x 03
2.1606  5 08 t 08
2.1632  7 08 t 04
2.1638  6 08 x 07
2.1691  3 08 x 12
2.1818  4 08 t 10
2.1849  4 08 t 04
2.1855  7 08 x 05
2.2251  4 08 t 12
2.2275  5 08 t 10
2.2343  0 03 x 04
2.2363  6 08 t 06
2.2383  0 03 x 05
2.2610  3 08 x 04
2.2758  6 08 t 07
2.2785  5 08 t 12
2.2874  6 08 x 08
2.2890  3 08 t 03
2.3095  3 08 t 07
2.3100  3 08 t 08
2.3117  3 08 x 05
2.3462  3 08 t 06
2.3482  7 08 t 05
2.3618  3 08 t 04
2.3964  6 08 x 10
2.4027  3 08 t 05
2.4137  3 08 t 10
2.4146  6 08 t 08
2.4223  3 08 t 12
2.4628  2 08 t 04
2.4772  2 08 t 05
2.4800  6 08 x 12
2.4838  2 08 t 03
2.5117  6 08 t 10
2.5256  2 08 x 03
2.6055  6 08 t 12
2.6874  2 08 x 05
2.7552  2 08 x 04
3.0343  0 02 x 12
3.0586  0 02 x 03
3.1022  0 02 x 10
3.1408  0 02 x 08
3.1585  0 02 x 05
3.1864  0 02 x 07
3.2208  0 02 x 06
3.2435  0 02 x 04
3.3506  1 08 t 03
3.3525  1 08 x 03
3.3936  1 08 t 05
3.4008  1 08 x 05
3.4882  1 08 x 04
3.5011  1 08 t 04
Timings By Test Type:
0.4197  0 31 x 04    0.4200  0 31 x 04    0.2844  0 31 x 04    0.2844  0 31 x 04
0.4215  0 31 x 05    0.4218  0 31 x 05    0.2858  0 31 x 05    0.2858  0 31 x 05
0.4250  0 29 x 05    0.4248  0 29 x 05    0.2880  0 29 x 05    0.2879  0 29 x 05
0.4259  0 29 x 04    0.4259  0 29 x 04    0.2886  0 29 x 04    0.2887  0 29 x 04
0.4264  0 31 x 06    0.4264  0 31 x 06    0.2896  0 31 x 06    0.2896  0 31 x 06
0.4284  0 29 x 06    0.4282  0 29 x 06    0.2900  0 31 x 03    0.2900  0 31 x 03
0.4285  0 30 x 04    0.4286  0 30 x 04    0.2901  0 29 x 06    0.2901  0 29 x 06
0.4292  0 31 x 03    0.4292  0 31 x 03    0.2918  0 29 x 07    0.2917  0 29 x 07
0.4300  0 29 x 07    0.4300  0 29 x 07    0.2925  0 31 x 07    0.2926  0 31 x 07
0.4308  0 31 x 07    0.4307  0 31 x 07    0.2939  0 31 x 08    0.2940  0 31 x 08
0.4329  0 31 x 08    0.4329  0 31 x 08    0.2941  0 29 x 08    0.2942  0 29 x 08
0.4336  0 29 x 08    0.4336  0 29 x 08    0.2950  0 31 x 10    0.2950  0 31 x 12
0.4343  0 31 x 12    0.4341  0 31 x 12    0.2951  0 31 x 12    0.2951  0 31 x 10
0.4344  0 31 x 10    0.4343  0 31 x 10    0.2967  0 29 x 10    0.2966  0 29 x 10
0.4372  0 29 x 10    0.4372  0 29 x 10    0.2970  0 29 x 03    0.2971  0 29 x 03
0.4383  0 28 x 04    0.4380  0 28 x 04    0.2978  0 29 x 12    0.2977  0 29 x 12
0.4386  0 29 x 12    0.4385  0 29 x 12    0.2993  0 28 x 04    0.2992  0 28 x 04
0.4389  0 29 x 03    0.4389  0 29 x 03    0.3010  0 30 x 04    0.3011  0 30 x 04
0.4392  0 30 x 03    0.4392  0 30 x 03    0.3012  0 30 x 03    0.3011  0 30 x 03
0.4521  0 31 t 04    0.4520  0 31 t 04    0.3053  0 31 t 04    0.3053  0 31 t 04
0.4522  0 28 x 03    0.4522  0 29 t 05    0.3058  0 29 t 05    0.3060  0 29 t 05
0.4528  0 29 t 05    0.4525  0 28 x 03    0.3074  0 29 t 04    0.3074  0 29 t 04
0.4540  0 29 t 04    0.4540  0 29 t 04    0.3081  0 28 x 03    0.3082  0 28 x 03
0.4574  0 31 t 03    0.4576  0 31 t 03    0.3083  0 31 t 03    0.3083  0 31 t 03
0.4599  0 28 x 08    0.4596  0 28 x 08    0.3099  0 28 x 06    0.3100  0 28 x 06
0.4606  0 30 t 03    0.4605  0 30 t 03    0.3104  0 05 x 04    0.3103  0 05 x 04
0.4615  0 05 x 04    0.4614  0 05 x 04    0.3114  0 04 x 04    0.3113  0 04 x 04
0.4618  0 28 x 07    0.4615  0 28 x 07    0.3124  0 29 t 06    0.3124  0 29 t 06
0.4620  0 29 t 06    0.4621  0 29 t 06    0.3129  0 29 t 07    0.3130  0 29 t 07
0.4624  0 29 t 10    0.4624  0 29 t 10    0.3134  0 31 t 08    0.3134  0 31 t 08
0.4625  0 29 t 07    0.4624  0 29 t 07    0.3139  0 31 t 06    0.3137  0 28 x 08
0.4627  0 04 x 04    0.4626  0 04 x 04    0.3140  0 29 t 03    0.3139  0 31 t 06
0.4633  0 31 t 08    0.4629  0 31 t 08    0.3140  0 28 x 08    0.3141  0 29 t 08
0.4643  0 29 t 12    0.4644  0 29 t 12    0.3142  0 29 t 08    0.3142  0 29 t 10
0.4649  0 29 t 08    0.4645  0 28 x 10    0.3143  0 29 t 10    0.3149  0 31 t 07
0.4652  0 31 t 06    0.4648  0 29 t 08    0.3150  0 31 t 07    0.3149  0 29 t 03
0.4652  0 31 t 07    0.4649  0 31 t 07    0.3153  0 28 x 10    0.3152  0 29 t 12
0.4653  0 28 x 10    0.4657  0 31 t 06    0.3154  0 01 x 04    0.3154  0 31 t 05
0.4661  0 06 x 04    0.4657  0 29 t 03    0.3155  0 29 t 12    0.3154  0 01 x 04
0.4669  0 31 t 05    0.4664  0 06 x 04    0.3155  0 31 t 05    0.3154  0 28 x 10
0.4670  0 29 t 03    0.4669  0 31 t 05    0.3161  0 28 x 07    0.3161  0 28 x 07
0.4673  0 28 x 06    0.4675  0 28 x 06    0.3172  0 01 x 06    0.3171  0 05 x 06
0.4681  0 01 x 04    0.4684  0 01 x 04    0.3174  0 05 x 06    0.3171  0 01 x 06
0.4700  0 01 x 06    0.4698  0 01 x 10    0.3174  0 05 x 05    0.3175  0 05 x 05
0.4706  0 28 t 03    0.4702  0 01 x 06    0.3177  0 04 x 06    0.3177  0 04 x 06
0.4711  0 01 x 10    0.4704  0 06 x 05    0.3180  0 01 x 10    0.3184  0 01 x 10
0.4712  0 31 t 12    0.4706  0 28 t 03    0.3185  0 05 x 03    0.3185  0 05 x 03
0.4716  0 05 x 05    0.4713  0 31 t 12    0.3185  0 28 t 04    0.3186  0 28 t 04
0.4716  0 01 x 12    0.4715  0 01 x 12    0.3187  0 05 x 08    0.3186  0 05 x 08
0.4721  0 06 x 03    0.4715  0 05 x 05    0.3189  0 04 x 05    0.3189  0 04 x 05
0.4721  0 06 x 05    0.4718  0 05 x 06    0.3192  0 01 x 05    0.3192  0 01 x 05
0.4721  0 04 x 06    0.4721  0 06 x 03    0.3192  0 01 x 12    0.3192  0 01 x 12
0.4721  0 05 x 06    0.4722  0 04 x 06    0.3195  0 05 x 07    0.3192  0 05 x 12
0.4730  0 05 x 03    0.4730  0 05 x 03    0.3196  0 05 x 12    0.3194  0 05 x 07
0.4733  0 05 x 08    0.4731  0 05 x 08    0.3197  0 01 x 08    0.3202  0 01 x 08
0.4734  0 05 x 12    0.4735  0 01 x 05    0.3202  0 01 x 07    0.3203  0 31 t 12
0.4736  0 01 x 05    0.4737  0 01 x 08    0.3202  0 31 t 12    0.3204  0 01 x 07
0.4741  0 01 x 08    0.4737  0 05 x 12    0.3203  0 06 x 04    0.3205  0 06 x 04
0.4744  0 01 x 07    0.4743  0 01 x 07    0.3206  0 28 x 05    0.3208  0 28 x 05
0.4745  0 05 x 07    0.4746  0 04 x 05    0.3211  0 30 t 04    0.3212  0 30 t 04
0.4746  0 31 t 10    0.4747  0 05 x 07    0.3214  0 04 x 07    0.3213  0 04 x 07
0.4748  0 04 x 05    0.4750  0 27 x 05    0.3214  0 04 x 08    0.3215  0 04 x 08
0.4750  0 27 x 05    0.4751  0 31 t 10    0.3217  0 05 x 10    0.3220  0 05 x 10
0.4759  0 28 t 04    0.4758  0 28 t 04    0.3220  0 27 x 07    0.3220  0 27 x 06
0.4762  0 28 x 05    0.4761  0 28 x 05    0.3221  0 27 x 06    0.3221  0 27 x 07
0.4763  0 27 x 07    0.4762  0 27 x 07    0.3221  0 01 x 03    0.3221  0 01 x 03
0.4764  0 04 x 08    0.4763  0 27 x 06    0.3223  0 31 t 10    0.3227  0 31 t 10
0.4765  0 27 x 06    0.4763  0 04 x 08    0.3229  0 00 x 06    0.3228  0 06 x 05
0.4771  0 05 x 10    0.4766  0 30 x 08    0.3229  0 00 x 04    0.3229  0 00 x 06
0.4772  0 04 x 07    0.4773  0 05 x 10    0.3230  0 04 x 03    0.3229  0 00 x 04
0.4775  0 30 x 08    0.4776  0 04 x 07    0.3233  0 28 t 03    0.3229  0 04 x 03
0.4787  0 06 x 10    0.4784  0 06 x 10    0.3234  0 04 x 12    0.3233  0 04 x 12
0.4787  0 04 x 12    0.4788  0 04 x 12    0.3234  0 04 x 10    0.3234  0 28 t 03
0.4787  0 00 x 06    0.4788  0 06 x 08    0.3236  0 06 x 03    0.3234  0 06 x 03
0.4788  0 04 x 10    0.4789  0 00 x 06    0.3237  0 06 x 05    0.3236  0 04 x 10
0.4788  0 06 x 08    0.4789  0 04 x 10    0.3245  0 00 x 07    0.3242  0 00 x 07
0.4793  0 00 x 04    0.4791  0 00 x 04    0.3250  0 27 x 05    0.3249  0 27 x 05
0.4795  0 06 x 06    0.4796  0 06 x 06    0.3251  0 00 x 05    0.3251  0 00 x 05
0.4801  0 30 x 07    0.4800  0 30 x 07    0.3252  0 05 t 03    0.3251  0 05 t 03
0.4803  0 01 x 03    0.4807  0 01 x 03    0.3257  0 30 t 03    0.3256  0 30 t 03
0.4809  0 30 t 04    0.4809  0 04 x 03    0.3265  0 30 x 07    0.3264  0 30 x 07
0.4810  0 04 x 03    0.4810  0 30 t 04    0.3270  0 01 t 03    0.3270  0 30 x 08
0.4813  0 00 x 05    0.4813  0 00 x 05    0.3271  0 30 x 08    0.3270  0 01 t 03
0.4819  0 00 x 07    0.4815  0 00 x 07    0.3275  0 27 x 04    0.3274  0 27 x 04
0.4836  0 05 t 03    0.4835  0 05 t 03    0.3276  0 00 x 08    0.3275  0 00 x 08
0.4843  0 06 x 07    0.4842  0 06 x 07    0.3277  0 00 x 10    0.3277  0 00 x 10
0.4846  0 27 x 03    0.4846  0 27 x 03    0.3281  0 27 x 03    0.3282  0 27 x 03
0.4847  0 00 x 10    0.4847  0 06 x 12    0.3284  0 05 t 04    0.3283  0 05 t 04
0.4848  0 06 x 12    0.4848  0 00 x 10    0.3284  0 00 x 03    0.3284  0 00 x 03
0.4853  0 06 t 03    0.4854  0 06 t 03    0.3297  0 27 x 10    0.3296  0 27 x 08
0.4855  0 00 x 08    0.4855  0 27 x 04    0.3298  0 27 x 08    0.3297  0 27 x 10
0.4856  0 27 x 04    0.4856  0 00 x 08    0.3301  0 27 x 12    0.3299  0 27 x 12
0.4860  0 30 x 06    0.4861  0 27 x 08    0.3308  0 30 t 05    0.3308  0 04 t 03
0.4861  0 27 x 08    0.4861  0 30 x 06    0.3308  0 04 t 03    0.3308  0 30 t 05
0.4869  0 30 x 12    0.4871  0 01 t 03    0.3311  0 28 t 07    0.3311  0 06 x 10
0.4870  0 01 t 03    0.4875  0 00 x 03    0.3315  0 06 x 10    0.3313  0 28 t 07
0.4876  0 00 x 03    0.4881  0 27 x 10    0.3317  0 00 x 12    0.3314  0 00 x 12
0.4884  0 27 x 12    0.4885  0 27 x 12    0.3317  0 06 t 03    0.3320  0 28 t 06
0.4887  0 27 x 10    0.4895  0 05 t 04    0.3320  0 28 t 06    0.3320  0 06 t 03
0.4887  0 06 t 04    0.4897  0 06 t 04    0.3321  0 06 x 06    0.3321  0 30 x 10
0.4895  0 05 t 04    0.4900  0 00 x 12    0.3328  0 06 x 08    0.3326  0 06 x 06
0.4900  0 00 x 12    0.4910  0 28 t 07    0.3329  0 05 t 05    0.3329  0 05 t 05
0.4909  0 28 t 07    0.4914  0 30 x 10    0.3329  0 04 t 04    0.3329  0 04 t 04
0.4920  0 30 x 10    0.4932  0 04 t 03    0.3334  0 01 t 04    0.3329  0 06 x 08
0.4930  0 04 t 03    0.4932  0 28 x 12    0.3335  0 30 t 06    0.3333  0 01 t 04
0.4933  0 27 t 03    0.4935  0 27 t 03    0.3337  0 30 t 07    0.3334  0 30 t 06
0.4945  0 30 t 07    0.4938  0 30 x 12    0.3339  0 30 x 06    0.3336  0 30 x 06
0.4950  0 30 t 06    0.4948  0 30 t 07    0.3342  0 28 x 12    0.3336  0 30 t 07
0.4956  0 04 t 04    0.4956  0 04 t 04    0.3343  0 30 x 10    0.3337  0 30 x 12
0.4958  0 28 t 08    0.4958  0 01 t 04    0.3348  0 27 t 03    0.3343  0 28 x 12
0.4958  0 01 t 04    0.4960  0 30 t 06    0.3350  0 05 t 06    0.3349  0 06 t 04
0.4967  0 28 x 12    0.4960  0 28 t 08    0.3350  0 28 t 08    0.3349  0 27 t 03
0.4971  0 28 t 06    0.4971  0 30 x 05    0.3352  0 06 t 04    0.3349  0 05 t 06
0.4973  0 30 x 05    0.4971  0 28 t 06    0.3355  0 01 t 06    0.3350  0 28 t 08
0.4974  0 05 t 05    0.4974  0 05 t 05    0.3357  0 01 t 07    0.3353  0 01 t 06
0.4974  0 01 t 07    0.4974  0 06 t 05    0.3360  0 30 x 12    0.3357  0 01 t 07
0.4974  0 06 t 05    0.4975  0 01 t 07    0.3360  0 00 t 03    0.3360  0 00 t 03
0.4977  0 30 t 08    0.4977  0 30 t 08    0.3363  0 05 t 08    0.3363  0 05 t 08
0.4986  0 01 t 06    0.4987  0 01 t 06    0.3365  0 04 t 08    0.3365  0 04 t 08
0.4991  0 04 t 08    0.4991  0 04 t 08    0.3367  0 06 x 07    0.3368  0 05 t 07
0.4993  0 06 t 10    0.4991  0 01 t 08    0.3367  0 05 t 07    0.3370  0 06 x 07
0.4993  0 01 t 08    0.4993  0 06 t 10    0.3373  0 28 t 10    0.3373  0 28 t 05
0.4995  0 05 t 08    0.4995  0 05 t 08    0.3373  0 28 t 05    0.3373  0 28 t 10
0.4998  0 00 t 03    0.4997  0 00 t 03    0.3376  0 01 t 08    0.3375  0 01 t 08
0.5000  0 05 t 06    0.5004  0 05 t 06    0.3377  0 06 x 12    0.3376  0 06 x 12
0.5011  0 28 t 10    0.5011  0 28 t 10    0.3381  0 01 t 05    0.3381  0 01 t 05
0.5018  0 30 t 10    0.5018  0 30 t 10    0.3382  0 30 t 08    0.3383  0 30 t 08
0.5022  0 05 t 07    0.5023  0 05 t 07    0.3383  0 04 t 05    0.3384  0 04 t 05
0.5023  0 01 t 05    0.5026  0 01 t 05    0.3394  0 04 t 06    0.3391  0 04 t 06
0.5027  0 07 x 03    0.5026  0 07 x 03    0.3400  0 04 t 07    0.3399  0 04 t 07
0.5028  0 01 t 10    0.5026  0 01 t 10    0.3401  0 05 t 12    0.3401  0 05 t 12
0.5035  0 06 t 08    0.5037  0 07 x 05    0.3402  0 01 t 10    0.3402  0 01 t 10
0.5037  0 07 x 05    0.5037  0 07 x 06    0.3403  0 06 t 05    0.3404  0 06 t 05
0.5038  0 07 x 06    0.5037  0 06 t 08    0.3407  0 30 t 10    0.3408  0 30 t 10
0.5038  0 04 t 05    0.5037  0 04 t 05    0.3410  0 04 t 10    0.3412  0 04 t 10
0.5040  0 28 t 05    0.5040  0 04 t 06    0.3419  0 05 t 10    0.3416  0 05 t 10
0.5045  0 06 t 06    0.5040  0 28 t 05    0.3421  0 27 t 05    0.3420  0 27 t 05
0.5047  0 30 t 05    0.5046  0 04 t 07    0.3421  0 00 t 05    0.3422  0 30 x 05
0.5048  0 04 t 06    0.5049  0 30 t 05    0.3423  0 30 x 05    0.3423  0 00 t 05
0.5054  0 05 t 12    0.5052  0 06 t 06    0.3437  0 06 t 10    0.3438  0 06 t 10
0.5058  0 07 x 04    0.5054  0 04 t 10    0.3453  0 04 t 12    0.3453  0 04 t 12
0.5059  0 04 t 10    0.5055  0 05 t 12    0.3461  0 00 t 04    0.3460  0 00 t 04
0.5060  0 04 t 07    0.5061  0 07 x 04    0.3474  0 00 t 08    0.3474  0 00 t 08
0.5069  0 05 t 10    0.5072  0 05 t 10    0.3474  0 00 t 07    0.3474  0 00 t 06
0.5071  5 08 x 03    0.5072  5 08 x 03    0.3480  0 00 t 06    0.3475  0 00 t 07
0.5086  0 00 t 05    0.5080  0 00 t 05    0.3481  0 06 t 06    0.3482  0 06 t 06
0.5089  0 07 x 07    0.5086  0 07 x 07    0.3493  0 06 t 08    0.3494  0 06 t 08
0.5102  0 04 t 12    0.5102  0 04 t 12    0.3520  0 30 t 12    0.3518  0 00 t 10
0.5104  0 07 t 03    0.5103  0 07 x 10    0.3521  0 07 x 03    0.3520  0 30 t 12
0.5106  0 07 x 10    0.5104  0 07 t 03    0.3523  0 00 t 10    0.3520  0 07 x 03
0.5141  0 07 x 08    0.5135  0 00 t 04    0.3549  0 27 t 06    0.3548  0 27 t 06
0.5147  0 00 t 04    0.5141  0 07 x 08    0.3556  0 00 t 12    0.3557  0 00 t 12
0.5152  0 00 t 08    0.5148  0 00 t 08    0.3563  0 06 t 12    0.3562  0 06 t 12
0.5158  0 00 t 07    0.5160  0 00 t 07    0.3565  0 07 x 06    0.3565  0 07 x 06
0.5168  0 00 t 06    0.5169  0 00 t 06    0.3566  0 07 t 03    0.3566  0 07 x 05
0.5170  6 08 x 03    0.5170  6 08 x 03    0.3567  0 07 x 05    0.3566  0 07 t 03
0.5170  0 06 t 07    0.5172  0 06 t 07    0.3568  0 27 t 04    0.3567  0 27 t 04
0.5191  0 06 t 12    0.5190  0 06 t 12    0.3594  0 27 t 07    0.3595  0 27 t 07
0.5210  0 00 t 10    0.5207  0 00 t 10    0.3603  0 06 t 07    0.3602  0 07 x 04
0.5217  0 07 t 06    0.5211  0 07 t 06    0.3603  0 07 x 04    0.3603  0 06 t 07
0.5245  0 07 x 12    0.5254  0 27 t 05    0.3608  0 28 t 12    0.3603  0 28 t 12
0.5251  0 27 t 05    0.5257  0 00 t 12    0.3609  0 07 x 07    0.3611  0 07 x 07
0.5255  0 00 t 12    0.5259  0 07 x 12    0.3627  5 08 x 03    0.3626  0 07 x 10
0.5282  0 30 t 12    0.5283  0 30 t 12    0.3630  0 07 x 10    0.3628  5 08 x 03
0.5302  0 07 t 08    0.5296  0 07 t 08    0.3632  4 08 x 03    0.3632  4 08 x 03
0.5309  0 27 t 04    0.5311  0 27 t 04    0.3642  0 01 t 12    0.3645  0 01 t 12
0.5321  0 07 t 05    0.5318  0 07 t 05    0.3655  0 27 t 08    0.3657  0 27 t 08
0.5340  0 28 t 12    0.5337  0 27 t 06    0.3668  0 07 t 06    0.3667  0 07 t 06
0.5341  0 27 t 06    0.5341  0 28 t 12    0.3670  0 07 x 08    0.3671  0 07 x 08
0.5342  0 07 t 04    0.5343  0 07 t 07    0.3676  0 27 t 10    0.3677  0 27 t 10
0.5357  0 07 t 07    0.5348  0 07 t 04    0.3694  6 08 x 03    0.3694  6 08 x 03
0.5376  0 27 t 07    0.5380  0 27 t 07    0.3707  0 27 t 12    0.3705  0 27 t 12
0.5408  0 07 t 12    0.5408  0 01 t 12    0.3719  5 08 t 03    0.3719  5 08 t 03
0.5410  0 01 t 12    0.5413  0 07 t 12    0.3760  0 07 t 05    0.3759  0 07 t 05
0.5422  0 27 t 08    0.5420  0 27 t 08    0.3764  0 07 t 08    0.3761  0 07 t 08
0.5453  5 08 t 03    0.5456  5 08 t 03    0.3774  0 07 x 12    0.3774  0 07 x 12
0.5458  6 08 x 04    0.5458  6 08 x 04    0.3792  0 07 t 04    0.3785  0 07 t 07
0.5464  0 07 t 10    0.5460  0 07 t 10    0.3794  5 08 x 04    0.3796  5 08 x 04
0.5488  0 27 t 10    0.5483  0 27 t 10    0.3797  0 07 t 07    0.3798  0 07 t 04
0.5517  0 27 t 12    0.5518  0 27 t 12    0.3832  0 07 t 12    0.3829  0 07 t 12
0.5543  5 08 x 04    0.5536  5 08 x 04    0.3881  6 08 x 04    0.3871  6 08 x 04
0.5545  4 08 x 03    0.5544  4 08 x 03    0.3887  4 08 t 03    0.3885  4 08 t 03
0.5661  6 08 t 03    0.5661  6 08 t 03    0.3909  0 07 t 10    0.3908  0 07 t 10
0.5705  7 08 x 03    0.5705  7 08 x 03    0.3941  0 03 x 10    0.3941  0 03 x 10
0.5716  5 08 x 05    0.5720  5 08 x 05    0.3961  0 03 x 12    0.3958  4 08 x 04
0.5803  0 03 x 10    0.5809  0 03 x 10    0.3965  6 08 t 03    0.3959  0 03 x 12
0.5805  5 08 x 06    0.5814  5 08 x 06    0.3965  4 08 x 04    0.3967  6 08 t 03
0.5814  5 08 x 07    0.5814  7 08 x 04    0.3973  5 08 x 05    0.3981  5 08 x 05
0.5816  7 08 x 04    0.5816  4 08 x 06    0.4012  0 03 x 08    0.4010  0 03 x 08
0.5818  4 08 x 06    0.5817  5 08 x 07    0.4016  0 03 x 07    0.4020  0 03 x 07
0.5820  0 03 x 12    0.5822  0 03 x 12    0.4090  6 08 t 04    0.4088  6 08 t 04
0.5823  6 08 x 05    0.5824  6 08 x 05    0.4104  5 08 t 04    0.4112  0 03 x 06
0.5936  0 03 x 08    0.5935  0 03 x 08    0.4112  4 08 x 06    0.4113  4 08 x 06
0.5946  4 08 x 08    0.5944  4 08 x 08    0.4114  0 03 x 06    0.4116  5 08 t 04
0.5956  0 03 x 07    0.5954  4 08 x 04    0.4130  5 08 x 06    0.4135  5 08 x 06
0.5966  5 08 x 08    0.5958  0 03 x 07    0.4157  0 03 x 03    0.4148  5 08 t 05
0.5970  4 08 x 07    0.5966  5 08 x 08    0.4157  5 08 t 05    0.4157  0 03 x 03
0.5977  4 08 x 04    0.5971  4 08 x 07    0.4168  5 08 x 07    0.4168  5 08 x 07
0.5989  6 08 t 04    0.5992  6 08 t 04    0.4175  4 08 x 05    0.4173  4 08 x 05
0.5996  5 08 t 05    0.6005  5 08 t 05    0.4181  4 08 x 08    0.4184  4 08 x 08
0.6019  4 08 x 10    0.6012  4 08 x 10    0.4191  4 08 x 07    0.4191  4 08 x 07
0.6019  6 08 x 06    0.6020  6 08 x 06    0.4220  6 08 x 05    0.4224  6 08 x 05
0.6025  5 08 t 04    0.6028  5 08 t 04    0.4229  4 08 x 10    0.4235  7 08 x 03
0.6047  4 08 x 05    0.6051  4 08 x 05    0.4237  7 08 x 03    0.4239  4 08 x 10
0.6052  7 08 t 03    0.6055  7 08 t 03    0.4258  3 08 x 03    0.4258  3 08 x 03
0.6067  6 08 t 05    0.6066  6 08 t 05    0.4267  4 08 x 12    0.4264  4 08 x 12
0.6081  5 08 t 06    0.6082  5 08 x 10    0.4280  4 08 t 05    0.4281  4 08 t 05
0.6082  5 08 x 10    0.6083  5 08 t 06    0.4287  7 08 x 04    0.4292  5 08 t 06
0.6085  4 08 x 12    0.6101  4 08 x 12    0.4293  5 08 t 06    0.4293  3 08 x 06
0.6180  5 08 x 12    0.6184  5 08 x 12    0.4294  3 08 x 06    0.4293  6 08 t 05
0.6188  6 08 x 07    0.6187  6 08 x 07    0.4295  6 08 t 05    0.4298  7 08 x 04
0.6189  0 03 x 06    0.6190  0 03 x 06    0.4301  4 08 t 06    0.4301  4 08 t 06
0.6196  4 08 t 03    0.6196  5 08 t 07    0.4317  3 08 x 08    0.4314  3 08 x 08
0.6197  5 08 t 07    0.6197  4 08 t 03    0.4326  4 08 t 07    0.4324  4 08 t 07
0.6205  0 03 x 03    0.6204  0 03 x 03    0.4334  5 08 x 08    0.4333  5 08 x 08
0.6235  4 08 t 07    0.6238  4 08 t 07    0.4371  4 08 t 08    0.4367  4 08 t 08
0.6241  4 08 t 06    0.6242  7 08 x 05    0.4375  3 08 x 07    0.4377  3 08 x 10
0.6243  7 08 t 04    0.6242  4 08 t 06    0.4381  3 08 x 10    0.4378  3 08 x 07
0.6248  7 08 x 05    0.6248  7 08 t 04    0.4408  4 08 t 04    0.4409  4 08 t 04
0.6272  4 08 t 08    0.6279  4 08 t 08    0.4414  3 08 x 12    0.4414  5 08 t 07
0.6285  5 08 t 08    0.6284  5 08 t 08    0.4414  5 08 t 07    0.4416  3 08 x 12
0.6329  3 08 x 08    0.6329  3 08 x 08    0.4432  5 08 x 10    0.4432  5 08 x 10
0.6341  4 08 t 05    0.6340  4 08 t 05    0.4473  0 03 x 04    0.4472  0 03 x 04
0.6353  3 08 x 07    0.6359  3 08 x 07    0.4476  6 08 x 06    0.4477  6 08 x 06
0.6386  3 08 x 10    0.6386  3 08 x 10    0.4477  0 03 x 05    0.4477  0 03 x 05
0.6420  3 08 x 06    0.6415  3 08 x 06    0.4487  4 08 t 10    0.4487  4 08 t 10
0.6423  4 08 t 10    0.6422  4 08 t 10    0.4512  7 08 t 03    0.4512  7 08 t 03
0.6430  3 08 x 12    0.6431  3 08 x 12    0.4516  5 08 x 12    0.4514  5 08 x 12
0.6441  6 08 t 06    0.6441  6 08 t 06    0.4520  5 08 t 08    0.4518  5 08 t 08
0.6463  5 08 t 10    0.6463  5 08 t 10    0.4558  3 08 x 04    0.4562  3 08 x 04
0.6495  6 08 x 08    0.6492  6 08 x 08    0.4568  3 08 t 03    0.4568  3 08 t 03
0.6516  4 08 t 04    0.6516  4 08 t 04    0.4573  7 08 t 04    0.4568  7 08 t 04
0.6537  6 08 t 07    0.6537  6 08 t 07    0.4578  4 08 t 12    0.4573  4 08 t 12
0.6538  3 08 x 03    0.6538  3 08 x 03    0.4632  6 08 x 07    0.4631  6 08 x 07
0.6547  4 08 t 12    0.6553  4 08 t 12    0.4657  3 08 x 05    0.4658  3 08 x 05
0.6600  5 08 t 12    0.6597  5 08 t 12    0.4672  3 08 t 07    0.4672  3 08 t 07
0.6699  0 03 x 04    0.6699  0 03 x 04    0.4675  5 08 t 10    0.4674  5 08 t 10
0.6715  0 03 x 05    0.6715  0 03 x 05    0.4681  3 08 t 08    0.4680  3 08 t 08
0.6745  3 08 x 04    0.6745  3 08 x 04    0.4683  7 08 x 05    0.4683  7 08 x 05
0.6764  7 08 t 05    0.6767  7 08 t 05    0.4733  3 08 t 06    0.4732  3 08 t 06
0.6775  6 08 x 10    0.6775  6 08 x 10    0.4740  6 08 t 06    0.4740  6 08 t 06
0.6870  3 08 t 08    0.6868  3 08 t 08    0.4761  3 08 t 04    0.4760  3 08 t 04
0.6874  3 08 t 07    0.6877  3 08 t 07    0.4794  5 08 t 12    0.4795  5 08 t 12
0.6877  6 08 t 08    0.6877  6 08 t 08    0.4841  6 08 t 07    0.4843  6 08 t 07
0.6877  3 08 t 03    0.6877  3 08 t 03    0.4849  3 08 t 05    0.4849  3 08 t 05
0.6903  3 08 x 05    0.6900  3 08 x 05    0.4884  3 08 t 10    0.4885  3 08 t 10
0.6990  6 08 x 12    0.6988  6 08 x 12    0.4886  2 08 t 04    0.4885  2 08 t 04
0.7000  3 08 t 06    0.6997  3 08 t 06    0.4894  3 08 t 12    0.4896  3 08 t 12
0.7048  3 08 t 04    0.7049  3 08 t 04    0.4939  2 08 t 05    0.4938  2 08 t 05
0.7132  6 08 t 10    0.7132  6 08 t 10    0.4943  6 08 x 08    0.4943  6 08 x 08
0.7164  3 08 t 05    0.7164  3 08 t 05    0.4975  2 08 t 03    0.4976  7 08 t 05
0.7187  3 08 t 10    0.7182  3 08 t 10    0.4976  7 08 t 05    0.4976  2 08 t 03
0.7217  3 08 t 12    0.7216  3 08 t 12    0.5067  2 08 x 03    0.5068  2 08 x 03
0.7373  6 08 t 12    0.7374  6 08 t 12    0.5194  6 08 t 08    0.5198  6 08 t 08
0.7429  2 08 t 04    0.7428  2 08 t 04    0.5210  6 08 x 10    0.5204  6 08 x 10
0.7442  2 08 t 03    0.7446  2 08 t 03    0.5412  6 08 x 12    0.5411  6 08 x 12
0.7446  2 08 t 05    0.7449  2 08 t 05    0.5417  2 08 x 05    0.5416  2 08 x 05
0.7560  2 08 x 03    0.7560  2 08 x 03    0.5427  6 08 t 10    0.5426  6 08 t 10
0.8022  2 08 x 05    0.8019  2 08 x 05    0.5497  2 08 x 04    0.5504  2 08 x 04
0.8276  2 08 x 04    0.8274  2 08 x 04    0.5655  6 08 t 12    0.5654  6 08 t 12
0.9074  0 02 x 12    0.9074  0 02 x 12    0.6098  0 02 x 12    0.6097  0 02 x 12
0.9154  0 02 x 03    0.9169  0 02 x 03    0.6129  0 02 x 03    0.6134  0 02 x 03
0.9295  0 02 x 10    0.9297  0 02 x 10    0.6216  0 02 x 10    0.6214  0 02 x 10
0.9433  0 02 x 08    0.9433  0 02 x 08    0.6267  0 02 x 05    0.6269  0 02 x 05
0.9522  0 02 x 05    0.9527  0 02 x 05    0.6273  0 02 x 08    0.6269  0 02 x 08
0.9578  0 02 x 07    0.9578  0 02 x 07    0.6355  0 02 x 07    0.6354  0 02 x 07
0.9687  0 02 x 06    0.9686  0 02 x 06    0.6416  0 02 x 06    0.6420  0 02 x 06
0.9763  0 02 x 04    0.9756  0 02 x 04    0.6458  0 02 x 04    0.6457  0 02 x 04
1.0035  1 08 t 03    1.0038  1 08 t 03    0.6716  1 08 t 03    0.6716  1 08 t 03
1.0039  1 08 x 03    1.0039  1 08 x 03    0.6722  1 08 x 03    0.6726  1 08 x 03
1.0164  1 08 t 05    1.0168  1 08 t 05    0.6796  1 08 x 05    0.6795  1 08 x 05
1.0209  1 08 x 05    1.0208  1 08 x 05    0.6803  1 08 t 05    0.6801  1 08 t 05
1.0475  1 08 x 04    1.0475  1 08 x 04    0.6965  1 08 x 04    0.6966  1 08 x 04
1.0524  1 08 t 04    1.0524  1 08 t 04    0.6982  1 08 t 04    0.6981  1 08 t 04
---Benchmark Program Finished---
