
./testbench.sh clang++ O3 MontgomeryFull uint64_t 191 8 22 -DTEST_ARRAY -DHURCHALLA_MONTGOMERY_TWO_POW_USE_CSELECT_ON_BIT -DHURCHALLA_ALLOW_INLINE_ASM_ALL

compilation finished, now executing:
---Running Program---

begin benchmarks - array two_pow
(ignore)11580388629858884142

OVERALL BEST:
0.1614  0 28 x 10
0.1628  0 28 x 08
0.1666  0 29 x 12
0.1667  0 30 x 10
0.1680  0 28 x 12
0.1705  0 28 t 08
0.1706  0 29 t 12
0.1707  0 29 t 07
0.1718  0 29 t 08
0.1718  0 28 t 12
0.1719  0 30 x 08
0.1720  0 29 t 10
0.1728  0 28 t 10
0.1736  0 28 t 07
0.1740  0 31 x 10
0.1741  0 31 t 12
0.1753  0 31 t 10
0.1756  0 31 x 12
0.1759  0 30 x 12
0.1760  0 27 x 12
0.1764  0 01 x 10
0.1766  0 30 t 08
0.1771  0 01 x 12
0.1771  0 31 x 08
0.1777  0 31 t 07
0.1779  0 28 x 07
0.1783  0 27 t 12
0.1785  0 29 x 10
0.1789  0 27 t 08
0.1789  0 30 t 10
0.1790  0 27 t 10
0.1791  0 30 t 07
0.1792  0 31 t 05
0.1792  0 29 x 08
0.1794  0 31 t 08
0.1795  0 29 x 06
0.1802  0 29 x 07
0.1807  0 31 x 07
0.1808  0 30 t 12
0.1809  0 27 t 06
0.1812  0 27 x 08
0.1817  0 00 x 10
0.1818  0 27 x 06
0.1820  0 27 x 07
0.1826  0 27 x 10
0.1831  0 29 t 05
0.1847  0 28 t 06
0.1847  0 28 t 05
0.1852  0 28 x 06
0.1852  0 27 t 05
0.1862  0 30 x 07
0.1864  0 05 t 08
0.1871  0 01 t 12
0.1877  0 30 t 05
0.1879  0 05 x 08
0.1879  0 29 t 04
0.1880  0 30 x 06
0.1880  0 29 t 06
0.1881  0 00 x 12
0.1881  0 28 t 04
0.1882  0 00 t 12
0.1882  0 27 t 07
0.1886  0 01 t 10
0.1892  0 06 t 08
0.1893  0 31 x 06
0.1897  0 29 x 05
0.1897  0 01 t 08
0.1898  0 00 t 10
0.1903  0 04 t 08
0.1906  0 05 x 12
0.1907  0 06 x 08
0.1909  0 01 x 08
0.1910  0 00 x 07
0.1913  0 31 t 06
0.1917  0 00 t 08
0.1918  0 05 t 12
0.1922  0 04 x 08
0.1923  0 30 t 04
0.1924  0 00 x 08
0.1925  0 31 t 04
0.1928  0 06 x 12
0.1928  0 05 t 07
0.1930  0 27 t 04
0.1930  0 06 t 12
0.1931  0 05 t 10
0.1931  0 01 t 07
0.1931  0 00 t 07
0.1934  0 01 t 05
0.1939  0 05 x 10
0.1942  0 28 x 04
0.1945  0 00 x 06
0.1956  0 28 x 05
0.1961  0 01 x 07
0.1962  0 06 x 10
0.1963  0 04 x 12
0.1969  0 05 x 07
0.1975  0 04 t 12
0.1977  0 30 t 06
0.1978  0 31 x 05
0.1982  0 06 t 07
0.1984  0 04 t 10
0.1986  0 27 x 05
0.1990  0 04 x 10
0.1991  0 27 x 04
0.1994  0 00 t 04
0.1994  0 01 x 06
0.1995  0 04 t 07
0.2004  0 30 x 05
0.2006  0 01 t 04
0.2007  0 05 t 04
0.2008  0 06 x 07
0.2011  0 31 x 04
0.2016  0 05 x 06
0.2017  0 00 t 05
0.2020  0 04 x 07
0.2023  0 03 x 08
0.2026  0 03 x 10
0.2028  0 01 t 06
0.2038  0 00 t 06
0.2039  0 07 t 08
0.2040  0 06 x 06
0.2043  0 03 x 06
0.2044  0 06 t 04
0.2047  0 03 x 07
0.2051  0 01 x 05
0.2052  0 03 x 12
0.2056  0 04 t 04
0.2056  0 05 t 05
0.2057  0 30 x 04
0.2063  0 30 t 03
0.2064  0 07 x 08
0.2065  0 01 x 04
0.2066  0 29 x 04
0.2069  0 28 t 03
0.2071  4 08 x 12
0.2073  0 00 x 05
0.2074  0 04 x 06
0.2078  0 03 x 05
0.2080  0 07 x 12
0.2080  0 07 t 12
0.2080  0 06 t 05
0.2088  4 08 x 10
0.2089  0 05 x 05
0.2097  0 06 x 05
0.2099  0 07 t 10
0.2100  5 08 x 08
0.2105  0 00 x 04
0.2110  0 31 t 03
0.2112  4 08 x 08
0.2113  0 07 x 10
0.2114  0 04 t 05
0.2129  0 00 t 03
0.2137  0 07 t 07
0.2144  0 27 t 03
0.2146  5 08 x 10
0.2147  0 05 t 06
0.2148  0 04 x 05
0.2151  0 07 x 07
0.2155  0 04 x 04
0.2159  5 08 x 12
0.2160  0 29 t 03
0.2160  0 06 t 06
0.2161  0 01 t 03
0.2163  0 05 x 04
0.2164  0 06 x 04
0.2165  4 08 t 10
0.2166  3 08 x 10
0.2174  0 04 t 06
0.2186  4 08 t 12
0.2194  3 08 x 12
0.2197  0 07 x 06
0.2200  0 07 t 04
0.2200  0 03 x 04
0.2201  0 05 t 03
0.2202  4 08 t 08
0.2206  0 06 t 03
0.2219  3 08 x 08
0.2226  5 08 t 12
0.2228  0 28 x 03
0.2229  0 04 t 03
0.2232  4 08 t 06
0.2237  0 07 t 05
0.2246  5 08 t 10
0.2249  4 08 x 05
0.2252  0 30 x 03
0.2260  0 07 x 05
0.2260  4 08 t 07
0.2263  0 31 x 03
0.2266  3 08 x 07
0.2272  4 08 t 05
0.2276  4 08 x 06
0.2280  5 08 t 08
0.2280  3 08 t 10
0.2282  3 08 x 06
0.2283  0 07 t 06
0.2284  3 08 t 12
0.2293  0 01 x 03
0.2301  0 27 x 03
0.2306  3 08 t 07
0.2306  0 29 x 03
0.2308  5 08 t 07
0.2324  0 07 x 04
0.2326  5 08 t 05
0.2327  4 08 x 07
0.2338  5 08 x 06
0.2350  0 05 x 03
0.2360  3 08 t 08
0.2362  0 00 x 03
0.2364  3 08 x 05
0.2370  3 08 t 06
0.2373  0 06 t 10
0.2374  0 04 x 03
0.2385  4 08 t 04
0.2387  0 06 x 03
0.2388  5 08 x 07
0.2392  3 08 t 05
0.2392  5 08 x 05
0.2419  0 07 t 03
0.2420  5 08 t 04
0.2427  6 08 x 10
0.2432  6 08 x 12
0.2437  6 08 x 08
0.2448  5 08 x 04
0.2458  5 08 t 06
0.2485  4 08 x 04
0.2486  4 08 t 03
0.2493  2 08 x 05
0.2501  6 08 t 12
0.2521  5 08 t 03
0.2526  6 08 t 10
0.2533  3 08 t 03
0.2552  0 07 x 03
0.2566  3 08 t 04
0.2583  6 08 t 08
0.2604  3 08 x 04
0.2626  4 08 x 03
0.2627  6 08 t 05
0.2637  6 08 t 07
0.2637  2 08 t 05
0.2639  3 08 x 03
0.2648  6 08 x 06
0.2651  0 03 x 03
0.2677  6 08 x 07
0.2691  6 08 x 05
0.2695  6 08 t 04
0.2725  5 08 x 03
0.2753  6 08 x 04
0.2755  6 08 t 06
0.2892  2 08 t 04
0.2903  2 08 x 04
0.2922  2 08 x 03
0.2924  6 08 t 03
0.3115  6 08 x 03
0.3184  2 08 t 03
0.3350  7 08 t 05
0.3389  7 08 t 04
0.3404  7 08 x 05
0.3490  7 08 x 04
0.3583  1 08 t 05
0.3584  1 08 x 05
0.3644  7 08 t 03
0.3864  7 08 x 03
0.3908  1 08 t 03
0.3923  1 08 x 03
0.4088  1 08 x 04
0.4089  1 08 t 04
0.5007  0 02 x 12
0.5058  0 02 x 08
0.5062  0 02 x 10
0.5077  0 02 x 07
0.5077  0 02 x 06
0.5086  0 02 x 04
0.5102  0 02 x 03
0.5121  0 02 x 05
Timings By Test Type:
0.0494  0 28 x 10    0.0495  0 28 x 10    0.0312  0 28 x 10    0.0312  0 28 x 10
0.0499  0 28 x 08    0.0498  0 28 x 08    0.0316  0 28 x 08    0.0316  0 28 x 08
0.0512  0 30 x 10    0.0512  0 30 x 10    0.0321  0 29 x 12    0.0321  0 29 x 12
0.0512  0 29 x 12    0.0512  0 29 x 12    0.0322  0 30 x 10    0.0322  0 30 x 10
0.0515  0 28 x 12    0.0515  0 28 x 12    0.0325  0 28 x 12    0.0325  0 28 x 12
0.0522  0 28 t 08    0.0522  0 28 t 08    0.0330  0 29 t 07    0.0330  0 29 t 07
0.0523  0 29 t 12    0.0523  0 29 t 07    0.0330  0 29 t 12    0.0330  0 29 t 12
0.0524  0 29 t 07    0.0524  0 29 t 12    0.0331  0 28 t 08    0.0330  0 28 t 08
0.0526  0 28 t 12    0.0527  0 28 t 12    0.0331  0 30 x 08    0.0331  0 30 x 08
0.0527  0 29 t 08    0.0527  0 29 t 08    0.0331  0 29 t 08    0.0332  0 29 t 08
0.0528  0 29 t 10    0.0528  0 29 t 10    0.0332  0 29 t 10    0.0332  0 29 t 10
0.0529  0 30 x 08    0.0528  0 30 x 08    0.0333  0 28 t 12    0.0333  0 28 t 12
0.0529  0 28 t 10    0.0529  0 28 t 10    0.0335  0 28 t 10    0.0335  0 28 t 10
0.0532  0 28 t 07    0.0532  0 28 t 07    0.0336  0 31 t 12    0.0336  0 31 t 12
0.0534  0 31 x 10    0.0534  0 31 x 10    0.0336  0 28 t 07    0.0336  0 31 x 10
0.0534  0 31 t 12    0.0535  0 31 t 12    0.0336  0 31 x 10    0.0336  0 28 t 07
0.0538  0 31 t 10    0.0538  0 31 t 10    0.0338  0 31 x 12    0.0338  0 31 x 12
0.0540  0 31 x 12    0.0539  0 27 x 12    0.0338  0 31 t 10    0.0338  0 31 t 10
0.0540  0 27 x 12    0.0541  0 31 x 12    0.0338  0 30 x 12    0.0339  0 30 x 12
0.0540  0 30 t 08    0.0541  0 30 x 12    0.0340  0 01 x 10    0.0340  0 01 x 10
0.0541  0 30 x 12    0.0541  0 30 t 08    0.0340  0 01 x 12    0.0340  0 27 x 12
0.0542  0 01 x 10    0.0542  0 01 x 10    0.0341  0 27 x 12    0.0341  0 01 x 12
0.0544  0 31 x 08    0.0544  0 31 x 08    0.0342  0 31 x 08    0.0342  0 31 x 08
0.0545  0 01 x 12    0.0544  0 01 x 12    0.0343  0 30 t 08    0.0343  0 30 t 08
0.0545  0 31 t 07    0.0545  0 31 t 07    0.0343  0 27 t 12    0.0343  0 31 t 07
0.0546  0 28 x 07    0.0545  0 28 x 07    0.0343  0 31 t 07    0.0343  0 27 t 12
0.0548  0 30 t 10    0.0548  0 27 t 12    0.0344  0 28 x 07    0.0344  0 29 x 10
0.0549  0 29 x 10    0.0548  0 30 t 07    0.0344  0 29 x 10    0.0344  0 29 x 08
0.0549  0 27 t 10    0.0548  0 30 t 10    0.0344  0 29 x 08    0.0345  0 28 x 07
0.0549  0 27 t 12    0.0548  0 29 x 10    0.0345  0 27 t 08    0.0345  0 27 t 08
0.0549  0 30 t 07    0.0549  0 27 t 10    0.0346  0 31 t 05    0.0346  0 31 t 05
0.0550  0 27 t 08    0.0550  0 27 t 08    0.0346  0 27 t 10    0.0346  0 27 t 10
0.0550  0 31 t 05    0.0550  0 31 t 05    0.0346  0 31 t 08    0.0346  0 30 t 07
0.0550  0 29 x 06    0.0550  0 29 x 06    0.0347  0 30 t 10    0.0346  0 31 t 08
0.0551  0 31 t 08    0.0550  0 31 t 08    0.0347  0 30 t 07    0.0347  0 30 t 10
0.0552  0 29 x 08    0.0552  0 29 x 08    0.0347  0 29 x 06    0.0347  0 29 x 06
0.0554  0 30 t 12    0.0553  0 30 t 12    0.0348  0 29 x 07    0.0347  0 29 x 07
0.0554  0 29 x 07    0.0553  0 29 x 07    0.0349  0 31 x 07    0.0349  0 31 x 07
0.0555  0 27 t 06    0.0555  0 31 x 07    0.0349  0 27 x 08    0.0349  0 27 x 08
0.0555  0 31 x 07    0.0555  0 27 t 06    0.0350  0 27 t 06    0.0350  0 27 t 06
0.0557  0 00 x 10    0.0556  0 00 x 10    0.0350  0 30 t 12    0.0350  0 27 x 06
0.0557  0 27 x 08    0.0557  0 27 x 08    0.0351  0 27 x 06    0.0351  0 30 t 12
0.0557  0 27 x 07    0.0557  0 27 x 07    0.0352  0 00 x 10    0.0352  0 27 x 10
0.0559  0 27 x 06    0.0559  0 27 x 06    0.0352  0 27 x 10    0.0352  0 00 x 10
0.0561  0 29 t 05    0.0561  0 27 x 10    0.0353  0 27 x 07    0.0353  0 27 x 07
0.0561  0 27 x 10    0.0561  0 05 t 08    0.0354  0 29 t 05    0.0354  0 29 t 05
0.0561  0 05 t 08    0.0561  0 29 t 05    0.0357  0 28 t 06    0.0357  0 28 t 06
0.0566  0 05 x 08    0.0565  0 28 t 06    0.0357  0 28 t 05    0.0357  0 28 t 05
0.0566  0 28 t 05    0.0566  0 05 x 08    0.0357  0 27 t 05    0.0358  0 27 t 05
0.0567  0 28 x 06    0.0566  0 28 t 05    0.0359  0 28 x 06    0.0359  0 28 x 06
0.0569  0 28 t 06    0.0567  0 28 x 06    0.0360  0 30 x 07    0.0360  0 30 x 07
0.0569  0 27 t 05    0.0569  0 27 t 05    0.0361  0 01 t 12    0.0360  0 01 t 12
0.0571  0 30 x 07    0.0571  0 30 x 07    0.0362  0 01 t 10    0.0362  0 01 t 10
0.0573  0 05 x 12    0.0573  0 05 x 12    0.0363  0 27 t 07    0.0363  0 27 t 07
0.0574  0 06 t 08    0.0573  0 06 t 08    0.0363  0 29 t 06    0.0363  0 29 t 06
0.0575  0 29 t 04    0.0574  0 29 t 04    0.0363  0 30 x 06    0.0363  0 00 x 12
0.0575  0 30 t 05    0.0575  0 01 t 12    0.0363  0 30 t 05    0.0363  0 30 t 05
0.0575  0 01 t 12    0.0575  0 30 t 05    0.0363  0 28 t 04    0.0363  0 30 x 06
0.0575  0 05 t 12    0.0576  0 05 t 12    0.0364  0 00 x 12    0.0364  0 28 t 04
0.0576  0 00 t 12    0.0576  0 00 t 12    0.0364  0 31 x 06    0.0364  0 31 x 06
0.0576  0 30 x 06    0.0576  0 30 x 06    0.0365  0 00 t 12    0.0365  0 00 t 12
0.0577  0 00 x 12    0.0577  0 00 x 12    0.0365  0 01 t 08    0.0365  0 01 t 08
0.0577  0 28 t 04    0.0577  0 28 t 04    0.0365  0 29 t 04    0.0365  0 29 t 04
0.0577  0 29 t 06    0.0577  0 29 t 06    0.0365  0 29 x 05    0.0365  0 29 x 05
0.0578  0 27 t 07    0.0578  0 06 x 08    0.0366  0 31 t 06    0.0366  0 31 t 06
0.0578  0 06 x 08    0.0578  0 27 t 07    0.0368  0 01 x 08    0.0367  0 04 t 08
0.0579  0 05 t 10    0.0579  0 05 t 10    0.0368  0 04 t 08    0.0368  0 01 x 08
0.0579  0 05 t 07    0.0580  0 05 t 07    0.0368  0 00 t 10    0.0368  0 00 t 10
0.0580  0 01 t 10    0.0581  0 01 t 10    0.0370  0 04 x 08    0.0369  0 04 x 08
0.0581  0 00 t 10    0.0581  0 00 t 10    0.0370  0 00 x 07    0.0370  0 00 x 07
0.0582  0 31 x 06    0.0582  0 31 x 06    0.0370  0 05 t 08    0.0371  0 05 t 08
0.0583  0 05 x 10    0.0583  0 29 x 05    0.0371  0 00 t 08    0.0371  0 00 t 08
0.0583  0 29 x 05    0.0583  0 01 t 08    0.0371  0 31 t 04    0.0371  0 31 t 04
0.0583  0 01 t 08    0.0583  0 05 x 10    0.0372  0 00 x 08    0.0371  0 00 x 08
0.0584  0 04 t 08    0.0584  0 04 t 08    0.0372  0 01 t 07    0.0372  0 30 t 04
0.0585  0 00 x 07    0.0585  0 00 x 07    0.0372  0 30 t 04    0.0372  0 01 t 07
0.0587  0 06 x 12    0.0587  0 06 t 12    0.0373  0 06 t 08    0.0373  0 06 t 08
0.0587  0 06 t 12    0.0587  0 01 x 08    0.0373  0 05 x 08    0.0373  0 01 t 05
0.0587  0 01 x 08    0.0587  0 06 x 12    0.0373  0 01 t 05    0.0373  0 05 x 08
0.0588  0 00 t 08    0.0587  0 00 t 08    0.0374  0 28 x 04    0.0374  0 28 x 04
0.0589  0 30 t 04    0.0589  0 30 t 04    0.0375  0 00 t 07    0.0374  0 00 t 07
0.0590  0 27 t 04    0.0590  0 27 t 04    0.0375  0 27 t 04    0.0375  0 27 t 04
0.0591  0 31 t 06    0.0591  0 00 x 08    0.0376  0 06 x 08    0.0375  0 06 x 08
0.0591  0 00 x 08    0.0591  0 31 t 06    0.0377  0 06 x 12    0.0377  0 06 x 12
0.0591  0 00 t 07    0.0591  0 00 t 07    0.0377  0 04 x 12    0.0377  0 01 x 07
0.0591  0 04 x 08    0.0591  0 31 t 04    0.0377  0 01 x 07    0.0377  0 00 x 06
0.0591  0 31 t 04    0.0592  0 04 x 08    0.0378  0 00 x 06    0.0378  0 28 x 05
0.0593  0 05 x 07    0.0593  0 05 x 07    0.0378  0 28 x 05    0.0378  0 04 x 12
0.0593  0 01 t 07    0.0593  0 01 t 07    0.0378  0 06 t 12    0.0378  0 06 t 12
0.0594  0 01 t 05    0.0594  0 01 t 05    0.0379  0 04 t 12    0.0379  0 04 t 12
0.0595  0 00 x 06    0.0595  0 00 x 06    0.0380  0 05 x 12    0.0380  0 05 x 12
0.0596  0 06 x 10    0.0596  0 06 x 10    0.0382  0 30 t 06    0.0381  0 30 t 06
0.0597  0 28 x 04    0.0597  0 28 x 04    0.0382  0 04 t 10    0.0382  0 04 t 10
0.0598  0 06 t 07    0.0598  0 06 t 07    0.0383  0 04 x 10    0.0383  0 04 x 10
0.0600  0 28 x 05    0.0600  0 28 x 05    0.0384  0 04 t 07    0.0383  0 04 t 07
0.0603  0 01 x 07    0.0603  0 01 x 07    0.0384  0 05 t 12    0.0384  0 05 t 12
0.0604  0 04 x 12    0.0604  0 04 x 12    0.0384  0 27 x 05    0.0384  0 31 x 05
0.0605  0 31 x 05    0.0605  0 31 x 05    0.0384  0 31 x 05    0.0384  0 27 x 05
0.0605  0 07 t 08    0.0605  0 07 t 08    0.0385  0 05 t 07    0.0385  0 05 t 07
0.0607  0 30 t 06    0.0607  0 06 x 07    0.0385  0 27 x 04    0.0385  0 06 x 10
0.0607  0 06 x 07    0.0607  0 30 t 06    0.0385  0 06 x 10    0.0386  0 01 x 06
0.0608  0 05 x 06    0.0607  0 05 x 06    0.0386  0 01 x 06    0.0386  0 27 x 04
0.0608  0 04 t 12    0.0608  0 04 t 12    0.0386  0 30 x 05    0.0386  0 30 x 05
0.0609  0 05 t 04    0.0609  0 27 x 05    0.0386  0 05 t 10    0.0386  0 05 x 10
0.0609  0 27 x 05    0.0609  0 05 t 04    0.0386  0 05 x 10    0.0386  0 05 t 10
0.0610  0 04 t 10    0.0610  0 04 t 10    0.0387  0 00 t 04    0.0386  0 00 t 04
0.0610  0 27 x 04    0.0610  0 27 x 04    0.0387  0 01 t 04    0.0388  0 01 t 04
0.0610  0 00 t 04    0.0610  0 00 t 04    0.0389  0 31 x 04    0.0389  0 31 x 04
0.0612  0 04 x 10    0.0611  0 01 x 06    0.0390  0 04 x 07    0.0390  0 04 x 07
0.0612  0 01 x 06    0.0612  0 04 x 10    0.0390  0 00 t 05    0.0390  0 00 t 05
0.0613  0 07 x 08    0.0613  0 07 x 08    0.0391  0 01 t 06    0.0392  0 05 x 07
0.0614  0 04 t 07    0.0614  0 07 x 12    0.0392  0 05 x 07    0.0392  0 01 t 06
0.0614  0 07 x 12    0.0614  0 04 t 07    0.0392  0 03 x 08    0.0392  0 03 x 08
0.0615  0 07 t 12    0.0615  0 07 t 12    0.0393  0 00 t 06    0.0392  0 06 t 07
0.0616  0 01 t 04    0.0615  0 01 t 04    0.0393  0 03 x 10    0.0393  0 03 x 10
0.0616  0 30 x 05    0.0616  0 30 x 05    0.0393  0 06 t 07    0.0394  0 05 t 04
0.0617  0 31 x 04    0.0617  0 31 x 04    0.0394  0 05 t 04    0.0395  0 01 x 05
0.0619  0 00 t 05    0.0619  0 00 t 05    0.0394  0 01 x 05    0.0396  0 03 x 06
0.0619  0 03 x 08    0.0619  0 03 x 08    0.0397  0 03 x 06    0.0396  0 00 t 06
0.0619  0 06 x 06    0.0619  5 08 x 08    0.0397  0 04 t 04    0.0396  0 04 t 04
0.0620  0 03 x 10    0.0620  0 06 x 06    0.0397  0 03 x 07    0.0397  0 03 x 07
0.0620  0 06 t 04    0.0620  0 06 t 04    0.0397  0 06 x 07    0.0397  0 30 x 04
0.0620  0 04 x 07    0.0620  0 03 x 10    0.0397  0 30 x 04    0.0397  0 06 x 07
0.0621  5 08 x 08    0.0620  0 04 x 07    0.0398  0 03 x 12    0.0398  0 03 x 12
0.0621  0 07 t 10    0.0621  0 07 t 10    0.0399  0 01 x 04    0.0399  0 04 x 06
0.0622  0 05 t 05    0.0622  0 05 t 05    0.0399  0 30 t 03    0.0399  0 30 t 03
0.0623  0 01 t 06    0.0622  0 01 t 06    0.0400  0 04 x 06    0.0400  0 06 x 06
0.0623  0 00 t 06    0.0625  4 08 x 12    0.0400  0 00 x 05    0.0400  0 01 x 04
0.0625  0 07 x 10    0.0625  0 07 x 10    0.0401  0 05 x 06    0.0400  0 00 x 05
0.0625  4 08 x 12    0.0625  0 03 x 06    0.0401  0 06 x 06    0.0401  0 05 x 06
0.0625  0 03 x 06    0.0625  0 00 t 06    0.0401  0 28 t 03    0.0401  0 28 t 03
0.0626  0 03 x 07    0.0627  0 03 x 07    0.0401  0 29 x 04    0.0401  0 29 x 04
0.0628  0 03 x 12    0.0629  0 03 x 12    0.0402  0 06 t 04    0.0402  0 06 t 04
0.0630  0 06 t 05    0.0630  0 06 t 05    0.0403  0 03 x 05    0.0402  0 03 x 05
0.0631  0 01 x 05    0.0631  0 01 x 05    0.0405  0 00 x 04    0.0405  0 00 x 04
0.0631  4 08 x 10    0.0631  0 04 t 04    0.0406  0 31 t 03    0.0406  0 05 t 05
0.0631  0 30 x 04    0.0631  4 08 x 10    0.0407  0 05 t 05    0.0406  0 31 t 03
0.0632  0 29 x 04    0.0631  0 30 x 04    0.0408  0 04 t 05    0.0408  0 04 t 05
0.0632  0 04 t 04    0.0632  0 29 x 04    0.0409  0 00 t 03    0.0409  0 00 t 03
0.0633  0 30 t 03    0.0632  0 05 x 05    0.0410  0 06 x 05    0.0410  0 06 t 05
0.0633  0 05 x 05    0.0633  5 08 x 10    0.0410  0 06 t 05    0.0411  4 08 x 12
0.0633  5 08 x 10    0.0633  0 30 t 03    0.0411  4 08 x 12    0.0411  0 06 x 05
0.0633  0 01 x 04    0.0633  0 01 x 04    0.0411  0 27 t 03    0.0411  0 27 t 03
0.0633  0 28 t 03    0.0633  0 28 t 03    0.0412  0 05 x 05    0.0412  0 05 x 05
0.0633  0 07 t 07    0.0634  0 07 t 07    0.0413  0 04 x 05    0.0412  0 04 x 05
0.0636  0 00 x 05    0.0636  0 00 x 05    0.0413  4 08 x 10    0.0413  4 08 x 10
0.0637  0 03 x 05    0.0637  0 03 x 05    0.0414  0 04 x 04    0.0414  0 04 x 04
0.0637  4 08 x 08    0.0637  5 08 x 12    0.0414  0 07 t 08    0.0414  0 07 t 08
0.0637  5 08 x 12    0.0637  4 08 x 08    0.0415  0 01 t 03    0.0415  0 01 t 03
0.0637  0 04 x 06    0.0637  0 04 x 06    0.0417  0 29 t 03    0.0417  0 29 t 03
0.0638  0 06 x 05    0.0638  0 06 x 05    0.0418  0 04 t 06    0.0419  0 04 t 06
0.0638  0 07 x 07    0.0638  0 07 x 07    0.0419  4 08 x 08    0.0419  0 07 x 08
0.0648  0 00 x 04    0.0647  0 00 x 04    0.0419  0 07 x 08    0.0419  4 08 x 08
0.0649  0 31 t 03    0.0649  0 31 t 03    0.0423  0 06 t 06    0.0422  0 06 t 06
0.0649  0 04 t 05    0.0649  0 04 t 05    0.0423  0 06 x 04    0.0423  0 06 x 04
0.0650  0 05 t 06    0.0649  0 05 t 06    0.0424  3 08 x 10    0.0424  0 05 x 04
0.0653  0 07 x 06    0.0653  0 07 x 06    0.0424  0 05 x 04    0.0424  0 05 t 06
0.0653  4 08 t 10    0.0653  4 08 t 10    0.0424  0 05 t 06    0.0424  3 08 x 10
0.0655  0 00 t 03    0.0655  0 07 t 04    0.0425  0 03 x 04    0.0425  0 07 t 12
0.0656  0 07 t 04    0.0656  0 00 t 03    0.0425  0 07 t 12    0.0425  0 03 x 04
0.0657  0 06 t 06    0.0657  5 08 t 12    0.0426  0 07 x 12    0.0426  0 07 x 12
0.0657  5 08 t 12    0.0657  0 05 x 04    0.0428  0 28 x 03    0.0428  0 28 x 03
0.0658  0 05 x 04    0.0658  0 06 t 06    0.0428  3 08 x 12    0.0428  0 07 t 10
0.0658  4 08 t 12    0.0659  4 08 t 12    0.0429  0 07 t 10    0.0429  3 08 x 12
0.0659  0 06 x 04    0.0659  0 06 x 04    0.0429  4 08 t 10    0.0429  4 08 t 10
0.0659  3 08 x 10    0.0659  3 08 x 10    0.0430  5 08 x 08    0.0430  5 08 x 08
0.0660  0 27 t 03    0.0661  0 27 t 03    0.0430  0 04 t 03    0.0431  0 04 t 03
0.0662  0 04 x 05    0.0661  0 04 x 05    0.0431  0 05 t 03    0.0431  0 05 t 03
0.0663  0 29 t 03    0.0663  0 29 t 03    0.0431  0 07 x 10    0.0432  0 07 x 10
0.0663  5 08 t 10    0.0663  5 08 t 10    0.0432  0 30 x 03    0.0432  0 30 x 03
0.0663  0 04 x 04    0.0663  0 04 x 04    0.0433  0 06 t 03    0.0433  0 06 t 03
0.0664  4 08 t 08    0.0664  4 08 t 08    0.0434  3 08 x 08    0.0434  4 08 t 12
0.0666  0 01 t 03    0.0666  0 01 t 03    0.0435  0 07 t 07    0.0434  3 08 x 08
0.0666  0 07 t 05    0.0667  0 07 t 05    0.0435  4 08 t 12    0.0435  0 07 t 07
0.0669  0 04 t 06    0.0668  0 04 t 06    0.0437  0 31 x 03    0.0437  0 31 x 03
0.0669  3 08 x 12    0.0669  0 05 t 03    0.0437  4 08 t 08    0.0437  4 08 t 08
0.0669  0 05 t 03    0.0669  3 08 x 12    0.0438  0 07 x 07    0.0438  0 07 x 07
0.0670  0 06 t 03    0.0670  0 06 t 03    0.0440  0 01 x 03    0.0440  0 01 x 03
0.0674  0 07 x 05    0.0671  4 08 t 06    0.0440  5 08 x 10    0.0440  5 08 x 10
0.0674  4 08 t 06    0.0673  0 07 x 05    0.0443  5 08 x 12    0.0442  5 08 x 12
0.0674  5 08 t 08    0.0674  5 08 t 08    0.0443  0 27 x 03    0.0443  4 08 t 06
0.0675  0 03 x 04    0.0675  0 03 x 04    0.0444  4 08 t 06    0.0444  0 27 x 03
0.0675  3 08 x 08    0.0676  3 08 x 08    0.0444  0 07 t 04    0.0444  3 08 x 07
0.0679  4 08 x 05    0.0679  4 08 x 05    0.0444  0 29 x 03    0.0444  0 29 x 03
0.0682  0 07 t 06    0.0682  4 08 t 07    0.0445  3 08 x 07    0.0445  0 07 t 04
0.0682  4 08 t 07    0.0682  0 07 t 06    0.0446  4 08 x 05    0.0445  4 08 x 05
0.0682  5 08 t 07    0.0682  5 08 t 07    0.0446  0 07 x 06    0.0446  0 07 x 06
0.0684  0 04 t 03    0.0684  0 04 t 03    0.0447  3 08 t 10    0.0447  3 08 t 12
0.0684  4 08 t 05    0.0684  4 08 t 05    0.0447  3 08 x 06    0.0447  3 08 x 06
0.0686  0 28 x 03    0.0686  0 28 x 03    0.0447  3 08 t 12    0.0447  3 08 t 10
0.0687  4 08 x 06    0.0687  5 08 t 05    0.0448  4 08 t 07    0.0448  4 08 t 07
0.0687  5 08 t 05    0.0687  4 08 x 06    0.0451  4 08 x 06    0.0451  4 08 x 06
0.0689  3 08 x 07    0.0687  3 08 x 07    0.0452  3 08 t 07    0.0452  3 08 t 07
0.0692  5 08 x 06    0.0692  5 08 x 06    0.0452  4 08 t 05    0.0452  4 08 t 05
0.0693  3 08 t 10    0.0693  3 08 t 10    0.0452  0 07 t 05    0.0452  0 07 t 05
0.0694  0 30 x 03    0.0694  3 08 x 06    0.0453  0 00 x 03    0.0454  0 00 x 03
0.0694  3 08 x 06    0.0694  0 30 x 03    0.0454  0 06 t 10    0.0454  0 06 t 10
0.0695  0 31 x 03    0.0695  0 31 x 03    0.0456  5 08 t 12    0.0456  5 08 t 12
0.0695  3 08 t 12    0.0696  3 08 t 12    0.0456  0 07 x 05    0.0456  0 07 x 05
0.0697  0 07 x 04    0.0697  0 07 x 04    0.0457  0 04 x 03    0.0457  0 04 x 03
0.0702  3 08 t 07    0.0701  3 08 t 07    0.0458  0 07 t 06    0.0459  4 08 x 07
0.0702  6 08 x 10    0.0702  6 08 x 10    0.0459  4 08 x 07    0.0460  5 08 t 10
0.0704  6 08 x 12    0.0704  6 08 x 12    0.0460  5 08 t 10    0.0460  0 05 x 03
0.0704  4 08 x 07    0.0704  4 08 x 07    0.0460  0 05 x 03    0.0460  0 07 t 06
0.0705  6 08 x 08    0.0705  6 08 x 08    0.0461  3 08 x 05    0.0461  3 08 t 08
0.0706  0 01 x 03    0.0706  0 27 x 03    0.0463  3 08 t 08    0.0462  3 08 x 05
0.0707  0 27 x 03    0.0706  0 01 x 03    0.0463  3 08 t 06    0.0463  3 08 t 06
0.0708  5 08 x 07    0.0708  5 08 x 07    0.0464  0 07 x 04    0.0465  0 07 x 04
0.0708  5 08 x 05    0.0708  5 08 x 05    0.0465  0 06 x 03    0.0465  0 06 x 03
0.0709  0 29 x 03    0.0709  0 29 x 03    0.0466  5 08 t 08    0.0466  5 08 t 08
0.0715  0 05 x 03    0.0715  0 05 x 03    0.0467  3 08 t 05    0.0467  3 08 t 05
0.0717  3 08 t 08    0.0718  5 08 t 04    0.0472  5 08 t 07    0.0472  5 08 t 07
0.0718  5 08 t 04    0.0719  3 08 t 08    0.0472  4 08 t 04    0.0472  4 08 t 04
0.0720  3 08 x 05    0.0721  4 08 t 04    0.0475  5 08 t 05    0.0476  5 08 t 05
0.0721  4 08 t 04    0.0721  3 08 x 05    0.0477  5 08 x 06    0.0477  5 08 x 06
0.0722  3 08 t 06    0.0722  0 07 t 03    0.0484  2 08 x 05    0.0484  2 08 x 05
0.0722  0 07 t 03    0.0722  3 08 t 06    0.0486  5 08 x 07    0.0487  5 08 x 07
0.0724  6 08 t 12    0.0724  6 08 t 12    0.0487  0 07 t 03    0.0488  0 07 t 03
0.0727  5 08 x 04    0.0727  5 08 x 04    0.0487  4 08 t 03    0.0488  4 08 t 03
0.0728  0 00 x 03    0.0728  0 00 x 03    0.0488  5 08 x 05    0.0488  5 08 x 05
0.0728  0 06 x 03    0.0728  0 06 x 03    0.0489  3 08 t 03    0.0489  3 08 t 03
0.0729  5 08 t 06    0.0728  5 08 t 06    0.0490  4 08 x 04    0.0490  4 08 x 04
0.0729  3 08 t 05    0.0729  3 08 t 05    0.0492  5 08 t 04    0.0492  5 08 t 04
0.0730  0 04 x 03    0.0730  0 04 x 03    0.0497  5 08 x 04    0.0497  5 08 x 04
0.0731  6 08 t 10    0.0731  6 08 t 10    0.0500  3 08 t 04    0.0500  3 08 t 04
0.0732  0 06 t 10    0.0733  0 06 t 10    0.0501  5 08 t 06    0.0500  5 08 t 06
0.0747  6 08 t 08    0.0747  6 08 t 08    0.0507  3 08 x 04    0.0507  3 08 x 04
0.0750  5 08 t 03    0.0750  5 08 t 03    0.0509  0 03 x 03    0.0509  0 07 x 03
0.0753  4 08 x 04    0.0752  4 08 x 04    0.0509  0 07 x 03    0.0509  0 03 x 03
0.0755  4 08 t 03    0.0755  4 08 t 03    0.0509  2 08 t 05    0.0509  2 08 t 05
0.0759  6 08 t 05    0.0759  6 08 t 05    0.0510  5 08 t 03    0.0510  5 08 t 03
0.0762  2 08 x 05    0.0763  2 08 x 05    0.0512  6 08 x 10    0.0511  6 08 x 10
0.0763  6 08 t 07    0.0763  6 08 t 07    0.0512  3 08 x 03    0.0512  3 08 x 03
0.0767  0 07 x 03    0.0767  0 07 x 03    0.0512  6 08 x 12    0.0512  6 08 x 12
0.0769  6 08 x 06    0.0769  6 08 x 06    0.0514  6 08 x 08    0.0513  6 08 x 08
0.0777  6 08 x 07    0.0777  6 08 x 07    0.0515  4 08 x 03    0.0515  4 08 x 03
0.0777  3 08 t 03    0.0778  3 08 t 03    0.0527  6 08 t 12    0.0527  6 08 t 12
0.0781  6 08 x 05    0.0781  6 08 x 05    0.0532  6 08 t 10    0.0532  6 08 t 10
0.0784  3 08 t 04    0.0783  3 08 t 04    0.0544  6 08 t 08    0.0545  6 08 t 08
0.0784  6 08 t 04    0.0784  6 08 t 04    0.0548  5 08 x 03    0.0548  5 08 x 03
0.0795  3 08 x 04    0.0795  3 08 x 04    0.0554  6 08 t 05    0.0554  6 08 t 05
0.0798  4 08 x 03    0.0797  6 08 t 06    0.0555  6 08 t 07    0.0554  6 08 t 07
0.0798  6 08 t 06    0.0797  4 08 x 03    0.0556  6 08 x 06    0.0555  6 08 x 06
0.0799  6 08 x 04    0.0799  6 08 x 04    0.0557  2 08 x 04    0.0557  2 08 t 04
0.0808  3 08 x 03    0.0808  3 08 x 03    0.0557  2 08 t 04    0.0558  2 08 x 04
0.0809  2 08 t 05    0.0809  2 08 t 05    0.0562  6 08 x 07    0.0562  6 08 x 07
0.0815  5 08 x 03    0.0814  5 08 x 03    0.0564  6 08 t 04    0.0563  6 08 t 04
0.0817  0 03 x 03    0.0817  0 03 x 03    0.0565  6 08 x 05    0.0565  6 08 x 05
0.0857  6 08 t 03    0.0856  6 08 t 03    0.0566  2 08 x 03    0.0566  2 08 x 03
0.0888  2 08 t 04    0.0889  2 08 t 04    0.0578  6 08 x 04    0.0577  6 08 x 04
0.0894  2 08 x 04    0.0894  2 08 x 04    0.0579  6 08 t 06    0.0580  6 08 t 06
0.0894  2 08 x 03    0.0895  2 08 x 03    0.0606  6 08 t 03    0.0606  6 08 t 03
0.0916  6 08 x 03    0.0917  6 08 x 03    0.0610  2 08 t 03    0.0611  2 08 t 03
0.0937  7 08 t 05    0.0937  7 08 t 05    0.0641  6 08 x 03    0.0641  6 08 x 03
0.0951  7 08 t 04    0.0951  7 08 t 04    0.0690  1 08 t 05    0.0689  1 08 t 05
0.0954  7 08 x 05    0.0954  7 08 x 05    0.0691  1 08 x 05    0.0690  1 08 x 05
0.0980  7 08 x 04    0.0980  7 08 x 04    0.0739  7 08 t 05    0.0738  7 08 t 05
0.0981  2 08 t 03    0.0981  2 08 t 03    0.0744  7 08 t 04    0.0743  7 08 t 04
0.1030  7 08 t 03    0.1030  7 08 t 03    0.0748  7 08 x 05    0.0748  7 08 x 05
0.1099  7 08 x 03    0.1098  7 08 x 03    0.0749  1 08 t 03    0.0748  1 08 t 03
0.1103  1 08 x 05    0.1100  1 08 x 05    0.0755  1 08 x 03    0.0755  1 08 x 03
0.1103  1 08 t 05    0.1101  1 08 t 05    0.0765  7 08 x 04    0.0765  7 08 x 04
0.1205  1 08 t 03    0.1206  1 08 t 03    0.0784  1 08 x 04    0.0784  1 08 x 04
0.1206  1 08 x 03    0.1207  1 08 x 03    0.0785  1 08 t 04    0.0785  1 08 t 04
0.1260  1 08 x 04    0.1260  1 08 x 04    0.0792  7 08 t 03    0.0792  7 08 t 03
0.1260  1 08 t 04    0.1260  1 08 t 04    0.0833  7 08 x 03    0.0833  7 08 x 03
0.1541  0 02 x 12    0.1540  0 02 x 12    0.0963  0 02 x 12    0.0963  0 02 x 12
0.1557  0 02 x 08    0.1556  0 02 x 08    0.0972  0 02 x 08    0.0973  0 02 x 08
0.1558  0 02 x 10    0.1557  0 02 x 10    0.0973  0 02 x 10    0.0973  0 02 x 10
0.1563  0 02 x 07    0.1563  0 02 x 07    0.0975  0 02 x 06    0.0974  0 02 x 06
0.1565  0 02 x 06    0.1564  0 02 x 06    0.0975  0 02 x 07    0.0974  0 02 x 04
0.1570  0 02 x 04    0.1566  0 02 x 04    0.0975  0 02 x 04    0.0976  0 02 x 07
0.1574  0 02 x 03    0.1575  0 02 x 03    0.0977  0 02 x 03    0.0976  0 02 x 03
0.1579  0 02 x 05    0.1578  0 02 x 05    0.0983  0 02 x 05    0.0982  0 02 x 05
---Benchmark Program Finished---
