
./testbench.sh clang++ O3 MontgomeryHalf uint64_t 191 8 22 -DTEST_ARRAY

compilation finished, now executing:
---Running Program---

begin benchmarks - array two_pow
(ignore)9396906668420442482

OVERALL BEST:
0.1586  0 28 x 07
0.1610  0 28 x 10
0.1615  0 29 x 12
0.1617  0 27 x 10
0.1620  0 27 x 05
0.1622  0 29 x 08
0.1622  0 27 x 08
0.1624  0 27 x 07
0.1625  0 29 x 10
0.1627  0 28 x 12
0.1630  0 27 x 12
0.1631  0 31 x 12
0.1633  0 28 x 08
0.1640  0 27 x 06
0.1642  0 29 x 06
0.1645  0 29 x 07
0.1646  0 31 x 10
0.1652  0 28 x 05
0.1663  0 28 x 06
0.1665  0 30 x 12
0.1668  0 30 x 05
0.1675  0 30 x 10
0.1677  0 30 x 07
0.1683  0 31 x 08
0.1687  0 29 x 05
0.1689  0 01 x 12
0.1693  0 31 x 06
0.1698  0 31 x 07
0.1699  0 04 x 08
0.1699  0 05 x 08
0.1701  0 30 x 08
0.1703  0 01 x 10
0.1709  0 00 x 05
0.1710  0 01 x 06
0.1719  0 30 x 06
0.1719  0 01 x 08
0.1727  0 01 x 05
0.1730  0 31 x 05
0.1730  0 06 x 08
0.1738  0 01 x 07
0.1747  0 00 x 07
0.1747  0 31 x 04
0.1760  0 00 x 12
0.1765  0 05 x 06
0.1769  0 00 x 10
0.1772  0 05 x 12
0.1772  0 00 x 08
0.1781  0 00 x 06
0.1786  0 06 x 12
0.1787  0 28 x 04
0.1787  0 05 x 07
0.1792  0 05 x 10
0.1796  0 04 x 07
0.1797  0 29 x 04
0.1797  0 27 x 04
0.1798  0 04 x 12
0.1800  0 04 x 10
0.1806  0 06 x 07
0.1811  0 06 x 10
0.1818  0 05 x 05
0.1828  0 06 x 06
0.1835  0 30 x 04
0.1839  0 06 x 05
0.1844  0 04 x 06
0.1849  0 04 x 05
0.1882  0 05 x 04
0.1887  4 08 x 12
0.1903  0 01 x 04
0.1915  3 08 x 12
0.1931  0 00 x 04
0.1931  0 07 x 08
0.1935  0 04 x 04
0.1945  0 06 x 04
0.1976  3 08 x 08
0.1978  0 07 x 06
0.1982  4 08 x 08
0.1982  4 08 x 10
0.1988  4 08 x 07
0.1989  0 07 x 12
0.1991  4 08 x 06
0.1999  3 08 x 06
0.2003  0 07 x 07
0.2004  5 08 x 12
0.2009  0 07 x 10
0.2010  0 03 x 12
0.2016  3 08 x 05
0.2021  0 03 x 04
0.2024  0 07 x 05
0.2028  3 08 x 10
0.2030  4 08 x 05
0.2047  0 28 x 03
0.2051  0 29 x 03
0.2053  0 30 x 03
0.2054  5 08 x 06
0.2061  5 08 x 08
0.2068  5 08 x 07
0.2076  5 08 x 10
0.2079  0 05 x 03
0.2080  3 08 x 07
0.2082  0 01 x 03
0.2085  0 03 x 05
0.2094  0 03 x 07
0.2095  0 03 x 06
0.2099  0 07 x 04
0.2101  0 06 x 03
0.2103  0 03 x 08
0.2109  0 03 x 10
0.2110  0 04 x 03
0.2129  4 08 x 04
0.2134  0 31 x 03
0.2163  0 27 x 03
0.2167  5 08 x 05
0.2173  0 00 x 03
0.2181  3 08 x 04
0.2247  5 08 x 04
0.2302  0 07 x 03
0.2306  6 08 x 12
0.2316  2 08 x 05
0.2317  6 08 x 05
0.2344  2 08 x 04
0.2357  6 08 x 10
0.2362  4 08 x 03
0.2370  6 08 x 06
0.2372  6 08 x 07
0.2377  6 08 x 08
0.2430  5 08 x 03
0.2440  3 08 x 03
0.2491  6 08 x 04
0.2504  0 03 x 03
0.2773  6 08 x 03
0.2802  2 08 x 03
0.3039  7 08 x 05
0.3238  7 08 x 04
0.3335  1 08 x 05
0.3516  7 08 x 03
0.3545  1 08 x 04
0.3917  1 08 x 03
0.4545  0 02 x 03
0.4791  0 02 x 04
0.4861  0 02 x 05
0.4867  0 02 x 08
0.4904  0 02 x 07
0.4923  0 02 x 06
0.4953  0 02 x 12
0.5063  0 02 x 10
Timings By Test Type:
0.0483  0 28 x 07    0.0483  0 28 x 07    0.0310  0 28 x 07    0.0310  0 28 x 07
0.0492  0 27 x 05    0.0491  0 28 x 10    0.0314  0 28 x 10    0.0314  0 28 x 10
0.0492  0 28 x 10    0.0492  0 27 x 05    0.0315  0 29 x 12    0.0315  0 29 x 12
0.0493  0 29 x 12    0.0492  0 27 x 10    0.0315  0 29 x 08    0.0315  0 29 x 08
0.0493  0 27 x 10    0.0493  0 27 x 07    0.0316  0 27 x 10    0.0316  0 27 x 10
0.0493  0 27 x 07    0.0493  0 29 x 12    0.0317  0 29 x 10    0.0317  0 29 x 10
0.0494  0 27 x 08    0.0493  0 27 x 08    0.0317  0 31 x 12    0.0317  0 27 x 12
0.0495  0 27 x 12    0.0496  0 29 x 08    0.0317  0 28 x 12    0.0317  0 31 x 12
0.0495  0 29 x 10    0.0496  0 29 x 10    0.0317  0 27 x 08    0.0317  0 28 x 12
0.0496  0 29 x 08    0.0496  0 28 x 12    0.0318  0 27 x 12    0.0318  0 27 x 08
0.0496  0 28 x 12    0.0497  0 28 x 08    0.0318  0 27 x 05    0.0318  0 27 x 05
0.0497  0 28 x 08    0.0498  0 29 x 06    0.0319  0 28 x 08    0.0319  0 28 x 08
0.0498  0 31 x 12    0.0498  0 31 x 12    0.0319  0 27 x 07    0.0319  0 27 x 07
0.0499  0 29 x 06    0.0499  0 27 x 06    0.0319  0 31 x 10    0.0319  0 31 x 10
0.0500  0 27 x 06    0.0500  0 27 x 12    0.0320  0 29 x 07    0.0319  0 29 x 07
0.0503  0 29 x 07    0.0503  0 29 x 07    0.0321  0 27 x 06    0.0320  0 27 x 06
0.0503  0 28 x 05    0.0503  0 28 x 05    0.0322  0 28 x 05    0.0323  0 28 x 05
0.0503  0 31 x 10    0.0504  0 31 x 10    0.0323  0 29 x 06    0.0323  0 29 x 06
0.0507  0 28 x 06    0.0507  0 05 x 08    0.0324  0 28 x 06    0.0324  0 28 x 06
0.0507  0 30 x 12    0.0508  0 30 x 12    0.0324  0 30 x 12    0.0325  0 30 x 12
0.0507  0 05 x 08    0.0508  0 28 x 06    0.0326  0 30 x 05    0.0326  0 30 x 05
0.0508  0 30 x 05    0.0508  0 30 x 05    0.0327  0 31 x 08    0.0327  0 31 x 08
0.0510  0 30 x 10    0.0510  0 30 x 10    0.0328  0 30 x 10    0.0327  0 30 x 07
0.0511  0 30 x 07    0.0511  0 30 x 07    0.0328  0 30 x 07    0.0328  0 30 x 10
0.0512  0 01 x 12    0.0512  0 01 x 12    0.0329  0 31 x 06    0.0329  0 31 x 06
0.0513  0 06 x 08    0.0513  0 06 x 08    0.0329  0 29 x 05    0.0329  0 29 x 05
0.0514  0 29 x 05    0.0514  0 29 x 05    0.0330  0 31 x 07    0.0330  0 31 x 07
0.0515  0 31 x 08    0.0515  0 31 x 08    0.0333  0 30 x 08    0.0332  0 30 x 08
0.0515  0 04 x 08    0.0515  0 04 x 08    0.0333  0 01 x 12    0.0332  0 01 x 12
0.0517  0 01 x 10    0.0517  0 01 x 10    0.0334  0 30 x 06    0.0335  0 30 x 06
0.0517  0 31 x 06    0.0517  0 31 x 06    0.0335  0 04 x 08    0.0335  0 04 x 08
0.0518  0 30 x 08    0.0518  0 30 x 08    0.0335  0 01 x 10    0.0335  0 01 x 10
0.0519  0 01 x 06    0.0519  0 01 x 06    0.0335  0 00 x 05    0.0335  0 00 x 05
0.0519  0 31 x 07    0.0519  0 31 x 07    0.0336  0 31 x 05    0.0336  0 31 x 05
0.0519  0 00 x 05    0.0520  0 00 x 05    0.0336  0 01 x 06    0.0336  0 01 x 06
0.0521  0 01 x 08    0.0521  0 01 x 08    0.0338  0 01 x 05    0.0337  0 01 x 05
0.0525  0 30 x 06    0.0525  0 30 x 06    0.0339  0 01 x 08    0.0338  0 01 x 08
0.0526  0 01 x 05    0.0526  0 01 x 05    0.0341  0 31 x 04    0.0341  0 31 x 04
0.0527  0 01 x 07    0.0527  0 01 x 07    0.0341  0 01 x 07    0.0342  0 01 x 07
0.0528  0 05 x 12    0.0528  0 05 x 12    0.0342  0 00 x 07    0.0342  0 00 x 07
0.0529  0 05 x 06    0.0529  0 05 x 06    0.0342  0 05 x 08    0.0342  0 05 x 08
0.0529  0 31 x 05    0.0529  0 31 x 05    0.0343  0 00 x 10    0.0343  0 00 x 12
0.0531  0 06 x 12    0.0531  0 06 x 12    0.0343  0 00 x 12    0.0343  0 00 x 10
0.0532  0 00 x 07    0.0532  0 00 x 07    0.0347  0 00 x 08    0.0347  0 00 x 08
0.0532  0 31 x 04    0.0533  0 31 x 04    0.0349  0 27 x 04    0.0349  0 00 x 06
0.0533  0 05 x 07    0.0534  0 05 x 07    0.0349  0 28 x 04    0.0349  0 27 x 04
0.0534  0 05 x 10    0.0534  0 05 x 10    0.0349  0 00 x 06    0.0349  0 28 x 04
0.0537  0 06 x 07    0.0536  0 00 x 12    0.0351  0 29 x 04    0.0351  0 29 x 04
0.0538  0 00 x 12    0.0537  0 06 x 07    0.0352  0 06 x 08    0.0351  0 06 x 08
0.0539  0 06 x 10    0.0538  0 06 x 10    0.0354  0 05 x 06    0.0354  0 04 x 07
0.0539  0 00 x 08    0.0539  0 00 x 10    0.0354  0 04 x 12    0.0354  0 05 x 06
0.0541  0 00 x 06    0.0539  0 00 x 08    0.0354  0 04 x 07    0.0354  0 04 x 12
0.0544  0 00 x 10    0.0541  0 00 x 06    0.0355  0 04 x 10    0.0355  0 04 x 10
0.0544  0 04 x 07    0.0544  0 04 x 07    0.0358  0 05 x 12    0.0358  0 05 x 12
0.0544  0 28 x 04    0.0544  0 28 x 04    0.0358  0 30 x 04    0.0358  0 30 x 04
0.0545  0 04 x 12    0.0545  0 04 x 12    0.0361  0 05 x 07    0.0359  0 05 x 07
0.0545  0 04 x 10    0.0545  0 05 x 05    0.0362  0 05 x 10    0.0362  0 05 x 10
0.0545  0 05 x 05    0.0545  0 04 x 10    0.0362  0 06 x 12    0.0362  0 06 x 12
0.0546  0 06 x 06    0.0546  0 06 x 06    0.0363  0 05 x 05    0.0363  0 05 x 05
0.0548  0 29 x 04    0.0547  0 29 x 04    0.0364  0 04 x 06    0.0364  0 04 x 05
0.0549  0 27 x 04    0.0549  0 27 x 04    0.0364  0 04 x 05    0.0364  0 04 x 06
0.0550  0 06 x 05    0.0550  0 06 x 05    0.0366  0 06 x 07    0.0366  0 06 x 07
0.0557  0 04 x 06    0.0559  0 04 x 06    0.0367  0 06 x 10    0.0367  0 06 x 10
0.0559  0 30 x 04    0.0560  0 30 x 04    0.0368  0 06 x 06    0.0368  0 06 x 06
0.0561  0 04 x 05    0.0561  0 04 x 05    0.0369  0 06 x 05    0.0370  0 06 x 05
0.0565  4 08 x 12    0.0565  4 08 x 12    0.0371  0 01 x 04    0.0372  0 01 x 04
0.0565  0 07 x 08    0.0565  0 07 x 08    0.0374  0 05 x 04    0.0374  0 05 x 04
0.0567  0 05 x 04    0.0567  0 05 x 04    0.0375  0 00 x 04    0.0374  0 00 x 04
0.0576  3 08 x 12    0.0576  3 08 x 12    0.0378  4 08 x 12    0.0378  4 08 x 12
0.0580  0 01 x 04    0.0581  0 01 x 04    0.0380  0 04 x 04    0.0379  0 04 x 04
0.0581  0 07 x 06    0.0581  0 07 x 06    0.0382  3 08 x 12    0.0381  3 08 x 12
0.0582  0 07 x 12    0.0583  0 06 x 04    0.0390  0 06 x 04    0.0390  0 06 x 04
0.0583  0 06 x 04    0.0583  0 07 x 12    0.0393  3 08 x 08    0.0392  3 08 x 08
0.0586  5 08 x 12    0.0586  5 08 x 12    0.0394  0 03 x 12    0.0393  0 03 x 12
0.0588  0 07 x 10    0.0588  0 07 x 07    0.0394  0 03 x 04    0.0394  0 03 x 04
0.0588  0 07 x 07    0.0588  0 07 x 10    0.0397  4 08 x 10    0.0397  4 08 x 10
0.0588  0 04 x 04    0.0588  0 04 x 04    0.0397  4 08 x 08    0.0398  4 08 x 08
0.0592  0 00 x 04    0.0591  0 00 x 04    0.0398  3 08 x 06    0.0398  3 08 x 06
0.0593  4 08 x 06    0.0593  4 08 x 08    0.0398  0 28 x 03    0.0398  0 28 x 03
0.0593  4 08 x 08    0.0594  4 08 x 10    0.0399  3 08 x 05    0.0399  3 08 x 05
0.0595  4 08 x 10    0.0595  4 08 x 07    0.0399  4 08 x 07    0.0399  4 08 x 06
0.0595  3 08 x 08    0.0596  3 08 x 08    0.0399  4 08 x 06    0.0399  4 08 x 07
0.0595  4 08 x 07    0.0596  0 07 x 05    0.0399  0 30 x 03    0.0399  0 30 x 03
0.0597  0 07 x 05    0.0601  4 08 x 06    0.0400  0 29 x 03    0.0400  0 29 x 03
0.0602  3 08 x 06    0.0602  3 08 x 06    0.0400  0 07 x 08    0.0401  0 07 x 08
0.0603  5 08 x 06    0.0603  5 08 x 06    0.0403  3 08 x 10    0.0403  3 08 x 10
0.0604  5 08 x 08    0.0604  5 08 x 08    0.0406  4 08 x 05    0.0406  4 08 x 05
0.0606  5 08 x 07    0.0606  5 08 x 07    0.0406  0 03 x 05    0.0406  0 03 x 05
0.0608  5 08 x 10    0.0608  5 08 x 10    0.0407  0 01 x 03    0.0406  0 01 x 03
0.0609  3 08 x 05    0.0608  4 08 x 05    0.0408  0 07 x 06    0.0408  0 07 x 06
0.0610  4 08 x 05    0.0610  3 08 x 05    0.0408  0 03 x 06    0.0408  0 03 x 06
0.0611  3 08 x 10    0.0611  0 03 x 12    0.0409  0 03 x 07    0.0408  0 03 x 07
0.0612  0 03 x 12    0.0612  3 08 x 10    0.0411  0 03 x 08    0.0411  0 03 x 08
0.0616  0 03 x 04    0.0616  0 03 x 04    0.0412  0 07 x 12    0.0412  3 08 x 07
0.0619  0 07 x 04    0.0619  0 07 x 04    0.0412  0 03 x 10    0.0412  0 07 x 12
0.0625  0 28 x 03    0.0625  0 29 x 03    0.0412  0 04 x 03    0.0412  0 03 x 10
0.0626  0 29 x 03    0.0626  0 28 x 03    0.0413  3 08 x 07    0.0412  0 04 x 03
0.0626  0 05 x 03    0.0627  0 05 x 03    0.0413  0 05 x 03    0.0413  0 05 x 03
0.0627  0 30 x 03    0.0627  0 30 x 03    0.0414  0 07 x 07    0.0414  0 07 x 07
0.0628  3 08 x 07    0.0628  3 08 x 07    0.0415  5 08 x 12    0.0416  5 08 x 12
0.0632  0 06 x 03    0.0632  0 06 x 03    0.0416  0 07 x 05    0.0416  0 07 x 05
0.0634  0 01 x 03    0.0635  0 01 x 03    0.0416  0 07 x 10    0.0416  0 27 x 03
0.0636  0 03 x 05    0.0636  0 03 x 05    0.0417  0 27 x 03    0.0417  0 07 x 10
0.0638  5 08 x 05    0.0638  5 08 x 05    0.0419  0 06 x 03    0.0419  0 31 x 03
0.0639  0 03 x 07    0.0639  0 03 x 07    0.0419  0 31 x 03    0.0419  0 06 x 03
0.0639  0 03 x 06    0.0639  0 03 x 06    0.0421  0 00 x 03    0.0422  0 00 x 03
0.0641  0 03 x 08    0.0641  0 03 x 08    0.0423  4 08 x 04    0.0422  4 08 x 04
0.0642  4 08 x 04    0.0642  4 08 x 04    0.0424  5 08 x 06    0.0424  5 08 x 06
0.0642  0 03 x 10    0.0642  0 03 x 10    0.0426  5 08 x 08    0.0427  5 08 x 08
0.0643  0 04 x 03    0.0642  0 04 x 03    0.0428  5 08 x 07    0.0428  5 08 x 07
0.0648  0 31 x 03    0.0648  0 31 x 03    0.0430  5 08 x 10    0.0430  5 08 x 10
0.0658  3 08 x 04    0.0658  3 08 x 04    0.0431  0 07 x 04    0.0431  0 07 x 04
0.0661  6 08 x 12    0.0662  6 08 x 12    0.0433  3 08 x 04    0.0433  3 08 x 04
0.0662  5 08 x 04    0.0663  6 08 x 05    0.0446  5 08 x 05    0.0446  5 08 x 05
0.0663  6 08 x 05    0.0664  5 08 x 04    0.0455  2 08 x 05    0.0455  2 08 x 05
0.0665  0 27 x 03    0.0665  0 00 x 03    0.0460  5 08 x 04    0.0461  5 08 x 04
0.0665  0 00 x 03    0.0665  0 27 x 03    0.0462  2 08 x 04    0.0462  2 08 x 04
0.0677  6 08 x 10    0.0677  6 08 x 10    0.0467  4 08 x 03    0.0467  4 08 x 03
0.0680  6 08 x 06    0.0680  6 08 x 06    0.0467  0 07 x 03    0.0467  0 07 x 03
0.0681  6 08 x 07    0.0681  6 08 x 07    0.0478  3 08 x 03    0.0479  3 08 x 03
0.0683  6 08 x 08    0.0683  6 08 x 08    0.0486  0 03 x 03    0.0486  0 03 x 03
0.0684  0 07 x 03    0.0684  0 07 x 03    0.0491  6 08 x 12    0.0491  6 08 x 12
0.0703  2 08 x 05    0.0703  2 08 x 05    0.0496  6 08 x 05    0.0496  6 08 x 05
0.0710  2 08 x 04    0.0710  2 08 x 04    0.0498  5 08 x 03    0.0497  5 08 x 03
0.0714  4 08 x 03    0.0714  4 08 x 03    0.0502  6 08 x 10    0.0502  6 08 x 10
0.0717  5 08 x 03    0.0717  5 08 x 03    0.0505  6 08 x 06    0.0505  6 08 x 06
0.0719  6 08 x 04    0.0719  6 08 x 04    0.0506  6 08 x 08    0.0505  6 08 x 07
0.0743  3 08 x 03    0.0741  3 08 x 03    0.0506  6 08 x 07    0.0505  6 08 x 08
0.0766  0 03 x 03    0.0766  0 03 x 03    0.0526  6 08 x 04    0.0527  6 08 x 04
0.0799  6 08 x 03    0.0801  6 08 x 03    0.0546  2 08 x 03    0.0545  2 08 x 03
0.0839  7 08 x 05    0.0839  7 08 x 05    0.0586  6 08 x 03    0.0586  6 08 x 03
0.0856  2 08 x 03    0.0855  2 08 x 03    0.0649  1 08 x 05    0.0648  1 08 x 05
0.0900  7 08 x 04    0.0901  7 08 x 04    0.0681  7 08 x 05    0.0680  7 08 x 05
0.0983  7 08 x 03    0.0982  7 08 x 03    0.0689  1 08 x 04    0.0689  1 08 x 04
0.1018  1 08 x 05    0.1020  1 08 x 05    0.0718  7 08 x 04    0.0719  7 08 x 04
0.1083  1 08 x 04    0.1084  1 08 x 04    0.0758  1 08 x 03    0.0758  1 08 x 03
0.1200  1 08 x 03    0.1201  1 08 x 03    0.0775  7 08 x 03    0.0775  7 08 x 03
0.1393  0 02 x 03    0.1392  0 02 x 03    0.0880  0 02 x 03    0.0880  0 02 x 03
0.1467  0 02 x 04    0.1468  0 02 x 04    0.0928  0 02 x 04    0.0928  0 02 x 04
0.1488  0 02 x 08    0.1488  0 02 x 05    0.0942  0 02 x 05    0.0943  0 02 x 05
0.1488  0 02 x 05    0.1488  0 02 x 08    0.0946  0 02 x 08    0.0945  0 02 x 08
0.1495  0 02 x 07    0.1501  0 02 x 07    0.0954  0 02 x 07    0.0954  0 02 x 07
0.1506  0 02 x 06    0.1508  0 02 x 06    0.0955  0 02 x 06    0.0954  0 02 x 06
0.1514  0 02 x 12    0.1513  0 02 x 12    0.0962  0 02 x 12    0.0963  0 02 x 12
0.1548  0 02 x 10    0.1547  0 02 x 10    0.0984  0 02 x 10    0.0984  0 02 x 10
---Benchmark Program Finished---
