
./testbench.sh g++ O3 MontgomeryHalf uint64_t 191 8 22 -DTEST_ARRAY -DHURCHALLA_MONTGOMERY_TWO_POW_USE_CSELECT_ON_BIT -DHURCHALLA_ALLOW_INLINE_ASM_ALL

compilation finished, now executing:
---Running Program---

begin benchmarks - array two_pow
(ignore)9396906668420442482

OVERALL BEST:
0.1597  0 29 x 05
0.1604  0 31 x 08
0.1613  0 27 x 08
0.1627  0 27 x 07
0.1640  0 31 x 07
0.1643  0 29 x 08
0.1646  0 27 x 06
0.1648  0 29 x 06
0.1654  0 27 x 10
0.1661  0 29 x 07
0.1661  0 30 x 12
0.1663  0 28 x 12
0.1666  0 30 x 10
0.1669  0 28 x 10
0.1670  0 28 x 08
0.1670  0 29 x 10
0.1678  0 31 x 12
0.1685  0 31 x 10
0.1690  0 30 x 07
0.1694  0 28 x 07
0.1694  0 30 x 08
0.1695  0 28 x 06
0.1699  0 29 x 12
0.1704  0 27 x 12
0.1711  0 30 x 05
0.1714  0 05 x 08
0.1715  0 30 x 06
0.1716  0 01 x 12
0.1717  0 01 x 08
0.1718  0 27 x 05
0.1718  0 28 x 05
0.1719  0 31 x 05
0.1723  0 04 x 05
0.1725  0 31 x 06
0.1726  0 00 x 10
0.1735  0 01 x 06
0.1735  0 04 x 08
0.1743  0 04 x 06
0.1751  0 01 x 05
0.1754  0 00 x 08
0.1756  0 06 x 08
0.1757  0 01 x 10
0.1772  0 00 x 05
0.1773  0 00 x 12
0.1782  0 04 x 10
0.1789  0 04 x 07
0.1790  0 05 x 07
0.1794  0 00 x 06
0.1794  0 05 x 10
0.1795  0 05 x 05
0.1803  0 05 x 12
0.1804  0 05 x 06
0.1810  0 29 x 04
0.1810  0 04 x 12
0.1810  0 06 x 07
0.1815  0 06 x 06
0.1817  0 01 x 07
0.1823  0 30 x 04
0.1825  0 06 x 10
0.1826  0 06 x 05
0.1837  0 28 x 04
0.1839  4 08 x 08
0.1840  0 27 x 04
0.1843  0 31 x 04
0.1845  0 00 x 07
0.1848  4 08 x 10
0.1870  4 08 x 07
0.1870  0 01 x 04
0.1872  4 08 x 06
0.1874  0 04 x 04
0.1878  4 08 x 12
0.1885  3 08 x 08
0.1902  0 06 x 04
0.1904  4 08 x 05
0.1907  0 06 x 12
0.1907  0 05 x 04
0.1914  3 08 x 10
0.1922  5 08 x 10
0.1925  0 00 x 04
0.1928  5 08 x 08
0.1947  5 08 x 07
0.1951  5 08 x 06
0.1957  5 08 x 05
0.1969  3 08 x 12
0.1976  3 08 x 06
0.1992  4 08 x 04
0.1992  0 07 x 05
0.1993  3 08 x 05
0.2005  5 08 x 12
0.2020  0 01 x 03
0.2024  0 03 x 06
0.2025  0 03 x 07
0.2028  0 07 x 06
0.2043  0 00 x 03
0.2044  3 08 x 07
0.2044  0 28 x 03
0.2045  5 08 x 04
0.2047  0 03 x 05
0.2059  0 03 x 08
0.2062  0 04 x 03
0.2062  0 07 x 08
0.2064  3 08 x 04
0.2070  0 03 x 04
0.2082  0 29 x 03
0.2086  0 30 x 03
0.2087  0 07 x 04
0.2098  0 27 x 03
0.2123  0 05 x 03
0.2126  0 31 x 03
0.2145  0 07 x 07
0.2154  6 08 x 08
0.2170  0 06 x 03
0.2172  6 08 x 07
0.2178  6 08 x 06
0.2188  6 08 x 05
0.2194  6 08 x 10
0.2217  6 08 x 12
0.2289  4 08 x 03
0.2296  2 08 x 05
0.2321  0 07 x 03
0.2331  0 03 x 12
0.2338  5 08 x 03
0.2338  0 07 x 10
0.2354  6 08 x 04
0.2371  3 08 x 03
0.2418  0 03 x 03
0.2458  0 03 x 10
0.2471  0 07 x 12
0.2475  2 08 x 04
0.2609  6 08 x 03
0.2691  2 08 x 03
0.2727  7 08 x 05
0.2959  7 08 x 04
0.3084  1 08 x 05
0.3225  1 08 x 04
0.3264  7 08 x 03
0.3831  1 08 x 03
0.4932  0 02 x 03
0.5364  0 02 x 04
0.5995  0 02 x 05
0.6047  0 02 x 06
0.6120  0 02 x 07
0.6239  0 02 x 08
0.6382  0 02 x 10
0.6407  0 02 x 12
Timings By Test Type:
0.0485  0 29 x 05    0.0485  0 29 x 05    0.0313  0 29 x 05    0.0313  0 31 x 08
0.0489  0 31 x 08    0.0489  0 31 x 08    0.0313  0 31 x 08    0.0313  0 29 x 05
0.0492  0 27 x 08    0.0492  0 27 x 08    0.0314  0 27 x 08    0.0314  0 27 x 08
0.0498  0 27 x 07    0.0498  0 27 x 07    0.0316  0 27 x 07    0.0315  0 27 x 07
0.0501  0 31 x 07    0.0501  0 31 x 07    0.0317  0 29 x 06    0.0317  0 29 x 06
0.0502  0 27 x 06    0.0502  0 29 x 08    0.0319  0 27 x 10    0.0319  0 27 x 10
0.0502  0 29 x 08    0.0503  0 27 x 06    0.0319  0 31 x 07    0.0319  0 31 x 07
0.0505  0 30 x 12    0.0505  0 30 x 12    0.0319  0 29 x 08    0.0319  0 29 x 08
0.0506  0 29 x 06    0.0506  0 29 x 06    0.0320  0 29 x 07    0.0320  0 29 x 07
0.0508  0 28 x 12    0.0508  0 28 x 12    0.0320  0 27 x 06    0.0321  0 27 x 06
0.0509  0 27 x 10    0.0508  0 27 x 10    0.0324  0 28 x 10    0.0324  0 28 x 12
0.0509  0 30 x 10    0.0509  0 30 x 10    0.0324  0 28 x 12    0.0324  0 28 x 10
0.0509  0 29 x 10    0.0510  0 29 x 10    0.0324  0 28 x 08    0.0325  0 28 x 08
0.0511  0 28 x 08    0.0511  0 29 x 07    0.0324  0 30 x 10    0.0325  0 30 x 10
0.0511  0 29 x 07    0.0511  0 28 x 08    0.0325  0 30 x 12    0.0326  0 30 x 12
0.0511  0 28 x 10    0.0511  0 28 x 10    0.0326  0 29 x 10    0.0326  0 29 x 10
0.0513  0 05 x 08    0.0513  0 05 x 08    0.0326  0 31 x 12    0.0326  0 31 x 12
0.0513  0 31 x 12    0.0513  0 31 x 12    0.0327  0 31 x 10    0.0328  0 31 x 10
0.0514  0 30 x 07    0.0514  0 30 x 07    0.0329  0 27 x 12    0.0329  0 27 x 12
0.0515  0 31 x 10    0.0515  0 31 x 10    0.0329  0 28 x 07    0.0329  0 28 x 07
0.0516  0 28 x 06    0.0516  0 28 x 06    0.0330  0 30 x 08    0.0330  0 30 x 08
0.0518  0 28 x 07    0.0516  0 30 x 08    0.0331  0 30 x 07    0.0331  0 29 x 12
0.0518  0 30 x 08    0.0518  0 28 x 07    0.0331  0 29 x 12    0.0331  0 28 x 06
0.0518  0 29 x 12    0.0518  0 29 x 12    0.0331  0 28 x 06    0.0332  0 30 x 07
0.0521  0 01 x 08    0.0521  0 30 x 06    0.0333  0 30 x 05    0.0333  0 30 x 05
0.0521  0 30 x 06    0.0521  0 01 x 12    0.0334  0 31 x 05    0.0334  0 31 x 05
0.0522  0 01 x 12    0.0522  0 01 x 08    0.0335  0 31 x 06    0.0334  0 31 x 06
0.0523  0 30 x 05    0.0522  0 30 x 05    0.0335  0 27 x 05    0.0335  0 27 x 05
0.0523  0 28 x 05    0.0523  0 28 x 05    0.0336  0 28 x 05    0.0336  0 28 x 05
0.0523  0 27 x 12    0.0523  0 27 x 12    0.0336  0 30 x 06    0.0336  0 30 x 06
0.0524  0 06 x 08    0.0524  0 06 x 08    0.0337  0 01 x 12    0.0337  0 01 x 12
0.0524  0 04 x 05    0.0524  0 27 x 05    0.0337  0 01 x 08    0.0337  0 04 x 05
0.0524  0 27 x 05    0.0524  0 04 x 05    0.0337  0 04 x 05    0.0337  0 01 x 08
0.0525  0 01 x 06    0.0525  0 00 x 10    0.0337  0 00 x 10    0.0338  0 00 x 10
0.0526  0 31 x 05    0.0525  0 01 x 06    0.0340  0 04 x 08    0.0340  0 04 x 08
0.0526  0 00 x 10    0.0526  0 31 x 05    0.0342  0 04 x 06    0.0342  0 04 x 06
0.0527  0 04 x 08    0.0527  0 04 x 08    0.0343  0 01 x 06    0.0342  0 01 x 06
0.0528  0 31 x 06    0.0528  0 31 x 06    0.0343  0 00 x 08    0.0343  0 00 x 08
0.0530  0 04 x 06    0.0530  0 04 x 06    0.0344  0 05 x 08    0.0344  0 05 x 08
0.0531  0 01 x 05    0.0530  0 01 x 05    0.0345  0 01 x 05    0.0345  0 01 x 10
0.0534  0 01 x 10    0.0533  0 01 x 10    0.0345  0 01 x 10    0.0345  0 01 x 05
0.0534  0 00 x 08    0.0534  0 00 x 08    0.0345  0 00 x 12    0.0345  0 00 x 05
0.0536  0 05 x 07    0.0536  0 05 x 07    0.0345  0 00 x 05    0.0345  0 00 x 12
0.0536  0 05 x 10    0.0537  0 05 x 10    0.0349  0 04 x 10    0.0349  0 04 x 10
0.0538  0 05 x 05    0.0537  0 05 x 12    0.0349  0 04 x 07    0.0349  0 04 x 07
0.0540  0 05 x 12    0.0538  0 05 x 05    0.0350  0 00 x 06    0.0350  0 00 x 06
0.0540  0 06 x 07    0.0541  0 06 x 06    0.0352  0 29 x 04    0.0352  0 29 x 04
0.0541  0 06 x 06    0.0541  0 06 x 07    0.0354  0 04 x 12    0.0354  0 04 x 12
0.0541  0 00 x 05    0.0541  0 05 x 06    0.0354  0 06 x 08    0.0354  0 06 x 08
0.0541  0 05 x 06    0.0541  0 00 x 05    0.0354  0 01 x 07    0.0355  0 30 x 04
0.0541  0 00 x 12    0.0542  0 00 x 12    0.0355  0 30 x 04    0.0355  0 01 x 07
0.0542  0 04 x 10    0.0542  0 06 x 05    0.0358  0 28 x 04    0.0358  0 28 x 04
0.0542  0 06 x 10    0.0542  0 04 x 10    0.0359  0 00 x 07    0.0359  0 00 x 07
0.0542  0 06 x 05    0.0542  0 06 x 10    0.0359  0 05 x 07    0.0359  0 27 x 04
0.0546  0 04 x 07    0.0545  0 04 x 07    0.0359  0 27 x 04    0.0359  0 05 x 05
0.0547  0 00 x 06    0.0547  0 00 x 06    0.0360  0 05 x 05    0.0359  0 05 x 07
0.0551  0 04 x 12    0.0551  0 04 x 12    0.0360  0 05 x 10    0.0360  0 31 x 04
0.0553  0 29 x 04    0.0552  0 29 x 04    0.0361  0 31 x 04    0.0361  0 05 x 10
0.0554  4 08 x 10    0.0554  0 01 x 07    0.0361  0 05 x 06    0.0361  0 05 x 06
0.0554  0 01 x 07    0.0554  4 08 x 10    0.0363  4 08 x 08    0.0362  4 08 x 08
0.0557  0 30 x 04    0.0557  0 30 x 04    0.0363  0 05 x 12    0.0363  0 06 x 07
0.0557  4 08 x 08    0.0557  4 08 x 08    0.0366  0 01 x 04    0.0363  0 05 x 12
0.0560  0 27 x 04    0.0561  0 28 x 04    0.0366  0 06 x 07    0.0366  0 01 x 04
0.0561  0 28 x 04    0.0561  0 27 x 04    0.0367  0 06 x 06    0.0367  0 04 x 04
0.0561  0 31 x 04    0.0561  0 31 x 04    0.0368  0 04 x 04    0.0367  0 06 x 06
0.0563  0 00 x 07    0.0564  4 08 x 07    0.0370  0 06 x 10    0.0369  4 08 x 10
0.0563  0 06 x 12    0.0564  0 06 x 12    0.0371  3 08 x 08    0.0370  0 06 x 10
0.0564  4 08 x 07    0.0565  4 08 x 06    0.0371  4 08 x 10    0.0371  0 06 x 05
0.0565  4 08 x 06    0.0565  0 00 x 07    0.0371  0 06 x 05    0.0371  4 08 x 06
0.0566  4 08 x 12    0.0566  4 08 x 12    0.0371  4 08 x 06    0.0371  3 08 x 08
0.0567  0 06 x 04    0.0568  0 06 x 04    0.0371  4 08 x 07    0.0371  4 08 x 07
0.0568  5 08 x 10    0.0568  5 08 x 10    0.0373  4 08 x 12    0.0373  4 08 x 12
0.0569  0 01 x 04    0.0569  0 01 x 04    0.0374  0 00 x 04    0.0373  0 00 x 04
0.0570  0 04 x 04    0.0570  0 04 x 04    0.0377  3 08 x 10    0.0378  3 08 x 10
0.0572  5 08 x 08    0.0571  3 08 x 08    0.0379  4 08 x 05    0.0379  0 03 x 05
0.0572  3 08 x 08    0.0572  5 08 x 08    0.0379  0 05 x 04    0.0379  4 08 x 05
0.0573  4 08 x 05    0.0573  4 08 x 05    0.0379  0 03 x 05    0.0379  0 05 x 04
0.0574  0 05 x 04    0.0576  0 05 x 04    0.0383  0 06 x 04    0.0384  0 06 x 04
0.0576  5 08 x 06    0.0576  5 08 x 06    0.0387  3 08 x 06    0.0387  3 08 x 06
0.0577  5 08 x 07    0.0577  5 08 x 07    0.0389  3 08 x 12    0.0389  3 08 x 12
0.0579  5 08 x 05    0.0579  3 08 x 10    0.0390  0 03 x 07    0.0390  0 03 x 07
0.0580  3 08 x 10    0.0579  5 08 x 05    0.0390  0 06 x 12    0.0390  0 06 x 12
0.0587  0 07 x 05    0.0586  0 07 x 05    0.0391  3 08 x 05    0.0391  3 08 x 05
0.0589  0 00 x 04    0.0589  0 00 x 04    0.0392  5 08 x 08    0.0392  5 08 x 08
0.0595  0 07 x 06    0.0594  0 07 x 06    0.0392  4 08 x 04    0.0393  4 08 x 04
0.0595  5 08 x 12    0.0595  5 08 x 12    0.0394  5 08 x 10    0.0393  5 08 x 10
0.0596  3 08 x 12    0.0596  3 08 x 12    0.0394  0 03 x 08    0.0394  0 03 x 08
0.0599  0 07 x 08    0.0599  0 07 x 08    0.0395  0 01 x 03    0.0395  0 28 x 03
0.0601  3 08 x 06    0.0601  3 08 x 06    0.0395  0 28 x 03    0.0396  0 03 x 06
0.0603  4 08 x 04    0.0603  4 08 x 04    0.0396  0 03 x 06    0.0396  5 08 x 07
0.0606  3 08 x 05    0.0605  3 08 x 05    0.0397  0 00 x 03    0.0396  0 01 x 03
0.0607  5 08 x 04    0.0607  5 08 x 04    0.0397  5 08 x 07    0.0397  0 00 x 03
0.0615  0 01 x 03    0.0615  0 07 x 04    0.0399  5 08 x 05    0.0399  5 08 x 05
0.0615  0 07 x 04    0.0615  0 01 x 03    0.0399  5 08 x 06    0.0399  5 08 x 06
0.0617  0 03 x 06    0.0616  0 03 x 06    0.0402  0 29 x 03    0.0402  0 29 x 03
0.0618  3 08 x 07    0.0618  3 08 x 07    0.0402  3 08 x 04    0.0402  3 08 x 04
0.0623  0 03 x 07    0.0623  0 03 x 07    0.0403  0 04 x 03    0.0404  0 04 x 03
0.0624  6 08 x 08    0.0625  0 00 x 03    0.0404  3 08 x 07    0.0404  3 08 x 07
0.0625  0 00 x 03    0.0625  6 08 x 08    0.0404  0 03 x 04    0.0404  0 03 x 04
0.0625  0 07 x 07    0.0625  0 07 x 07    0.0406  0 27 x 03    0.0406  0 27 x 03
0.0627  0 28 x 03    0.0627  0 28 x 03    0.0406  0 30 x 03    0.0406  0 30 x 03
0.0628  0 04 x 03    0.0627  0 04 x 03    0.0408  5 08 x 12    0.0408  5 08 x 12
0.0630  3 08 x 04    0.0630  3 08 x 04    0.0410  0 07 x 05    0.0410  0 07 x 05
0.0631  0 03 x 04    0.0631  0 03 x 04    0.0413  0 31 x 03    0.0413  0 31 x 03
0.0632  6 08 x 07    0.0632  6 08 x 07    0.0416  5 08 x 04    0.0415  5 08 x 04
0.0634  6 08 x 06    0.0635  6 08 x 06    0.0419  0 07 x 06    0.0419  0 07 x 06
0.0636  0 03 x 08    0.0636  0 03 x 08    0.0421  0 05 x 03    0.0421  0 05 x 03
0.0637  0 30 x 03    0.0636  0 30 x 03    0.0429  0 07 x 04    0.0428  0 07 x 04
0.0638  6 08 x 05    0.0638  6 08 x 10    0.0432  0 07 x 08    0.0432  0 07 x 08
0.0638  6 08 x 10    0.0638  6 08 x 05    0.0434  0 06 x 03    0.0434  0 06 x 03
0.0639  0 29 x 03    0.0639  0 29 x 03    0.0447  0 07 x 07    0.0447  0 07 x 07
0.0640  0 05 x 03    0.0641  0 05 x 03    0.0447  2 08 x 05    0.0447  2 08 x 05
0.0644  0 27 x 03    0.0643  0 27 x 03    0.0450  4 08 x 03    0.0450  4 08 x 03
0.0644  6 08 x 12    0.0644  6 08 x 12    0.0453  6 08 x 08    0.0452  6 08 x 08
0.0644  0 03 x 05    0.0645  0 03 x 05    0.0454  6 08 x 07    0.0453  6 08 x 07
0.0650  0 31 x 03    0.0650  0 31 x 03    0.0454  0 03 x 12    0.0454  0 03 x 12
0.0651  0 06 x 03    0.0651  0 06 x 03    0.0455  6 08 x 06    0.0455  6 08 x 06
0.0671  0 07 x 10    0.0671  0 07 x 10    0.0456  6 08 x 05    0.0456  6 08 x 05
0.0689  0 07 x 03    0.0689  0 07 x 03    0.0459  6 08 x 10    0.0458  6 08 x 10
0.0690  6 08 x 04    0.0690  6 08 x 04    0.0461  3 08 x 03    0.0461  3 08 x 03
0.0694  4 08 x 03    0.0694  4 08 x 03    0.0465  6 08 x 12    0.0465  6 08 x 12
0.0697  5 08 x 03    0.0698  5 08 x 03    0.0469  0 03 x 03    0.0470  0 03 x 03
0.0701  2 08 x 05    0.0700  2 08 x 05    0.0471  0 07 x 03    0.0471  5 08 x 03
0.0705  0 07 x 12    0.0705  0 07 x 12    0.0472  5 08 x 03    0.0472  0 07 x 03
0.0711  0 03 x 12    0.0712  0 03 x 12    0.0476  0 03 x 10    0.0476  0 03 x 10
0.0725  3 08 x 03    0.0725  3 08 x 03    0.0482  2 08 x 04    0.0482  2 08 x 04
0.0739  0 03 x 03    0.0739  0 03 x 03    0.0487  6 08 x 04    0.0487  6 08 x 04
0.0753  0 03 x 10    0.0753  0 03 x 10    0.0499  0 07 x 10    0.0498  0 07 x 10
0.0756  2 08 x 04    0.0756  2 08 x 04    0.0520  2 08 x 03    0.0520  2 08 x 03
0.0765  7 08 x 05    0.0766  6 08 x 03    0.0530  0 07 x 12    0.0530  0 07 x 12
0.0765  6 08 x 03    0.0766  7 08 x 05    0.0539  6 08 x 03    0.0539  6 08 x 03
0.0825  2 08 x 03    0.0825  2 08 x 03    0.0593  1 08 x 05    0.0593  1 08 x 05
0.0838  7 08 x 04    0.0838  7 08 x 04    0.0598  7 08 x 05    0.0598  7 08 x 05
0.0925  7 08 x 03    0.0925  7 08 x 03    0.0617  1 08 x 04    0.0618  1 08 x 04
0.0950  1 08 x 05    0.0949  1 08 x 05    0.0642  7 08 x 04    0.0642  7 08 x 04
0.0995  1 08 x 04    0.0995  1 08 x 04    0.0707  7 08 x 03    0.0707  7 08 x 03
0.1175  1 08 x 03    0.1175  1 08 x 03    0.0740  1 08 x 03    0.0740  1 08 x 03
0.1561  0 02 x 03    0.1562  0 02 x 03    0.0905  0 02 x 03    0.0904  0 02 x 03
0.1718  0 02 x 04    0.1717  0 02 x 04    0.0964  0 02 x 04    0.0965  0 02 x 04
0.1855  0 02 x 05    0.1855  0 02 x 05    0.1143  0 02 x 05    0.1142  0 02 x 05
0.1857  0 02 x 06    0.1856  0 02 x 06    0.1167  0 02 x 06    0.1167  0 02 x 06
0.1873  0 02 x 07    0.1874  0 02 x 07    0.1187  0 02 x 07    0.1186  0 02 x 07
0.1916  0 02 x 08    0.1916  0 02 x 08    0.1203  0 02 x 08    0.1204  0 02 x 08
0.1957  0 02 x 10    0.1957  0 02 x 10    0.1234  0 02 x 10    0.1234  0 02 x 10
0.1960  0 02 x 12    0.1961  0 02 x 12    0.1243  0 02 x 12    0.1242  0 02 x 12
---Benchmark Program Finished---
