
./testbench.sh clang++ O3 MontgomeryQuarter uint64_t 191 8 22 -DTEST_ARRAY

compilation finished, now executing:
---Running Program---

begin benchmarks - array two_pow
(ignore)16352975363793682379

OVERALL BEST:
0.1568  0 28 x 10
0.1581  0 28 x 12
0.1587  0 28 x 07
0.1605  0 29 x 10
0.1612  0 28 x 08
0.1616  0 29 x 07
0.1627  0 29 x 12
0.1629  0 29 x 08
0.1631  0 29 x 06
0.1632  0 27 x 06
0.1635  0 27 x 08
0.1636  0 28 x 06
0.1641  0 29 x 05
0.1642  0 27 x 07
0.1656  0 31 x 12
0.1665  0 31 x 08
0.1673  0 31 x 05
0.1675  0 01 x 10
0.1675  0 01 x 12
0.1675  0 30 x 06
0.1683  0 30 x 10
0.1683  0 01 x 08
0.1685  0 31 x 10
0.1685  0 30 x 12
0.1687  0 27 x 05
0.1688  0 27 x 12
0.1689  0 30 x 07
0.1691  0 27 x 10
0.1695  0 31 x 07
0.1697  0 01 x 07
0.1698  0 30 x 08
0.1699  0 01 x 05
0.1702  0 00 x 06
0.1702  0 05 x 08
0.1703  0 28 x 05
0.1715  0 01 x 06
0.1727  0 04 x 08
0.1728  0 31 x 06
0.1732  0 30 x 05
0.1736  0 06 x 08
0.1741  0 00 x 05
0.1755  0 00 x 07
0.1759  0 00 x 08
0.1779  0 00 x 12
0.1787  0 05 x 05
0.1788  0 30 x 04
0.1790  0 04 x 05
0.1792  0 27 x 04
0.1793  0 00 x 10
0.1795  0 28 x 04
0.1801  0 06 x 05
0.1805  0 05 x 10
0.1806  0 05 x 06
0.1811  0 05 x 07
0.1816  0 04 x 07
0.1816  0 06 x 10
0.1817  0 06 x 07
0.1820  0 04 x 06
0.1822  0 04 x 10
0.1826  0 06 x 06
0.1827  0 31 x 04
0.1828  0 01 x 04
0.1834  0 05 x 12
0.1834  0 06 x 12
0.1839  0 29 x 04
0.1855  0 04 x 12
0.1865  0 00 x 04
0.1874  3 08 x 08
0.1883  0 04 x 04
0.1897  4 08 x 06
0.1909  4 08 x 05
0.1924  0 07 x 08
0.1934  0 05 x 04
0.1943  3 08 x 07
0.1947  4 08 x 12
0.1959  0 06 x 04
0.1960  0 03 x 06
0.1966  0 03 x 07
0.1969  3 08 x 05
0.1973  0 03 x 08
0.1977  4 08 x 10
0.1979  4 08 x 08
0.1981  4 08 x 04
0.1984  0 03 x 12
0.1985  0 07 x 05
0.1989  3 08 x 06
0.1991  0 03 x 10
0.1992  3 08 x 12
0.1997  3 08 x 04
0.2008  0 07 x 06
0.2011  0 07 x 10
0.2012  0 03 x 05
0.2020  0 07 x 07
0.2021  0 30 x 03
0.2022  0 31 x 03
0.2023  5 08 x 05
0.2028  5 08 x 08
0.2033  3 08 x 10
0.2036  0 07 x 12
0.2039  5 08 x 12
0.2047  4 08 x 07
0.2050  0 28 x 03
0.2050  0 03 x 04
0.2064  5 08 x 06
0.2071  0 01 x 03
0.2072  5 08 x 10
0.2087  0 27 x 03
0.2101  0 29 x 03
0.2106  2 08 x 05
0.2109  0 05 x 03
0.2112  5 08 x 04
0.2142  0 07 x 04
0.2150  5 08 x 07
0.2157  0 04 x 03
0.2170  0 06 x 03
0.2184  3 08 x 03
0.2189  0 00 x 03
0.2191  2 08 x 04
0.2236  4 08 x 03
0.2302  0 07 x 03
0.2350  5 08 x 03
0.2369  6 08 x 12
0.2371  0 03 x 03
0.2380  6 08 x 08
0.2380  6 08 x 10
0.2384  6 08 x 06
0.2403  6 08 x 05
0.2414  6 08 x 07
0.2457  6 08 x 04
0.2708  2 08 x 03
0.2720  6 08 x 03
0.2885  1 08 x 05
0.3124  7 08 x 05
0.3157  1 08 x 03
0.3356  7 08 x 04
0.3493  7 08 x 03
0.3664  1 08 x 04
0.4542  0 02 x 03
0.4787  0 02 x 04
0.4847  0 02 x 08
0.4864  0 02 x 07
0.4877  0 02 x 05
0.4937  0 02 x 10
0.4950  0 02 x 06
0.4984  0 02 x 12
Timings By Test Type:
0.0474  0 28 x 10    0.0474  0 28 x 10    0.0310  0 28 x 10    0.0310  0 28 x 10
0.0479  0 28 x 07    0.0479  0 28 x 07    0.0311  0 28 x 12    0.0311  0 28 x 12
0.0480  0 28 x 12    0.0480  0 28 x 12    0.0314  0 28 x 07    0.0315  0 28 x 07
0.0487  0 29 x 10    0.0487  0 29 x 10    0.0315  0 29 x 10    0.0315  0 29 x 10
0.0488  0 28 x 08    0.0488  0 28 x 08    0.0317  0 28 x 08    0.0318  0 29 x 07
0.0490  0 29 x 07    0.0490  0 29 x 07    0.0318  0 29 x 07    0.0318  0 28 x 08
0.0493  0 27 x 06    0.0493  0 27 x 06    0.0320  0 29 x 12    0.0320  0 29 x 12
0.0494  0 29 x 12    0.0494  0 29 x 12    0.0320  0 29 x 08    0.0320  0 29 x 08
0.0494  0 29 x 06    0.0494  0 29 x 06    0.0321  0 29 x 06    0.0322  0 29 x 06
0.0495  0 29 x 08    0.0495  0 29 x 08    0.0322  0 27 x 08    0.0322  0 27 x 08
0.0495  0 27 x 08    0.0496  0 27 x 08    0.0322  0 28 x 06    0.0322  0 28 x 06
0.0496  0 28 x 06    0.0496  0 28 x 06    0.0322  0 27 x 06    0.0322  0 27 x 06
0.0496  0 27 x 07    0.0497  0 29 x 05    0.0323  0 29 x 05    0.0323  0 29 x 05
0.0497  0 29 x 05    0.0497  0 27 x 07    0.0325  0 27 x 07    0.0325  0 27 x 07
0.0503  0 31 x 12    0.0503  0 31 x 12    0.0325  0 31 x 12    0.0325  0 31 x 12
0.0505  0 31 x 05    0.0505  0 31 x 05    0.0327  0 31 x 08    0.0327  0 31 x 08
0.0505  0 01 x 12    0.0506  0 31 x 08    0.0330  0 31 x 10    0.0329  0 31 x 10
0.0505  0 01 x 10    0.0506  0 01 x 10    0.0331  0 27 x 12    0.0331  0 30 x 10
0.0506  0 31 x 08    0.0506  0 30 x 06    0.0331  0 27 x 10    0.0331  0 27 x 12
0.0506  0 30 x 06    0.0506  0 05 x 08    0.0331  0 30 x 10    0.0331  0 27 x 10
0.0506  0 05 x 08    0.0507  0 01 x 12    0.0332  0 30 x 12    0.0331  0 30 x 12
0.0507  0 01 x 08    0.0508  0 01 x 08    0.0332  0 01 x 12    0.0331  0 31 x 05
0.0510  0 01 x 05    0.0510  0 30 x 10    0.0332  0 31 x 05    0.0332  0 27 x 05
0.0511  0 30 x 10    0.0511  0 01 x 07    0.0332  0 27 x 05    0.0332  0 01 x 12
0.0511  0 01 x 07    0.0511  0 01 x 05    0.0332  0 01 x 10    0.0332  0 30 x 06
0.0511  0 30 x 12    0.0511  0 30 x 12    0.0332  0 30 x 06    0.0332  0 01 x 10
0.0512  0 30 x 07    0.0512  0 30 x 07    0.0333  0 30 x 07    0.0333  0 30 x 08
0.0512  0 27 x 05    0.0512  0 27 x 05    0.0333  0 31 x 07    0.0333  0 30 x 07
0.0513  0 27 x 12    0.0513  0 31 x 10    0.0333  0 30 x 08    0.0333  0 31 x 07
0.0513  0 31 x 10    0.0513  0 27 x 12    0.0334  0 01 x 08    0.0334  0 28 x 05
0.0513  0 27 x 10    0.0514  0 06 x 08    0.0334  0 28 x 05    0.0334  0 01 x 08
0.0514  0 06 x 08    0.0514  0 31 x 07    0.0336  0 00 x 06    0.0336  0 00 x 06
0.0514  0 31 x 07    0.0515  0 00 x 06    0.0337  0 01 x 07    0.0338  0 01 x 07
0.0516  0 01 x 06    0.0515  0 27 x 10    0.0339  0 31 x 06    0.0339  0 01 x 05
0.0516  0 30 x 08    0.0516  0 30 x 08    0.0339  0 01 x 05    0.0340  0 31 x 06
0.0516  0 00 x 06    0.0517  0 01 x 06    0.0340  0 30 x 05    0.0340  0 30 x 05
0.0517  0 28 x 05    0.0517  0 28 x 05    0.0341  0 01 x 06    0.0342  0 01 x 06
0.0521  0 04 x 08    0.0522  0 04 x 08    0.0342  0 04 x 08    0.0342  0 04 x 08
0.0524  0 31 x 06    0.0524  0 31 x 06    0.0344  0 00 x 05    0.0344  0 00 x 05
0.0526  0 00 x 05    0.0526  0 30 x 05    0.0345  0 05 x 08    0.0345  0 05 x 08
0.0526  0 30 x 05    0.0527  0 00 x 05    0.0346  0 00 x 07    0.0347  0 00 x 07
0.0532  0 00 x 07    0.0530  0 00 x 07    0.0347  0 00 x 08    0.0347  0 00 x 08
0.0533  0 05 x 05    0.0533  0 06 x 05    0.0350  0 00 x 12    0.0350  0 00 x 12
0.0533  0 00 x 08    0.0533  0 00 x 08    0.0351  0 30 x 04    0.0352  0 30 x 04
0.0534  0 06 x 05    0.0534  0 05 x 05    0.0351  0 28 x 04    0.0352  0 28 x 04
0.0536  0 05 x 10    0.0536  0 05 x 10    0.0352  0 27 x 04    0.0352  0 27 x 04
0.0538  0 06 x 10    0.0537  0 05 x 06    0.0352  0 00 x 10    0.0353  0 00 x 10
0.0538  0 05 x 06    0.0538  0 06 x 10    0.0354  0 06 x 08    0.0354  0 06 x 08
0.0539  0 06 x 07    0.0539  0 05 x 07    0.0356  0 04 x 05    0.0355  0 04 x 05
0.0539  0 05 x 07    0.0539  0 06 x 07    0.0359  0 31 x 04    0.0359  0 31 x 04
0.0539  0 04 x 05    0.0539  0 04 x 05    0.0360  0 05 x 05    0.0360  0 05 x 05
0.0539  0 00 x 12    0.0541  0 00 x 12    0.0361  0 04 x 10    0.0360  0 04 x 07
0.0540  0 06 x 06    0.0541  0 06 x 06    0.0361  0 04 x 07    0.0361  0 04 x 10
0.0542  0 30 x 04    0.0543  0 30 x 04    0.0362  0 04 x 06    0.0362  0 04 x 06
0.0543  0 06 x 12    0.0544  0 00 x 10    0.0363  0 01 x 04    0.0362  0 01 x 04
0.0543  0 00 x 10    0.0544  0 27 x 04    0.0365  0 29 x 04    0.0365  0 29 x 04
0.0544  0 27 x 04    0.0544  0 05 x 12    0.0366  0 05 x 06    0.0365  0 05 x 06
0.0545  0 05 x 12    0.0544  0 06 x 12    0.0366  0 04 x 12    0.0366  0 04 x 12
0.0546  0 28 x 04    0.0546  0 28 x 04    0.0366  0 05 x 10    0.0367  0 05 x 10
0.0547  0 04 x 07    0.0547  0 04 x 07    0.0366  0 05 x 07    0.0367  0 05 x 07
0.0548  0 04 x 06    0.0548  0 04 x 06    0.0367  0 06 x 05    0.0368  0 06 x 05
0.0550  0 04 x 10    0.0551  0 04 x 10    0.0368  0 00 x 04    0.0369  0 00 x 04
0.0552  0 01 x 04    0.0552  0 01 x 04    0.0370  0 06 x 07    0.0370  0 06 x 10
0.0554  0 29 x 04    0.0554  0 29 x 04    0.0371  0 06 x 10    0.0370  0 06 x 07
0.0555  0 31 x 04    0.0554  0 31 x 04    0.0373  0 05 x 12    0.0372  0 05 x 12
0.0560  0 07 x 08    0.0559  3 08 x 08    0.0373  0 06 x 06    0.0372  0 06 x 06
0.0562  4 08 x 06    0.0561  0 07 x 08    0.0374  0 06 x 12    0.0373  0 06 x 12
0.0562  0 04 x 12    0.0561  0 04 x 12    0.0375  0 04 x 04    0.0375  0 04 x 04
0.0562  3 08 x 08    0.0562  4 08 x 06    0.0376  3 08 x 08    0.0376  3 08 x 08
0.0564  0 00 x 04    0.0564  0 00 x 04    0.0387  4 08 x 06    0.0387  4 08 x 06
0.0566  0 04 x 04    0.0567  0 04 x 04    0.0387  4 08 x 05    0.0387  4 08 x 05
0.0567  4 08 x 05    0.0568  4 08 x 05    0.0387  0 05 x 04    0.0387  0 03 x 06
0.0578  4 08 x 12    0.0579  4 08 x 12    0.0387  0 03 x 06    0.0387  0 05 x 04
0.0579  0 07 x 05    0.0579  0 07 x 05    0.0388  0 03 x 07    0.0389  0 03 x 07
0.0580  0 05 x 04    0.0580  0 05 x 04    0.0389  3 08 x 07    0.0389  3 08 x 07
0.0582  3 08 x 07    0.0583  0 06 x 04    0.0390  0 03 x 08    0.0390  0 03 x 08
0.0583  0 06 x 04    0.0583  3 08 x 07    0.0393  3 08 x 05    0.0393  3 08 x 05
0.0586  0 07 x 06    0.0586  4 08 x 10    0.0393  0 03 x 12    0.0393  0 03 x 12
0.0587  0 07 x 10    0.0586  0 07 x 06    0.0393  0 03 x 10    0.0393  0 03 x 10
0.0587  4 08 x 10    0.0587  4 08 x 08    0.0395  4 08 x 12    0.0395  4 08 x 12
0.0588  4 08 x 08    0.0587  0 07 x 10    0.0396  0 30 x 03    0.0396  0 30 x 03
0.0588  4 08 x 04    0.0588  4 08 x 04    0.0396  0 06 x 04    0.0396  0 06 x 04
0.0589  0 07 x 07    0.0590  0 07 x 07    0.0397  0 31 x 03    0.0397  3 08 x 06
0.0590  5 08 x 05    0.0590  5 08 x 05    0.0397  0 03 x 05    0.0397  0 31 x 03
0.0591  5 08 x 08    0.0591  5 08 x 08    0.0397  3 08 x 06    0.0397  0 03 x 05
0.0592  3 08 x 05    0.0592  3 08 x 05    0.0398  3 08 x 12    0.0398  3 08 x 04
0.0593  0 03 x 06    0.0593  0 03 x 06    0.0398  3 08 x 04    0.0398  3 08 x 12
0.0594  0 07 x 12    0.0594  5 08 x 12    0.0401  0 28 x 03    0.0401  0 28 x 03
0.0594  5 08 x 12    0.0594  0 07 x 12    0.0401  4 08 x 10    0.0401  0 07 x 08
0.0595  0 03 x 07    0.0595  0 03 x 07    0.0402  0 07 x 08    0.0402  4 08 x 10
0.0596  0 03 x 08    0.0597  0 03 x 08    0.0402  4 08 x 08    0.0402  4 08 x 08
0.0597  3 08 x 12    0.0597  3 08 x 06    0.0403  4 08 x 04    0.0403  4 08 x 04
0.0598  3 08 x 06    0.0599  0 03 x 12    0.0405  0 03 x 04    0.0405  0 03 x 04
0.0599  0 03 x 12    0.0599  3 08 x 12    0.0406  0 27 x 03    0.0406  0 27 x 03
0.0601  3 08 x 04    0.0600  3 08 x 04    0.0406  3 08 x 10    0.0406  3 08 x 10
0.0602  5 08 x 06    0.0601  5 08 x 06    0.0407  0 01 x 03    0.0407  0 01 x 03
0.0602  0 03 x 10    0.0602  0 03 x 10    0.0413  0 07 x 05    0.0414  0 07 x 05
0.0603  5 08 x 10    0.0604  5 08 x 10    0.0415  0 29 x 03    0.0415  4 08 x 07
0.0609  4 08 x 07    0.0609  4 08 x 07    0.0415  4 08 x 07    0.0415  0 29 x 03
0.0609  0 03 x 05    0.0609  0 03 x 05    0.0418  0 07 x 06    0.0417  0 07 x 06
0.0610  3 08 x 10    0.0610  3 08 x 10    0.0419  2 08 x 05    0.0418  2 08 x 05
0.0614  0 31 x 03    0.0615  0 30 x 03    0.0419  0 07 x 10    0.0419  0 07 x 10
0.0615  0 30 x 03    0.0615  0 31 x 03    0.0419  0 05 x 03    0.0420  0 05 x 03
0.0618  5 08 x 04    0.0618  5 08 x 04    0.0420  0 07 x 07    0.0421  0 07 x 07
0.0621  0 03 x 04    0.0620  0 03 x 04    0.0421  5 08 x 05    0.0422  5 08 x 05
0.0624  0 28 x 03    0.0624  0 28 x 03    0.0423  5 08 x 08    0.0423  5 08 x 08
0.0627  5 08 x 07    0.0629  0 01 x 03    0.0424  0 07 x 12    0.0424  0 07 x 12
0.0629  0 01 x 03    0.0629  0 07 x 04    0.0425  0 04 x 03    0.0425  0 04 x 03
0.0629  0 07 x 04    0.0631  5 08 x 07    0.0426  5 08 x 12    0.0425  5 08 x 12
0.0635  0 05 x 03    0.0633  2 08 x 05    0.0429  0 00 x 03    0.0429  0 00 x 03
0.0635  2 08 x 05    0.0635  0 05 x 03    0.0430  5 08 x 06    0.0430  5 08 x 06
0.0635  0 29 x 03    0.0635  0 29 x 03    0.0432  5 08 x 10    0.0432  5 08 x 10
0.0637  0 27 x 03    0.0637  0 27 x 03    0.0433  3 08 x 03    0.0434  3 08 x 03
0.0650  0 06 x 03    0.0650  0 06 x 03    0.0434  2 08 x 04    0.0434  2 08 x 04
0.0654  0 04 x 03    0.0654  0 04 x 03    0.0435  0 06 x 03    0.0435  0 06 x 03
0.0659  3 08 x 03    0.0658  3 08 x 03    0.0438  5 08 x 04    0.0438  5 08 x 04
0.0661  2 08 x 04    0.0661  2 08 x 04    0.0442  0 07 x 04    0.0442  0 07 x 04
0.0666  0 00 x 03    0.0666  0 00 x 03    0.0446  5 08 x 07    0.0445  5 08 x 07
0.0666  4 08 x 03    0.0669  4 08 x 03    0.0450  4 08 x 03    0.0450  4 08 x 03
0.0676  0 07 x 03    0.0676  0 07 x 03    0.0466  0 03 x 03    0.0466  0 03 x 03
0.0678  6 08 x 12    0.0678  6 08 x 12    0.0474  0 07 x 03    0.0475  0 07 x 03
0.0678  6 08 x 08    0.0680  6 08 x 08    0.0486  5 08 x 03    0.0486  5 08 x 03
0.0682  6 08 x 06    0.0682  6 08 x 06    0.0507  6 08 x 12    0.0506  6 08 x 12
0.0682  6 08 x 10    0.0682  6 08 x 10    0.0509  6 08 x 10    0.0508  6 08 x 10
0.0688  6 08 x 05    0.0688  6 08 x 05    0.0510  6 08 x 06    0.0510  6 08 x 06
0.0690  5 08 x 03    0.0689  5 08 x 03    0.0511  6 08 x 08    0.0511  6 08 x 08
0.0690  6 08 x 07    0.0689  6 08 x 07    0.0514  6 08 x 05    0.0513  6 08 x 05
0.0705  6 08 x 04    0.0706  6 08 x 04    0.0517  6 08 x 07    0.0517  6 08 x 07
0.0720  0 03 x 03    0.0720  0 03 x 03    0.0523  6 08 x 04    0.0523  6 08 x 04
0.0784  6 08 x 03    0.0784  6 08 x 03    0.0533  2 08 x 03    0.0533  2 08 x 03
0.0821  2 08 x 03    0.0821  2 08 x 03    0.0568  1 08 x 05    0.0568  1 08 x 05
0.0864  7 08 x 05    0.0864  7 08 x 05    0.0577  6 08 x 03    0.0576  6 08 x 03
0.0874  1 08 x 05    0.0874  1 08 x 05    0.0620  1 08 x 03    0.0620  1 08 x 03
0.0934  7 08 x 04    0.0934  7 08 x 04    0.0698  7 08 x 05    0.0698  7 08 x 05
0.0958  1 08 x 03    0.0958  1 08 x 03    0.0718  1 08 x 04    0.0718  1 08 x 04
0.0969  7 08 x 03    0.0969  7 08 x 03    0.0744  7 08 x 04    0.0744  7 08 x 04
0.1114  1 08 x 04    0.1114  1 08 x 04    0.0777  7 08 x 03    0.0777  7 08 x 03
0.1382  0 02 x 03    0.1382  0 02 x 03    0.0889  0 02 x 03    0.0889  0 02 x 03
0.1456  0 02 x 04    0.1455  0 02 x 04    0.0938  0 02 x 04    0.0938  0 02 x 04
0.1472  0 02 x 08    0.1472  0 02 x 08    0.0952  0 02 x 08    0.0951  0 02 x 08
0.1478  0 02 x 07    0.1478  0 02 x 07    0.0954  0 02 x 07    0.0954  0 02 x 07
0.1482  0 02 x 05    0.1484  0 02 x 05    0.0955  0 02 x 05    0.0956  0 02 x 05
0.1497  0 02 x 10    0.1500  0 02 x 10    0.0970  0 02 x 10    0.0970  0 02 x 10
0.1504  0 02 x 06    0.1504  0 02 x 06    0.0970  0 02 x 06    0.0972  0 02 x 06
0.1513  0 02 x 12    0.1513  0 02 x 12    0.0979  0 02 x 12    0.0979  0 02 x 12
---Benchmark Program Finished---
