
./testbench.sh g++ O3 MontgomeryQuarter uint64_t 191 8 22 -DTEST_ARRAY -DHURCHALLA_MONTGOMERY_TWO_POW_USE_CSELECT_ON_BIT -DHURCHALLA_ALLOW_INLINE_ASM_ALL

compilation finished, now executing:
---Running Program---

begin benchmarks - array two_pow
(ignore)16352975363793682379

OVERALL BEST:
0.1616  0 27 x 08
0.1623  0 29 x 10
0.1633  0 29 x 06
0.1645  0 27 x 07
0.1647  0 30 x 10
0.1648  0 29 x 07
0.1656  0 27 x 06
0.1660  0 31 x 05
0.1663  0 30 x 08
0.1666  0 29 x 08
0.1670  0 31 x 12
0.1671  0 31 x 10
0.1673  0 27 x 12
0.1676  0 30 x 07
0.1676  0 28 x 10
0.1680  0 28 x 07
0.1683  0 28 x 12
0.1683  0 31 x 07
0.1686  0 27 x 10
0.1687  0 00 x 10
0.1688  0 30 x 12
0.1690  0 29 x 05
0.1699  0 31 x 08
0.1700  0 01 x 08
0.1707  0 01 x 12
0.1708  0 30 x 06
0.1708  0 00 x 08
0.1710  0 28 x 06
0.1711  0 01 x 10
0.1714  0 01 x 07
0.1723  0 27 x 05
0.1723  0 04 x 08
0.1724  0 01 x 06
0.1725  0 05 x 08
0.1726  0 31 x 06
0.1729  0 30 x 05
0.1730  0 28 x 05
0.1730  0 28 x 08
0.1736  0 06 x 08
0.1741  0 04 x 05
0.1752  0 05 x 05
0.1754  0 00 x 05
0.1760  0 01 x 05
0.1765  0 04 x 12
0.1766  0 00 x 06
0.1766  0 05 x 12
0.1767  0 04 x 10
0.1771  0 04 x 07
0.1772  0 04 x 06
0.1777  0 00 x 07
0.1782  0 00 x 12
0.1788  0 05 x 10
0.1794  0 06 x 10
0.1820  0 05 x 07
0.1825  0 06 x 07
0.1831  0 29 x 04
0.1831  0 06 x 05
0.1838  0 28 x 04
0.1840  0 03 x 06
0.1843  0 30 x 04
0.1846  0 00 x 04
0.1847  0 05 x 06
0.1853  0 06 x 06
0.1854  0 01 x 04
0.1860  4 08 x 08
0.1861  0 29 x 12
0.1862  0 27 x 04
0.1875  0 31 x 04
0.1875  0 04 x 04
0.1876  0 05 x 04
0.1883  0 06 x 12
0.1895  4 08 x 07
0.1903  4 08 x 06
0.1907  0 03 x 07
0.1912  5 08 x 08
0.1928  4 08 x 10
0.1933  5 08 x 10
0.1937  0 06 x 04
0.1937  4 08 x 05
0.1943  4 08 x 12
0.1953  5 08 x 07
0.1958  0 03 x 05
0.1963  5 08 x 06
0.1964  3 08 x 08
0.1975  5 08 x 12
0.1983  0 03 x 08
0.1996  5 08 x 05
0.2002  0 07 x 05
0.2003  0 03 x 04
0.2029  0 00 x 03
0.2037  3 08 x 07
0.2037  0 30 x 03
0.2048  3 08 x 06
0.2048  0 29 x 03
0.2049  0 27 x 03
0.2054  0 28 x 03
0.2060  3 08 x 10
0.2065  3 08 x 05
0.2077  0 31 x 03
0.2082  4 08 x 04
0.2094  0 01 x 03
0.2097  5 08 x 04
0.2098  0 07 x 04
0.2103  0 07 x 06
0.2106  0 05 x 03
0.2116  6 08 x 08
0.2117  0 04 x 03
0.2134  3 08 x 12
0.2136  0 06 x 03
0.2155  6 08 x 06
0.2165  6 08 x 10
0.2173  0 07 x 08
0.2175  6 08 x 07
0.2182  6 08 x 12
0.2201  6 08 x 05
0.2201  3 08 x 04
0.2209  0 07 x 07
0.2236  0 03 x 03
0.2275  0 03 x 12
0.2294  0 07 x 03
0.2326  0 07 x 10
0.2334  2 08 x 05
0.2364  6 08 x 04
0.2366  0 07 x 12
0.2369  4 08 x 03
0.2380  2 08 x 04
0.2384  5 08 x 03
0.2387  0 03 x 10
0.2449  3 08 x 03
0.2612  6 08 x 03
0.2663  2 08 x 03
0.2755  7 08 x 05
0.2909  7 08 x 04
0.3164  1 08 x 05
0.3235  7 08 x 03
0.3305  1 08 x 04
0.3807  1 08 x 03
0.5068  0 02 x 03
0.5877  0 02 x 04
0.6309  0 02 x 05
0.6410  0 02 x 06
0.6464  0 02 x 10
0.6575  0 02 x 12
0.6612  0 02 x 07
0.6791  0 02 x 08
Timings By Test Type:
0.0492  0 27 x 08    0.0492  0 27 x 08    0.0316  0 27 x 08    0.0316  0 27 x 08
0.0493  0 29 x 10    0.0494  0 29 x 10    0.0318  0 29 x 10    0.0318  0 29 x 10
0.0496  0 29 x 06    0.0496  0 29 x 06    0.0320  0 29 x 06    0.0320  0 29 x 06
0.0500  0 30 x 10    0.0500  0 30 x 10    0.0321  0 29 x 07    0.0321  0 29 x 07
0.0500  0 27 x 07    0.0500  0 27 x 07    0.0322  0 27 x 07    0.0322  0 27 x 07
0.0501  0 31 x 05    0.0501  0 31 x 05    0.0323  0 27 x 06    0.0323  0 27 x 06
0.0503  0 29 x 07    0.0502  0 29 x 07    0.0324  0 30 x 10    0.0324  0 30 x 10
0.0503  0 30 x 08    0.0503  0 30 x 08    0.0326  0 27 x 10    0.0326  0 27 x 10
0.0505  0 27 x 06    0.0505  0 27 x 06    0.0327  0 27 x 12    0.0327  0 27 x 12
0.0505  0 29 x 08    0.0505  0 29 x 08    0.0327  0 31 x 12    0.0327  0 31 x 12
0.0506  0 28 x 10    0.0506  0 31 x 10    0.0327  0 29 x 08    0.0327  0 30 x 12
0.0507  0 31 x 10    0.0507  0 28 x 10    0.0328  0 30 x 08    0.0328  0 29 x 08
0.0507  0 30 x 07    0.0507  0 30 x 07    0.0329  0 30 x 12    0.0328  0 30 x 08
0.0508  0 31 x 12    0.0508  0 31 x 12    0.0329  0 31 x 05    0.0329  0 31 x 10
0.0509  0 28 x 07    0.0509  0 28 x 07    0.0329  0 31 x 10    0.0329  0 31 x 05
0.0510  0 27 x 12    0.0509  0 27 x 12    0.0330  0 30 x 07    0.0330  0 30 x 07
0.0510  0 28 x 12    0.0510  0 28 x 12    0.0331  0 00 x 10    0.0331  0 00 x 10
0.0511  0 31 x 07    0.0511  0 31 x 07    0.0331  0 31 x 07    0.0331  0 31 x 07
0.0511  0 29 x 05    0.0511  0 29 x 05    0.0331  0 28 x 07    0.0331  0 28 x 07
0.0513  0 01 x 08    0.0513  0 00 x 10    0.0331  0 28 x 12    0.0332  0 28 x 10
0.0513  0 00 x 10    0.0513  0 01 x 08    0.0332  0 28 x 10    0.0332  0 28 x 12
0.0514  0 05 x 08    0.0514  0 05 x 08    0.0334  0 29 x 05    0.0334  0 29 x 05
0.0515  0 01 x 12    0.0514  0 01 x 12    0.0334  0 31 x 08    0.0334  0 31 x 08
0.0515  0 06 x 08    0.0515  0 06 x 08    0.0336  0 00 x 08    0.0336  0 00 x 08
0.0515  0 01 x 10    0.0515  0 30 x 06    0.0337  0 28 x 06    0.0337  0 28 x 06
0.0515  0 30 x 06    0.0515  0 31 x 08    0.0337  0 01 x 08    0.0337  0 01 x 08
0.0516  0 31 x 08    0.0516  0 30 x 12    0.0339  0 30 x 06    0.0339  0 30 x 06
0.0516  0 30 x 12    0.0516  0 01 x 10    0.0339  0 28 x 08    0.0339  0 01 x 12
0.0516  0 01 x 07    0.0517  0 27 x 10    0.0339  0 01 x 12    0.0339  0 28 x 08
0.0517  0 27 x 10    0.0517  0 01 x 07    0.0340  0 27 x 05    0.0339  0 27 x 05
0.0518  0 00 x 08    0.0517  0 00 x 08    0.0340  0 01 x 10    0.0340  0 01 x 10
0.0518  0 28 x 06    0.0518  0 28 x 06    0.0340  0 01 x 07    0.0340  0 04 x 08
0.0520  0 01 x 06    0.0520  0 01 x 06    0.0341  0 31 x 06    0.0340  0 31 x 06
0.0521  0 04 x 08    0.0521  0 04 x 08    0.0341  0 04 x 08    0.0341  0 01 x 07
0.0522  0 27 x 05    0.0522  0 27 x 05    0.0342  0 30 x 05    0.0342  0 01 x 06
0.0522  0 28 x 05    0.0522  0 05 x 05    0.0342  0 01 x 06    0.0342  0 30 x 05
0.0522  0 30 x 05    0.0522  0 28 x 05    0.0342  0 28 x 05    0.0343  0 28 x 05
0.0522  0 31 x 06    0.0523  0 31 x 06    0.0343  0 04 x 05    0.0343  0 04 x 05
0.0523  0 05 x 05    0.0523  0 30 x 05    0.0346  0 00 x 05    0.0346  0 00 x 05
0.0525  0 05 x 12    0.0526  0 05 x 12    0.0347  0 00 x 06    0.0347  0 00 x 06
0.0526  0 28 x 08    0.0526  0 28 x 08    0.0347  0 00 x 12    0.0347  0 00 x 12
0.0528  0 04 x 05    0.0527  0 04 x 05    0.0349  0 01 x 05    0.0348  0 05 x 08
0.0531  0 00 x 05    0.0531  0 00 x 05    0.0349  0 00 x 07    0.0349  0 01 x 05
0.0532  0 05 x 10    0.0531  0 01 x 05    0.0349  0 05 x 08    0.0349  0 00 x 07
0.0532  0 01 x 05    0.0532  0 05 x 10    0.0350  0 04 x 06    0.0349  0 04 x 06
0.0532  0 06 x 10    0.0532  0 04 x 12    0.0350  0 04 x 12    0.0350  0 04 x 12
0.0533  0 04 x 12    0.0533  0 06 x 10    0.0350  0 04 x 10    0.0350  0 04 x 10
0.0533  0 04 x 07    0.0533  0 04 x 07    0.0352  0 04 x 07    0.0352  0 04 x 07
0.0533  0 04 x 10    0.0534  0 04 x 10    0.0353  0 06 x 08    0.0353  0 06 x 08
0.0536  0 00 x 06    0.0536  0 00 x 06    0.0354  0 05 x 05    0.0353  0 05 x 05
0.0536  0 04 x 06    0.0536  0 04 x 06    0.0358  0 05 x 12    0.0358  0 05 x 12
0.0540  0 00 x 07    0.0539  0 00 x 07    0.0361  0 28 x 04    0.0360  0 29 x 04
0.0540  0 06 x 07    0.0540  0 06 x 07    0.0362  0 29 x 04    0.0361  0 28 x 04
0.0542  0 05 x 07    0.0541  0 05 x 07    0.0362  0 03 x 06    0.0362  0 03 x 06
0.0543  0 06 x 05    0.0542  0 06 x 05    0.0362  0 05 x 10    0.0362  0 05 x 10
0.0543  0 00 x 12    0.0544  0 00 x 12    0.0363  0 00 x 04    0.0363  0 00 x 04
0.0550  0 05 x 06    0.0550  0 05 x 06    0.0364  0 29 x 12    0.0364  0 29 x 12
0.0550  0 06 x 06    0.0550  0 06 x 06    0.0365  0 06 x 10    0.0365  0 06 x 10
0.0554  0 29 x 04    0.0555  0 29 x 04    0.0365  0 30 x 04    0.0366  0 30 x 04
0.0555  0 06 x 12    0.0555  0 06 x 12    0.0367  0 27 x 04    0.0367  0 27 x 04
0.0556  0 30 x 04    0.0556  0 30 x 04    0.0368  0 31 x 04    0.0368  0 01 x 04
0.0557  4 08 x 08    0.0556  4 08 x 08    0.0369  0 01 x 04    0.0368  0 05 x 07
0.0558  0 03 x 06    0.0558  0 28 x 04    0.0369  0 05 x 07    0.0368  0 31 x 04
0.0558  0 28 x 04    0.0558  0 03 x 06    0.0371  0 04 x 04    0.0371  0 03 x 07
0.0558  0 01 x 04    0.0558  0 01 x 04    0.0371  0 03 x 07    0.0371  0 04 x 04
0.0560  0 00 x 04    0.0560  0 00 x 04    0.0372  0 06 x 07    0.0372  0 06 x 07
0.0561  0 05 x 04    0.0561  0 05 x 04    0.0373  0 06 x 05    0.0373  0 06 x 05
0.0562  5 08 x 08    0.0563  5 08 x 08    0.0374  4 08 x 08    0.0373  4 08 x 08
0.0563  0 27 x 04    0.0563  0 27 x 04    0.0374  0 05 x 06    0.0374  0 03 x 05
0.0567  0 29 x 12    0.0566  0 29 x 12    0.0374  0 03 x 05    0.0374  0 05 x 06
0.0567  0 04 x 04    0.0566  4 08 x 07    0.0376  0 05 x 04    0.0377  0 05 x 04
0.0567  4 08 x 07    0.0567  0 04 x 04    0.0377  0 06 x 06    0.0377  0 06 x 06
0.0569  4 08 x 06    0.0569  4 08 x 06    0.0381  4 08 x 07    0.0381  4 08 x 07
0.0569  0 31 x 04    0.0569  0 31 x 04    0.0383  4 08 x 06    0.0382  4 08 x 06
0.0569  5 08 x 10    0.0570  5 08 x 10    0.0384  4 08 x 10    0.0384  4 08 x 10
0.0574  0 06 x 04    0.0574  0 06 x 04    0.0385  0 03 x 08    0.0385  0 03 x 08
0.0574  5 08 x 07    0.0574  5 08 x 07    0.0386  0 06 x 12    0.0386  0 06 x 12
0.0578  5 08 x 06    0.0578  5 08 x 06    0.0388  4 08 x 05    0.0388  4 08 x 05
0.0580  4 08 x 10    0.0580  4 08 x 10    0.0389  3 08 x 08    0.0389  3 08 x 08
0.0580  4 08 x 05    0.0580  4 08 x 05    0.0391  4 08 x 12    0.0391  4 08 x 12
0.0581  4 08 x 12    0.0581  4 08 x 12    0.0394  5 08 x 08    0.0394  5 08 x 08
0.0582  5 08 x 12    0.0582  5 08 x 12    0.0394  0 06 x 04    0.0394  0 06 x 04
0.0582  0 03 x 07    0.0583  0 03 x 07    0.0395  0 03 x 04    0.0396  0 03 x 04
0.0584  0 07 x 05    0.0584  0 07 x 05    0.0396  5 08 x 10    0.0397  5 08 x 10
0.0591  5 08 x 05    0.0591  5 08 x 05    0.0397  0 00 x 03    0.0397  0 00 x 03
0.0593  3 08 x 08    0.0593  3 08 x 08    0.0399  0 30 x 03    0.0399  0 30 x 03
0.0605  0 03 x 05    0.0605  0 03 x 05    0.0401  0 27 x 03    0.0401  0 27 x 03
0.0606  0 03 x 04    0.0606  0 03 x 04    0.0402  0 28 x 03    0.0402  0 28 x 03
0.0607  0 03 x 08    0.0607  0 03 x 08    0.0403  5 08 x 07    0.0402  5 08 x 07
0.0613  6 08 x 08    0.0612  6 08 x 08    0.0403  5 08 x 06    0.0403  0 29 x 03
0.0613  3 08 x 07    0.0613  3 08 x 07    0.0403  0 29 x 03    0.0403  5 08 x 06
0.0613  0 07 x 06    0.0613  0 07 x 06    0.0405  3 08 x 06    0.0405  5 08 x 12
0.0615  0 07 x 04    0.0615  0 07 x 04    0.0406  3 08 x 07    0.0405  3 08 x 06
0.0617  0 00 x 03    0.0618  0 00 x 03    0.0406  5 08 x 12    0.0405  3 08 x 07
0.0619  3 08 x 06    0.0619  3 08 x 06    0.0406  3 08 x 10    0.0406  3 08 x 10
0.0619  0 30 x 03    0.0619  0 30 x 03    0.0407  5 08 x 05    0.0407  5 08 x 05
0.0620  5 08 x 04    0.0620  5 08 x 04    0.0408  0 31 x 03    0.0408  0 31 x 03
0.0621  0 29 x 03    0.0621  0 29 x 03    0.0410  0 01 x 03    0.0410  0 01 x 03
0.0621  3 08 x 05    0.0621  3 08 x 05    0.0411  3 08 x 05    0.0411  3 08 x 05
0.0622  0 07 x 08    0.0623  4 08 x 04    0.0415  0 04 x 03    0.0415  0 04 x 03
0.0623  4 08 x 04    0.0624  0 27 x 03    0.0417  0 07 x 05    0.0417  0 07 x 05
0.0623  0 27 x 03    0.0624  3 08 x 10    0.0418  4 08 x 04    0.0418  4 08 x 04
0.0624  3 08 x 10    0.0625  6 08 x 06    0.0422  0 05 x 03    0.0422  0 05 x 03
0.0625  0 28 x 03    0.0625  0 28 x 03    0.0422  3 08 x 12    0.0423  3 08 x 12
0.0626  6 08 x 06    0.0626  6 08 x 10    0.0429  5 08 x 04    0.0429  5 08 x 04
0.0626  6 08 x 10    0.0629  0 07 x 08    0.0431  0 06 x 03    0.0431  0 06 x 03
0.0630  6 08 x 07    0.0630  6 08 x 07    0.0434  0 07 x 04    0.0434  0 07 x 04
0.0630  0 31 x 03    0.0630  0 31 x 03    0.0435  3 08 x 04    0.0435  3 08 x 04
0.0631  0 05 x 03    0.0631  0 05 x 03    0.0438  0 03 x 03    0.0438  0 03 x 03
0.0632  6 08 x 12    0.0632  6 08 x 12    0.0439  0 07 x 06    0.0438  0 07 x 06
0.0636  0 06 x 03    0.0637  0 06 x 03    0.0446  6 08 x 08    0.0445  6 08 x 08
0.0637  0 01 x 03    0.0637  0 01 x 03    0.0450  0 03 x 12    0.0449  0 03 x 12
0.0637  6 08 x 05    0.0638  6 08 x 05    0.0452  6 08 x 06    0.0452  6 08 x 06
0.0638  0 07 x 07    0.0639  0 07 x 07    0.0456  6 08 x 10    0.0456  6 08 x 10
0.0643  0 04 x 03    0.0643  0 04 x 03    0.0458  6 08 x 07    0.0457  6 08 x 07
0.0644  3 08 x 12    0.0645  3 08 x 12    0.0458  2 08 x 05    0.0458  2 08 x 05
0.0665  3 08 x 04    0.0664  0 07 x 10    0.0459  6 08 x 12    0.0459  6 08 x 12
0.0665  0 07 x 10    0.0665  3 08 x 04    0.0461  0 07 x 08    0.0461  0 07 x 08
0.0675  0 07 x 12    0.0676  0 07 x 12    0.0463  6 08 x 05    0.0462  6 08 x 05
0.0677  0 07 x 03    0.0677  0 07 x 03    0.0466  0 07 x 07    0.0466  0 07 x 07
0.0680  0 03 x 03    0.0680  0 03 x 03    0.0469  2 08 x 04    0.0469  2 08 x 04
0.0687  6 08 x 04    0.0687  6 08 x 04    0.0470  0 07 x 03    0.0470  0 07 x 03
0.0688  0 03 x 12    0.0688  0 03 x 12    0.0470  0 03 x 10    0.0470  0 03 x 10
0.0706  5 08 x 03    0.0706  5 08 x 03    0.0472  4 08 x 03    0.0472  4 08 x 03
0.0709  2 08 x 05    0.0710  2 08 x 05    0.0483  3 08 x 03    0.0482  3 08 x 03
0.0713  4 08 x 03    0.0713  4 08 x 03    0.0486  5 08 x 03    0.0486  5 08 x 03
0.0721  2 08 x 04    0.0721  2 08 x 04    0.0495  6 08 x 04    0.0495  6 08 x 04
0.0724  0 03 x 10    0.0724  0 03 x 10    0.0498  0 07 x 10    0.0498  0 07 x 10
0.0742  3 08 x 03    0.0742  3 08 x 03    0.0508  0 07 x 12    0.0507  0 07 x 12
0.0762  6 08 x 03    0.0763  6 08 x 03    0.0521  2 08 x 03    0.0521  2 08 x 03
0.0770  7 08 x 05    0.0770  7 08 x 05    0.0543  6 08 x 03    0.0544  6 08 x 03
0.0810  2 08 x 03    0.0811  2 08 x 03    0.0608  7 08 x 05    0.0608  7 08 x 05
0.0817  7 08 x 04    0.0817  7 08 x 04    0.0618  1 08 x 05    0.0618  1 08 x 05
0.0912  7 08 x 03    0.0913  7 08 x 03    0.0637  7 08 x 04    0.0637  7 08 x 04
0.0964  1 08 x 05    0.0964  1 08 x 05    0.0646  1 08 x 04    0.0646  1 08 x 04
0.1007  1 08 x 04    0.1007  1 08 x 04    0.0705  7 08 x 03    0.0705  7 08 x 03
0.1160  1 08 x 03    0.1160  1 08 x 03    0.0744  1 08 x 03    0.0744  1 08 x 03
0.1591  0 02 x 03    0.1593  0 02 x 03    0.0942  0 02 x 03    0.0942  0 02 x 03
0.1829  0 02 x 04    0.1830  0 02 x 04    0.1108  0 02 x 04    0.1108  0 02 x 04
0.1931  0 02 x 05    0.1931  0 02 x 05    0.1223  0 02 x 05    0.1223  0 02 x 05
0.1952  0 02 x 06    0.1951  0 02 x 06    0.1254  0 02 x 06    0.1253  0 02 x 06
0.1970  0 02 x 10    0.1969  0 02 x 10    0.1263  0 02 x 10    0.1262  0 02 x 10
0.2000  0 02 x 12    0.1999  0 02 x 12    0.1288  0 02 x 12    0.1288  0 02 x 12
0.2016  0 02 x 07    0.2016  0 02 x 07    0.1289  0 02 x 07    0.1290  0 02 x 07
0.2072  0 02 x 08    0.2072  0 02 x 08    0.1324  0 02 x 08    0.1323  0 02 x 08
---Benchmark Program Finished---
