
./testbench_2kary.sh g++ O3 MontgomeryQuarter __uint128_t 191 8 40 -DTEST_ARRAY

compilation finished, now executing:
---Running Program---

begin benchmarks - array pow
(ignore)219437624277362681049646736861362201740

OVERALL BEST:
1.4537  4 01 x 04
1.4742  4 01 x 05
1.4815  4 01 x 08
1.4827  4 01 x 12
1.4839  3 01 x 04
1.4868  4 01 x 10
1.4876  4 00 x 12
1.4890  4 01 x 07
1.4905  4 00 x 04
1.4939  4 01 x 06
1.5005  4 01 x 03
1.5015  4 00 x 10
1.5019  4 00 x 08
1.5021  3 01 x 08
1.5082  3 00 x 12
1.5148  3 01 x 12
1.5151  4 00 x 07
1.5157  4 00 x 06
1.5163  3 01 x 05
1.5176  4 00 x 05
1.5203  3 01 x 10
1.5253  3 01 x 07
1.5258  3 01 x 06
1.5298  3 01 x 03
1.5335  3 00 x 04
1.5381  4 00 x 03
1.5403  3 00 x 10
1.5438  3 00 x 08
1.5523  3 00 x 06
1.5559  3 00 x 05
1.5595  5 01 x 04
1.5731  3 00 x 07
1.5757  5 01 x 08
1.5779  5 00 x 12
1.5819  5 01 x 10
1.5820  5 00 x 04
1.5840  5 01 x 07
1.5846  5 01 x 06
1.5848  5 01 x 05
1.5865  5 01 x 12
1.5886  3 00 x 03
1.5939  5 00 x 07
1.5976  5 01 x 03
1.5984  5 00 x 10
1.6013  5 00 x 08
1.6067  5 00 x 05
1.6139  5 00 x 06
1.6188  5 00 x 03
1.6279  2 01 x 03
1.6609  2 01 x 04
1.6794  2 01 x 08
1.6805  2 01 x 12
1.6914  2 01 x 07
1.6921  2 01 x 10
1.6938  2 01 x 05
1.6965  2 00 x 12
1.7027  2 00 x 03
1.7123  2 01 x 06
1.7242  2 00 x 08
1.7259  2 00 x 04
1.7274  2 00 x 10
1.7394  2 00 x 06
1.7441  2 00 x 07
1.7496  2 00 x 05
1.7782  4 00 x 02
1.8181  4 01 x 02
1.8376  5 01 x 02
1.8393  3 00 x 02
1.8570  3 01 x 02
1.8594  5 00 x 02
2.0240  2 00 x 02
2.0432  2 01 x 02
Timings By Test Type:
0.4236  4 01 x 04    0.4220  4 01 x 04    0.3068  4 01 x 05    0.3004  4 01 x 04
0.4300  4 01 x 08    0.4292  3 01 x 04    0.3077  4 01 x 04    0.3049  4 01 x 05
0.4307  3 01 x 04    0.4301  4 01 x 03    0.3085  4 01 x 10    0.3089  4 01 x 12
0.4307  4 01 x 05    0.4314  4 01 x 07    0.3087  4 01 x 08    0.3092  4 01 x 08
0.4318  4 01 x 12    0.4318  4 01 x 05    0.3093  4 01 x 07    0.3099  4 00 x 12
0.4333  4 01 x 10    0.4320  4 01 x 12    0.3094  4 00 x 12    0.3110  4 01 x 10
0.4340  4 00 x 12    0.4324  4 00 x 04    0.3095  4 00 x 04    0.3113  3 00 x 12
0.4352  4 01 x 06    0.4335  4 01 x 08    0.3100  4 01 x 12    0.3114  4 01 x 06
0.4356  4 01 x 07    0.4340  4 01 x 10    0.3104  3 01 x 08    0.3115  3 01 x 08
0.4364  4 01 x 03    0.4343  4 00 x 12    0.3117  4 01 x 06    0.3115  4 00 x 04
0.4370  4 00 x 08    0.4356  4 01 x 06    0.3118  3 01 x 04    0.3121  3 01 x 04
0.4370  4 00 x 04    0.4370  4 00 x 10    0.3132  4 00 x 08    0.3126  4 01 x 07
0.4376  4 00 x 10    0.4380  4 00 x 08    0.3133  4 00 x 10    0.3136  4 00 x 10
0.4396  3 01 x 08    0.4397  3 01 x 12    0.3136  3 01 x 03    0.3138  4 00 x 08
0.4412  4 00 x 07    0.4406  3 01 x 08    0.3140  4 00 x 06    0.3141  3 01 x 05
0.4420  3 01 x 05    0.4406  3 00 x 12    0.3143  3 00 x 12    0.3148  3 01 x 03
0.4420  3 00 x 12    0.4416  4 00 x 07    0.3152  3 01 x 05    0.3149  4 00 x 05
0.4426  4 00 x 06    0.4420  4 00 x 05    0.3163  3 01 x 06    0.3156  3 01 x 12
0.4427  3 01 x 12    0.4420  4 00 x 06    0.3165  4 00 x 07    0.3158  4 00 x 07
0.4432  4 00 x 05    0.4435  3 01 x 10    0.3165  3 01 x 10    0.3161  3 01 x 10
0.4442  3 01 x 10    0.4448  3 01 x 07    0.3168  3 01 x 12    0.3162  4 01 x 03
0.4451  4 00 x 03    0.4449  3 01 x 05    0.3170  3 01 x 07    0.3167  3 00 x 04
0.4453  3 01 x 03    0.4462  3 00 x 04    0.3175  4 00 x 05    0.3171  4 00 x 06
0.4454  3 01 x 06    0.4464  3 01 x 06    0.3176  4 00 x 03    0.3175  3 01 x 07
0.4460  3 01 x 07    0.4494  5 01 x 04    0.3177  3 00 x 08    0.3176  3 01 x 06
0.4472  5 01 x 04    0.4507  5 01 x 08    0.3179  4 01 x 03    0.3180  3 00 x 10
0.4505  3 00 x 10    0.4507  5 00 x 04    0.3188  3 00 x 04    0.3189  4 00 x 03
0.4510  5 01 x 08    0.4510  5 01 x 07    0.3197  3 00 x 10    0.3210  3 00 x 05
0.4511  3 00 x 08    0.4522  3 00 x 10    0.3207  3 00 x 06    0.3212  3 00 x 08
0.4516  5 00 x 04    0.4523  5 01 x 12    0.3227  3 00 x 05    0.3223  3 00 x 06
0.4517  5 01 x 10    0.4527  5 01 x 10    0.3274  3 00 x 03    0.3253  3 00 x 07
0.4517  3 00 x 04    0.4528  5 00 x 12    0.3284  3 00 x 07    0.3284  5 01 x 04
0.4523  5 00 x 12    0.4538  3 00 x 08    0.3329  2 01 x 03    0.3331  3 00 x 03
0.4525  5 01 x 05    0.4548  5 01 x 06    0.3345  5 01 x 04    0.3344  2 01 x 03
0.4530  5 01 x 03    0.4554  5 01 x 05    0.3353  5 00 x 12    0.3359  5 01 x 08
0.4531  3 00 x 06    0.4560  3 01 x 03    0.3372  5 01 x 07    0.3371  5 01 x 06
0.4536  3 00 x 05    0.4562  3 00 x 06    0.3376  5 01 x 03    0.3375  5 01 x 05
0.4539  5 01 x 06    0.4566  4 00 x 03    0.3380  5 01 x 08    0.3375  5 00 x 12
0.4541  5 01 x 12    0.4580  5 00 x 07    0.3384  5 00 x 04    0.3386  5 01 x 10
0.4544  5 01 x 07    0.4586  3 00 x 05    0.3389  5 01 x 06    0.3392  5 00 x 07
0.4569  5 00 x 10    0.4586  5 00 x 10    0.3389  5 01 x 10    0.3399  5 00 x 08
0.4574  5 00 x 07    0.4596  3 00 x 07    0.3393  5 00 x 07    0.3401  5 01 x 12
0.4590  5 00 x 05    0.4597  5 00 x 08    0.3394  5 01 x 05    0.3405  5 00 x 10
0.4594  5 00 x 08    0.4619  5 00 x 05    0.3400  5 01 x 12    0.3413  5 00 x 04
0.4598  3 00 x 07    0.4631  5 01 x 03    0.3423  5 00 x 10    0.3414  5 01 x 07
0.4608  5 00 x 06    0.4635  5 00 x 06    0.3423  5 00 x 08    0.3428  5 00 x 05
0.4621  5 00 x 03    0.4638  5 00 x 03    0.3426  2 01 x 04    0.3430  2 01 x 04
0.4631  3 00 x 03    0.4650  3 00 x 03    0.3430  5 00 x 05    0.3438  5 01 x 03
0.4821  2 01 x 03    0.4786  2 01 x 03    0.3448  5 00 x 06    0.3448  5 00 x 06
0.4884  2 01 x 04    0.4870  2 01 x 04    0.3460  2 01 x 08    0.3459  5 00 x 03
0.4909  2 01 x 08    0.4937  2 01 x 12    0.3463  2 01 x 12    0.3463  2 01 x 12
0.4943  2 01 x 12    0.4946  2 01 x 08    0.3470  5 00 x 03    0.3478  2 01 x 08
0.4951  2 01 x 07    0.4973  2 01 x 10    0.3476  2 01 x 10    0.3488  2 00 x 03
0.4975  2 01 x 05    0.4974  2 01 x 05    0.3486  2 00 x 12    0.3490  2 01 x 10
0.4982  2 01 x 10    0.4982  2 01 x 07    0.3490  2 01 x 05    0.3490  2 01 x 07
0.4988  2 00 x 12    0.4996  2 00 x 12    0.3491  2 01 x 07    0.3494  2 00 x 12
0.5020  2 00 x 03    0.5016  2 00 x 03    0.3503  2 00 x 03    0.3499  2 01 x 05
0.5038  2 01 x 06    0.5039  2 01 x 06    0.3525  2 01 x 06    0.3520  2 01 x 06
0.5080  2 00 x 10    0.5064  2 00 x 04    0.3529  2 00 x 08    0.3553  2 00 x 08
0.5088  2 00 x 08    0.5072  2 00 x 08    0.3537  2 00 x 04    0.3556  2 00 x 10
0.5097  2 00 x 04    0.5083  2 00 x 10    0.3554  2 00 x 10    0.3560  2 00 x 04
0.5100  2 00 x 06    0.5121  2 00 x 06    0.3575  2 00 x 07    0.3579  2 00 x 06
0.5128  2 00 x 05    0.5138  2 00 x 07    0.3578  2 00 x 05    0.3580  2 00 x 07
0.5148  2 00 x 07    0.5190  2 00 x 05    0.3594  2 00 x 06    0.3600  2 00 x 05
0.5226  4 00 x 02    0.5271  4 00 x 02    0.3644  4 00 x 02    0.3641  4 00 x 02
0.5301  4 01 x 02    0.5332  5 01 x 02    0.3721  3 00 x 02    0.3738  4 01 x 02
0.5334  5 01 x 02    0.5344  4 01 x 02    0.3797  4 01 x 02    0.3794  3 01 x 02
0.5438  3 00 x 02    0.5404  5 00 x 02    0.3846  3 01 x 02    0.3808  3 00 x 02
0.5442  5 00 x 02    0.5426  3 00 x 02    0.3886  5 00 x 02    0.3817  5 01 x 02
0.5495  3 01 x 02    0.5435  3 01 x 02    0.3892  5 01 x 02    0.3861  5 00 x 02
0.5952  2 00 x 02    0.5993  2 00 x 02    0.4176  2 00 x 02    0.4119  2 00 x 02
0.6067  2 01 x 02    0.6000  2 01 x 02    0.4210  2 01 x 02    0.4156  2 01 x 02
---Benchmark Program Finished---
