
./testbench_2kary.sh clang++ O3 MontgomeryQuarter __uint128_t 191 8 40 -DTEST_ARRAY

compilation finished, now executing:
---Running Program---

begin benchmarks - array pow
(ignore)219437624277362681049646736861362201740

OVERALL BEST:
1.3615  4 01 x 08
1.3633  4 01 x 04
1.3939  4 01 x 05
1.3976  4 01 x 06
1.3986  3 01 x 04
1.3994  3 01 x 08
1.3999  4 01 x 07
1.4001  4 01 x 10
1.4060  4 00 x 08
1.4083  4 01 x 12
1.4280  4 00 x 07
1.4298  4 00 x 10
1.4340  4 00 x 04
1.4367  4 00 x 05
1.4402  5 01 x 08
1.4403  3 01 x 05
1.4427  5 01 x 04
1.4437  3 01 x 07
1.4523  3 01 x 10
1.4548  3 01 x 06
1.4549  3 00 x 08
1.4605  3 01 x 12
1.4648  4 00 x 12
1.4738  5 01 x 06
1.4743  5 01 x 05
1.4744  5 00 x 08
1.4770  5 01 x 07
1.4801  3 00 x 10
1.4811  4 00 x 06
1.4828  5 01 x 10
1.4843  5 01 x 12
1.4886  5 00 x 10
1.4912  5 00 x 07
1.4956  3 00 x 07
1.5042  5 00 x 04
1.5046  3 00 x 05
1.5084  3 00 x 04
1.5116  5 00 x 05
1.5349  3 00 x 12
1.5365  5 00 x 12
1.5393  4 01 x 03
1.5403  5 00 x 06
1.5505  3 00 x 06
1.5584  4 00 x 03
1.5758  2 01 x 08
1.5799  2 01 x 04
1.5880  3 01 x 03
1.5949  5 01 x 03
1.6235  5 00 x 03
1.6375  3 00 x 03
1.6399  2 01 x 05
1.6486  2 01 x 07
1.6531  2 01 x 06
1.6551  2 00 x 08
1.6620  2 01 x 10
1.6663  2 01 x 12
1.7181  2 01 x 03
1.7187  2 00 x 04
1.7359  2 00 x 05
1.7615  2 00 x 10
1.7672  2 00 x 12
1.7719  2 00 x 06
1.7810  2 00 x 07
1.8455  2 00 x 03
1.9879  4 01 x 02
2.0090  4 00 x 02
2.0573  5 01 x 02
2.0578  5 00 x 02
2.0592  3 00 x 02
2.0660  3 01 x 02
2.2986  2 01 x 02
2.3092  2 00 x 02
Timings By Test Type:
0.3975  4 01 x 04    0.3948  4 01 x 04    0.2821  4 01 x 08    0.2807  4 01 x 08
0.3988  4 01 x 08    0.3998  4 01 x 08    0.2875  4 01 x 04    0.2835  4 01 x 04
0.4058  4 01 x 10    0.4018  4 01 x 06    0.2879  4 01 x 05    0.2886  4 01 x 07
0.4073  3 01 x 08    0.4056  4 01 x 05    0.2893  3 01 x 04    0.2889  3 01 x 04
0.4078  3 01 x 04    0.4086  4 01 x 10    0.2911  4 01 x 07    0.2906  3 01 x 08
0.4082  4 01 x 06    0.4095  4 01 x 12    0.2918  3 01 x 08    0.2919  4 01 x 10
0.4083  4 01 x 05    0.4097  3 01 x 08    0.2932  4 00 x 08    0.2921  4 00 x 08
0.4099  4 01 x 07    0.4101  4 00 x 08    0.2939  4 01 x 10    0.2921  4 01 x 05
0.4106  4 00 x 08    0.4103  4 01 x 07    0.2944  4 01 x 12    0.2922  4 01 x 06
0.4113  4 01 x 12    0.4109  5 01 x 08    0.2953  4 01 x 06    0.2923  4 00 x 07
0.4138  5 01 x 08    0.4119  5 01 x 04    0.2978  4 00 x 10    0.2931  4 01 x 12
0.4144  5 01 x 04    0.4126  3 01 x 04    0.2987  4 00 x 05    0.2954  3 01 x 07
0.4168  4 00 x 05    0.4158  5 01 x 06    0.2992  4 00 x 07    0.2977  4 00 x 10
0.4176  4 00 x 10    0.4167  4 00 x 10    0.2994  3 01 x 10    0.2981  4 00 x 04
0.4177  4 00 x 07    0.4176  4 00 x 04    0.2997  3 01 x 07    0.3009  4 00 x 05
0.4185  4 00 x 04    0.4178  3 01 x 05    0.2999  4 00 x 04    0.3013  3 01 x 10
0.4201  3 01 x 05    0.4188  4 00 x 07    0.3010  3 01 x 05    0.3014  3 01 x 05
0.4217  5 00 x 08    0.4203  4 00 x 05    0.3015  3 01 x 12    0.3021  3 00 x 08
0.4220  5 01 x 07    0.4225  3 01 x 06    0.3017  3 00 x 08    0.3030  4 00 x 12
0.4235  3 01 x 10    0.4226  3 01 x 07    0.3030  3 01 x 06    0.3034  3 01 x 06
0.4239  5 01 x 05    0.4239  3 00 x 08    0.3058  5 01 x 04    0.3038  3 01 x 12
0.4256  5 01 x 06    0.4241  5 00 x 08    0.3062  4 00 x 12    0.3061  3 00 x 10
0.4260  3 01 x 07    0.4248  5 01 x 10    0.3069  3 00 x 10    0.3065  4 00 x 06
0.4260  3 01 x 06    0.4252  5 00 x 10    0.3079  4 00 x 06    0.3068  5 01 x 08
0.4265  5 01 x 10    0.4252  5 01 x 07    0.3084  3 00 x 07    0.3083  3 00 x 04
0.4270  5 01 x 12    0.4255  5 01 x 05    0.3087  5 01 x 08    0.3098  3 00 x 07
0.4272  3 00 x 08    0.4257  5 00 x 07    0.3104  3 00 x 05    0.3106  3 00 x 05
0.4275  4 00 x 12    0.4265  3 01 x 12    0.3134  5 01 x 05    0.3107  5 01 x 04
0.4286  3 01 x 12    0.4270  5 01 x 12    0.3146  5 01 x 07    0.3115  5 01 x 05
0.4290  5 00 x 10    0.4281  4 00 x 12    0.3148  4 01 x 03    0.3135  5 00 x 08
0.4315  5 00 x 07    0.4282  3 01 x 10    0.3150  5 00 x 08    0.3147  5 01 x 10
0.4344  4 00 x 06    0.4297  5 00 x 04    0.3151  5 01 x 12    0.3151  5 00 x 10
0.4352  3 00 x 10    0.4319  3 00 x 10    0.3161  3 00 x 04    0.3151  5 01 x 07
0.4353  5 00 x 05    0.4323  4 00 x 06    0.3162  5 00 x 07    0.3152  5 01 x 12
0.4387  3 00 x 07    0.4353  5 00 x 05    0.3169  5 00 x 04    0.3155  5 01 x 06
0.4405  5 00 x 06    0.4386  3 00 x 07    0.3169  5 01 x 06    0.3170  5 00 x 04
0.4406  5 00 x 04    0.4394  5 00 x 12    0.3169  5 01 x 10    0.3179  5 00 x 07
0.4425  5 00 x 12    0.4406  3 00 x 05    0.3189  3 00 x 06    0.3184  4 01 x 03
0.4425  3 00 x 04    0.4409  5 00 x 06    0.3189  3 00 x 12    0.3184  3 00 x 12
0.4430  3 00 x 05    0.4415  3 00 x 04    0.3193  5 00 x 10    0.3200  3 00 x 06
0.4483  3 00 x 12    0.4468  4 01 x 03    0.3206  5 00 x 05    0.3204  5 00 x 05
0.4570  3 00 x 06    0.4493  3 00 x 12    0.3212  4 00 x 03    0.3209  2 01 x 04
0.4582  4 00 x 03    0.4546  3 00 x 06    0.3232  2 01 x 04    0.3214  4 00 x 03
0.4593  4 01 x 03    0.4575  4 00 x 03    0.3242  2 01 x 08    0.3234  2 01 x 08
0.4623  5 01 x 03    0.4619  5 01 x 03    0.3274  5 00 x 12    0.3273  5 00 x 12
0.4657  2 01 x 08    0.4624  2 01 x 08    0.3288  5 00 x 06    0.3281  3 01 x 03
0.4665  2 01 x 04    0.4632  3 01 x 03    0.3298  3 01 x 03    0.3301  5 00 x 06
0.4669  3 01 x 03    0.4692  2 01 x 04    0.3354  5 01 x 03    0.3353  5 01 x 03
0.4706  5 00 x 03    0.4697  5 00 x 03    0.3354  2 01 x 05    0.3358  2 01 x 07
0.4774  3 00 x 03    0.4768  3 00 x 03    0.3393  2 01 x 06    0.3362  2 01 x 05
0.4828  2 01 x 07    0.4826  2 01 x 05    0.3400  2 01 x 10    0.3374  3 00 x 03
0.4857  2 01 x 05    0.4841  2 01 x 06    0.3407  2 01 x 12    0.3404  2 00 x 08
0.4874  2 00 x 08    0.4855  2 00 x 08    0.3417  2 00 x 08    0.3409  2 01 x 06
0.4880  2 01 x 10    0.4879  2 01 x 07    0.3421  2 01 x 07    0.3409  5 00 x 03
0.4888  2 01 x 06    0.4903  2 01 x 10    0.3423  5 00 x 03    0.3431  2 01 x 12
0.4918  2 01 x 12    0.4908  2 01 x 12    0.3459  3 00 x 03    0.3437  2 01 x 10
0.5057  2 01 x 03    0.5053  2 01 x 03    0.3522  2 00 x 04    0.3530  2 01 x 03
0.5079  2 00 x 04    0.5056  2 00 x 04    0.3542  2 01 x 03    0.3530  2 00 x 04
0.5139  2 00 x 05    0.5068  2 00 x 05    0.3576  2 00 x 05    0.3575  2 00 x 05
0.5191  2 00 x 10    0.5182  2 00 x 10    0.3618  2 00 x 10    0.3625  2 00 x 10
0.5194  2 00 x 12    0.5196  2 00 x 06    0.3624  2 00 x 06    0.3632  2 00 x 12
0.5236  2 00 x 06    0.5208  2 00 x 12    0.3639  2 00 x 12    0.3664  2 00 x 06
0.5252  2 00 x 07    0.5232  2 00 x 07    0.3661  2 00 x 07    0.3665  2 00 x 07
0.5430  2 00 x 03    0.5422  2 00 x 03    0.3821  2 00 x 03    0.3782  2 00 x 03
0.5875  4 01 x 02    0.5864  4 01 x 02    0.4071  4 01 x 02    0.4069  4 01 x 02
0.5926  4 00 x 02    0.5960  4 00 x 02    0.4102  4 00 x 02    0.4103  4 00 x 02
0.6023  5 01 x 02    0.5978  5 00 x 02    0.4189  3 00 x 02    0.4189  3 01 x 02
0.6071  5 00 x 02    0.5989  5 01 x 02    0.4194  3 01 x 02    0.4190  3 00 x 02
0.6098  3 00 x 02    0.6097  3 01 x 02    0.4276  5 00 x 02    0.4254  5 00 x 02
0.6181  3 01 x 02    0.6114  3 00 x 02    0.4280  5 01 x 02    0.4282  5 01 x 02
0.6778  2 01 x 02    0.6772  2 01 x 02    0.4709  2 01 x 02    0.4704  2 00 x 02
0.6869  2 00 x 02    0.6805  2 00 x 02    0.4714  2 00 x 02    0.4726  2 01 x 02
---Benchmark Program Finished---
