
./testbench_2kary.sh clang++ O3 MontgomeryHalf __uint128_t 191 8 40 -DTEST_ARRAY

compilation finished, now executing:
---Running Program---

begin benchmarks - array pow
(ignore)191842519652605806623837767804209934280

OVERALL BEST:
1.4886  4 01 x 08
1.4928  4 01 x 05
1.4951  4 01 x 10
1.4954  4 01 x 07
1.4983  4 01 x 06
1.4993  4 01 x 12
1.5032  4 01 x 04
1.5313  4 00 x 12
1.5392  4 00 x 08
1.5442  4 00 x 10
1.5462  4 00 x 07
1.5545  4 00 x 06
1.5546  3 01 x 05
1.5580  4 00 x 05
1.5586  3 01 x 10
1.5589  3 01 x 08
1.5626  3 01 x 04
1.5632  3 01 x 12
1.5640  3 01 x 06
1.5670  3 01 x 07
1.5721  5 01 x 08
1.5776  5 01 x 07
1.5786  5 01 x 05
1.5842  4 00 x 04
1.5858  5 01 x 06
1.5908  5 01 x 04
1.5913  5 01 x 10
1.5916  5 01 x 12
1.6106  3 00 x 12
1.6118  5 00 x 08
1.6182  5 00 x 07
1.6211  5 00 x 12
1.6250  3 00 x 10
1.6261  3 00 x 08
1.6298  5 00 x 05
1.6308  5 00 x 10
1.6329  5 00 x 06
1.6357  3 00 x 07
1.6413  3 00 x 06
1.6476  3 00 x 05
1.6478  4 01 x 03
1.6532  5 00 x 04
1.6704  3 00 x 04
1.7163  4 00 x 03
1.7282  3 01 x 03
1.7339  5 01 x 03
1.7779  3 00 x 03
1.7802  5 00 x 03
1.7855  2 01 x 04
1.7857  2 01 x 08
1.7881  2 01 x 10
1.7884  2 01 x 12
1.8045  2 01 x 05
1.8119  2 01 x 06
1.8279  2 01 x 07
1.8757  2 00 x 12
1.9160  2 00 x 10
1.9211  2 00 x 06
1.9241  2 00 x 07
1.9367  2 00 x 05
1.9491  2 01 x 03
1.9492  2 00 x 08
1.9509  2 00 x 04
2.0387  2 00 x 03
2.0428  4 01 x 02
2.0460  4 00 x 02
2.1079  3 01 x 02
2.1264  5 01 x 02
2.1276  3 00 x 02
2.1352  5 00 x 02
2.3649  2 01 x 02
2.3878  2 00 x 02
Timings By Test Type:
0.4341  4 01 x 08    0.4355  4 01 x 10    0.3097  4 01 x 08    0.3090  4 01 x 08
0.4356  4 01 x 05    0.4357  4 01 x 08    0.3105  4 01 x 07    0.3103  4 01 x 05
0.4363  4 01 x 07    0.4361  4 01 x 05    0.3107  4 01 x 05    0.3110  4 01 x 07
0.4364  4 01 x 10    0.4367  4 01 x 06    0.3112  4 01 x 10    0.3118  4 01 x 06
0.4374  4 01 x 06    0.4376  4 01 x 07    0.3117  4 01 x 12    0.3120  4 01 x 10
0.4375  4 01 x 12    0.4376  4 01 x 12    0.3123  4 01 x 06    0.3124  4 01 x 12
0.4386  4 01 x 04    0.4385  4 01 x 04    0.3130  4 01 x 04    0.3131  4 01 x 04
0.4474  4 00 x 12    0.4471  4 00 x 12    0.3146  3 01 x 05    0.3183  4 00 x 12
0.4494  4 00 x 08    0.4505  4 00 x 08    0.3184  4 00 x 12    0.3201  4 00 x 08
0.4511  4 00 x 10    0.4510  4 00 x 10    0.3192  4 00 x 08    0.3202  3 01 x 08
0.4516  5 01 x 08    0.4518  5 01 x 08    0.3201  3 01 x 08    0.3208  4 00 x 07
0.4522  4 00 x 07    0.4521  4 00 x 07    0.3209  3 01 x 10    0.3211  3 01 x 10
0.4529  5 01 x 05    0.4534  5 01 x 07    0.3210  4 00 x 10    0.3211  4 00 x 10
0.4531  5 01 x 07    0.4536  5 01 x 05    0.3212  4 00 x 07    0.3213  3 01 x 06
0.4547  4 00 x 06    0.4539  4 00 x 06    0.3221  3 01 x 04    0.3219  3 01 x 12
0.4549  5 01 x 06    0.4542  5 01 x 12    0.3223  3 01 x 06    0.3222  3 01 x 05
0.4555  4 00 x 05    0.4552  4 00 x 05    0.3226  3 01 x 12    0.3223  3 01 x 04
0.4565  5 01 x 10    0.4558  5 01 x 06    0.3230  4 00 x 06    0.3224  3 01 x 07
0.4573  5 01 x 04    0.4558  5 01 x 10    0.3233  3 01 x 07    0.3229  4 00 x 06
0.4577  3 01 x 10    0.4566  5 01 x 04    0.3239  4 00 x 05    0.3234  4 00 x 05
0.4581  5 01 x 12    0.4589  3 01 x 10    0.3286  4 00 x 04    0.3298  4 00 x 04
0.4585  3 01 x 05    0.4591  3 01 x 08    0.3321  3 00 x 12    0.3313  3 00 x 12
0.4586  3 01 x 12    0.4593  3 01 x 05    0.3334  3 00 x 08    0.3340  5 01 x 08
0.4586  3 01 x 04    0.4596  3 01 x 04    0.3345  3 00 x 06    0.3341  3 00 x 08
0.4595  3 01 x 08    0.4601  3 01 x 12    0.3347  3 00 x 10    0.3344  3 00 x 10
0.4600  3 01 x 06    0.4603  3 01 x 06    0.3347  5 01 x 08    0.3346  3 00 x 07
0.4609  3 01 x 07    0.4605  3 01 x 07    0.3362  5 01 x 07    0.3350  5 01 x 07
0.4627  5 00 x 08    0.4628  4 00 x 04    0.3363  5 01 x 05    0.3358  5 01 x 05
0.4631  4 00 x 04    0.4635  5 00 x 08    0.3372  3 00 x 07    0.3375  5 01 x 06
0.4651  5 00 x 07    0.4658  5 00 x 07    0.3376  5 01 x 06    0.3377  3 00 x 06
0.4655  5 00 x 12    0.4662  5 00 x 12    0.3388  3 00 x 05    0.3380  5 01 x 04
0.4676  5 00 x 10    0.4682  5 00 x 10    0.3389  5 01 x 04    0.3387  5 01 x 12
0.4679  5 00 x 05    0.4684  5 00 x 06    0.3399  5 01 x 10    0.3390  5 01 x 10
0.4693  5 00 x 06    0.4690  5 00 x 05    0.3405  5 01 x 12    0.3390  3 00 x 05
0.4739  3 00 x 12    0.4733  3 00 x 12    0.3422  4 01 x 03    0.3425  4 01 x 03
0.4746  5 00 x 04    0.4752  4 01 x 03    0.3426  5 00 x 08    0.3430  5 00 x 08
0.4775  3 00 x 10    0.4759  5 00 x 04    0.3432  5 00 x 12    0.3436  5 00 x 07
0.4789  3 00 x 08    0.4784  3 00 x 10    0.3433  3 00 x 04    0.3437  3 00 x 04
0.4815  3 00 x 07    0.4796  3 00 x 08    0.3437  5 00 x 07    0.3462  5 00 x 12
0.4848  3 00 x 06    0.4824  3 00 x 07    0.3464  5 00 x 05    0.3465  5 00 x 05
0.4852  3 00 x 05    0.4843  3 00 x 06    0.3472  5 00 x 10    0.3475  5 00 x 06
0.4878  4 01 x 03    0.4847  3 00 x 05    0.3477  5 00 x 06    0.3478  5 00 x 10
0.4930  3 00 x 04    0.4903  3 00 x 04    0.3513  5 00 x 04    0.3514  5 00 x 04
0.5019  4 00 x 03    0.4972  5 01 x 03    0.3544  3 01 x 03    0.3557  3 01 x 03
0.5047  5 01 x 03    0.5022  4 00 x 03    0.3562  4 00 x 03    0.3560  4 00 x 03
0.5091  3 01 x 03    0.5090  3 01 x 03    0.3654  2 01 x 08    0.3644  2 01 x 08
0.5164  5 00 x 03    0.5132  3 00 x 03    0.3656  2 01 x 10    0.3650  2 01 x 05
0.5272  2 01 x 08    0.5152  5 00 x 03    0.3662  5 01 x 03    0.3655  2 01 x 12
0.5276  3 00 x 03    0.5207  2 01 x 04    0.3663  2 01 x 12    0.3656  2 01 x 10
0.5282  2 01 x 10    0.5282  2 01 x 12    0.3674  2 01 x 04    0.3657  5 01 x 03
0.5284  2 01 x 12    0.5287  2 01 x 08    0.3686  3 00 x 03    0.3675  2 01 x 04
0.5300  2 01 x 04    0.5288  2 01 x 10    0.3699  2 01 x 06    0.3685  3 00 x 03
0.5352  2 01 x 05    0.5339  2 01 x 05    0.3704  2 01 x 05    0.3700  2 01 x 06
0.5355  2 01 x 06    0.5364  2 01 x 06    0.3734  2 01 x 07    0.3737  2 01 x 07
0.5402  2 01 x 07    0.5406  2 01 x 07    0.3739  5 00 x 03    0.3746  5 00 x 03
0.5543  2 00 x 12    0.5552  2 00 x 12    0.3830  2 00 x 12    0.3832  2 00 x 12
0.5663  2 00 x 10    0.5660  2 00 x 10    0.3916  2 00 x 10    0.3908  2 01 x 03
0.5682  2 00 x 06    0.5675  2 00 x 06    0.3926  2 00 x 06    0.3921  2 00 x 10
0.5687  2 00 x 07    0.5689  2 00 x 07    0.3941  2 00 x 07    0.3924  2 00 x 07
0.5720  2 00 x 05    0.5732  2 00 x 05    0.3960  2 00 x 05    0.3927  2 00 x 06
0.5758  2 00 x 04    0.5751  2 00 x 08    0.3992  2 00 x 08    0.3956  2 00 x 05
0.5759  2 00 x 08    0.5759  2 00 x 04    0.3993  2 00 x 04    0.3991  2 00 x 08
0.5795  2 01 x 03    0.5784  2 01 x 03    0.4004  2 01 x 03    0.3999  2 00 x 04
0.6056  4 01 x 02    0.5916  2 00 x 03    0.4187  4 01 x 02    0.4124  4 00 x 02
0.6068  4 00 x 02    0.5992  4 01 x 02    0.4200  4 00 x 02    0.4193  4 01 x 02
0.6070  2 00 x 03    0.6067  4 00 x 02    0.4204  2 00 x 03    0.4197  2 00 x 03
0.6227  5 01 x 02    0.6177  5 01 x 02    0.4293  3 01 x 02    0.4293  3 01 x 02
0.6247  5 00 x 02    0.6213  3 01 x 02    0.4334  3 00 x 02    0.4331  3 00 x 02
0.6280  3 01 x 02    0.6222  5 00 x 02    0.4428  5 01 x 02    0.4432  5 01 x 02
0.6337  3 00 x 02    0.6274  3 00 x 02    0.4445  5 00 x 02    0.4438  5 00 x 02
0.7013  2 01 x 02    0.6965  2 01 x 02    0.4820  2 01 x 02    0.4851  2 01 x 02
0.7070  2 00 x 02    0.7064  2 00 x 02    0.4867  2 00 x 02    0.4876  2 00 x 02
---Benchmark Program Finished---
