
./testbench_2kary.sh g++ O3 MontgomeryHalf __uint128_t 191 8 40 -DTEST_ARRAY

compilation finished, now executing:
---Running Program---

begin benchmarks - array pow
(ignore)191842519652605806623837767804209934280

OVERALL BEST:
1.8958  4 01 x 04
1.9090  4 01 x 03
1.9273  4 01 x 05
1.9403  4 01 x 06
1.9517  4 01 x 07
1.9554  4 01 x 08
1.9784  4 01 x 10
1.9847  4 00 x 04
1.9929  5 01 x 03
1.9944  4 01 x 12
1.9978  5 01 x 04
2.0182  5 01 x 05
2.0253  4 00 x 03
2.0285  4 00 x 06
2.0316  4 00 x 05
2.0396  4 00 x 07
2.0432  4 00 x 08
2.0444  5 01 x 06
2.0537  5 00 x 04
2.0576  4 00 x 12
2.0608  5 01 x 07
2.0635  5 01 x 08
2.0636  5 00 x 05
2.0760  5 00 x 08
2.0760  3 01 x 04
2.0762  3 01 x 03
2.0777  5 01 x 10
2.0814  5 00 x 03
2.0947  4 00 x 10
2.0961  5 01 x 12
2.1140  5 00 x 06
2.1143  5 00 x 07
2.1311  3 01 x 06
2.1472  3 01 x 10
2.1533  5 00 x 12
2.1592  5 00 x 10
2.1614  3 01 x 05
2.1685  3 01 x 08
2.1685  4 01 x 02
2.1810  3 01 x 12
2.1898  3 01 x 07
2.1960  3 00 x 05
2.1982  3 00 x 03
2.2062  3 00 x 04
2.2351  4 00 x 02
2.2551  3 00 x 06
2.2566  3 00 x 08
2.2571  3 00 x 10
2.2597  5 01 x 02
2.2744  3 00 x 07
2.2947  3 00 x 12
2.2948  5 00 x 02
2.3291  3 01 x 02
2.3554  3 00 x 02
2.6033  2 01 x 03
2.6697  2 01 x 04
2.6944  2 01 x 05
2.7252  2 01 x 06
2.7499  2 00 x 03
2.7687  2 01 x 02
2.7720  2 01 x 12
2.7801  2 01 x 10
2.7808  2 01 x 07
2.8304  2 00 x 04
2.8465  2 01 x 08
2.8725  2 00 x 02
2.8830  2 00 x 05
2.8973  2 00 x 06
2.8984  2 00 x 07
2.9171  2 00 x 12
2.9197  2 00 x 08
2.9526  2 00 x 10
Timings By Test Type:
0.5779  4 01 x 04    0.5258  4 01 x 04    0.4148  4 01 x 03    0.3768  4 01 x 04
0.5784  4 01 x 03    0.5346  4 01 x 03    0.4153  4 01 x 04    0.3807  4 01 x 05
0.5887  4 01 x 05    0.5350  4 01 x 05    0.4229  4 01 x 05    0.3812  4 01 x 03
0.5934  4 01 x 06    0.5370  4 01 x 06    0.4270  4 01 x 06    0.3829  4 01 x 06
0.5954  4 01 x 07    0.5381  5 01 x 04    0.4281  4 01 x 08    0.3861  4 01 x 07
0.5972  4 01 x 08    0.5416  4 01 x 07    0.4285  4 01 x 07    0.3864  4 01 x 08
0.6008  5 01 x 03    0.5436  5 01 x 05    0.4328  4 00 x 04    0.3904  4 01 x 10
0.6048  4 01 x 10    0.5438  4 01 x 08    0.4343  4 01 x 10    0.3922  4 01 x 12
0.6062  5 01 x 04    0.5447  5 01 x 03    0.4365  4 01 x 12    0.3941  4 00 x 04
0.6069  4 00 x 04    0.5489  4 01 x 10    0.4393  4 00 x 03    0.3986  5 01 x 03
0.6110  4 01 x 12    0.5509  4 00 x 04    0.4421  3 01 x 03    0.3992  5 01 x 04
0.6123  5 01 x 05    0.5512  5 01 x 06    0.4441  4 00 x 05    0.4003  4 00 x 06
0.6157  4 00 x 03    0.5517  5 01 x 07    0.4449  3 01 x 04    0.4012  4 00 x 05
0.6202  5 01 x 06    0.5536  5 01 x 08    0.4452  4 00 x 06    0.4025  5 01 x 05
0.6210  4 00 x 06    0.5540  5 00 x 04    0.4457  4 00 x 07    0.4027  4 00 x 07
0.6227  4 00 x 05    0.5542  5 01 x 10    0.4486  4 00 x 08    0.4031  4 00 x 08
0.6234  5 00 x 04    0.5548  4 01 x 12    0.4488  5 01 x 03    0.4039  4 00 x 03
0.6245  4 00 x 07    0.5558  5 00 x 05    0.4490  4 00 x 12    0.4052  4 00 x 12
0.6262  4 00 x 08    0.5565  5 00 x 08    0.4543  5 01 x 04    0.4079  5 01 x 08
0.6270  5 00 x 05    0.5615  5 01 x 12    0.4579  3 01 x 06    0.4080  5 01 x 06
0.6278  5 01 x 07    0.5619  4 00 x 06    0.4590  4 00 x 10    0.4098  5 00 x 08
0.6283  5 00 x 03    0.5637  4 00 x 05    0.4594  3 01 x 10    0.4099  5 00 x 04
0.6309  5 01 x 08    0.5653  4 00 x 08    0.4597  5 01 x 05    0.4101  5 01 x 07
0.6312  4 00 x 12    0.5664  4 00 x 03    0.4622  3 01 x 05    0.4114  5 00 x 05
0.6314  3 01 x 03    0.5667  4 00 x 07    0.4643  4 01 x 02    0.4119  5 01 x 10
0.6327  3 01 x 04    0.5674  5 00 x 03    0.4644  3 01 x 08    0.4119  3 01 x 04
0.6333  5 01 x 10    0.5678  5 00 x 07    0.4650  5 01 x 06    0.4123  4 00 x 10
0.6341  5 00 x 08    0.5685  5 00 x 06    0.4664  5 00 x 04    0.4132  3 01 x 03
0.6356  5 01 x 12    0.5723  4 00 x 12    0.4669  3 01 x 12    0.4173  5 01 x 12
0.6422  4 00 x 10    0.5754  5 00 x 12    0.4675  5 00 x 03    0.4182  5 00 x 03
0.6438  5 00 x 06    0.5767  5 00 x 10    0.4686  3 00 x 03    0.4199  5 00 x 06
0.6444  5 00 x 07    0.5812  4 00 x 10    0.4694  5 00 x 05    0.4202  5 00 x 07
0.6508  3 01 x 06    0.5865  3 01 x 04    0.4697  3 01 x 07    0.4221  3 01 x 06
0.6518  3 01 x 10    0.5894  3 01 x 03    0.4702  3 00 x 05    0.4265  5 00 x 12
0.6537  4 01 x 02    0.6003  3 01 x 06    0.4711  5 01 x 08    0.4268  5 00 x 10
0.6563  5 00 x 12    0.6068  3 01 x 10    0.4711  5 01 x 07    0.4286  3 01 x 05
0.6585  3 01 x 05    0.6121  3 01 x 05    0.4718  3 00 x 04    0.4292  3 01 x 10
0.6593  5 00 x 10    0.6131  3 01 x 08    0.4756  5 00 x 08    0.4316  3 01 x 08
0.6594  3 01 x 08    0.6168  4 01 x 02    0.4784  5 01 x 10    0.4337  4 01 x 02
0.6615  3 01 x 12    0.6172  3 01 x 12    0.4785  4 00 x 02    0.4341  3 00 x 05
0.6665  3 01 x 07    0.6173  3 01 x 07    0.4817  5 01 x 12    0.4353  3 01 x 12
0.6712  3 00 x 03    0.6201  3 00 x 05    0.4818  5 00 x 06    0.4356  3 00 x 03
0.6715  3 00 x 05    0.6228  3 00 x 03    0.4819  5 00 x 07    0.4363  3 01 x 07
0.6738  3 00 x 04    0.6236  3 00 x 04    0.4824  3 00 x 06    0.4370  3 00 x 04
0.6746  5 01 x 02    0.6301  5 01 x 02    0.4831  3 00 x 08    0.4462  4 00 x 02
0.6751  4 00 x 02    0.6353  4 00 x 02    0.4839  3 00 x 10    0.4468  3 00 x 08
0.6864  5 00 x 02    0.6358  3 00 x 10    0.4874  3 00 x 07    0.4469  3 00 x 06
0.6883  3 00 x 06    0.6374  3 00 x 06    0.4908  3 01 x 02    0.4488  3 00 x 10
0.6886  3 00 x 10    0.6380  3 00 x 08    0.4938  3 00 x 12    0.4509  3 00 x 07
0.6888  3 00 x 08    0.6388  5 00 x 02    0.4951  5 00 x 12    0.4553  3 00 x 12
0.6940  3 00 x 07    0.6422  3 00 x 07    0.4964  3 00 x 02    0.4585  5 01 x 02
0.6988  3 00 x 12    0.6469  3 00 x 12    0.4964  5 00 x 10    0.4647  5 00 x 02
0.7026  3 01 x 02    0.6686  3 01 x 02    0.4965  5 01 x 02    0.4670  3 01 x 02
0.7143  3 00 x 02    0.6748  3 00 x 02    0.5049  5 00 x 02    0.4699  3 00 x 02
0.7866  2 01 x 03    0.7513  2 01 x 03    0.5453  2 01 x 03    0.5201  2 01 x 03
0.8081  2 01 x 04    0.7665  2 01 x 04    0.5600  2 01 x 04    0.5351  2 01 x 04
0.8139  2 01 x 05    0.7773  2 01 x 05    0.5645  2 01 x 05    0.5388  2 01 x 05
0.8204  2 01 x 06    0.7877  2 01 x 06    0.5704  2 01 x 06    0.5466  2 01 x 06
0.8317  2 01 x 12    0.7934  2 00 x 03    0.5747  2 00 x 03    0.5501  2 00 x 03
0.8317  2 00 x 03    0.8024  2 01 x 12    0.5756  2 01 x 02    0.5555  2 01 x 02
0.8330  2 01 x 02    0.8041  2 01 x 10    0.5792  2 01 x 12    0.5583  2 01 x 10
0.8359  2 01 x 10    0.8042  2 01 x 07    0.5807  2 01 x 07    0.5583  2 01 x 07
0.8375  2 01 x 07    0.8046  2 01 x 02    0.5817  2 01 x 10    0.5588  2 01 x 12
0.8558  2 01 x 08    0.8142  2 00 x 04    0.5923  2 00 x 04    0.5661  2 00 x 04
0.8579  2 00 x 04    0.8239  2 01 x 08    0.5935  2 01 x 08    0.5733  2 01 x 08
0.8658  2 00 x 02    0.8327  2 00 x 05    0.5975  2 00 x 02    0.5758  2 00 x 02
0.8714  2 00 x 05    0.8334  2 00 x 02    0.6019  2 00 x 05    0.5770  2 00 x 05
0.8741  2 00 x 06    0.8364  2 00 x 06    0.6052  2 00 x 06    0.5804  2 00 x 07
0.8750  2 00 x 07    0.8372  2 00 x 07    0.6058  2 00 x 07    0.5816  2 00 x 06
0.8769  2 00 x 12    0.8442  2 00 x 08    0.6077  2 00 x 08    0.5867  2 00 x 08
0.8812  2 00 x 08    0.8448  2 00 x 12    0.6082  2 00 x 12    0.5872  2 00 x 12
0.8911  2 00 x 10    0.8499  2 00 x 10    0.6176  2 00 x 10    0.5940  2 00 x 10
---Benchmark Program Finished---
