
./testbench_2kary.sh g++ O3 MontgomeryFull __uint128_t 191 8 40 -DTEST_ARRAY -DHURCHALLA_MONTGOMERY_POW_2KARY_USE_CSELECT_ON_BIT -DHURCHALLA_ALLOW_INLINE_ASM_ALL

compilation finished, now executing:
---Running Program---

begin benchmarks - array pow
(ignore)251318326240536503308785632794580174688

OVERALL BEST:
1.4004  4 01 x 06
1.4028  4 01 x 07
1.4071  4 01 x 05
1.4157  4 01 x 08
1.4404  4 01 x 04
1.4416  4 01 x 10
1.4429  3 01 x 06
1.4448  4 01 x 12
1.4500  3 01 x 05
1.4661  3 01 x 07
1.4732  3 01 x 10
1.4734  3 01 x 04
1.4805  4 00 x 06
1.4819  3 01 x 12
1.4819  3 01 x 08
1.4856  4 00 x 08
1.4890  4 01 t 04
1.4894  4 00 x 07
1.4899  4 00 x 05
1.4955  4 01 t 05
1.4963  4 01 t 06
1.4969  5 01 x 06
1.4975  4 01 t 08
1.4979  5 01 x 05
1.4999  5 01 x 07
1.5062  4 00 x 12
1.5075  4 01 t 07
1.5156  5 01 x 08
1.5180  4 00 x 10
1.5218  5 01 x 04
1.5247  3 01 t 04
1.5252  4 00 x 04
1.5289  5 01 x 12
1.5360  3 01 t 05
1.5363  5 01 x 10
1.5367  4 01 t 12
1.5446  3 01 t 06
1.5505  3 00 x 07
1.5527  3 00 x 08
1.5528  3 00 x 06
1.5546  4 01 t 10
1.5564  3 00 x 05
1.5571  5 00 x 06
1.5574  3 01 t 07
1.5600  5 00 x 07
1.5622  4 00 t 05
1.5624  3 01 t 10
1.5628  5 00 x 08
1.5653  3 00 x 10
1.5656  5 00 x 05
1.5680  3 01 t 12
1.5684  3 00 x 12
1.5697  3 01 t 08
1.5737  4 00 t 06
1.5754  4 00 t 04
1.5758  4 00 t 07
1.5768  5 00 x 10
1.5813  5 01 t 05
1.5885  4 00 t 08
1.5887  5 01 t 04
1.5907  5 00 x 12
1.5934  5 01 t 06
1.5960  3 00 x 04
1.5963  4 00 t 10
1.5963  5 01 t 07
1.5995  5 00 x 04
1.6151  3 00 t 05
1.6152  5 01 t 08
1.6173  2 01 x 05
1.6189  4 01 t 03
1.6204  4 00 t 12
1.6246  2 01 x 06
1.6259  5 01 t 10
1.6361  3 00 t 06
1.6364  2 01 x 04
1.6366  5 00 t 05
1.6381  3 00 t 04
1.6385  2 01 x 07
1.6446  5 00 t 04
1.6454  5 00 t 06
1.6526  4 01 x 03
1.6547  5 01 t 12
1.6609  3 01 t 03
1.6610  2 01 x 10
1.6625  2 01 x 08
1.6630  5 00 t 08
1.6644  3 00 t 07
1.6681  2 01 x 12
1.6734  5 00 t 07
1.6802  2 01 t 05
1.6803  3 00 t 12
1.6814  2 01 t 08
1.6836  5 00 t 10
1.6836  3 00 t 10
1.6962  3 01 x 03
1.6974  2 01 t 07
1.7000  5 01 t 03
1.7010  2 01 t 06
1.7098  4 00 x 03
1.7114  4 00 t 03
1.7149  2 01 t 10
1.7217  2 01 t 04
1.7437  2 01 t 12
1.7613  3 00 t 08
1.7660  5 01 x 03
1.7686  3 00 t 03
1.7812  5 00 x 03
1.7813  2 00 x 05
1.7815  5 00 t 03
1.7828  3 00 x 03
1.7834  2 00 x 06
1.7841  2 00 x 07
1.7867  2 00 x 08
1.7887  2 00 x 12
1.8007  2 00 x 10
1.8262  2 00 x 04
1.8376  2 01 x 03
1.8572  2 00 t 05
1.8659  2 00 t 07
1.8672  2 01 t 03
1.8690  2 00 t 06
1.8717  2 00 t 08
1.8724  2 00 t 04
1.8828  2 00 t 10
1.8934  2 00 t 12
2.0031  2 00 x 03
2.1171  2 00 t 03
2.1382  4 01 t 02
2.1639  4 00 t 02
2.1894  5 00 t 12
2.2100  5 01 t 02
2.2291  5 00 t 02
2.2498  3 00 t 02
2.2603  3 01 t 02
2.2699  4 01 x 02
2.2810  4 00 x 02
2.3173  5 01 x 02
2.3289  5 00 x 02
2.3565  3 01 x 02
2.3636  3 00 x 02
2.5162  2 01 t 02
2.5316  2 00 t 02
2.5917  2 01 x 02
2.6318  2 00 x 02
Timings By Test Type:
0.4082  4 01 x 06    0.4094  4 01 x 07    0.2917  4 01 x 06    0.2908  4 01 x 06
0.4082  4 01 x 07    0.4097  4 01 x 06    0.2927  4 01 x 05    0.2918  4 01 x 07
0.4094  4 01 x 08    0.4106  4 01 x 05    0.2934  4 01 x 07    0.2922  4 01 x 08
0.4109  4 01 x 05    0.4176  4 01 x 08    0.2965  4 01 x 08    0.2928  4 01 x 05
0.4204  4 01 x 12    0.4203  4 01 x 04    0.2966  3 01 x 06    0.2964  3 01 x 06
0.4205  4 01 x 04    0.4206  4 01 x 10    0.2988  3 01 x 05    0.2975  3 01 x 05
0.4207  4 01 x 10    0.4208  4 01 x 12    0.2990  4 01 x 04    0.2999  4 01 x 10
0.4251  3 01 x 06    0.4247  3 01 x 06    0.3003  4 01 x 10    0.3006  4 01 x 04
0.4279  3 01 x 05    0.4259  3 01 x 05    0.3024  4 01 x 12    0.3013  4 01 x 12
0.4285  5 01 x 07    0.4269  3 01 x 07    0.3024  3 01 x 04    0.3025  3 01 x 04
0.4288  3 01 x 10    0.4290  5 01 x 06    0.3043  3 01 x 07    0.3033  3 01 x 07
0.4290  5 01 x 06    0.4302  5 01 x 07    0.3054  3 01 x 08    0.3061  3 01 x 12
0.4313  4 00 x 08    0.4303  3 01 x 10    0.3067  4 00 x 06    0.3068  3 01 x 10
0.4316  5 01 x 05    0.4310  4 00 x 08    0.3073  3 01 x 10    0.3078  4 00 x 06
0.4317  3 01 x 07    0.4324  5 01 x 05    0.3075  4 00 x 07    0.3085  3 01 x 08
0.4317  4 01 t 08    0.4330  3 01 x 12    0.3076  3 01 x 12    0.3095  4 01 t 05
0.4322  4 00 x 06    0.4335  5 01 x 08    0.3080  4 01 t 04    0.3103  4 00 x 05
0.4337  4 01 t 06    0.4337  4 00 x 06    0.3086  4 00 x 08    0.3108  4 01 t 04
0.4339  3 01 x 08    0.4338  3 01 x 04    0.3089  4 00 x 05    0.3115  4 01 t 06
0.4346  4 00 x 07    0.4342  3 01 x 08    0.3106  4 01 t 05    0.3126  3 01 t 04
0.4346  4 01 t 04    0.4347  4 00 x 07    0.3118  4 01 t 06    0.3127  4 00 x 07
0.4346  3 01 x 04    0.4356  4 01 t 04    0.3128  3 01 t 04    0.3140  4 01 t 08
0.4347  5 01 x 08    0.4360  4 00 x 05    0.3131  4 01 t 08    0.3147  4 00 x 08
0.4347  4 00 x 05    0.4377  4 01 t 05    0.3136  4 00 x 12    0.3151  4 00 x 12
0.4353  3 01 x 12    0.4378  4 01 t 07    0.3143  4 01 t 07    0.3153  3 01 t 05
0.4356  4 00 x 12    0.4386  5 01 x 04    0.3145  4 00 x 10    0.3158  4 00 x 04
0.4357  5 01 x 12    0.4387  4 01 t 08    0.3153  3 01 t 05    0.3162  4 01 t 07
0.4361  5 01 x 10    0.4393  4 01 t 06    0.3163  4 00 x 04    0.3169  5 01 x 05
0.4377  4 01 t 05    0.4400  5 01 x 12    0.3170  5 01 x 05    0.3170  4 00 x 10
0.4387  5 01 x 04    0.4419  4 00 x 12    0.3181  3 00 x 07    0.3176  5 01 x 06
0.4392  4 01 t 07    0.4432  4 00 x 10    0.3182  3 00 x 10    0.3187  5 01 x 07
0.4433  4 00 x 10    0.4443  5 01 x 10    0.3182  3 00 x 08    0.3187  3 00 x 06
0.4464  5 00 x 08    0.4462  5 00 x 08    0.3184  4 01 t 12    0.3187  3 00 x 05
0.4464  4 00 x 04    0.4467  4 00 x 04    0.3184  3 00 x 06    0.3189  4 01 t 12
0.4467  5 00 x 07    0.4467  5 00 x 07    0.3188  3 00 x 05    0.3190  3 01 t 06
0.4480  5 00 x 06    0.4481  5 00 x 06    0.3192  3 01 t 06    0.3193  3 00 x 07
0.4482  3 01 t 04    0.4494  4 01 t 12    0.3201  3 01 t 07    0.3203  3 01 t 07
0.4493  5 00 x 10    0.4504  5 00 x 05    0.3213  5 01 x 06    0.3210  3 01 t 10
0.4500  4 01 t 12    0.4511  3 01 t 04    0.3219  5 01 x 04    0.3211  3 01 t 12
0.4509  5 00 x 05    0.4519  3 01 t 06    0.3223  3 01 t 10    0.3226  5 01 x 04
0.4528  3 01 t 05    0.4525  3 01 t 05    0.3225  5 01 x 07    0.3227  4 00 t 05
0.4534  4 01 t 10    0.4542  4 01 t 10    0.3230  3 01 t 12    0.3228  3 01 t 08
0.4536  5 00 x 12    0.4549  5 00 x 10    0.3232  3 01 t 08    0.3236  4 01 t 10
0.4544  3 01 t 06    0.4558  3 00 x 07    0.3234  3 00 x 12    0.3236  3 00 x 08
0.4552  3 00 x 08    0.4558  3 00 x 08    0.3235  4 01 t 10    0.3238  5 01 x 08
0.4554  5 01 t 07    0.4560  5 01 t 05    0.3235  5 01 x 08    0.3251  5 01 x 12
0.4555  5 01 t 05    0.4561  5 00 x 12    0.3252  4 00 t 05    0.3253  4 00 t 06
0.4560  4 00 t 07    0.4574  3 00 x 06    0.3278  3 00 x 04    0.3256  3 00 x 10
0.4562  4 00 t 05    0.4578  5 01 t 04    0.3280  4 00 t 04    0.3261  3 00 x 12
0.4564  3 00 x 12    0.4580  4 00 t 05    0.3281  5 01 x 10    0.3262  4 00 t 04
0.4566  3 00 x 10    0.4583  5 01 t 06    0.3282  5 01 x 12    0.3277  5 01 x 10
0.4572  5 01 t 06    0.4583  3 01 t 07    0.3284  5 00 x 06    0.3281  3 00 x 04
0.4573  3 00 x 07    0.4590  3 01 t 10    0.3296  5 00 x 07    0.3291  4 00 t 07
0.4574  5 01 t 04    0.4598  4 00 t 06    0.3300  2 01 x 05    0.3293  3 00 t 05
0.4576  4 00 t 06    0.4600  3 00 x 05    0.3302  4 00 t 07    0.3306  2 01 x 05
0.4583  3 00 x 06    0.4603  5 00 x 04    0.3309  2 01 x 06    0.3310  5 00 x 05
0.4585  4 00 t 08    0.4604  4 00 t 04    0.3310  4 00 t 06    0.3313  4 00 t 10
0.4587  3 01 t 07    0.4605  4 00 t 07    0.3313  4 00 t 10    0.3316  5 00 x 10
0.4589  3 00 x 05    0.4608  3 01 t 08    0.3327  4 00 t 12    0.3325  3 00 t 06
0.4601  3 01 t 10    0.4617  3 01 t 12    0.3334  5 00 x 05    0.3325  5 00 x 06
0.4607  5 00 x 04    0.4623  5 01 t 07    0.3338  3 00 t 05    0.3326  4 00 t 08
0.4608  4 00 t 04    0.4625  3 00 x 12    0.3338  2 01 x 04    0.3338  3 00 t 04
0.4622  3 01 t 12    0.4626  4 00 t 08    0.3345  5 00 x 08    0.3338  2 01 x 04
0.4629  3 01 t 08    0.4650  3 00 x 10    0.3348  4 00 t 08    0.3343  5 01 t 05
0.4634  5 01 t 08    0.4662  4 00 t 10    0.3354  4 01 t 03    0.3356  4 01 t 03
0.4644  5 01 t 10    0.4680  5 01 t 08    0.3355  5 01 t 05    0.3357  5 00 x 08
0.4674  4 00 t 10    0.4683  5 00 t 05    0.3362  5 01 t 04    0.3367  4 00 t 12
0.4693  3 00 x 04    0.4689  5 01 t 10    0.3369  5 01 t 06    0.3369  5 00 x 07
0.4711  5 00 t 05    0.4708  3 00 x 04    0.3377  3 00 t 04    0.3372  2 01 x 06
0.4713  5 00 t 06    0.4715  5 00 t 06    0.3382  3 00 t 07    0.3373  5 01 t 04
0.4735  5 00 t 04    0.4741  4 01 t 03    0.3388  5 00 x 04    0.3379  5 01 t 07
0.4737  4 01 t 03    0.4752  5 00 t 04    0.3399  2 01 x 07    0.3381  2 01 x 07
0.4749  4 00 t 12    0.4755  3 00 t 05    0.3401  2 01 x 10    0.3396  5 01 t 08
0.4750  5 01 t 12    0.4758  5 01 t 12    0.3401  3 01 t 03    0.3397  5 00 x 04
0.4765  3 00 t 05    0.4762  4 00 t 12    0.3407  2 01 x 08    0.3398  2 01 x 10
0.4767  5 00 t 08    0.4764  5 00 t 07    0.3407  5 01 t 07    0.3401  2 01 x 08
0.4773  2 01 x 07    0.4786  2 01 x 06    0.3408  5 00 x 12    0.3402  3 01 t 03
0.4779  2 01 x 06    0.4788  2 01 x 05    0.3410  2 01 x 12    0.3402  5 00 x 12
0.4779  2 01 x 05    0.4804  5 00 t 08    0.3410  5 00 x 10    0.3408  2 01 x 12
0.4803  3 00 t 06    0.4804  3 00 t 06    0.3422  4 01 x 03    0.3409  5 01 t 06
0.4810  5 00 t 10    0.4827  3 00 t 04    0.3429  3 00 t 06    0.3414  4 01 x 03
0.4839  3 00 t 04    0.4832  2 01 x 07    0.3441  5 01 t 08    0.3425  3 00 t 07
0.4845  4 01 x 03    0.4839  2 01 x 04    0.3453  3 00 t 12    0.3448  5 00 t 05
0.4848  2 01 x 04    0.4845  4 01 x 03    0.3455  2 01 t 05    0.3460  3 00 t 12
0.4850  5 00 t 07    0.4876  5 00 t 10    0.3460  5 01 t 10    0.3465  2 01 t 05
0.4879  3 00 t 07    0.4901  3 01 t 03    0.3462  2 01 t 08    0.3466  5 01 t 10
0.4879  2 01 x 10    0.4902  2 01 t 05    0.3469  3 01 x 03    0.3468  2 01 t 08
0.4884  2 01 x 08    0.4914  3 00 t 10    0.3480  2 01 t 07    0.3474  5 00 t 04
0.4906  3 01 t 03    0.4918  5 01 t 03    0.3485  5 00 t 04    0.3474  3 01 x 03
0.4909  5 01 t 03    0.4932  2 01 x 10    0.3486  2 01 t 06    0.3485  2 01 t 07
0.4926  3 00 t 10    0.4933  2 01 x 12    0.3503  3 00 t 10    0.3486  2 01 t 06
0.4928  2 01 t 08    0.4933  2 01 x 08    0.3505  5 00 t 06    0.3493  3 00 t 10
0.4930  2 01 x 12    0.4943  3 00 t 12    0.3513  2 01 t 10    0.3512  5 01 t 12
0.4948  3 00 t 12    0.4956  2 01 t 08    0.3518  2 01 t 04    0.3516  5 00 t 08
0.4963  2 01 t 07    0.4958  3 00 t 07    0.3523  4 00 x 03    0.3519  2 01 t 04
0.4980  2 01 t 05    0.5010  3 01 x 03    0.3524  5 00 t 05    0.3521  5 00 t 06
0.5008  3 01 x 03    0.5020  4 00 t 03    0.3527  5 01 t 12    0.3522  2 01 t 10
0.5015  2 01 t 06    0.5024  2 01 t 06    0.3543  4 00 t 03    0.3531  4 00 x 03
0.5017  4 00 t 03    0.5025  4 00 x 03    0.3543  5 00 t 08    0.3534  4 00 t 03
0.5020  4 00 x 03    0.5047  2 01 t 07    0.3562  5 00 t 07    0.3556  2 01 t 12
0.5034  2 01 t 10    0.5081  2 01 t 10    0.3566  2 01 t 12    0.3557  5 00 t 07
0.5082  2 01 t 04    0.5097  2 01 t 04    0.3585  5 00 t 10    0.3566  5 00 t 10
0.5115  5 01 x 03    0.5104  5 01 x 03    0.3585  5 01 t 03    0.3587  5 01 t 03
0.5138  2 01 t 12    0.5156  5 00 x 03    0.3609  3 00 t 08    0.3616  3 00 t 03
0.5144  5 00 t 03    0.5167  5 00 t 03    0.3617  3 00 t 03    0.3631  3 00 t 08
0.5145  5 00 x 03    0.5175  3 00 t 08    0.3620  2 00 x 05    0.3632  2 00 x 12
0.5198  3 00 t 08    0.5176  2 01 t 12    0.3623  2 00 x 08    0.3637  2 00 x 06
0.5241  3 00 t 03    0.5212  3 00 t 03    0.3628  2 00 x 07    0.3643  2 00 x 05
0.5253  2 00 x 10    0.5256  2 00 x 07    0.3644  2 00 x 06    0.3661  3 00 x 03
0.5254  2 00 x 08    0.5263  3 00 x 03    0.3649  3 00 x 03    0.3694  2 00 x 07
0.5255  3 00 x 03    0.5280  2 00 x 06    0.3680  2 00 x 12    0.3703  2 00 x 08
0.5263  2 00 x 07    0.5282  2 00 x 05    0.3683  2 00 x 10    0.3714  2 00 x 10
0.5263  2 00 x 12    0.5287  2 00 x 08    0.3723  5 01 x 03    0.3718  5 01 x 03
0.5268  2 00 x 05    0.5311  2 00 x 12    0.3732  2 00 x 04    0.3726  2 00 x 04
0.5273  2 00 x 06    0.5357  2 00 x 10    0.3753  5 00 t 03    0.3738  2 01 x 03
0.5409  2 00 x 04    0.5395  2 00 x 04    0.3763  5 00 x 03    0.3747  5 00 x 03
0.5444  2 01 x 03    0.5431  2 01 x 03    0.3763  2 01 x 03    0.3751  5 00 t 03
0.5476  2 00 t 05    0.5473  2 00 t 07    0.3795  2 01 t 03    0.3780  2 00 t 05
0.5479  2 00 t 10    0.5489  2 00 t 05    0.3814  2 00 t 04    0.3790  2 01 t 03
0.5501  2 00 t 07    0.5520  2 00 t 06    0.3827  2 00 t 05    0.3808  2 00 t 06
0.5527  2 00 t 06    0.5523  2 00 t 08    0.3835  2 00 t 06    0.3809  2 00 t 08
0.5545  2 01 t 03    0.5542  2 01 t 03    0.3838  2 00 t 08    0.3812  2 00 t 04
0.5547  2 00 t 08    0.5546  2 00 t 04    0.3842  2 00 t 07    0.3842  2 00 t 07
0.5552  2 00 t 04    0.5577  2 00 t 12    0.3880  2 00 t 12    0.3869  2 00 t 12
0.5608  2 00 t 12    0.5586  2 00 t 10    0.3890  2 00 t 10    0.3873  2 00 t 10
0.5942  2 00 x 03    0.5938  2 00 x 03    0.4070  2 00 x 03    0.4080  2 00 x 03
0.6157  5 00 t 12    0.6272  5 00 t 12    0.4307  2 00 t 03    0.4306  2 00 t 03
0.6284  2 00 t 03    0.6274  2 00 t 03    0.4353  4 01 t 02    0.4359  4 01 t 02
0.6339  4 01 t 02    0.6331  4 01 t 02    0.4432  4 00 t 02    0.4410  4 00 t 02
0.6403  4 00 t 02    0.6394  4 00 t 02    0.4599  3 00 t 02    0.4593  3 00 t 02
0.6455  5 01 t 02    0.6440  5 01 t 02    0.4608  5 01 t 02    0.4596  5 01 t 02
0.6504  5 00 t 02    0.6503  5 00 t 02    0.4623  3 01 t 02    0.4607  3 01 t 02
0.6658  3 00 t 02    0.6647  3 00 t 02    0.4645  5 00 t 02    0.4639  5 00 t 02
0.6689  3 01 t 02    0.6676  4 01 x 02    0.4661  4 00 x 02    0.4653  4 01 x 02
0.6697  4 01 x 02    0.6683  3 01 t 02    0.4672  4 01 x 02    0.4684  4 00 x 02
0.6737  4 00 x 02    0.6728  4 00 x 02    0.4762  5 00 t 12    0.4703  5 00 t 12
0.6746  5 01 x 02    0.6761  5 01 x 02    0.4819  3 01 x 02    0.4805  3 01 x 02
0.6792  5 00 x 02    0.6778  5 00 x 02    0.4828  3 00 x 02    0.4806  3 00 x 02
0.6971  3 01 x 02    0.6970  3 01 x 02    0.4833  5 01 x 02    0.4833  5 01 x 02
0.7006  3 00 x 02    0.6996  3 00 x 02    0.4842  5 00 x 02    0.4876  5 00 x 02
0.7471  2 01 t 02    0.7457  2 01 t 02    0.5125  2 01 t 02    0.5108  2 01 t 02
0.7519  2 00 t 02    0.7531  2 00 t 02    0.5140  2 00 t 02    0.5127  2 00 t 02
0.7706  2 01 x 02    0.7689  2 01 x 02    0.5273  2 01 x 02    0.5249  2 01 x 02
0.7822  2 00 x 02    0.7813  2 00 x 02    0.5347  2 00 x 02    0.5336  2 00 x 02
---Benchmark Program Finished---
