
./testbench_2kary.sh g++ O3 MontgomeryHalf __uint128_t 191 8 40 -DTEST_ARRAY -DHURCHALLA_MONTGOMERY_POW_2KARY_USE_CSELECT_ON_BIT -DHURCHALLA_ALLOW_INLINE_ASM_ALL

compilation finished, now executing:
---Running Program---

begin benchmarks - array pow
(ignore)191842519652605806623837767804209934280

OVERALL BEST:
1.3516  4 01 x 08
1.3597  4 01 x 05
1.3606  4 01 x 12
1.3622  4 01 x 06
1.3653  4 01 x 07
1.3656  4 01 x 10
1.3657  4 00 x 07
1.3799  4 00 x 08
1.3818  4 00 x 05
1.3822  4 00 x 12
1.3865  4 01 x 04
1.3948  4 00 x 06
1.4000  3 01 x 08
1.4015  4 00 x 10
1.4024  3 01 x 05
1.4050  3 01 x 06
1.4062  3 01 x 07
1.4150  4 00 x 04
1.4180  3 00 x 07
1.4180  3 01 x 04
1.4186  3 01 x 10
1.4347  3 00 x 05
1.4354  3 01 x 12
1.4360  3 00 x 08
1.4361  5 01 x 08
1.4391  3 00 x 06
1.4439  3 00 x 10
1.4442  5 01 x 05
1.4445  5 01 x 10
1.4456  5 01 x 07
1.4457  5 01 x 06
1.4492  5 01 x 12
1.4596  5 00 x 07
1.4600  5 00 x 08
1.4714  5 00 x 05
1.4730  5 01 x 04
1.4744  5 00 x 06
1.4754  5 00 x 10
1.4799  3 00 x 04
1.4873  5 00 x 12
1.4933  3 00 x 12
1.4983  5 00 x 04
1.5148  4 01 x 03
1.5252  3 01 x 03
1.5412  4 00 x 03
1.5635  3 00 x 03
1.5911  2 01 x 05
1.5911  5 01 x 03
1.5980  2 01 x 08
1.6069  5 00 x 03
1.6080  2 01 x 07
1.6111  2 01 x 10
1.6125  2 01 x 04
1.6179  2 01 x 06
1.6269  2 00 x 05
1.6370  2 00 x 06
1.6437  2 00 x 08
1.6444  2 01 x 12
1.6668  2 00 x 07
1.6713  2 00 x 12
1.6936  2 00 x 10
1.7032  2 00 x 04
1.9081  4 01 x 02
1.9541  4 00 x 02
1.9727  5 01 x 02
1.9945  5 00 x 02
2.1205  2 01 x 03
2.1258  3 01 x 02
2.1343  2 00 x 03
2.1348  3 00 x 02
2.2702  2 01 x 02
2.3007  2 00 x 02
Timings By Test Type:
0.3942  4 01 x 08    0.3941  4 01 x 08    0.2810  4 01 x 08    0.2823  4 01 x 08
0.3968  4 01 x 05    0.3957  4 01 x 05    0.2835  4 01 x 05    0.2835  4 01 x 12
0.3970  4 01 x 12    0.3964  4 01 x 12    0.2837  4 01 x 12    0.2837  4 01 x 05
0.3970  4 01 x 06    0.3972  4 01 x 06    0.2841  4 01 x 06    0.2840  4 01 x 06
0.3970  4 01 x 07    0.3974  4 01 x 10    0.2844  4 01 x 07    0.2844  4 01 x 07
0.3975  4 00 x 07    0.3988  4 00 x 07    0.2845  4 00 x 07    0.2849  4 01 x 10
0.3981  4 01 x 10    0.3994  4 01 x 07    0.2851  4 01 x 10    0.2849  4 00 x 07
0.4022  4 00 x 08    0.4031  4 00 x 12    0.2871  4 00 x 08    0.2874  4 00 x 08
0.4031  4 00 x 05    0.4032  4 00 x 08    0.2878  4 00 x 05    0.2874  4 00 x 05
0.4038  4 00 x 12    0.4035  4 00 x 05    0.2878  4 00 x 12    0.2876  4 00 x 12
0.4044  4 01 x 04    0.4041  4 01 x 04    0.2883  4 01 x 04    0.2890  3 01 x 08
0.4060  4 00 x 06    0.4075  4 00 x 06    0.2890  3 01 x 08    0.2897  3 01 x 05
0.4092  4 00 x 10    0.4097  4 00 x 10    0.2901  3 01 x 06    0.2898  4 01 x 04
0.4114  3 01 x 08    0.4106  3 01 x 05    0.2902  3 01 x 07    0.2902  3 01 x 06
0.4117  5 01 x 08    0.4106  3 01 x 08    0.2903  3 01 x 05    0.2903  3 01 x 07
0.4119  3 01 x 05    0.4121  5 01 x 08    0.2907  4 00 x 06    0.2906  4 00 x 06
0.4123  3 01 x 06    0.4124  3 01 x 06    0.2918  4 00 x 10    0.2908  4 00 x 10
0.4130  3 01 x 07    0.4127  3 01 x 07    0.2924  3 01 x 04    0.2925  3 00 x 07
0.4142  4 00 x 04    0.4138  5 01 x 05    0.2926  3 01 x 10    0.2928  3 01 x 04
0.4146  5 01 x 10    0.4138  4 00 x 04    0.2926  3 00 x 07    0.2930  3 01 x 10
0.4147  5 01 x 05    0.4142  5 01 x 10    0.2938  4 00 x 04    0.2933  4 00 x 04
0.4147  5 01 x 06    0.4147  5 01 x 07    0.2957  3 00 x 05    0.2962  3 00 x 05
0.4154  5 01 x 12    0.4148  5 01 x 06    0.2960  3 00 x 08    0.2964  3 00 x 08
0.4154  5 01 x 07    0.4155  5 01 x 12    0.2962  3 00 x 06    0.2965  3 01 x 12
0.4163  3 01 x 04    0.4163  3 00 x 07    0.2969  3 01 x 12    0.2976  3 00 x 06
0.4165  3 00 x 07    0.4164  3 01 x 10    0.2973  3 00 x 10    0.2984  3 00 x 10
0.4166  3 01 x 10    0.4164  3 01 x 04    0.3060  5 01 x 08    0.3049  3 00 x 04
0.4194  5 00 x 07    0.4190  5 00 x 07    0.3061  3 00 x 04    0.3064  5 01 x 08
0.4197  5 00 x 08    0.4198  5 00 x 08    0.3076  5 01 x 10    0.3076  5 01 x 05
0.4214  3 01 x 12    0.4207  3 01 x 12    0.3078  5 01 x 07    0.3077  5 01 x 07
0.4215  3 00 x 08    0.4212  3 00 x 05    0.3079  5 01 x 06    0.3081  5 01 x 10
0.4217  3 00 x 05    0.4221  3 00 x 08    0.3079  3 00 x 12    0.3082  3 00 x 12
0.4222  3 00 x 06    0.4229  5 00 x 05    0.3082  5 01 x 05    0.3082  5 01 x 06
0.4227  5 00 x 06    0.4231  3 00 x 06    0.3089  5 01 x 12    0.3095  5 01 x 12
0.4229  5 01 x 04    0.4234  5 01 x 04    0.3104  5 00 x 07    0.3100  5 00 x 08
0.4232  5 00 x 05    0.4235  5 00 x 06    0.3106  5 00 x 08    0.3109  5 00 x 07
0.4238  5 00 x 10    0.4237  5 00 x 10    0.3117  5 00 x 05    0.3131  5 01 x 04
0.4242  3 00 x 10    0.4240  3 00 x 10    0.3122  3 01 x 03    0.3135  5 00 x 05
0.4275  5 00 x 12    0.4265  5 00 x 12    0.3136  5 01 x 04    0.3139  5 00 x 10
0.4309  5 00 x 04    0.4302  5 00 x 04    0.3138  4 01 x 03    0.3143  5 00 x 06
0.4352  3 00 x 04    0.4338  3 00 x 04    0.3139  5 00 x 06    0.3147  3 01 x 03
0.4385  3 00 x 12    0.4386  3 00 x 12    0.3141  5 00 x 10    0.3161  4 01 x 03
0.4427  4 01 x 03    0.4422  4 01 x 03    0.3168  5 00 x 12    0.3165  5 00 x 12
0.4491  3 01 x 03    0.4492  3 01 x 03    0.3182  5 00 x 04    0.3190  5 00 x 04
0.4501  4 00 x 03    0.4501  4 00 x 03    0.3204  4 00 x 03    0.3207  4 00 x 03
0.4567  3 00 x 03    0.4594  5 00 x 03    0.3230  3 00 x 03    0.3222  3 00 x 03
0.4572  5 01 x 03    0.4599  5 01 x 03    0.3256  2 01 x 05    0.3261  2 01 x 05
0.4622  5 00 x 03    0.4616  3 00 x 03    0.3263  2 01 x 08    0.3274  2 01 x 08
0.4699  2 01 x 05    0.4694  2 01 x 05    0.3293  2 01 x 07    0.3293  2 01 x 07
0.4718  2 01 x 08    0.4725  2 01 x 08    0.3294  2 01 x 10    0.3296  2 01 x 04
0.4750  2 01 x 10    0.4739  2 01 x 07    0.3299  2 01 x 04    0.3298  2 01 x 10
0.4754  2 01 x 07    0.4759  2 01 x 04    0.3308  2 01 x 06    0.3307  2 01 x 06
0.4770  2 01 x 04    0.4769  2 01 x 10    0.3333  2 00 x 05    0.3325  2 00 x 05
0.4787  2 01 x 06    0.4777  2 01 x 06    0.3352  2 00 x 06    0.3349  2 00 x 06
0.4805  2 00 x 05    0.4805  2 00 x 05    0.3362  2 00 x 08    0.3363  2 00 x 08
0.4833  2 00 x 06    0.4836  2 00 x 06    0.3364  2 01 x 12    0.3366  5 01 x 03
0.4858  2 01 x 12    0.4847  2 00 x 08    0.3374  5 01 x 03    0.3368  2 01 x 12
0.4864  2 00 x 08    0.4854  2 01 x 12    0.3410  2 00 x 07    0.3416  2 00 x 07
0.4919  2 00 x 07    0.4923  2 00 x 07    0.3427  5 00 x 03    0.3425  2 00 x 12
0.4933  2 00 x 12    0.4927  2 00 x 12    0.3428  2 00 x 12    0.3426  5 00 x 03
0.5004  2 00 x 10    0.5004  2 00 x 10    0.3460  2 00 x 04    0.3464  2 00 x 10
0.5040  2 00 x 04    0.5040  2 00 x 04    0.3464  2 00 x 10    0.3491  2 00 x 04
0.5608  4 01 x 02    0.5592  4 01 x 02    0.3939  4 00 x 02    0.3938  4 01 x 02
0.5771  5 01 x 02    0.5773  5 01 x 02    0.3943  4 01 x 02    0.4040  4 00 x 02
0.5787  4 00 x 02    0.5775  4 00 x 02    0.4052  5 01 x 02    0.4120  5 00 x 02
0.5860  5 00 x 02    0.5828  5 00 x 02    0.4136  5 00 x 02    0.4131  5 01 x 02
0.6230  2 01 x 03    0.6241  3 01 x 02    0.4315  2 01 x 03    0.4323  3 01 x 02
0.6244  2 00 x 03    0.6252  3 00 x 02    0.4340  3 01 x 02    0.4351  2 01 x 03
0.6353  3 01 x 02    0.6309  2 01 x 03    0.4366  3 00 x 02    0.4354  3 00 x 02
0.6376  3 00 x 02    0.6348  2 00 x 03    0.4384  2 00 x 03    0.4367  2 00 x 03
0.6753  2 01 x 02    0.6682  2 01 x 02    0.4639  2 00 x 02    0.4610  2 01 x 02
0.6853  2 00 x 02    0.6791  2 00 x 02    0.4657  2 01 x 02    0.4724  2 00 x 02
---Benchmark Program Finished---
