
./testbench_2kary.sh clang++ O3 MontgomeryFull __uint128_t 191 8 40 -DTEST_ARRAY -DHURCHALLA_MONTGOMERY_POW_2KARY_USE_CSELECT_ON_BIT -DHURCHALLA_ALLOW_INLINE_ASM_ALL

compilation finished, now executing:
---Running Program---

begin benchmarks - array pow
(ignore)251318326240536503308785632794580174688

OVERALL BEST:
1.4585  4 01 t 04
1.4638  4 01 t 08
1.4819  4 01 t 07
1.4854  4 01 t 05
1.4871  4 01 t 06
1.4905  3 01 t 04
1.4909  4 00 t 04
1.4975  4 01 x 04
1.4987  4 00 t 08
1.5000  3 01 x 04
1.5006  4 00 t 06
1.5021  4 00 t 05
1.5062  4 00 t 07
1.5113  3 01 t 05
1.5120  4 01 x 05
1.5129  4 01 t 10
1.5147  3 01 t 06
1.5206  3 01 t 08
1.5223  4 01 t 12
1.5298  4 00 x 04
1.5354  4 00 x 05
1.5361  4 00 t 10
1.5375  4 01 x 06
1.5385  4 00 t 12
1.5406  3 00 t 05
1.5424  3 00 t 08
1.5438  5 01 t 04
1.5459  3 00 t 04
1.5465  5 01 t 08
1.5470  3 00 t 06
1.5516  3 01 t 07
1.5550  4 00 x 06
1.5579  5 01 t 06
1.5586  5 01 t 07
1.5595  3 00 x 04
1.5606  5 01 t 05
1.5607  3 01 x 05
1.5693  5 00 t 04
1.5701  5 00 t 08
1.5740  3 00 t 07
1.5742  4 00 x 08
1.5749  4 01 x 07
1.5756  4 01 x 08
1.5764  5 00 t 05
1.5765  5 00 t 06
1.5775  5 00 t 07
1.5791  5 01 x 04
1.5838  4 00 x 07
1.5869  3 01 x 06
1.5898  5 01 x 05
1.5902  3 01 t 10
1.5913  3 00 x 05
1.5932  3 00 t 10
1.5961  5 01 t 10
1.5979  3 01 t 12
1.6031  5 00 t 10
1.6033  5 00 x 04
1.6037  3 00 t 12
1.6097  5 00 x 05
1.6125  5 00 t 12
1.6169  5 01 x 06
1.6209  3 01 x 08
1.6212  3 00 x 06
1.6245  3 00 x 08
1.6291  3 01 x 07
1.6317  5 00 x 06
1.6371  4 01 t 03
1.6466  3 00 x 07
1.6492  5 01 x 07
1.6496  4 01 x 10
1.6510  5 01 x 08
1.6547  5 00 x 08
1.6560  5 01 t 12
1.6562  4 01 x 03
1.6591  5 00 x 07
1.6649  4 00 t 03
1.6656  2 01 t 04
1.6731  4 00 x 10
1.6904  4 00 x 03
1.6918  4 01 x 12
1.6976  2 01 x 04
1.6989  2 01 t 05
1.6995  4 00 x 12
1.7013  3 01 t 03
1.7064  2 01 t 06
1.7076  5 01 t 03
1.7086  2 01 t 08
1.7121  3 01 x 10
1.7125  2 01 x 05
1.7154  2 01 t 07
1.7230  5 00 t 03
1.7261  2 00 t 08
1.7279  5 01 x 10
1.7316  2 01 x 06
1.7320  3 00 t 03
1.7387  3 00 x 10
1.7399  2 00 t 06
1.7411  5 01 x 03
1.7450  2 00 t 05
1.7461  2 00 t 07
1.7471  2 00 t 04
1.7475  5 00 x 10
1.7498  3 01 x 12
1.7521  3 01 x 03
1.7561  5 00 x 03
1.7611  3 00 x 03
1.7620  3 00 x 12
1.7642  2 00 x 04
1.7663  2 01 x 07
1.7667  5 01 x 12
1.7726  5 00 x 12
1.7833  2 01 t 10
1.7858  2 00 t 10
1.7863  2 00 x 06
1.7941  2 00 x 05
1.8032  2 01 x 08
1.8089  2 00 x 07
1.8123  2 00 t 12
1.8394  2 00 x 08
1.9093  2 01 x 10
1.9106  2 01 t 03
1.9446  2 00 x 10
1.9526  2 00 t 03
1.9536  2 01 x 03
1.9561  2 00 x 03
1.9597  2 01 x 12
1.9999  2 00 x 12
2.0625  2 01 t 12
2.1310  4 01 t 02
2.1343  4 00 t 02
2.1787  5 00 t 02
2.1891  5 01 t 02
2.2349  3 00 t 02
2.2389  3 01 t 02
2.2632  4 01 x 02
2.2733  4 00 x 02
2.3141  5 00 x 02
2.3163  5 01 x 02
2.3752  3 01 x 02
2.3792  3 00 x 02
2.5434  2 00 t 02
2.5441  2 01 t 02
2.6244  2 01 x 02
2.6340  2 00 x 02
Timings By Test Type:
0.4252  4 01 t 08    0.4253  4 01 t 08    0.3040  4 01 t 04    0.3017  4 01 t 04
0.4254  4 01 t 04    0.4275  4 01 t 04    0.3050  3 01 t 04    0.3066  4 01 t 07
0.4318  4 01 t 07    0.4355  4 01 t 05    0.3060  4 01 t 08    0.3069  3 01 t 04
0.4333  4 01 t 06    0.4360  4 01 t 07    0.3075  4 01 t 07    0.3073  4 01 t 08
0.4335  4 00 t 08    0.4367  4 00 t 04    0.3076  4 01 t 05    0.3084  3 01 x 04
0.4337  4 01 t 05    0.4367  4 01 t 06    0.3076  4 00 t 04    0.3087  4 01 t 05
0.4360  4 00 t 04    0.4374  4 01 t 10    0.3079  3 01 x 04    0.3088  4 01 t 06
0.4373  4 01 x 04    0.4395  4 00 t 05    0.3083  4 01 t 06    0.3100  3 01 t 05
0.4380  4 00 t 06    0.4397  3 01 t 04    0.3086  4 01 x 04    0.3106  4 00 t 04
0.4390  3 01 t 04    0.4404  4 01 x 04    0.3092  4 00 t 06    0.3112  4 01 x 04
0.4392  4 00 t 07    0.4411  4 01 t 12    0.3103  3 01 t 06    0.3115  4 00 t 06
0.4401  4 00 t 05    0.4418  4 00 t 06    0.3106  3 01 t 05    0.3116  4 00 t 08
0.4407  4 01 t 10    0.4418  4 00 t 08    0.3106  4 00 t 05    0.3119  4 00 t 05
0.4417  3 01 x 04    0.4419  3 01 x 04    0.3115  4 00 t 07    0.3124  4 00 t 07
0.4418  3 01 t 08    0.4430  4 00 t 07    0.3118  4 00 t 08    0.3127  3 01 t 06
0.4433  5 01 t 08    0.4438  4 01 x 05    0.3120  4 01 x 05    0.3127  3 01 t 08
0.4433  4 01 x 05    0.4449  5 01 t 08    0.3150  3 01 t 08    0.3129  4 01 x 05
0.4442  3 01 t 05    0.4453  5 01 t 04    0.3153  3 00 t 05    0.3164  3 00 t 08
0.4445  3 01 t 06    0.4464  3 01 t 05    0.3155  3 00 t 06    0.3165  3 00 t 06
0.4447  5 01 t 04    0.4472  3 01 t 06    0.3169  3 01 t 07    0.3165  4 01 t 10
0.4460  4 00 t 10    0.4484  4 00 x 04    0.3169  3 00 t 04    0.3168  4 00 x 04
0.4461  4 01 t 12    0.4499  5 01 t 06    0.3172  4 00 x 04    0.3168  3 00 t 05
0.4471  5 01 t 07    0.4503  4 00 x 05    0.3173  4 01 x 06    0.3172  4 01 t 12
0.4474  4 01 x 06    0.4504  4 01 x 06    0.3176  4 00 x 05    0.3173  4 00 x 05
0.4475  4 00 x 04    0.4509  5 01 t 07    0.3179  4 01 t 12    0.3179  3 00 t 04
0.4484  5 00 t 08    0.4511  3 01 t 08    0.3181  4 00 t 12    0.3182  4 00 t 12
0.4487  5 01 t 05    0.4512  5 01 t 05    0.3182  4 01 t 10    0.3185  4 00 t 10
0.4489  5 01 t 06    0.4523  4 00 t 12    0.3190  4 00 t 10    0.3195  3 00 x 04
0.4498  4 00 t 12    0.4525  4 00 t 10    0.3196  3 01 x 05    0.3196  3 01 t 07
0.4502  4 00 x 05    0.4537  5 00 t 04    0.3201  3 00 x 04    0.3220  3 01 x 05
0.4510  3 00 t 08    0.4539  3 00 t 05    0.3205  3 00 t 08    0.3224  4 01 x 06
0.4525  3 01 t 07    0.4544  3 00 t 08    0.3210  4 00 x 06    0.3225  3 00 t 07
0.4526  5 00 t 04    0.4548  5 00 t 05    0.3211  3 00 t 07    0.3239  4 00 x 06
0.4528  5 00 t 07    0.4559  5 00 t 06    0.3246  3 01 x 06    0.3260  5 01 t 04
0.4530  4 00 x 06    0.4564  5 00 t 08    0.3260  3 00 x 05    0.3260  3 00 x 05
0.4540  5 00 t 10    0.4565  5 01 x 04    0.3266  4 01 x 07    0.3266  4 00 x 08
0.4542  3 00 t 06    0.4567  3 00 t 04    0.3272  4 00 x 07    0.3267  3 00 t 10
0.4544  3 00 t 04    0.4569  5 00 t 07    0.3273  4 01 x 08    0.3277  3 01 t 10
0.4547  3 00 t 05    0.4571  4 00 x 06    0.3279  5 01 t 04    0.3277  4 01 x 07
0.4548  4 01 x 07    0.4580  5 01 t 10    0.3286  5 01 t 08    0.3277  4 01 x 08
0.4549  4 01 x 08    0.4592  4 00 x 08    0.3289  3 01 t 12    0.3288  3 01 t 12
0.4555  5 00 t 05    0.4593  5 01 x 05    0.3293  3 00 t 12    0.3291  3 00 t 12
0.4555  5 00 t 06    0.4593  3 00 x 04    0.3294  5 01 t 06    0.3297  5 01 t 08
0.4560  5 01 x 04    0.4608  3 00 t 06    0.3297  4 00 x 08    0.3298  5 01 t 06
0.4579  3 01 x 05    0.4612  3 01 x 05    0.3298  3 01 t 10    0.3299  5 01 t 05
0.4583  5 01 x 05    0.4625  3 01 t 07    0.3301  3 00 t 10    0.3303  5 01 t 07
0.4588  4 00 x 08    0.4638  4 00 x 07    0.3302  5 01 t 07    0.3313  3 01 x 06
0.4588  5 01 t 10    0.4645  5 00 x 04    0.3305  5 00 t 04    0.3317  4 00 x 07
0.4593  5 00 t 12    0.4655  5 00 x 05    0.3307  5 01 t 05    0.3318  5 00 t 06
0.4606  3 00 x 04    0.4657  4 01 x 08    0.3314  3 01 x 08    0.3324  5 00 t 04
0.4611  4 00 x 07    0.4658  4 01 x 07    0.3314  3 00 x 08    0.3334  5 00 t 08
0.4612  3 01 t 10    0.4660  3 01 x 06    0.3319  5 00 t 08    0.3336  5 01 x 04
0.4616  3 00 t 07    0.4667  5 01 x 06    0.3324  5 00 t 05    0.3337  5 00 t 05
0.4628  5 00 x 04    0.4671  5 00 t 10    0.3328  5 00 t 07    0.3346  3 01 x 08
0.4633  5 00 x 05    0.4680  5 00 t 12    0.3330  5 01 x 04    0.3348  3 00 x 06
0.4648  3 00 t 10    0.4688  3 00 t 07    0.3334  5 00 t 06    0.3350  5 00 t 07
0.4651  3 01 x 06    0.4700  5 00 x 06    0.3337  3 00 x 06    0.3356  3 01 x 07
0.4653  5 01 x 06    0.4707  3 00 x 05    0.3353  3 01 x 07    0.3365  5 01 x 05
0.4686  3 00 x 05    0.4712  3 01 t 12    0.3356  4 01 x 10    0.3373  5 00 x 04
0.4690  3 01 t 12    0.4714  3 01 t 10    0.3358  5 01 x 05    0.3374  3 00 x 08
0.4698  5 00 x 06    0.4716  3 00 t 10    0.3366  3 00 x 07    0.3390  4 01 t 03
0.4713  5 01 x 07    0.4723  3 00 t 12    0.3385  4 01 t 03    0.3391  5 00 x 05
0.4718  5 01 x 08    0.4755  5 00 x 08    0.3386  5 00 x 04    0.3393  5 01 t 10
0.4723  3 01 x 08    0.4755  5 01 t 12    0.3399  5 01 x 06    0.3401  2 01 t 04
0.4731  3 00 t 12    0.4777  5 00 x 07    0.3400  5 01 t 10    0.3407  5 00 t 10
0.4744  3 00 x 06    0.4779  3 00 x 08    0.3406  2 01 t 04    0.3418  3 00 x 07
0.4749  3 01 x 07    0.4782  3 00 x 06    0.3412  5 00 t 10    0.3425  5 00 t 12
0.4753  5 01 t 12    0.4797  4 01 t 03    0.3418  5 00 x 05    0.3436  4 01 x 10
0.4753  5 00 x 07    0.4803  5 01 x 07    0.3421  4 01 x 03    0.3439  4 01 x 03
0.4758  5 00 x 08    0.4808  5 01 x 08    0.3428  5 00 t 12    0.3448  4 00 x 10
0.4778  3 00 x 08    0.4826  3 01 x 08    0.3436  5 00 x 06    0.3450  5 01 x 06
0.4800  4 01 t 03    0.4833  3 01 x 07    0.3438  4 00 t 03    0.3454  4 00 t 03
0.4823  4 01 x 10    0.4852  4 01 x 03    0.3465  2 01 t 06    0.3462  2 01 x 04
0.4829  3 00 x 07    0.4854  3 00 x 07    0.3466  4 00 x 10    0.3472  2 01 t 05
0.4850  4 01 x 03    0.4882  4 01 x 10    0.3468  2 01 x 04    0.3476  3 01 t 03
0.4865  4 00 t 03    0.4893  4 00 t 03    0.3470  2 01 t 05    0.3478  2 01 x 05
0.4894  4 00 x 10    0.4923  4 00 x 10    0.3480  4 01 x 12    0.3479  2 01 t 06
0.4924  2 01 t 04    0.4925  2 01 t 04    0.3486  5 01 x 07    0.3484  5 00 x 06
0.4949  4 00 x 03    0.4966  4 00 x 03    0.3493  5 01 x 08    0.3488  4 00 x 03
0.4958  4 01 x 12    0.4968  5 01 t 03    0.3494  3 01 t 03    0.3490  5 01 x 07
0.4967  5 01 x 10    0.4987  4 01 x 12    0.3495  2 01 t 08    0.3492  5 01 x 08
0.4967  5 01 t 03    0.4994  4 00 x 12    0.3500  2 01 t 07    0.3493  4 01 x 12
0.4973  2 01 t 08    0.5014  2 01 x 04    0.3500  4 00 x 03    0.3501  2 01 t 07
0.4983  4 00 x 12    0.5020  5 00 t 03    0.3500  2 01 x 05    0.3508  4 00 x 12
0.5008  2 01 t 05    0.5029  3 01 t 03    0.3509  4 00 x 12    0.3508  2 01 t 08
0.5009  5 00 t 03    0.5039  2 01 t 05    0.3516  2 00 t 08    0.3512  5 00 x 08
0.5014  3 01 x 10    0.5044  5 01 x 10    0.3520  5 00 x 07    0.3522  5 01 t 12
0.5014  3 01 t 03    0.5061  3 01 x 10    0.3520  3 01 x 10    0.3526  3 01 x 10
0.5020  5 00 x 10    0.5078  5 00 x 10    0.3522  5 00 x 08    0.3534  2 01 x 06
0.5032  2 01 x 04    0.5078  5 01 x 03    0.3530  5 01 t 12    0.3540  5 00 x 07
0.5034  2 01 t 06    0.5080  2 01 x 05    0.3535  2 01 x 06    0.3548  2 00 t 08
0.5050  2 00 t 08    0.5086  2 01 t 06    0.3544  2 00 t 06    0.3555  2 00 t 06
0.5051  2 01 t 07    0.5102  2 01 t 07    0.3552  3 00 t 03    0.3555  2 00 t 04
0.5059  5 01 x 03    0.5109  2 01 t 08    0.3561  2 00 t 05    0.3556  3 00 t 03
0.5067  2 01 x 05    0.5112  3 00 t 03    0.3562  5 01 t 03    0.3559  2 00 t 07
0.5099  3 00 t 03    0.5123  5 00 x 03    0.3564  2 00 t 07    0.3565  2 00 t 05
0.5102  5 00 x 03    0.5128  3 00 x 10    0.3566  2 00 t 04    0.3568  3 00 x 10
0.5116  2 01 x 06    0.5132  2 01 x 06    0.3567  3 00 x 10    0.3579  5 01 t 03
0.5117  5 01 x 12    0.5135  5 01 x 12    0.3580  3 01 x 03    0.3589  2 00 x 04
0.5124  3 00 x 10    0.5146  2 00 t 08    0.3583  3 01 x 12    0.3591  3 01 x 12
0.5138  5 00 x 12    0.5148  5 00 x 12    0.3603  3 00 x 03    0.3594  5 00 t 03
0.5152  2 00 t 06    0.5149  2 00 t 06    0.3605  2 00 x 04    0.3596  2 01 x 07
0.5155  3 01 x 12    0.5164  2 00 t 05    0.3607  2 01 x 07    0.3596  3 01 x 03
0.5159  2 00 t 05    0.5168  3 01 x 12    0.3608  5 00 t 03    0.3609  3 00 x 03
0.5162  2 00 t 07    0.5176  2 00 t 04    0.3620  3 00 x 12    0.3612  3 00 x 12
0.5168  3 01 x 03    0.5177  3 01 x 03    0.3624  5 01 x 10    0.3641  2 00 x 06
0.5173  2 00 t 04    0.5177  2 00 t 07    0.3627  5 01 x 03    0.3644  5 01 x 10
0.5180  3 00 x 03    0.5193  3 00 x 12    0.3641  2 01 t 10    0.3645  2 01 t 10
0.5195  3 00 x 12    0.5218  3 00 x 03    0.3648  2 00 x 06    0.3647  5 01 x 03
0.5214  2 00 t 10    0.5231  2 00 x 04    0.3659  2 00 x 05    0.3654  2 00 t 10
0.5216  2 00 x 04    0.5241  2 01 x 07    0.3667  2 00 t 10    0.3659  2 00 x 05
0.5220  2 01 x 07    0.5295  2 00 x 06    0.3676  5 00 x 03    0.3660  5 00 x 03
0.5242  2 01 t 10    0.5305  2 01 t 10    0.3686  2 01 x 08    0.3677  2 00 x 07
0.5278  2 01 x 08    0.5318  2 00 x 05    0.3694  5 00 x 10    0.3682  5 00 x 10
0.5279  2 00 x 06    0.5323  2 00 t 10    0.3706  5 01 x 12    0.3698  2 01 x 08
0.5302  2 00 t 12    0.5359  2 00 x 07    0.3713  5 00 x 12    0.3709  5 01 x 12
0.5305  2 00 x 05    0.5370  2 01 x 08    0.3714  2 00 t 12    0.3723  2 00 t 12
0.5338  2 00 x 07    0.5384  2 00 t 12    0.3715  2 00 x 07    0.3727  5 00 x 12
0.5419  2 00 x 08    0.5393  2 00 x 08    0.3797  2 00 x 08    0.3786  2 00 x 08
0.5591  2 01 x 10    0.5650  2 01 t 03    0.3906  2 01 t 03    0.3892  2 01 t 03
0.5659  2 01 t 03    0.5689  2 01 x 10    0.3914  2 01 x 10    0.3899  2 01 x 10
0.5714  2 00 x 10    0.5728  2 00 x 10    0.3964  2 01 x 03    0.3982  2 00 t 03
0.5786  2 00 t 03    0.5785  2 01 x 03    0.3972  2 00 t 03    0.3986  2 01 x 03
0.5787  2 00 x 03    0.5787  2 00 t 03    0.3988  2 00 x 03    0.3989  2 00 x 03
0.5788  2 01 x 12    0.5797  2 00 x 03    0.4004  2 01 x 12    0.3993  2 01 x 12
0.5801  2 01 x 03    0.5813  2 01 x 12    0.4008  2 00 x 10    0.3997  2 00 x 10
0.5917  2 00 x 12    0.5926  2 00 x 12    0.4086  2 00 x 12    0.4069  2 00 x 12
0.6015  2 01 t 12    0.6154  2 01 t 12    0.4230  2 01 t 12    0.4226  2 01 t 12
0.6300  4 01 t 02    0.6320  4 01 t 02    0.4347  4 01 t 02    0.4320  4 00 t 02
0.6323  4 00 t 02    0.6348  4 00 t 02    0.4353  4 00 t 02    0.4343  4 01 t 02
0.6386  5 00 t 02    0.6394  5 00 t 02    0.4488  5 00 t 02    0.4509  3 01 t 02
0.6445  5 01 t 02    0.6414  5 01 t 02    0.4518  5 01 t 02    0.4514  5 01 t 02
0.6633  3 00 t 02    0.6670  3 00 t 02    0.4525  3 00 t 02    0.4519  5 00 t 02
0.6660  3 01 t 02    0.6677  3 01 t 02    0.4544  3 01 t 02    0.4521  3 00 t 02
0.6718  4 01 x 02    0.6742  4 01 x 02    0.4588  4 01 x 02    0.4584  4 01 x 02
0.6723  4 00 x 02    0.6769  4 00 x 02    0.4610  4 00 x 02    0.4630  4 00 x 02
0.6787  5 01 x 02    0.6809  5 01 x 02    0.4766  5 00 x 02    0.4776  5 00 x 02
0.6788  5 00 x 02    0.6811  5 00 x 02    0.4780  5 01 x 02    0.4786  5 01 x 02
0.7010  3 01 x 02    0.7043  3 01 x 02    0.4853  3 01 x 02    0.4847  3 01 x 02
0.7027  3 00 x 02    0.7046  3 00 x 02    0.4863  3 00 x 02    0.4856  3 00 x 02
0.7525  2 01 t 02    0.7531  2 00 t 02    0.5171  2 00 t 02    0.5171  2 00 t 02
0.7562  2 00 t 02    0.7560  2 01 t 02    0.5182  2 01 t 02    0.5173  2 01 t 02
0.7783  2 01 x 02    0.7812  2 01 x 02    0.5326  2 01 x 02    0.5323  2 01 x 02
0.7803  2 00 x 02    0.7842  2 00 x 02    0.5361  2 00 x 02    0.5333  2 00 x 02
---Benchmark Program Finished---
