
./testbench_2kary.sh clang++ O3 MontgomeryQuarter __uint128_t 191 8 40 -DTEST_ARRAY -DHURCHALLA_MONTGOMERY_POW_2KARY_USE_CSELECT_ON_BIT -DHURCHALLA_ALLOW_INLINE_ASM_ALL

compilation finished, now executing:
---Running Program---

begin benchmarks - array pow
(ignore)219437624277362681049646736861362201740

OVERALL BEST:
1.3010  4 01 x 04
1.3230  4 01 x 08
1.3400  4 01 x 05
1.3426  4 00 x 08
1.3445  3 01 x 04
1.3508  4 01 x 06
1.3563  3 01 x 08
1.3571  4 00 x 04
1.3607  4 01 x 07
1.3713  4 00 x 05
1.3738  4 00 x 06
1.3768  4 00 x 07
1.3779  3 00 x 08
1.3810  4 01 x 10
1.3830  3 01 x 05
1.3870  5 01 x 04
1.3887  4 01 x 12
1.3959  3 01 x 06
1.3991  3 01 x 07
1.4003  3 00 x 04
1.4003  5 01 x 08
1.4008  4 00 x 10
1.4062  4 00 x 12
1.4131  3 00 x 05
1.4145  5 01 x 05
1.4153  3 00 x 06
1.4154  5 00 x 08
1.4216  5 01 x 06
1.4286  5 00 x 05
1.4291  3 01 x 10
1.4297  3 00 x 07
1.4312  5 01 x 07
1.4332  5 00 x 04
1.4367  3 01 x 12
1.4400  5 00 x 07
1.4401  5 00 x 06
1.4519  5 01 x 10
1.4559  3 00 x 10
1.4594  5 01 x 12
1.4608  3 00 x 12
1.4626  5 00 x 10
1.4737  5 00 x 12
1.4761  4 01 x 03
1.4821  4 00 x 03
1.4984  2 01 x 04
1.5028  2 01 x 08
1.5189  3 01 x 03
1.5299  3 00 x 03
1.5419  5 00 x 03
1.5486  5 01 x 03
1.5502  2 00 x 08
1.5787  2 01 x 07
1.5828  2 00 x 04
1.5831  2 01 x 05
1.5852  2 01 x 06
1.5993  2 00 x 05
1.6054  2 00 x 06
1.6187  2 00 x 07
1.6192  2 01 x 10
1.6261  2 01 x 12
1.6431  2 01 x 03
1.6774  2 00 x 10
1.7217  2 00 x 03
1.7598  2 00 x 12
1.9188  4 01 x 02
1.9274  4 00 x 02
1.9807  5 01 x 02
1.9872  3 01 x 02
1.9882  5 00 x 02
1.9916  3 00 x 02
2.1912  2 01 x 02
2.2068  2 00 x 02
Timings By Test Type:
0.3833  4 01 x 04    0.3736  4 01 x 04    0.2756  4 01 x 04    0.2684  4 01 x 04
0.3855  4 01 x 08    0.3853  4 01 x 08    0.2762  4 01 x 08    0.2747  4 01 x 05
0.3915  4 00 x 08    0.3914  4 00 x 08    0.2787  3 01 x 04    0.2760  4 01 x 08
0.3928  4 01 x 05    0.3915  4 01 x 05    0.2799  4 00 x 08    0.2786  3 01 x 04
0.3936  3 01 x 04    0.3937  3 01 x 04    0.2811  4 01 x 05    0.2798  4 00 x 08
0.3939  4 01 x 06    0.3937  4 01 x 06    0.2812  3 01 x 08    0.2813  3 01 x 08
0.3953  4 00 x 04    0.3949  5 01 x 04    0.2819  4 01 x 06    0.2813  4 01 x 06
0.3953  4 01 x 07    0.3955  4 00 x 04    0.2836  4 00 x 04    0.2824  3 00 x 08
0.3969  3 01 x 08    0.3969  4 01 x 07    0.2838  3 01 x 05    0.2827  4 00 x 04
0.3997  4 00 x 05    0.3969  3 01 x 08    0.2841  4 01 x 07    0.2843  4 01 x 07
0.4005  4 00 x 06    0.3995  4 00 x 05    0.2864  4 00 x 06    0.2854  4 00 x 05
0.4015  4 00 x 07    0.4004  4 00 x 06    0.2867  3 00 x 08    0.2865  4 00 x 06
0.4021  5 01 x 08    0.4016  4 00 x 07    0.2867  4 00 x 05    0.2868  4 00 x 07
0.4027  4 01 x 10    0.4020  5 01 x 08    0.2868  4 00 x 07    0.2877  4 01 x 10
0.4037  5 01 x 04    0.4028  4 01 x 10    0.2879  4 01 x 10    0.2879  3 01 x 05
0.4038  3 01 x 05    0.4037  3 01 x 07    0.2892  4 01 x 12    0.2892  4 01 x 12
0.4043  5 01 x 05    0.4045  3 00 x 08    0.2894  3 01 x 06    0.2892  3 01 x 06
0.4043  3 00 x 08    0.4053  4 01 x 12    0.2912  3 00 x 04    0.2894  3 00 x 06
0.4050  4 01 x 12    0.4059  3 00 x 04    0.2915  4 00 x 10    0.2911  3 00 x 04
0.4067  5 00 x 08    0.4061  5 01 x 05    0.2918  3 01 x 07    0.2917  4 00 x 10
0.4069  5 00 x 05    0.4063  3 00 x 05    0.2926  4 00 x 12    0.2917  3 01 x 07
0.4084  5 01 x 06    0.4066  5 00 x 08    0.2945  3 00 x 06    0.2928  4 00 x 12
0.4087  3 01 x 06    0.4075  3 01 x 05    0.2946  5 01 x 04    0.2938  5 01 x 04
0.4088  4 00 x 10    0.4083  5 01 x 06    0.2948  3 00 x 05    0.2948  3 01 x 10
0.4104  4 00 x 12    0.4086  3 01 x 06    0.2962  3 01 x 10    0.2949  3 00 x 05
0.4109  5 01 x 07    0.4087  4 00 x 10    0.2963  3 00 x 07    0.2955  3 00 x 07
0.4118  3 01 x 07    0.4090  5 00 x 05    0.2970  3 01 x 12    0.2979  3 01 x 12
0.4121  3 00 x 04    0.4092  5 00 x 04    0.2981  5 01 x 08    0.2980  5 01 x 08
0.4134  5 00 x 06    0.4104  4 00 x 12    0.3010  5 00 x 08    0.3011  5 00 x 08
0.4143  5 00 x 07    0.4108  5 01 x 07    0.3013  3 00 x 10    0.3012  3 00 x 10
0.4148  5 00 x 04    0.4139  5 00 x 06    0.3021  5 01 x 05    0.3021  5 01 x 05
0.4165  3 00 x 06    0.4144  5 00 x 07    0.3025  3 00 x 12    0.3021  5 00 x 04
0.4171  3 00 x 05    0.4149  3 00 x 06    0.3026  5 01 x 06    0.3021  4 01 x 03
0.4175  5 01 x 10    0.4174  5 01 x 10    0.3038  4 01 x 03    0.3023  5 01 x 06
0.4189  5 00 x 10    0.4189  3 00 x 07    0.3047  5 01 x 07    0.3026  3 00 x 12
0.4190  3 01 x 10    0.4191  3 01 x 10    0.3050  5 00 x 07    0.3038  4 00 x 03
0.4190  3 00 x 07    0.4197  5 01 x 12    0.3063  5 00 x 06    0.3047  5 01 x 07
0.4195  5 01 x 12    0.4205  5 00 x 10    0.3063  5 00 x 05    0.3063  5 00 x 07
0.4210  3 01 x 12    0.4209  3 01 x 12    0.3067  2 01 x 04    0.3064  5 00 x 05
0.4239  5 00 x 12    0.4243  5 00 x 12    0.3071  5 00 x 04    0.3065  5 00 x 06
0.4267  3 00 x 10    0.4267  3 00 x 10    0.3085  5 01 x 10    0.3085  5 01 x 10
0.4278  3 00 x 12    0.4279  3 00 x 12    0.3099  2 01 x 08    0.3093  2 01 x 04
0.4331  4 00 x 03    0.4313  4 01 x 03    0.3100  5 01 x 12    0.3099  2 01 x 08
0.4389  4 01 x 03    0.4328  4 00 x 03    0.3115  5 00 x 10    0.3101  3 01 x 03
0.4402  2 01 x 08    0.4403  2 01 x 04    0.3124  4 00 x 03    0.3102  5 01 x 12
0.4422  2 01 x 04    0.4427  2 01 x 08    0.3127  5 00 x 12    0.3117  5 00 x 10
0.4432  5 01 x 03    0.4429  5 01 x 03    0.3152  3 00 x 03    0.3127  5 00 x 12
0.4475  3 01 x 03    0.4435  3 01 x 03    0.3178  3 01 x 03    0.3172  3 00 x 03
0.4492  5 00 x 03    0.4451  5 00 x 03    0.3190  2 00 x 08    0.3194  2 00 x 08
0.4495  3 00 x 03    0.4480  3 00 x 03    0.3234  5 00 x 03    0.3242  5 00 x 03
0.4559  2 00 x 08    0.4559  2 00 x 08    0.3257  2 01 x 05    0.3248  2 00 x 04
0.4659  2 01 x 05    0.4574  2 01 x 07    0.3266  2 01 x 06    0.3259  2 01 x 05
0.4664  2 01 x 06    0.4646  2 00 x 04    0.3269  2 00 x 04    0.3264  2 01 x 06
0.4665  2 00 x 04    0.4656  2 01 x 05    0.3271  2 01 x 07    0.3269  2 01 x 07
0.4674  2 01 x 07    0.4657  2 01 x 06    0.3291  2 00 x 05    0.3293  2 00 x 05
0.4703  2 00 x 05    0.4706  2 00 x 05    0.3310  2 00 x 06    0.3307  2 00 x 06
0.4710  2 00 x 06    0.4727  2 00 x 06    0.3314  5 01 x 03    0.3312  5 01 x 03
0.4731  2 00 x 07    0.4767  2 00 x 07    0.3317  2 01 x 10    0.3335  2 01 x 10
0.4766  2 01 x 10    0.4773  2 01 x 10    0.3346  2 00 x 07    0.3343  2 00 x 07
0.4784  2 01 x 12    0.4785  2 01 x 12    0.3346  2 01 x 12    0.3346  2 01 x 12
0.4830  2 01 x 03    0.4829  2 01 x 03    0.3394  2 01 x 03    0.3379  2 01 x 03
0.4939  2 00 x 10    0.4939  2 00 x 10    0.3448  2 00 x 10    0.3448  2 00 x 10
0.5038  2 00 x 03    0.5036  2 00 x 03    0.3616  2 00 x 12    0.3526  2 00 x 03
0.5185  2 00 x 12    0.5182  2 00 x 12    0.3618  2 00 x 03    0.3615  2 00 x 12
0.5687  4 01 x 02    0.5654  4 01 x 02    0.3921  4 01 x 02    0.3926  4 01 x 02
0.5710  4 00 x 02    0.5676  4 00 x 02    0.3957  4 00 x 02    0.3931  4 00 x 02
0.5756  5 01 x 02    0.5755  5 01 x 02    0.4046  3 00 x 02    0.4040  3 00 x 02
0.5808  5 00 x 02    0.5784  5 00 x 02    0.4077  3 01 x 02    0.4048  3 01 x 02
0.5870  3 01 x 02    0.5876  3 01 x 02    0.4150  5 00 x 02    0.4134  5 01 x 02
0.5932  3 00 x 02    0.5898  3 00 x 02    0.4161  5 01 x 02    0.4140  5 00 x 02
0.6474  2 01 x 02    0.6476  2 01 x 02    0.4497  2 01 x 02    0.4467  2 01 x 02
0.6495  2 00 x 02    0.6524  2 00 x 02    0.4525  2 00 x 02    0.4524  2 00 x 02
---Benchmark Program Finished---
