
./testbench_2kary.sh clang++ O3 MontgomeryHalf __uint128_t 191 8 40 -DTEST_ARRAY -DHURCHALLA_MONTGOMERY_POW_2KARY_USE_CSELECT_ON_BIT -DHURCHALLA_ALLOW_INLINE_ASM_ALL

compilation finished, now executing:
---Running Program---

begin benchmarks - array pow
(ignore)191842519652605806623837767804209934280

OVERALL BEST:
1.3531  4 01 x 04
1.3730  4 00 x 08
1.3764  4 01 x 08
1.3805  4 00 x 04
1.3899  3 01 x 08
1.3965  4 01 x 12
1.3998  3 01 x 04
1.4065  4 01 x 10
1.4099  4 01 x 06
1.4102  3 00 x 08
1.4122  4 01 x 07
1.4167  4 01 x 05
1.4193  3 00 x 04
1.4257  5 01 x 04
1.4304  4 00 x 12
1.4379  4 00 x 07
1.4390  4 00 x 10
1.4419  4 00 x 06
1.4449  4 00 x 05
1.4469  5 01 x 08
1.4526  5 00 x 08
1.4577  3 01 x 12
1.4641  5 00 x 04
1.4720  3 01 x 10
1.4722  3 01 x 06
1.4741  5 01 x 12
1.4775  5 01 x 07
1.4794  5 01 x 10
1.4849  3 01 x 07
1.4851  5 01 x 06
1.4915  5 01 x 05
1.4998  3 01 x 05
1.5010  5 00 x 12
1.5021  5 00 x 06
1.5025  5 00 x 05
1.5028  5 00 x 07
1.5058  5 00 x 10
1.5070  4 01 x 03
1.5075  3 00 x 12
1.5147  3 00 x 07
1.5166  3 00 x 06
1.5182  3 00 x 05
1.5207  3 00 x 10
1.5241  4 00 x 03
1.5605  3 01 x 03
1.5724  5 01 x 03
1.5734  2 01 x 04
1.5762  2 01 x 08
1.5902  3 00 x 03
1.5909  5 00 x 03
1.6069  2 00 x 04
1.6077  2 00 x 08
1.6687  2 01 x 12
1.6745  2 01 x 10
1.7264  2 01 x 07
1.7299  2 01 x 05
1.7435  2 01 x 06
1.7470  2 00 x 12
1.7524  2 01 x 03
1.7619  2 00 x 05
1.7631  2 00 x 07
1.7657  2 00 x 10
1.7694  2 00 x 06
1.8026  2 00 x 03
1.8936  4 01 x 02
1.9104  4 00 x 02
1.9649  3 00 x 02
1.9685  3 01 x 02
1.9722  5 00 x 02
1.9733  5 01 x 02
2.1767  2 01 x 02
2.1873  2 00 x 02
Timings By Test Type:
0.3939  4 01 x 04    0.3947  4 01 x 04    0.2827  4 01 x 04    0.2819  4 01 x 04
0.4004  4 00 x 08    0.4014  4 00 x 04    0.2859  4 00 x 08    0.2841  3 01 x 08
0.4023  4 01 x 08    0.4024  4 00 x 08    0.2868  4 01 x 08    0.2842  4 00 x 08
0.4029  4 00 x 04    0.4028  4 01 x 08    0.2875  3 01 x 08    0.2846  4 01 x 08
0.4088  3 01 x 08    0.4069  4 01 x 12    0.2879  4 00 x 04    0.2884  3 01 x 04
0.4089  4 01 x 12    0.4095  3 01 x 08    0.2888  3 01 x 04    0.2884  4 00 x 04
0.4096  5 01 x 04    0.4103  4 01 x 10    0.2910  4 01 x 12    0.2897  4 01 x 12
0.4110  4 01 x 06    0.4111  3 01 x 04    0.2913  3 00 x 08    0.2903  3 00 x 08
0.4116  3 01 x 04    0.4115  4 01 x 07    0.2924  3 00 x 04    0.2907  4 01 x 10
0.4119  4 01 x 05    0.4116  5 01 x 04    0.2935  4 01 x 10    0.2916  3 00 x 04
0.4119  4 01 x 10    0.4118  4 01 x 06    0.2941  4 01 x 07    0.2927  4 01 x 06
0.4134  4 01 x 07    0.4128  4 01 x 05    0.2944  4 01 x 06    0.2932  4 01 x 07
0.4141  3 00 x 08    0.4145  3 00 x 08    0.2959  4 01 x 05    0.2961  4 01 x 05
0.4158  5 01 x 08    0.4170  5 01 x 08    0.2972  4 00 x 12    0.2970  4 00 x 12
0.4174  3 00 x 04    0.4173  4 00 x 12    0.2986  4 00 x 10    0.2982  4 00 x 07
0.4179  5 00 x 08    0.4179  3 00 x 04    0.2993  4 00 x 06    0.2995  4 00 x 10
0.4189  4 00 x 12    0.4187  5 00 x 08    0.2993  4 00 x 07    0.2999  4 00 x 06
0.4196  4 00 x 10    0.4206  4 00 x 07    0.2999  4 00 x 05    0.3003  4 00 x 05
0.4197  4 00 x 07    0.4211  5 00 x 04    0.3013  3 01 x 12    0.3009  3 01 x 12
0.4204  4 00 x 06    0.4213  4 00 x 10    0.3022  3 01 x 06    0.3021  5 01 x 04
0.4206  5 00 x 04    0.4223  4 00 x 06    0.3024  5 01 x 04    0.3026  3 01 x 10
0.4222  4 00 x 05    0.4226  4 00 x 05    0.3038  3 01 x 10    0.3031  3 01 x 06
0.4239  5 01 x 12    0.4237  5 01 x 12    0.3050  3 01 x 07    0.3061  3 01 x 07
0.4248  5 01 x 10    0.4250  5 01 x 10    0.3065  5 01 x 08    0.3076  5 01 x 08
0.4263  5 01 x 07    0.4252  5 01 x 07    0.3077  5 00 x 08    0.3083  5 00 x 08
0.4278  3 01 x 12    0.4274  5 01 x 06    0.3092  3 01 x 05    0.3086  3 01 x 05
0.4281  5 01 x 06    0.4277  3 01 x 12    0.3095  4 01 x 03    0.3099  3 00 x 12
0.4298  5 01 x 05    0.4284  5 01 x 05    0.3104  3 00 x 12    0.3104  4 01 x 03
0.4310  5 00 x 06    0.4300  5 00 x 05    0.3113  3 00 x 10    0.3111  5 00 x 04
0.4318  5 00 x 07    0.4308  5 00 x 12    0.3114  5 00 x 04    0.3114  3 00 x 05
0.4322  5 00 x 12    0.4331  3 01 x 10    0.3118  3 00 x 07    0.3117  3 00 x 07
0.4325  3 01 x 10    0.4332  5 00 x 06    0.3130  5 01 x 07    0.3124  5 01 x 12
0.4329  5 00 x 10    0.4334  5 00 x 07    0.3130  3 00 x 05    0.3128  3 00 x 06
0.4333  5 00 x 05    0.4335  3 01 x 06    0.3135  3 00 x 06    0.3129  5 01 x 07
0.4334  3 01 x 06    0.4341  5 00 x 10    0.3141  5 01 x 12    0.3133  3 00 x 10
0.4370  3 01 x 07    0.4368  3 01 x 07    0.3146  4 00 x 03    0.3139  4 00 x 03
0.4410  3 01 x 05    0.4409  3 01 x 05    0.3149  5 01 x 06    0.3142  5 01 x 10
0.4438  3 00 x 12    0.4434  4 01 x 03    0.3155  5 01 x 10    0.3146  5 01 x 06
0.4438  4 01 x 03    0.4434  3 00 x 12    0.3166  5 01 x 05    0.3167  5 01 x 05
0.4447  4 00 x 03    0.4451  3 00 x 06    0.3186  5 00 x 07    0.3189  5 00 x 06
0.4452  3 00 x 06    0.4456  3 00 x 05    0.3189  5 00 x 12    0.3189  5 00 x 07
0.4454  3 00 x 07    0.4459  3 00 x 07    0.3189  5 00 x 06    0.3191  5 00 x 12
0.4478  3 00 x 10    0.4484  3 00 x 10    0.3190  5 00 x 10    0.3195  3 01 x 03
0.4482  3 00 x 05    0.4509  4 00 x 03    0.3192  5 00 x 05    0.3198  5 00 x 10
0.4586  5 01 x 03    0.4569  5 01 x 03    0.3197  3 01 x 03    0.3199  5 00 x 05
0.4607  3 01 x 03    0.4606  3 01 x 03    0.3223  2 01 x 04    0.3215  3 00 x 03
0.4632  2 01 x 04    0.4635  5 00 x 03    0.3226  2 01 x 08    0.3221  2 01 x 04
0.4641  5 00 x 03    0.4658  2 01 x 04    0.3280  3 00 x 03    0.3225  2 01 x 08
0.4646  2 01 x 08    0.4665  2 01 x 08    0.3292  2 00 x 08    0.3253  5 01 x 03
0.4711  3 00 x 03    0.4696  3 00 x 03    0.3299  2 00 x 04    0.3284  2 00 x 08
0.4738  2 00 x 04    0.4734  2 00 x 04    0.3316  5 01 x 03    0.3298  2 00 x 04
0.4745  2 00 x 08    0.4755  2 00 x 08    0.3328  5 00 x 03    0.3304  5 00 x 03
0.4925  2 01 x 12    0.4935  2 01 x 12    0.3415  2 01 x 12    0.3412  2 01 x 12
0.4936  2 01 x 10    0.4967  2 01 x 10    0.3429  2 01 x 10    0.3413  2 01 x 10
0.5086  2 01 x 07    0.5106  2 01 x 05    0.3538  2 01 x 05    0.3531  2 01 x 07
0.5110  2 01 x 05    0.5108  2 01 x 07    0.3539  2 01 x 07    0.3544  2 01 x 05
0.5143  2 01 x 06    0.5155  2 01 x 06    0.3568  2 01 x 06    0.3568  2 00 x 12
0.5157  2 00 x 12    0.5168  2 00 x 12    0.3578  2 00 x 12    0.3570  2 01 x 06
0.5175  2 01 x 03    0.5169  2 01 x 03    0.3587  2 01 x 03    0.3593  2 01 x 03
0.5219  2 00 x 10    0.5179  2 00 x 07    0.3608  2 00 x 07    0.3599  2 00 x 05
0.5221  2 00 x 05    0.5190  2 00 x 05    0.3608  2 00 x 05    0.3602  2 00 x 10
0.5223  2 00 x 06    0.5220  2 00 x 10    0.3617  2 00 x 10    0.3618  2 00 x 07
0.5225  2 00 x 07    0.5228  2 00 x 06    0.3621  2 00 x 06    0.3621  2 00 x 06
0.5350  2 00 x 03    0.5292  2 00 x 03    0.3672  2 00 x 03    0.3712  2 00 x 03
0.5642  4 01 x 02    0.5623  4 01 x 02    0.3864  4 01 x 02    0.3808  4 01 x 02
0.5646  4 00 x 02    0.5655  4 00 x 02    0.3895  4 00 x 02    0.3908  4 00 x 02
0.5731  5 01 x 02    0.5696  5 00 x 02    0.3939  3 00 x 02    0.4002  3 00 x 02
0.5794  5 00 x 02    0.5790  5 01 x 02    0.3985  3 01 x 02    0.4013  3 01 x 02
0.5828  3 00 x 02    0.5845  3 01 x 02    0.4092  5 01 x 02    0.4106  5 00 x 02
0.5842  3 01 x 02    0.5881  3 00 x 02    0.4126  5 00 x 02    0.4120  5 01 x 02
0.6485  2 01 x 02    0.6418  2 01 x 02    0.4422  2 01 x 02    0.4357  2 00 x 02
0.6553  2 00 x 02    0.6499  2 00 x 02    0.4463  2 00 x 02    0.4442  2 01 x 02
---Benchmark Program Finished---
