
./testbench_2kary.sh g++ O3 MontgomeryFull __uint128_t 191 8 40 -DTEST_ARRAY

compilation finished, now executing:
---Running Program---

begin benchmarks - array pow
(ignore)251318326240536503308785632794580174688

OVERALL BEST:
2.2664  4 01 t 03
2.2705  4 01 t 05
2.2750  4 01 t 06
2.2781  4 01 t 04
2.2804  3 01 t 04
2.2887  4 01 x 04
2.2912  4 01 x 05
2.2922  3 01 t 03
2.3075  3 01 x 04
2.3159  4 01 t 08
2.3181  4 01 t 07
2.3306  4 01 x 06
2.3311  4 00 t 05
2.3334  3 01 t 05
2.3370  4 00 t 03
2.3385  4 01 x 03
2.3389  4 01 t 10
2.3391  3 01 t 06
2.3451  4 01 t 12
2.3471  4 01 x 07
2.3479  3 00 t 04
2.3503  3 01 x 05
2.3508  3 01 x 03
2.3509  4 00 x 04
2.3511  3 01 t 07
2.3517  3 01 t 08
2.3580  4 00 t 06
2.3608  4 00 t 04
2.3609  3 01 x 06
2.3695  4 00 x 05
2.3733  4 01 x 08
2.3746  4 00 t 07
2.3754  3 01 t 10
2.3767  4 00 t 08
2.3799  3 00 t 03
2.3824  4 01 x 10
2.3832  3 01 x 07
2.3847  3 00 x 04
2.3854  4 00 t 10
2.3914  4 00 x 06
2.3949  3 01 t 12
2.3950  3 01 x 08
2.3985  4 00 t 12
2.4067  5 01 t 04
2.4103  4 01 x 12
2.4104  4 00 x 07
2.4177  4 00 x 08
2.4199  4 00 x 03
2.4230  3 00 t 06
2.4238  5 01 t 03
2.4248  3 00 t 05
2.4254  3 00 t 07
2.4278  3 00 t 08
2.4289  3 00 x 05
2.4359  5 01 t 05
2.4363  3 01 x 10
2.4392  3 00 x 06
2.4432  3 01 x 12
2.4452  5 01 t 06
2.4483  4 00 x 10
2.4509  3 00 t 10
2.4564  5 01 t 07
2.4609  3 00 t 12
2.4619  5 01 x 04
2.4628  5 01 x 05
2.4635  3 00 x 03
2.4687  5 01 t 08
2.4697  5 00 t 03
2.4703  5 01 t 10
2.4704  3 00 x 07
2.4718  4 00 x 12
2.4739  5 01 x 06
2.4745  5 00 t 04
2.4749  5 01 x 03
2.4760  2 01 t 05
2.4780  5 01 t 12
2.4784  2 01 t 04
2.4793  5 00 t 05
2.4829  3 00 x 08
2.4854  5 00 t 07
2.4941  5 00 t 06
2.4971  2 01 t 06
2.5008  5 01 x 07
2.5054  5 00 x 04
2.5112  3 00 x 10
2.5131  5 00 t 10
2.5131  5 00 t 08
2.5181  5 00 t 12
2.5188  5 00 x 05
2.5207  2 01 t 08
2.5224  5 00 x 06
2.5268  2 01 t 03
2.5274  5 01 x 08
2.5281  2 01 t 07
2.5413  3 00 x 12
2.5431  5 00 x 03
2.5433  2 01 x 04
2.5438  5 01 x 10
2.5515  5 00 x 07
2.5523  5 00 x 08
2.5561  5 01 x 12
2.5574  2 01 x 05
2.5623  4 01 t 02
2.5669  2 01 t 10
2.5708  2 01 x 06
2.5797  2 01 x 03
2.5838  5 00 x 10
2.5916  2 00 t 04
2.5971  4 00 t 02
2.5989  2 01 x 07
2.6000  5 00 x 12
2.6127  3 01 t 02
2.6179  2 00 t 06
2.6203  2 01 t 12
2.6323  2 00 t 05
2.6383  2 01 x 08
2.6461  2 00 t 08
2.6510  3 00 t 02
2.6558  2 01 x 10
2.6608  2 00 x 04
2.6645  2 00 t 03
2.6666  4 01 x 02
2.6692  2 00 t 10
2.6719  2 00 x 05
2.6750  2 00 t 07
2.6884  4 00 x 02
2.6898  2 00 t 12
2.6922  2 00 x 06
2.6960  2 01 x 12
2.7214  2 00 x 07
2.7294  3 01 x 02
2.7371  5 01 t 02
2.7395  2 00 x 08
2.7463  2 00 x 03
2.7576  3 00 x 02
2.7583  5 01 x 02
2.7775  5 00 t 02
2.7872  2 00 x 10
2.7891  5 00 x 02
2.8203  2 00 x 12
2.8933  2 01 t 02
2.9484  2 00 t 02
2.9843  2 01 x 02
3.0430  2 00 x 02
Timings By Test Type:
0.8169  4 01 t 03    0.4773  4 01 x 04    0.5734  3 01 t 03    0.3379  4 01 x 05
0.8270  4 01 t 04    0.4777  4 01 x 05    0.5791  4 01 t 03    0.3403  4 01 x 04
0.8292  3 01 t 03    0.4850  4 01 x 06    0.5791  3 01 t 04    0.3414  4 01 x 06
0.8315  4 01 t 05    0.4895  4 01 x 07    0.5866  4 01 t 05    0.3445  4 01 x 07
0.8340  3 01 t 04    0.4900  4 01 x 10    0.5869  4 01 t 04    0.3462  3 01 x 05
0.8362  4 01 t 06    0.4909  4 01 x 08    0.5872  4 01 t 06    0.3465  3 01 x 06
0.8442  4 00 t 03    0.4936  4 01 x 12    0.5900  3 01 t 05    0.3468  4 01 x 08
0.8519  3 01 t 05    0.4941  4 00 x 05    0.5917  3 00 t 03    0.3474  4 01 x 10
0.8562  4 01 t 07    0.4950  4 00 x 04    0.5924  4 00 t 03    0.3479  3 01 x 04
0.8582  3 01 t 06    0.4970  3 01 x 05    0.5935  3 01 t 06    0.3481  4 01 t 08
0.8590  3 00 t 03    0.4984  4 01 t 08    0.5935  3 00 t 04    0.3489  4 01 x 12
0.8602  5 01 t 04    0.4994  4 01 t 06    0.5945  3 01 x 04    0.3495  4 00 x 06
0.8620  3 00 t 04    0.4998  4 01 t 05    0.5946  4 00 t 05    0.3497  4 00 x 05
0.8622  4 01 x 04    0.4999  3 01 x 06    0.6000  3 01 t 07    0.3499  4 00 x 04
0.8627  4 01 t 08    0.5002  4 01 t 07    0.6012  3 01 x 03    0.3521  4 01 t 06
0.8637  3 01 x 04    0.5009  4 01 t 10    0.6014  4 00 t 04    0.3527  4 01 t 05
0.8647  4 00 t 05    0.5010  4 01 t 12    0.6014  3 01 t 08    0.3538  3 01 x 07
0.8647  5 01 t 03    0.5011  5 01 x 05    0.6043  4 00 t 06    0.3540  4 01 x 03
0.8655  4 01 x 05    0.5013  4 01 x 03    0.6060  3 00 t 05    0.3543  4 01 t 07
0.8695  4 01 t 10    0.5014  3 01 x 04    0.6060  3 00 t 06    0.3544  3 01 x 10
0.8698  4 01 x 03    0.5017  5 01 x 04    0.6068  4 01 t 08    0.3546  4 01 t 10
0.8703  3 01 t 07    0.5021  4 00 x 08    0.6074  4 01 t 07    0.3548  4 01 t 12
0.8714  4 01 t 12    0.5022  4 00 x 10    0.6089  4 01 x 04    0.3552  3 01 t 04
0.8718  3 01 x 03    0.5052  3 01 x 07    0.6101  4 01 x 05    0.3554  3 01 x 12
0.8720  3 01 t 08    0.5054  4 00 x 06    0.6124  3 00 t 07    0.3555  3 01 x 08
0.8735  4 00 t 04    0.5065  4 00 x 07    0.6132  3 01 t 10    0.3567  4 00 x 07
0.8761  4 00 t 06    0.5066  4 01 t 04    0.6135  4 01 x 03    0.3569  4 00 x 10
0.8780  4 00 t 08    0.5080  5 01 x 06    0.6138  4 01 t 10    0.3572  4 00 x 08
0.8781  4 01 t 02    0.5085  3 01 x 08    0.6141  4 00 t 07    0.3575  4 00 t 05
0.8796  3 01 t 10    0.5090  4 00 x 12    0.6154  3 00 x 04    0.3576  4 01 t 04
0.8803  5 00 t 03    0.5101  5 01 x 08    0.6162  3 01 x 05    0.3590  3 01 x 03
0.8817  4 00 x 04    0.5107  3 01 x 12    0.6166  3 00 t 08    0.3593  4 00 x 12
0.8822  4 00 t 07    0.5108  5 01 x 10    0.6174  3 01 t 02    0.3596  4 01 t 03
0.8827  4 01 x 06    0.5109  4 01 t 03    0.6175  3 01 t 12    0.3599  3 01 t 08
0.8832  5 01 t 05    0.5111  5 01 x 07    0.6179  4 01 t 12    0.3603  3 00 x 05
0.8876  4 01 x 07    0.5113  3 01 x 10    0.6192  3 01 x 06    0.3606  3 01 t 07
0.8881  4 00 t 10    0.5121  4 00 t 08    0.6192  4 01 t 02    0.3611  3 00 x 04
0.8901  3 01 t 12    0.5122  3 01 t 04    0.6193  4 00 t 10    0.3616  3 00 x 08
0.8906  4 00 t 12    0.5125  5 01 x 12    0.6216  4 01 x 06    0.3618  3 00 x 06
0.8909  3 00 x 04    0.5137  4 00 t 10    0.6217  2 01 t 04    0.3619  3 01 t 10
0.8910  3 01 x 05    0.5143  4 00 t 05    0.6231  2 01 t 05    0.3626  4 00 t 08
0.8935  4 00 x 05    0.5146  4 00 t 07    0.6239  3 01 x 07    0.3629  4 00 t 06
0.8949  4 00 t 02    0.5147  4 00 t 06    0.6241  4 00 t 08    0.3637  4 00 t 07
0.8954  3 01 x 06    0.5159  5 01 t 07    0.6242  4 00 x 04    0.3638  3 01 t 06
0.8967  4 00 x 03    0.5159  5 00 x 04    0.6247  2 01 t 03    0.3639  4 00 t 12
0.8979  3 01 t 02    0.5161  4 00 t 12    0.6255  4 01 x 07    0.3641  3 01 t 03
0.8982  5 01 t 06    0.5173  3 00 x 04    0.6257  4 01 x 08    0.3643  4 00 t 10
0.8986  3 00 t 05    0.5175  5 01 t 08    0.6264  3 00 t 10    0.3644  3 01 t 12
0.8986  5 01 t 07    0.5178  5 00 x 05    0.6267  2 01 t 06    0.3647  3 00 t 04
0.8990  3 00 t 07    0.5178  3 00 x 05    0.6276  3 01 x 08    0.3659  3 01 t 05
0.8993  3 00 t 08    0.5182  4 00 t 04    0.6278  4 00 t 12    0.3673  3 00 x 10
0.9002  3 01 x 07    0.5184  3 01 t 08    0.6288  4 00 t 02    0.3677  4 00 t 04
0.9004  3 00 t 06    0.5186  5 01 t 06    0.6295  3 00 x 03    0.3682  4 00 x 03
0.9014  4 00 x 06    0.5189  3 01 x 03    0.6301  2 01 t 08    0.3692  3 00 x 12
0.9020  5 00 t 04    0.5189  3 00 x 06    0.6321  4 00 x 05    0.3693  5 01 x 04
0.9033  3 01 x 08    0.5195  5 01 t 10    0.6327  3 00 t 02    0.3695  3 00 x 07
0.9037  5 01 t 10    0.5200  5 01 t 12    0.6330  3 00 t 12    0.3696  5 01 x 05
0.9057  5 00 t 05    0.5201  3 01 t 07    0.6332  4 00 x 03    0.3699  5 01 x 08
0.9060  5 01 t 08    0.5202  3 00 x 07    0.6332  5 01 t 04    0.3703  5 01 x 06
0.9080  4 00 x 07    0.5207  5 01 x 03    0.6335  3 00 x 05    0.3719  4 00 t 03
0.9086  4 01 x 10    0.5208  3 01 t 10    0.6344  5 01 t 03    0.3739  3 00 t 08
0.9099  4 01 x 08    0.5219  4 00 x 03    0.6352  4 00 x 06    0.3753  5 00 x 06
0.9101  5 01 x 03    0.5221  5 01 t 05    0.6354  2 01 t 07    0.3753  3 00 t 12
0.9106  5 01 t 12    0.5228  3 01 t 12    0.6360  3 00 x 06    0.3753  5 01 x 10
0.9111  2 01 t 05    0.5237  3 01 t 06    0.6364  4 01 x 10    0.3755  3 00 t 10
0.9118  3 00 t 10    0.5238  5 00 x 08    0.6391  4 00 x 07    0.3758  3 00 t 07
0.9123  3 00 x 03    0.5239  5 00 x 12    0.6397  3 01 x 12    0.3758  3 00 t 06
0.9123  2 01 t 04    0.5254  5 00 x 10    0.6438  4 00 x 08    0.3763  5 01 x 07
0.9131  2 01 t 03    0.5255  3 01 t 05    0.6440  5 00 t 03    0.3768  3 00 t 05
0.9132  5 00 t 07    0.5256  3 01 t 03    0.6446  5 00 t 04    0.3769  5 01 x 12
0.9146  3 00 t 12    0.5259  5 00 x 06    0.6449  2 01 t 10    0.3778  3 00 x 03
0.9146  4 00 x 08    0.5261  5 01 t 04    0.6450  3 01 x 10    0.3786  5 00 x 05
0.9146  2 01 t 06    0.5263  5 00 x 07    0.6459  3 00 x 07    0.3800  5 00 x 04
0.9172  3 00 x 05    0.5265  5 00 t 07    0.6473  5 01 t 05    0.3803  5 01 x 03
0.9172  5 00 t 06    0.5277  3 00 t 04    0.6474  5 01 t 06    0.3807  5 01 t 08
0.9198  5 01 x 04    0.5285  4 00 t 03    0.6477  4 01 x 12    0.3807  5 01 t 12
0.9200  5 00 t 08    0.5286  5 00 t 12    0.6482  2 01 x 04    0.3810  5 01 t 06
0.9200  3 00 t 02    0.5290  5 00 t 10    0.6491  3 00 x 08    0.3812  5 01 t 07
0.9202  4 01 x 12    0.5298  3 00 x 08    0.6493  2 00 t 04    0.3814  3 00 t 03
0.9203  5 01 x 05    0.5301  3 00 x 10    0.6507  2 01 x 03    0.3817  5 01 t 10
0.9205  5 00 t 10    0.5302  3 00 x 12    0.6510  2 01 x 05    0.3830  5 00 x 12
0.9225  3 00 x 06    0.5302  5 00 t 06    0.6519  2 00 t 06    0.3834  5 01 t 05
0.9228  5 01 x 06    0.5304  5 00 t 08    0.6536  5 00 t 05    0.3845  5 00 x 10
0.9228  2 01 t 08    0.5308  5 00 t 05    0.6537  2 00 t 08    0.3845  2 01 t 05
0.9231  5 00 t 12    0.5342  5 01 t 03    0.6542  2 00 t 05    0.3848  2 01 t 04
0.9256  3 01 x 10    0.5372  3 00 t 10    0.6543  4 01 x 02    0.3850  2 01 x 04
0.9259  2 01 t 07    0.5379  5 00 t 04    0.6558  2 00 t 03    0.3852  5 00 x 08
0.9301  5 00 x 04    0.5380  3 00 t 12    0.6567  4 00 x 10    0.3861  5 00 x 07
0.9325  4 00 x 10    0.5380  3 00 t 08    0.6578  5 00 t 07    0.3864  2 01 x 06
0.9329  5 00 x 03    0.5383  3 00 t 07    0.6582  3 00 x 10    0.3869  5 00 t 10
0.9329  5 01 t 02    0.5386  5 00 x 03    0.6583  5 00 t 06    0.3871  2 01 x 05
0.9332  5 01 x 07    0.5407  3 00 t 06    0.6589  2 01 x 06    0.3872  5 01 t 04
0.9348  3 00 x 07    0.5434  3 00 t 05    0.6604  3 01 x 02    0.3875  5 00 t 12
0.9361  4 01 x 02    0.5440  3 00 x 03    0.6605  2 00 t 07    0.3879  5 00 t 07
0.9375  3 01 x 12    0.5470  5 00 t 03    0.6607  5 01 t 07    0.3884  5 00 t 06
0.9377  5 00 x 06    0.5478  3 00 t 03    0.6617  4 00 x 12    0.3892  5 00 t 05
0.9385  5 00 x 05    0.5572  2 01 t 05    0.6631  4 00 x 02    0.3895  5 00 t 08
0.9418  4 00 x 12    0.5596  2 01 t 04    0.6637  5 01 x 03    0.3899  5 00 t 04
0.9420  2 00 t 04    0.5597  2 01 x 04    0.6642  2 01 x 07    0.3905  5 01 t 03
0.9425  3 00 x 08    0.5616  2 01 x 06    0.6645  5 01 t 08    0.3922  5 00 x 03
0.9467  4 00 x 02    0.5635  2 01 t 06    0.6647  2 00 t 10    0.3923  2 01 t 06
0.9471  2 01 t 10    0.5657  2 01 x 05    0.6649  2 01 x 08    0.3947  2 01 t 08
0.9482  5 00 x 07    0.5660  2 01 x 07    0.6649  2 01 t 12    0.3960  2 01 x 10
0.9494  5 01 x 02    0.5706  2 01 t 07    0.6655  5 01 t 10    0.3962  2 01 t 07
0.9501  5 00 x 08    0.5731  2 01 t 08    0.6667  5 01 t 12    0.3968  2 01 x 03
0.9505  2 01 x 04    0.5768  2 01 t 10    0.6684  3 00 x 12    0.3971  2 01 x 07
0.9519  5 00 t 02    0.5771  2 01 x 10    0.6707  3 00 x 02    0.3981  2 01 t 10
0.9535  2 01 x 05    0.5774  2 01 x 03    0.6711  5 01 x 04    0.3983  5 00 t 03
0.9549  2 01 x 03    0.5776  2 01 x 08    0.6718  5 01 x 05    0.3988  2 01 x 12
0.9556  3 00 x 10    0.5783  2 01 x 12    0.6718  2 00 x 04    0.3994  2 01 x 08
0.9562  2 00 t 06    0.5824  2 01 t 12    0.6728  5 01 x 06    0.4022  2 01 t 12
0.9570  3 01 x 02    0.5865  2 01 t 03    0.6732  5 00 t 08    0.4025  2 01 t 03
0.9574  2 00 t 03    0.5898  2 00 t 05    0.6766  5 00 t 10    0.4071  2 00 t 04
0.9604  5 01 x 08    0.5915  2 00 x 04    0.6774  2 01 t 02    0.4074  2 00 x 04
0.9615  5 01 x 10    0.5931  2 00 x 06    0.6784  2 00 t 12    0.4074  2 00 t 05
0.9639  2 01 x 06    0.5932  2 00 t 04    0.6788  5 00 t 12    0.4081  2 00 x 05
0.9651  5 01 x 12    0.5934  2 00 x 05    0.6793  2 00 x 05    0.4103  2 00 t 06
0.9665  5 00 x 02    0.5961  2 00 t 10    0.6794  5 00 x 03    0.4110  2 00 x 06
0.9676  5 00 x 10    0.5996  2 00 t 06    0.6794  5 00 x 04    0.4160  2 00 x 10
0.9707  2 01 t 12    0.6039  2 00 t 08    0.6802  5 01 x 07    0.4161  2 00 t 12
0.9716  2 01 x 07    0.6048  2 00 x 08    0.6804  5 01 t 02    0.4164  2 00 t 08
0.9721  2 00 t 08    0.6051  2 00 t 12    0.6832  2 01 x 10    0.4171  2 00 t 10
0.9736  3 00 x 12    0.6055  2 00 t 07    0.6835  5 00 x 06    0.4173  2 00 x 08
0.9751  3 00 x 02    0.6064  2 00 x 10    0.6839  5 00 x 05    0.4176  2 00 x 07
0.9799  5 00 x 12    0.6068  2 00 x 07    0.6868  2 00 x 06    0.4187  2 00 t 07
0.9809  2 00 t 05    0.6100  2 00 x 12    0.6869  5 01 x 08    0.4190  2 00 x 12
0.9901  2 00 x 04    0.6195  2 00 x 03    0.6879  5 00 t 02    0.4260  2 00 x 03
0.9903  2 00 t 12    0.6231  2 00 t 03    0.6886  2 00 x 03    0.4283  2 00 t 03
0.9903  2 00 t 07    0.6299  4 01 t 02    0.6891  5 01 x 02    0.4352  4 01 t 02
0.9911  2 00 x 05    0.6321  4 00 t 02    0.6908  5 00 x 07    0.4413  4 00 t 02
0.9913  2 00 t 10    0.6348  4 01 x 02    0.6925  2 00 x 07    0.4414  4 01 x 02
0.9928  2 01 t 02    0.6358  4 00 x 02    0.6932  5 00 x 08    0.4428  4 00 x 02
0.9963  2 01 x 08    0.6483  3 00 t 02    0.6961  5 01 x 10    0.4483  3 01 t 02
0.9994  2 01 x 10    0.6491  3 01 t 02    0.6964  2 00 x 08    0.4500  3 00 t 02
1.0013  2 00 x 06    0.6518  5 01 x 02    0.6970  2 01 x 12    0.4518  3 01 x 02
1.0046  2 00 x 07    0.6525  5 01 t 02    0.7004  2 00 t 02    0.4541  3 00 x 02
1.0122  2 00 x 03    0.6533  5 00 x 02    0.7009  5 00 x 02    0.4681  5 01 x 02
1.0210  2 00 x 08    0.6578  3 00 x 02    0.7016  5 01 x 12    0.4684  5 00 x 02
1.0219  2 01 x 12    0.6602  3 01 x 02    0.7062  5 00 x 10    0.4713  5 01 t 02
1.0242  2 00 t 02    0.6629  5 00 t 02    0.7132  5 00 x 12    0.4747  5 00 t 02
1.0457  2 01 x 02    0.7262  2 01 t 02    0.7133  2 01 x 02    0.4964  2 00 t 02
1.0468  2 00 x 10    0.7272  2 01 x 02    0.7181  2 00 x 10    0.4969  2 01 t 02
1.0690  2 00 x 12    0.7274  2 00 t 02    0.7223  2 00 x 12    0.4980  2 01 x 02
1.0779  2 00 x 02    0.7299  2 00 x 02    0.7341  2 00 x 02    0.5010  2 00 x 02
---Benchmark Program Finished---
