
./testbench_2kary.sh g++ O3 MontgomeryQuarter __uint128_t 191 8 40 -DTEST_ARRAY -DHURCHALLA_MONTGOMERY_POW_2KARY_USE_CSELECT_ON_BIT -DHURCHALLA_ALLOW_INLINE_ASM_ALL

compilation finished, now executing:
---Running Program---

begin benchmarks - array pow
(ignore)219437624277362681049646736861362201740

OVERALL BEST:
1.3104  4 01 x 08
1.3110  4 01 x 04
1.3132  4 01 x 10
1.3138  4 01 x 05
1.3149  4 01 x 07
1.3170  4 01 x 06
1.3279  4 01 x 12
1.3469  3 01 x 06
1.3504  3 01 x 04
1.3516  3 01 x 08
1.3516  3 01 x 12
1.3571  3 01 x 05
1.3604  4 00 x 08
1.3610  3 01 x 10
1.3631  4 00 x 10
1.3636  3 01 x 07
1.3665  4 00 x 07
1.3703  4 00 x 06
1.3741  4 00 x 05
1.3743  4 00 x 12
1.3814  4 00 x 04
1.3900  5 01 x 08
1.3977  5 01 x 10
1.3979  5 01 x 04
1.3997  5 01 x 07
1.4015  5 01 x 05
1.4021  5 01 x 06
1.4023  5 01 x 12
1.4111  3 00 x 12
1.4122  3 00 x 08
1.4204  3 00 x 10
1.4222  3 00 x 06
1.4260  3 00 x 05
1.4302  3 00 x 07
1.4310  5 00 x 08
1.4341  3 00 x 04
1.4358  5 00 x 10
1.4362  5 00 x 12
1.4378  5 00 x 06
1.4391  5 00 x 07
1.4418  5 00 x 05
1.4431  5 00 x 04
1.4665  4 01 x 03
1.4973  3 01 x 03
1.5125  4 00 x 03
1.5219  2 01 x 07
1.5240  2 01 x 08
1.5250  2 01 x 05
1.5257  2 01 x 04
1.5258  2 01 x 10
1.5277  2 01 x 06
1.5295  2 01 x 12
1.5538  5 01 x 03
1.5748  3 00 x 03
1.6004  5 00 x 03
1.6119  2 00 x 10
1.6134  2 00 x 08
1.6140  2 00 x 12
1.6177  2 00 x 06
1.6183  2 00 x 05
1.6185  2 00 x 07
1.6197  2 01 x 03
1.6495  2 00 x 04
1.7636  2 00 x 03
1.8876  4 01 x 02
1.8893  4 00 x 02
1.9523  5 00 x 02
1.9554  5 01 x 02
1.9590  3 00 x 02
1.9839  3 01 x 02
2.1594  2 01 x 02
2.1792  2 00 x 02
Timings By Test Type:
0.3786  4 01 x 04    0.3809  4 01 x 05    0.2732  4 01 x 04    0.2719  4 01 x 05
0.3814  4 01 x 08    0.3815  4 01 x 08    0.2737  4 01 x 08    0.2738  4 01 x 08
0.3819  4 01 x 10    0.3823  4 01 x 10    0.2746  4 01 x 10    0.2744  4 01 x 10
0.3821  4 01 x 07    0.3826  4 01 x 07    0.2753  4 01 x 06    0.2748  4 01 x 07
0.3833  4 01 x 06    0.3831  4 01 x 06    0.2753  3 01 x 04    0.2753  4 01 x 06
0.3846  4 01 x 05    0.3834  4 01 x 04    0.2754  4 01 x 07    0.2758  4 01 x 04
0.3859  4 01 x 12    0.3858  4 01 x 12    0.2764  4 01 x 05    0.2782  4 01 x 12
0.3948  3 01 x 08    0.3904  3 01 x 06    0.2781  4 01 x 12    0.2805  3 01 x 05
0.3949  3 01 x 12    0.3951  3 01 x 12    0.2804  3 01 x 08    0.2807  3 01 x 06
0.3951  3 01 x 06    0.3954  3 01 x 08    0.2807  3 01 x 06    0.2808  3 01 x 12
0.3955  4 00 x 08    0.3964  3 01 x 04    0.2808  3 01 x 12    0.2809  3 01 x 08
0.3967  3 01 x 04    0.3965  4 00 x 08    0.2825  3 01 x 05    0.2820  3 01 x 04
0.3971  3 01 x 05    0.3970  4 00 x 10    0.2828  3 01 x 10    0.2830  3 01 x 10
0.3972  4 00 x 10    0.3971  3 01 x 05    0.2836  3 01 x 07    0.2837  3 01 x 07
0.3973  3 01 x 10    0.3979  3 01 x 10    0.2840  4 00 x 08    0.2844  4 00 x 08
0.3979  5 01 x 08    0.3980  4 00 x 07    0.2842  4 00 x 10    0.2848  4 00 x 10
0.3979  4 00 x 07    0.3981  5 01 x 08    0.2853  4 00 x 07    0.2853  4 00 x 07
0.3982  3 01 x 07    0.3981  3 01 x 07    0.2861  4 00 x 06    0.2858  4 00 x 06
0.3991  4 00 x 06    0.3993  4 00 x 06    0.2865  4 00 x 05    0.2862  4 00 x 05
0.3997  4 00 x 12    0.3996  4 00 x 12    0.2875  4 00 x 12    0.2874  4 00 x 12
0.3998  5 01 x 10    0.4003  5 01 x 10    0.2884  4 00 x 04    0.2888  4 00 x 04
0.4003  5 01 x 04    0.4006  5 01 x 04    0.2932  3 00 x 12    0.2914  3 00 x 12
0.4007  4 00 x 05    0.4006  5 01 x 07    0.2934  3 00 x 08    0.2923  3 00 x 08
0.4008  5 01 x 07    0.4008  4 00 x 05    0.2944  3 00 x 10    0.2945  3 00 x 04
0.4010  5 01 x 05    0.4011  5 01 x 05    0.2949  3 00 x 06    0.2948  3 00 x 06
0.4013  5 01 x 06    0.4015  5 01 x 06    0.2959  3 00 x 05    0.2950  3 00 x 10
0.4013  5 01 x 12    0.4016  5 01 x 12    0.2971  5 01 x 08    0.2960  3 00 x 05
0.4021  4 00 x 04    0.4021  4 00 x 04    0.2981  3 00 x 07    0.2970  5 01 x 08
0.4103  5 00 x 08    0.4102  5 00 x 05    0.2981  3 00 x 04    0.2983  3 00 x 07
0.4115  5 00 x 10    0.4106  5 00 x 08    0.2985  5 01 x 04    0.2985  5 01 x 04
0.4124  5 00 x 07    0.4110  5 00 x 12    0.2990  5 01 x 10    0.2986  5 01 x 10
0.4124  5 00 x 12    0.4118  5 00 x 10    0.2992  5 01 x 07    0.2992  5 01 x 07
0.4130  5 00 x 06    0.4125  5 00 x 07    0.2996  5 01 x 05    0.2994  5 01 x 06
0.4132  3 00 x 12    0.4127  3 00 x 08    0.2997  5 01 x 12    0.2997  5 01 x 12
0.4138  3 00 x 08    0.4132  3 00 x 12    0.3000  5 01 x 06    0.2998  5 01 x 05
0.4148  5 00 x 05    0.4134  5 00 x 06    0.3036  5 00 x 04    0.3037  5 00 x 06
0.4153  5 00 x 04    0.4145  3 00 x 07    0.3050  5 00 x 08    0.3051  5 00 x 08
0.4154  3 00 x 10    0.4154  5 00 x 04    0.3051  4 01 x 03    0.3052  4 01 x 03
0.4158  3 00 x 06    0.4155  3 00 x 10    0.3063  5 00 x 10    0.3061  5 00 x 10
0.4171  3 00 x 05    0.4167  3 00 x 06    0.3064  5 00 x 12    0.3064  5 00 x 12
0.4193  3 00 x 07    0.4170  3 00 x 05    0.3071  5 00 x 07    0.3071  5 00 x 07
0.4209  3 00 x 04    0.4206  3 00 x 04    0.3076  5 00 x 06    0.3087  5 00 x 05
0.4279  4 01 x 03    0.4283  4 01 x 03    0.3081  5 00 x 05    0.3087  5 00 x 04
0.4356  4 00 x 03    0.4365  4 00 x 03    0.3098  3 01 x 03    0.3098  3 01 x 03
0.4387  3 01 x 03    0.4390  3 01 x 03    0.3127  2 01 x 08    0.3137  2 01 x 07
0.4468  5 01 x 03    0.4460  2 01 x 05    0.3134  2 01 x 07    0.3142  2 01 x 04
0.4475  2 01 x 07    0.4473  2 01 x 07    0.3142  2 01 x 04    0.3145  2 01 x 08
0.4481  2 01 x 10    0.4480  5 01 x 03    0.3143  2 01 x 10    0.3147  2 01 x 05
0.4485  2 01 x 08    0.4484  2 01 x 10    0.3147  2 01 x 06    0.3147  2 01 x 06
0.4488  2 01 x 04    0.4484  2 01 x 08    0.3148  2 01 x 05    0.3150  2 01 x 10
0.4492  2 01 x 06    0.4486  2 01 x 04    0.3152  2 01 x 12    0.3154  2 01 x 12
0.4495  2 01 x 12    0.4490  2 01 x 06    0.3191  3 00 x 03    0.3203  4 00 x 03
0.4495  2 01 x 05    0.4495  2 01 x 12    0.3202  4 00 x 03    0.3274  3 00 x 03
0.4644  3 00 x 03    0.4558  5 00 x 03    0.3273  5 01 x 03    0.3280  2 00 x 05
0.4652  5 00 x 03    0.4639  3 00 x 03    0.3318  2 01 x 03    0.3311  2 00 x 10
0.4744  2 00 x 12    0.4741  2 00 x 10    0.3320  2 00 x 08    0.3318  5 01 x 03
0.4746  2 00 x 10    0.4744  2 00 x 08    0.3321  2 00 x 10    0.3320  2 00 x 06
0.4747  2 00 x 08    0.4745  2 00 x 12    0.3324  2 00 x 12    0.3323  2 00 x 08
0.4759  2 00 x 07    0.4760  2 00 x 07    0.3331  2 00 x 07    0.3326  2 00 x 12
0.4763  2 00 x 06    0.4761  2 00 x 06    0.3332  2 00 x 06    0.3334  2 01 x 03
0.4770  2 01 x 03    0.4774  2 01 x 03    0.3343  2 00 x 05    0.3335  2 00 x 07
0.4776  2 00 x 05    0.4784  2 00 x 05    0.3356  5 00 x 03    0.3394  2 00 x 04
0.4853  2 00 x 04    0.4852  2 00 x 04    0.3395  2 00 x 04    0.3438  5 00 x 03
0.5224  2 00 x 03    0.5224  2 00 x 03    0.3643  2 00 x 03    0.3545  2 00 x 03
0.5538  4 01 x 02    0.5566  4 00 x 02    0.3884  4 00 x 02    0.3885  4 01 x 02
0.5549  4 00 x 02    0.5568  4 01 x 02    0.3885  4 01 x 02    0.3894  4 00 x 02
0.5693  5 00 x 02    0.5694  5 01 x 02    0.3998  3 00 x 02    0.3963  3 00 x 02
0.5706  5 01 x 02    0.5734  5 00 x 02    0.4022  3 01 x 02    0.4029  3 01 x 02
0.5832  3 00 x 02    0.5797  3 00 x 02    0.4044  5 00 x 02    0.4052  5 00 x 02
0.5881  3 01 x 02    0.5906  3 01 x 02    0.4075  5 01 x 02    0.4078  5 01 x 02
0.6366  2 01 x 02    0.6374  2 01 x 02    0.4450  2 01 x 02    0.4379  2 00 x 02
0.6522  2 00 x 02    0.6437  2 00 x 02    0.4455  2 00 x 02    0.4404  2 01 x 02
---Benchmark Program Finished---
