
./testbench_2kary.sh clang++ O3 MontgomeryFull __uint128_t 191 8 40 -DTEST_ARRAY

compilation finished, now executing:
---Running Program---

begin benchmarks - array pow
(ignore)251318326240536503308785632794580174688

OVERALL BEST:
1.6485  4 01 x 08
1.6637  4 01 x 04
1.6768  4 01 x 07
1.6780  4 01 x 05
1.6844  4 01 x 06
1.6849  4 01 x 10
1.6889  4 01 x 12
1.6957  4 00 x 12
1.6990  3 01 x 08
1.7002  4 00 x 10
1.7078  4 00 x 05
1.7107  4 00 x 07
1.7144  3 01 x 04
1.7180  4 00 x 04
1.7245  3 01 t 04
1.7273  4 01 t 08
1.7282  4 00 x 08
1.7294  4 01 t 04
1.7331  3 01 x 05
1.7394  4 00 t 08
1.7397  3 01 x 07
1.7440  3 01 x 10
1.7453  3 01 x 06
1.7486  5 01 x 08
1.7495  3 01 x 12
1.7531  4 01 t 07
1.7569  4 01 t 05
1.7590  3 00 x 12
1.7617  3 00 x 10
1.7643  5 01 x 04
1.7647  4 00 t 04
1.7668  4 01 t 06
1.7698  4 00 t 07
1.7740  5 01 x 05
1.7748  3 00 x 05
1.7761  4 00 t 06
1.7764  5 01 x 07
1.7788  3 01 t 08
1.7791  5 01 x 06
1.7817  3 00 x 04
1.7823  4 00 t 05
1.7827  3 00 x 07
1.7828  3 00 t 04
1.7844  4 01 t 10
1.7849  5 01 x 10
1.7862  4 00 t 10
1.7872  5 01 x 12
1.7921  4 00 t 12
1.7929  4 01 t 12
1.7938  3 00 t 08
1.7942  5 00 x 10
1.7961  3 00 x 08
1.7962  5 00 x 12
1.7966  5 00 x 05
1.7979  5 00 x 07
1.8029  5 00 x 04
1.8086  4 00 x 06
1.8087  4 01 t 03
1.8133  3 01 t 05
1.8147  4 01 x 03
1.8177  3 01 t 07
1.8187  5 00 x 08
1.8232  5 01 t 08
1.8235  3 01 t 03
1.8255  3 01 t 06
1.8261  5 01 t 04
1.8313  5 00 t 08
1.8341  3 01 t 10
1.8357  3 00 t 07
1.8405  3 00 t 06
1.8415  3 00 t 10
1.8420  5 01 t 07
1.8470  5 01 t 05
1.8488  3 00 t 12
1.8513  3 00 t 05
1.8534  5 00 t 04
1.8548  3 01 t 12
1.8550  5 01 t 06
1.8552  4 00 x 03
1.8552  5 00 t 07
1.8628  4 00 t 03
1.8640  2 01 x 04
1.8655  5 00 t 06
1.8697  5 00 t 05
1.8704  3 01 x 03
1.8768  5 01 t 10
1.8798  5 00 x 06
1.8848  5 00 t 10
1.8856  5 01 t 12
1.8865  5 00 t 12
1.8960  3 00 x 06
1.8996  2 01 x 08
1.9024  5 01 t 03
1.9045  2 01 t 08
1.9088  5 01 x 03
1.9092  2 01 t 04
1.9098  3 00 t 03
1.9235  3 00 x 03
1.9404  5 00 t 03
1.9418  5 00 x 03
1.9459  2 00 t 08
1.9561  2 00 x 04
1.9569  2 01 t 05
1.9579  2 01 x 05
1.9633  2 01 x 07
1.9728  2 01 x 10
1.9733  2 01 x 06
1.9790  2 01 x 12
1.9841  2 01 t 06
1.9948  2 00 x 12
1.9951  2 00 t 04
1.9959  2 01 t 07
1.9965  2 00 x 08
1.9990  2 00 x 10
2.0064  2 01 t 10
2.0162  2 00 t 07
2.0167  2 01 t 12
2.0224  2 00 t 06
2.0243  2 00 t 12
2.0252  2 00 t 10
2.0256  2 00 t 05
2.0320  2 01 t 03
2.0324  2 00 x 07
2.0422  2 01 x 03
2.0509  2 00 x 05
2.1185  2 00 x 06
2.1333  2 00 x 03
2.1596  2 00 t 03
2.2500  4 01 t 02
2.2777  4 00 t 02
2.3200  5 01 t 02
2.3426  5 00 t 02
2.3621  4 01 x 02
2.3694  3 01 t 02
2.3951  3 00 t 02
2.4223  4 00 x 02
2.4654  5 01 x 02
2.4744  3 01 x 02
2.4755  5 00 x 02
2.5025  3 00 x 02
2.6333  2 01 t 02
2.6780  2 00 t 02
2.7232  2 01 x 02
2.7688  2 00 x 02
Timings By Test Type:
0.4830  4 01 x 08    0.4817  4 01 x 08    0.3415  4 01 x 08    0.3422  4 01 x 08
0.4873  4 01 x 04    0.4875  4 01 x 04    0.3446  4 01 x 04    0.3443  4 01 x 04
0.4912  4 01 x 05    0.4906  4 01 x 07    0.3477  4 01 x 05    0.3470  4 01 x 07
0.4913  4 01 x 07    0.4914  4 01 x 05    0.3478  4 01 x 07    0.3476  4 01 x 05
0.4927  4 01 x 06    0.4930  4 01 x 10    0.3484  3 01 x 08    0.3483  3 01 x 08
0.4934  4 01 x 10    0.4933  4 01 x 06    0.3490  4 01 x 06    0.3491  4 01 x 12
0.4958  4 01 x 12    0.4941  4 01 x 12    0.3492  4 01 x 10    0.3492  4 01 x 10
0.4978  4 00 x 12    0.4967  4 00 x 12    0.3500  4 01 x 12    0.3494  4 01 x 06
0.4991  4 00 x 10    0.4981  4 00 x 10    0.3506  4 00 x 12    0.3505  4 00 x 12
0.5002  4 00 x 05    0.5009  4 00 x 05    0.3509  3 01 x 04    0.3509  3 01 x 04
0.5011  4 00 x 07    0.5010  3 01 x 08    0.3511  4 00 x 10    0.3519  4 00 x 10
0.5013  3 01 x 08    0.5019  4 00 x 07    0.3529  4 00 x 05    0.3527  3 01 t 04
0.5036  5 01 x 08    0.5039  4 00 x 04    0.3530  3 01 t 04    0.3536  4 00 x 07
0.5037  4 00 x 04    0.5053  5 01 x 08    0.3541  4 00 x 07    0.3539  4 00 x 05
0.5058  4 01 t 08    0.5057  4 01 t 04    0.3555  4 00 x 04    0.3547  3 01 x 05
0.5067  4 00 x 08    0.5057  3 01 x 04    0.3556  3 01 x 05    0.3549  4 00 x 04
0.5068  3 01 x 04    0.5067  4 00 x 08    0.3560  3 01 x 07    0.3563  3 01 x 07
0.5069  4 01 t 04    0.5075  4 01 t 08    0.3571  4 01 t 08    0.3569  4 01 t 08
0.5087  5 01 x 04    0.5091  5 01 x 04    0.3575  3 01 x 06    0.3569  4 00 x 08
0.5097  3 01 t 04    0.5091  3 01 t 04    0.3576  3 01 x 10    0.3571  3 01 x 10
0.5104  4 00 t 08    0.5100  4 00 t 08    0.3578  4 00 x 08    0.3584  3 01 x 06
0.5122  3 01 x 05    0.5106  3 01 x 05    0.3581  4 01 t 04    0.3587  3 01 x 12
0.5129  5 01 x 07    0.5118  5 01 x 05    0.3589  3 01 x 12    0.3587  4 01 t 04
0.5132  5 01 x 05    0.5125  3 01 x 07    0.3597  4 00 t 08    0.3593  4 00 t 08
0.5132  4 01 t 07    0.5131  5 01 x 07    0.3604  3 00 x 12    0.3614  3 00 x 12
0.5135  3 01 x 06    0.5136  4 01 t 07    0.3605  3 00 x 10    0.3615  3 00 x 10
0.5139  5 01 x 06    0.5141  5 01 x 06    0.3626  3 00 x 05    0.3625  3 00 x 05
0.5148  3 01 x 10    0.5142  4 01 t 05    0.3629  4 01 t 07    0.3634  4 01 t 07
0.5149  3 01 x 07    0.5144  3 01 x 10    0.3635  4 01 t 05    0.3636  4 01 t 05
0.5150  5 01 x 10    0.5147  5 01 x 12    0.3641  3 00 x 04    0.3636  3 01 t 08
0.5157  4 01 t 05    0.5150  5 01 x 10    0.3643  3 00 x 07    0.3645  3 00 x 07
0.5162  5 01 x 12    0.5155  3 01 x 12    0.3644  3 01 t 08    0.3645  3 00 x 04
0.5165  3 01 x 12    0.5159  3 01 x 06    0.3652  4 01 t 06    0.3646  4 00 t 04
0.5178  4 01 t 06    0.5171  4 00 t 04    0.3652  4 00 t 04    0.3648  3 00 t 04
0.5178  4 00 t 04    0.5172  5 00 x 12    0.3654  3 00 t 04    0.3654  4 01 t 06
0.5188  5 00 x 05    0.5177  5 00 x 10    0.3657  4 00 t 07    0.3657  4 00 t 07
0.5189  5 00 x 10    0.5181  3 00 x 12    0.3665  4 01 t 10    0.3673  4 00 t 12
0.5190  4 00 t 07    0.5185  4 01 t 06    0.3668  4 00 t 06    0.3677  4 00 t 06
0.5191  3 00 x 12    0.5186  5 00 x 07    0.3669  3 00 x 08    0.3678  4 00 t 05
0.5199  5 00 x 12    0.5189  3 00 x 10    0.3671  4 00 t 10    0.3678  3 00 t 08
0.5202  4 00 t 06    0.5189  4 01 t 10    0.3674  4 01 t 12    0.3680  3 00 x 08
0.5205  5 00 x 07    0.5189  5 00 x 05    0.3681  3 00 t 08    0.3686  4 00 t 10
0.5209  3 00 x 10    0.5193  4 00 t 07    0.3691  4 00 t 12    0.3694  4 01 t 10
0.5209  5 00 x 04    0.5198  4 01 t 12    0.3691  4 00 t 05    0.3699  5 01 x 08
0.5227  4 00 t 05    0.5207  4 00 t 10    0.3697  5 01 x 08    0.3712  3 01 t 05
0.5254  3 00 x 05    0.5209  5 00 x 04    0.3713  3 01 t 05    0.3725  3 01 t 07
0.5255  3 01 t 08    0.5212  4 00 t 12    0.3733  5 01 x 04    0.3727  4 01 t 12
0.5261  3 00 x 04    0.5214  4 00 t 06    0.3735  3 01 t 07    0.3732  5 01 x 04
0.5261  3 00 t 04    0.5227  4 00 t 05    0.3739  4 01 t 03    0.3737  4 00 x 06
0.5268  5 01 t 08    0.5242  5 00 x 08    0.3741  3 01 t 10    0.3740  3 01 t 06
0.5269  5 00 x 08    0.5242  3 00 x 05    0.3741  3 01 t 03    0.3740  3 01 t 03
0.5272  5 01 t 04    0.5253  3 01 t 08    0.3743  3 01 t 06    0.3745  5 01 x 05
0.5273  3 00 x 07    0.5265  3 00 t 04    0.3745  4 00 x 06    0.3748  4 01 t 03
0.5286  5 00 t 08    0.5266  3 00 x 07    0.3746  5 01 x 05    0.3749  4 01 x 03
0.5286  3 00 t 08    0.5271  3 00 x 04    0.3753  5 01 x 07    0.3752  5 01 x 07
0.5296  4 01 t 10    0.5273  5 01 t 08    0.3755  5 01 x 06    0.3753  3 01 t 10
0.5298  4 00 t 10    0.5273  5 01 t 04    0.3756  4 01 x 03    0.3755  3 00 t 07
0.5301  4 01 t 03    0.5292  3 00 t 08    0.3761  3 00 t 07    0.3756  5 01 x 06
0.5304  3 00 x 08    0.5295  5 00 t 08    0.3766  3 00 t 10    0.3770  3 00 t 06
0.5306  4 00 x 06    0.5298  4 00 x 06    0.3770  3 00 t 06    0.3775  3 00 t 10
0.5319  4 01 x 03    0.5299  4 01 t 03    0.3774  5 01 x 10    0.3776  5 01 x 10
0.5326  5 01 t 07    0.5308  3 00 x 08    0.3781  5 01 x 12    0.3780  3 01 t 12
0.5330  4 01 t 12    0.5317  5 01 t 07    0.3785  3 01 t 12    0.3782  5 01 x 12
0.5334  5 01 t 05    0.5323  4 01 x 03    0.3787  3 00 t 05    0.3787  5 00 x 10
0.5345  4 00 t 12    0.5333  5 01 t 05    0.3789  5 00 x 10    0.3788  2 01 x 04
0.5351  5 00 t 04    0.5346  3 01 t 05    0.3790  5 00 x 07    0.3789  3 00 t 05
0.5357  5 01 t 06    0.5354  3 01 t 07    0.3794  5 00 x 12    0.3793  5 00 x 05
0.5362  3 01 t 05    0.5358  5 00 t 04    0.3795  5 00 x 05    0.3795  3 00 t 12
0.5362  5 00 t 07    0.5362  5 00 t 07    0.3798  2 01 x 04    0.3797  5 00 x 12
0.5363  3 01 t 07    0.5366  5 01 t 06    0.3801  3 00 t 12    0.3799  5 00 x 07
0.5372  3 01 t 03    0.5381  3 01 t 03    0.3807  5 00 x 04    0.3804  5 00 x 04
0.5388  3 01 t 06    0.5382  5 01 t 10    0.3823  3 01 x 03    0.3829  3 01 x 03
0.5391  5 00 t 06    0.5385  3 01 t 06    0.3830  4 00 x 03    0.3836  4 00 x 03
0.5401  5 00 t 05    0.5386  3 01 t 10    0.3839  5 00 x 08    0.3838  5 00 x 08
0.5414  3 00 t 07    0.5393  5 00 t 06    0.3845  5 01 t 08    0.3847  5 01 t 08
0.5429  5 00 x 06    0.5399  5 00 t 10    0.3854  4 00 t 03    0.3853  4 00 t 03
0.5430  3 00 t 06    0.5404  5 00 t 12    0.3855  5 01 t 04    0.3860  5 01 t 04
0.5444  3 00 t 10    0.5409  5 00 t 05    0.3865  5 00 t 08    0.3867  5 00 t 08
0.5445  3 00 t 12    0.5410  5 01 t 12    0.3875  2 01 x 08    0.3873  2 01 t 08
0.5446  4 00 x 03    0.5422  3 01 t 12    0.3884  3 00 x 06    0.3878  3 00 x 06
0.5459  4 00 t 03    0.5428  3 00 t 07    0.3891  5 01 t 07    0.3879  2 01 x 08
0.5461  3 01 t 10    0.5430  3 00 t 10    0.3896  2 01 t 08    0.3885  5 01 t 07
0.5472  3 00 t 05    0.5435  5 00 x 06    0.3896  2 01 t 04    0.3887  2 01 t 04
0.5480  5 01 t 10    0.5435  3 00 t 06    0.3905  5 01 t 05    0.3898  5 01 t 05
0.5502  5 01 t 03    0.5440  4 00 x 03    0.3907  5 00 t 04    0.3911  5 00 t 07
0.5527  5 00 t 10    0.5448  3 00 t 12    0.3910  5 01 t 06    0.3912  3 00 t 03
0.5529  3 01 x 03    0.5462  4 00 t 03    0.3912  3 00 t 03    0.3918  5 01 t 06
0.5529  5 01 x 03    0.5465  3 00 t 05    0.3917  5 00 t 07    0.3919  5 00 t 04
0.5530  5 01 t 12    0.5493  5 01 t 03    0.3934  5 00 t 06    0.3935  3 00 x 03
0.5530  2 01 x 04    0.5515  5 01 x 03    0.3936  3 00 x 03    0.3937  5 00 t 06
0.5541  5 00 t 12    0.5523  3 01 x 03    0.3943  5 01 t 10    0.3940  5 00 t 05
0.5562  3 01 t 12    0.5525  2 01 x 04    0.3946  5 00 t 05    0.3947  5 00 t 10
0.5591  3 00 x 06    0.5607  3 00 x 06    0.3956  5 01 t 12    0.3952  5 00 t 12
0.5617  5 00 t 03    0.5609  2 01 x 08    0.3964  2 00 t 08    0.3960  5 01 t 12
0.5623  5 00 x 03    0.5611  5 00 x 03    0.3965  5 00 x 06    0.3963  2 00 t 08
0.5634  2 01 x 08    0.5613  5 00 t 03    0.3968  5 00 t 12    0.3963  5 01 t 10
0.5637  3 00 t 03    0.5631  2 01 t 08    0.3976  5 00 t 10    0.3969  5 00 x 06
0.5645  2 01 t 08    0.5637  3 00 t 03    0.3986  2 01 t 05    0.3984  2 01 x 05
0.5649  2 01 t 04    0.5661  2 01 t 04    0.3989  2 01 x 05    0.3985  2 00 x 04
0.5691  3 00 x 03    0.5674  3 00 x 03    0.3997  2 01 x 07    0.3992  2 01 t 05
0.5761  2 00 t 08    0.5771  2 00 t 08    0.3998  2 00 x 04    0.3998  2 01 x 07
0.5794  2 00 x 04    0.5785  2 00 x 04    0.4012  5 01 t 03    0.4016  2 01 x 06
0.5797  2 01 t 05    0.5793  2 01 t 05    0.4018  2 01 x 06    0.4017  2 01 x 10
0.5800  2 01 x 05    0.5806  2 01 x 05    0.4022  2 01 x 10    0.4018  5 01 t 03
0.5826  2 01 x 07    0.5811  2 01 x 07    0.4025  5 01 x 03    0.4019  5 01 x 03
0.5852  2 01 x 06    0.5828  2 01 x 10    0.4032  2 01 x 12    0.4032  2 01 x 12
0.5861  2 01 x 10    0.5847  2 01 x 06    0.4037  2 01 t 06    0.4044  2 00 x 08
0.5871  2 01 x 12    0.5855  2 01 x 12    0.4055  2 00 x 12    0.4051  2 01 t 06
0.5878  2 01 t 06    0.5874  2 00 x 08    0.4056  2 00 t 04    0.4063  2 00 x 12
0.5906  2 00 t 04    0.5875  2 01 t 06    0.4058  2 00 x 08    0.4070  2 01 t 07
0.5907  2 01 t 07    0.5909  2 00 x 12    0.4071  2 01 t 07    0.4071  2 00 t 04
0.5922  2 00 x 12    0.5911  2 01 t 07    0.4073  2 00 x 10    0.4071  2 00 x 10
0.5923  2 00 x 10    0.5918  2 00 t 04    0.4079  2 01 t 10    0.4086  5 00 t 03
0.5969  2 01 t 10    0.5922  2 01 t 10    0.4087  5 00 t 03    0.4092  2 01 t 12
0.5973  2 00 t 07    0.5923  2 00 x 10    0.4090  5 00 x 03    0.4094  2 01 t 10
0.5990  2 00 x 08    0.5932  2 01 t 12    0.4094  2 01 t 12    0.4095  5 00 x 03
0.5992  2 00 t 12    0.5976  2 00 t 07    0.4102  2 00 t 07    0.4113  2 00 t 07
0.5997  2 00 t 06    0.5996  2 00 t 10    0.4112  2 00 t 06    0.4119  2 00 t 06
0.5999  2 00 t 05    0.5996  2 00 t 06    0.4121  2 00 x 07    0.4120  2 00 t 10
0.6007  2 00 t 10    0.5999  2 00 t 05    0.4124  2 00 t 12    0.4125  2 00 t 12
0.6013  2 01 t 03    0.6002  2 00 t 12    0.4129  2 00 t 10    0.4129  2 00 t 05
0.6047  2 00 x 07    0.6009  2 00 x 07    0.4129  2 00 t 05    0.4143  2 01 t 03
0.6048  2 01 t 12    0.6024  2 01 t 03    0.4140  2 01 t 03    0.4148  2 00 x 07
0.6050  2 01 x 03    0.6041  2 01 x 03    0.4163  2 01 x 03    0.4168  2 01 x 03
0.6083  2 00 x 05    0.6083  2 00 x 05    0.4166  2 00 x 05    0.4177  2 00 x 05
0.6269  2 00 x 06    0.6284  2 00 x 06    0.4312  2 00 x 06    0.4321  2 00 x 06
0.6327  2 00 x 03    0.6322  2 00 x 03    0.4339  2 00 x 03    0.4346  2 00 x 03
0.6393  2 00 t 03    0.6393  2 00 t 03    0.4405  2 00 t 03    0.4404  2 00 t 03
0.6685  4 01 t 02    0.6655  4 01 t 02    0.4594  4 01 t 02    0.4566  4 01 t 02
0.6770  4 00 t 02    0.6741  4 00 t 02    0.4636  4 00 t 02    0.4630  4 00 t 02
0.6805  5 01 t 02    0.6781  5 01 t 02    0.4813  4 01 x 02    0.4798  5 01 t 02
0.6853  5 00 t 02    0.6857  5 00 t 02    0.4816  5 01 t 02    0.4829  4 01 x 02
0.6991  4 01 x 02    0.6987  4 01 x 02    0.4848  3 01 t 02    0.4834  3 01 t 02
0.7015  3 01 t 02    0.6996  3 01 t 02    0.4865  5 00 t 02    0.4851  5 00 t 02
0.7088  3 00 t 02    0.7088  3 00 t 02    0.4896  3 00 t 02    0.4879  3 00 t 02
0.7147  4 00 x 02    0.7146  4 00 x 02    0.4961  4 00 x 02    0.4970  4 00 x 02
0.7255  5 01 x 02    0.7226  5 01 x 02    0.5040  3 01 x 02    0.5052  3 01 x 02
0.7278  5 00 x 02    0.7241  5 00 x 02    0.5087  5 01 x 02    0.5085  5 01 x 02
0.7348  3 01 x 02    0.7303  3 01 x 02    0.5096  3 00 x 02    0.5115  3 00 x 02
0.7428  3 00 x 02    0.7386  3 00 x 02    0.5101  5 00 x 02    0.5135  5 00 x 02
0.7803  2 01 t 02    0.7811  2 01 t 02    0.5366  2 01 t 02    0.5354  2 01 t 02
0.7946  2 00 t 02    0.7937  2 00 t 02    0.5454  2 00 t 02    0.5443  2 00 t 02
0.8087  2 01 x 02    0.8067  2 01 x 02    0.5536  2 01 x 02    0.5542  2 01 x 02
0.8227  2 00 x 02    0.8220  2 00 x 02    0.5624  2 00 x 02    0.5616  2 00 x 02
---Benchmark Program Finished---
