
./testbench_2kary.sh clang++ O3 MontgomeryFull uint64_t 191 8 22 -DTEST_ARRAY -DHURCHALLA_MONTGOMERY_POW_2KARY_USE_CSELECT_ON_BIT -DHURCHALLA_ALLOW_INLINE_ASM_ALL

compilation finished, now executing:
---Running Program---

begin benchmarks - array pow
(ignore)604918524362530784

OVERALL BEST:
0.1854  3 00 x 08
0.1858  3 01 x 08
0.1882  3 01 t 08
0.1903  4 00 x 08
0.1904  3 00 t 08
0.1912  4 01 x 08
0.1919  4 01 t 08
0.1938  4 00 t 08
0.1944  3 00 x 12
0.1948  3 00 x 10
0.1951  3 01 x 10
0.1957  3 01 t 10
0.1962  3 01 x 12
0.1966  3 00 t 10
0.1968  4 00 x 12
0.1968  4 00 x 10
0.1971  4 01 x 10
0.1973  4 00 t 12
0.1974  4 00 t 10
0.1976  3 00 t 12
0.1979  4 01 t 10
0.1985  4 01 x 12
0.1987  2 01 x 08
0.1993  2 00 x 08
0.1998  3 01 t 12
0.2006  4 01 t 12
0.2022  2 01 t 08
0.2035  2 00 t 08
0.2037  4 01 t 07
0.2039  4 00 t 07
0.2039  3 01 x 07
0.2040  4 01 x 07
0.2041  3 01 t 07
0.2043  4 00 x 07
0.2057  3 00 x 07
0.2059  3 00 t 07
0.2083  3 01 t 06
0.2103  3 00 t 06
0.2116  3 01 x 06
0.2126  2 00 x 12
0.2130  2 01 x 12
0.2131  4 01 x 06
0.2132  4 01 t 06
0.2133  2 00 t 12
0.2134  2 00 t 10
0.2137  3 00 x 06
0.2139  2 01 t 12
0.2142  4 00 t 06
0.2143  2 00 x 10
0.2143  4 00 x 06
0.2144  2 01 t 10
0.2144  2 01 x 10
0.2179  5 00 x 08
0.2182  5 01 x 08
0.2203  3 01 t 05
0.2213  3 00 t 05
0.2224  4 01 t 05
0.2226  2 01 t 07
0.2236  5 00 x 10
0.2238  5 00 x 12
0.2239  5 01 x 10
0.2240  5 00 t 10
0.2241  5 01 t 08
0.2245  5 00 t 12
0.2246  5 01 t 10
0.2251  2 01 x 07
0.2251  4 00 t 05
0.2256  5 00 t 08
0.2256  2 00 t 07
0.2259  5 01 x 12
0.2264  2 00 x 07
0.2269  5 01 t 12
0.2274  3 00 x 05
0.2274  3 01 x 05
0.2281  5 01 t 07
0.2284  5 00 t 07
0.2299  4 01 x 05
0.2299  4 00 x 05
0.2301  5 01 x 07
0.2304  5 00 x 07
0.2337  2 01 x 06
0.2343  2 01 t 06
0.2352  2 00 t 06
0.2354  2 00 x 06
0.2362  5 01 t 06
0.2364  5 00 t 06
0.2378  5 01 x 06
0.2389  5 00 x 06
0.2453  2 01 t 05
0.2461  2 00 x 05
0.2461  2 01 x 05
0.2464  2 00 t 05
0.2471  4 00 t 04
0.2471  4 01 t 04
0.2478  5 01 t 05
0.2485  5 00 t 05
0.2498  3 01 t 04
0.2498  3 00 t 04
0.2532  5 01 x 05
0.2533  5 00 x 05
0.2618  4 00 x 04
0.2619  4 01 x 04
0.2635  3 01 x 04
0.2636  3 00 x 04
0.2707  5 00 t 04
0.2710  5 01 t 04
0.2792  2 00 t 04
0.2795  2 01 t 04
0.2856  5 01 x 04
0.2859  5 00 x 04
0.2880  2 00 x 04
0.2884  2 01 x 04
0.3022  4 00 t 03
0.3024  4 01 t 03
0.3170  3 00 t 03
0.3171  3 01 t 03
0.3209  4 00 x 03
0.3209  4 01 x 03
0.3219  5 01 t 03
0.3219  5 00 t 03
0.3318  3 00 x 03
0.3321  3 01 x 03
0.3412  5 00 x 03
0.3418  5 01 x 03
0.3486  2 01 t 03
0.3488  2 00 t 03
0.3604  2 00 x 03
0.3606  2 01 x 03
0.4051  4 01 t 02
0.4053  4 00 t 02
0.4159  5 01 t 02
0.4162  5 00 t 02
0.4204  3 00 t 02
0.4204  3 01 t 02
0.4371  4 00 x 02
0.4371  4 01 x 02
0.4483  3 01 x 02
0.4495  3 00 x 02
0.4500  5 01 x 02
0.4503  5 00 x 02
0.4845  2 01 t 02
0.4850  2 00 t 02
0.5055  2 01 x 02
0.5064  2 00 x 02
Timings By Test Type:
0.0555  3 00 x 08    0.0555  3 00 x 08    0.0372  3 00 x 08    0.0372  3 00 x 08
0.0556  3 01 x 08    0.0555  3 01 x 08    0.0373  3 01 x 08    0.0373  3 01 x 08
0.0559  4 00 x 08    0.0559  4 00 x 08    0.0378  3 01 t 08    0.0378  3 01 t 08
0.0561  4 01 x 08    0.0562  4 01 x 08    0.0382  3 00 t 08    0.0382  3 00 t 08
0.0563  3 01 t 08    0.0563  3 01 t 08    0.0390  3 00 x 12    0.0390  3 00 x 12
0.0564  4 01 t 08    0.0564  4 01 t 08    0.0391  3 00 x 10    0.0391  3 00 x 10
0.0570  4 00 t 08    0.0570  4 00 t 08    0.0391  3 01 x 10    0.0391  3 01 x 10
0.0570  3 00 t 08    0.0570  3 00 t 08    0.0392  3 01 t 10    0.0392  3 01 t 10
0.0576  4 00 x 12    0.0576  4 00 x 12    0.0392  4 00 x 08    0.0392  4 00 x 08
0.0577  4 00 x 10    0.0577  4 00 x 10    0.0394  3 01 x 12    0.0394  3 00 t 10
0.0577  4 00 t 12    0.0577  4 00 t 12    0.0394  3 00 t 10    0.0394  3 01 x 12
0.0578  4 01 x 10    0.0578  4 01 x 10    0.0395  4 01 x 08    0.0394  4 01 x 08
0.0579  4 00 t 10    0.0579  4 00 t 10    0.0395  4 01 t 08    0.0395  4 01 t 08
0.0581  4 01 x 12    0.0581  4 01 t 10    0.0396  2 01 x 08    0.0396  2 01 x 08
0.0582  3 00 x 12    0.0581  4 01 x 12    0.0397  2 00 x 08    0.0397  2 00 x 08
0.0582  4 01 t 10    0.0582  3 00 x 12    0.0398  3 00 t 12    0.0397  3 00 t 12
0.0583  3 00 x 10    0.0584  3 00 x 10    0.0399  4 00 t 08    0.0399  4 00 t 08
0.0584  3 01 x 10    0.0584  3 01 x 10    0.0402  3 01 t 12    0.0402  3 01 t 12
0.0586  3 01 t 10    0.0587  3 01 t 10    0.0402  2 01 t 08    0.0403  2 01 t 08
0.0587  3 01 x 12    0.0587  3 01 x 12    0.0405  2 00 t 08    0.0405  2 00 t 08
0.0589  3 00 t 10    0.0588  4 01 t 12    0.0406  4 00 x 10    0.0407  4 00 x 10
0.0589  4 01 t 12    0.0589  3 00 t 10    0.0408  3 01 x 07    0.0407  4 01 x 10
0.0591  3 00 t 12    0.0591  3 00 t 12    0.0408  4 01 x 10    0.0408  4 00 x 12
0.0597  3 01 t 12    0.0597  3 01 t 12    0.0408  4 00 t 10    0.0408  4 00 t 10
0.0598  2 01 x 08    0.0598  2 01 x 08    0.0408  3 01 t 07    0.0408  3 01 x 07
0.0600  2 00 x 08    0.0600  4 01 t 07    0.0408  4 00 x 12    0.0408  4 01 t 10
0.0600  4 01 t 07    0.0600  2 00 x 08    0.0409  4 01 t 10    0.0408  3 01 t 07
0.0601  4 00 t 07    0.0600  4 00 t 07    0.0409  4 00 t 12    0.0409  4 00 t 12
0.0601  4 01 x 07    0.0600  4 01 x 07    0.0411  3 00 x 07    0.0411  3 00 x 07
0.0602  4 00 x 07    0.0602  4 00 x 07    0.0411  4 01 x 12    0.0411  4 01 x 12
0.0608  2 01 t 08    0.0608  2 01 t 08    0.0412  3 00 t 07    0.0412  3 00 t 07
0.0612  3 01 x 07    0.0612  3 01 x 07    0.0415  4 01 t 12    0.0415  4 01 t 12
0.0613  2 00 t 08    0.0612  3 01 t 07    0.0417  3 01 t 06    0.0417  3 01 t 06
0.0613  3 01 t 07    0.0613  2 00 t 08    0.0419  4 01 t 07    0.0419  4 01 t 07
0.0618  3 00 x 07    0.0618  3 00 x 07    0.0419  4 00 t 07    0.0419  4 00 t 07
0.0618  3 00 t 07    0.0618  3 00 t 07    0.0419  4 01 x 07    0.0419  4 01 x 07
0.0624  5 00 x 08    0.0624  5 00 x 08    0.0420  4 00 x 07    0.0420  4 00 x 07
0.0625  3 01 t 06    0.0624  5 01 x 08    0.0420  3 00 t 06    0.0420  3 00 t 06
0.0625  5 01 x 08    0.0625  3 01 t 06    0.0423  3 01 x 06    0.0423  3 01 x 06
0.0629  4 01 x 06    0.0629  4 01 x 06    0.0423  2 00 x 12    0.0423  2 00 x 12
0.0629  4 01 t 06    0.0629  4 01 t 06    0.0424  2 01 x 12    0.0424  2 00 t 10
0.0631  3 00 t 06    0.0631  3 00 t 06    0.0424  2 00 t 10    0.0424  2 01 x 12
0.0633  4 00 x 06    0.0633  4 00 t 06    0.0425  2 00 t 12    0.0425  2 00 t 12
0.0633  4 00 t 06    0.0633  4 00 x 06    0.0425  2 00 x 10    0.0425  2 01 t 12
0.0635  3 01 x 06    0.0635  3 01 x 06    0.0426  2 01 t 12    0.0426  2 00 x 10
0.0640  2 00 x 12    0.0640  5 00 x 12    0.0426  2 01 x 10    0.0426  2 01 x 10
0.0640  5 00 x 12    0.0640  2 00 x 12    0.0426  2 01 t 10    0.0426  2 01 t 10
0.0641  5 00 x 10    0.0641  5 00 x 10    0.0427  3 00 x 06    0.0426  3 00 x 06
0.0641  5 01 x 10    0.0641  2 01 x 12    0.0437  4 01 t 06    0.0437  4 01 x 06
0.0641  2 01 x 12    0.0641  5 01 x 10    0.0437  4 01 x 06    0.0437  4 01 t 06
0.0642  2 00 t 12    0.0641  2 00 t 12    0.0438  4 00 t 06    0.0438  4 00 t 06
0.0642  3 00 x 06    0.0641  5 00 t 12    0.0439  4 00 x 06    0.0439  4 00 x 06
0.0642  5 00 t 12    0.0642  3 00 x 06    0.0440  3 01 t 05    0.0440  3 01 t 05
0.0643  2 01 t 12    0.0642  5 00 t 10    0.0441  3 00 t 05    0.0441  3 00 t 05
0.0643  5 00 t 10    0.0643  2 00 t 10    0.0442  2 01 t 07    0.0442  2 01 t 07
0.0643  2 00 t 10    0.0643  5 01 t 08    0.0447  2 01 x 07    0.0447  2 01 x 07
0.0643  5 01 t 08    0.0643  5 01 t 10    0.0448  2 00 t 07    0.0448  2 00 t 07
0.0644  5 01 t 10    0.0644  2 01 t 12    0.0449  2 00 x 07    0.0449  2 00 x 07
0.0646  2 01 t 10    0.0646  2 00 x 10    0.0453  3 00 x 05    0.0453  3 00 x 05
0.0646  5 01 x 12    0.0646  5 01 x 12    0.0453  3 01 x 05    0.0453  4 01 t 05
0.0646  2 01 x 10    0.0646  2 01 x 10    0.0453  4 01 t 05    0.0453  3 01 x 05
0.0646  2 00 x 10    0.0646  2 01 t 10    0.0459  4 00 t 05    0.0459  4 00 t 05
0.0648  5 00 t 08    0.0648  5 00 t 08    0.0463  2 01 x 06    0.0462  2 01 x 06
0.0650  5 01 t 12    0.0649  5 01 t 12    0.0464  2 01 t 06    0.0464  2 01 t 06
0.0656  5 01 t 07    0.0655  5 01 t 07    0.0465  5 00 x 08    0.0465  5 00 x 08
0.0656  5 00 t 07    0.0656  5 00 t 07    0.0466  2 00 t 06    0.0466  2 00 t 06
0.0659  4 01 t 05    0.0659  4 01 t 05    0.0466  2 00 x 06    0.0466  5 01 x 08
0.0662  5 01 x 07    0.0662  5 01 x 07    0.0467  5 01 x 08    0.0466  2 00 x 06
0.0662  3 01 t 05    0.0662  3 01 t 05    0.0468  4 01 x 05    0.0468  4 01 x 05
0.0663  5 00 x 07    0.0662  5 00 x 07    0.0469  4 00 x 05    0.0469  4 00 x 05
0.0665  3 00 t 05    0.0665  3 00 t 05    0.0477  5 00 x 10    0.0477  5 00 x 10
0.0667  4 00 t 05    0.0666  4 00 t 05    0.0477  5 01 t 08    0.0477  5 01 t 08
0.0671  2 01 t 07    0.0671  2 01 t 07    0.0478  5 00 t 10    0.0478  5 00 t 10
0.0679  2 01 x 07    0.0679  2 01 x 07    0.0478  5 01 x 10    0.0478  5 01 x 10
0.0680  5 01 t 06    0.0680  5 01 t 06    0.0479  5 00 x 12    0.0479  5 01 t 10
0.0680  2 00 t 07    0.0681  2 00 t 07    0.0479  5 01 t 10    0.0479  5 00 x 12
0.0681  4 01 x 05    0.0681  4 00 x 05    0.0480  5 00 t 08    0.0480  5 00 t 08
0.0681  4 00 x 05    0.0681  4 01 x 05    0.0480  5 00 t 12    0.0481  5 00 t 12
0.0681  5 00 t 06    0.0681  5 00 t 06    0.0484  5 01 x 12    0.0483  5 01 x 12
0.0683  2 00 x 07    0.0683  2 00 x 07    0.0485  2 01 t 05    0.0484  5 01 t 12
0.0684  3 01 x 05    0.0684  3 01 x 05    0.0485  5 01 t 07    0.0485  2 01 t 05
0.0684  3 00 x 05    0.0684  3 00 x 05    0.0485  5 00 t 07    0.0485  5 01 t 07
0.0685  5 01 x 06    0.0686  5 01 x 06    0.0486  5 01 t 12    0.0485  5 00 t 07
0.0689  5 00 x 06    0.0689  5 00 x 06    0.0486  2 00 x 05    0.0486  2 00 x 05
0.0706  2 01 x 06    0.0706  2 01 x 06    0.0486  2 01 x 05    0.0486  2 01 x 05
0.0707  2 01 t 06    0.0708  2 01 t 06    0.0487  2 00 t 05    0.0487  2 00 t 05
0.0710  2 00 t 06    0.0710  2 00 t 06    0.0489  5 01 x 07    0.0489  5 01 x 07
0.0711  2 00 x 06    0.0711  2 00 x 06    0.0489  5 00 x 07    0.0489  5 00 x 07
0.0717  5 01 t 05    0.0717  5 01 t 05    0.0494  3 01 t 04    0.0494  3 01 t 04
0.0719  5 00 t 05    0.0718  5 00 t 05    0.0494  3 00 t 04    0.0495  3 00 t 04
0.0734  5 01 x 05    0.0734  5 01 x 05    0.0500  5 01 t 06    0.0501  5 01 t 06
0.0734  4 00 t 04    0.0734  4 01 t 04    0.0501  5 00 t 06    0.0501  5 00 t 06
0.0734  4 01 t 04    0.0734  4 00 t 04    0.0501  4 00 t 04    0.0501  4 00 t 04
0.0734  5 00 x 05    0.0734  5 00 x 05    0.0501  4 01 t 04    0.0502  4 01 t 04
0.0742  2 01 t 05    0.0742  2 01 t 05    0.0504  5 01 x 06    0.0504  5 01 x 06
0.0745  2 01 x 05    0.0744  2 00 x 05    0.0506  5 00 x 06    0.0505  5 00 x 06
0.0745  2 00 x 05    0.0744  2 01 x 05    0.0520  3 01 x 04    0.0520  3 01 x 04
0.0745  2 00 t 05    0.0745  2 00 t 05    0.0520  3 00 x 04    0.0520  3 00 x 04
0.0754  3 00 t 04    0.0755  3 00 t 04    0.0522  5 01 t 05    0.0522  5 01 t 05
0.0755  3 01 t 04    0.0755  3 01 t 04    0.0524  5 00 t 05    0.0524  5 00 t 05
0.0780  4 00 x 04    0.0780  4 01 x 04    0.0529  4 00 x 04    0.0529  4 00 x 04
0.0780  4 01 x 04    0.0780  4 00 x 04    0.0529  4 01 x 04    0.0529  4 01 x 04
0.0788  5 00 t 04    0.0788  5 00 t 04    0.0532  5 01 x 05    0.0532  5 00 x 05
0.0790  5 01 t 04    0.0789  5 01 t 04    0.0532  5 00 x 05    0.0532  5 01 x 05
0.0797  3 01 x 04    0.0797  3 01 x 04    0.0548  2 00 t 04    0.0548  2 00 t 04
0.0797  3 00 x 04    0.0798  3 00 x 04    0.0549  2 01 t 04    0.0549  2 01 t 04
0.0835  5 01 x 04    0.0835  5 01 x 04    0.0565  5 00 t 04    0.0565  5 00 t 04
0.0836  5 00 x 04    0.0836  5 00 x 04    0.0565  2 00 x 04    0.0565  2 00 x 04
0.0848  2 00 t 04    0.0848  2 00 t 04    0.0565  5 01 t 04    0.0565  5 01 t 04
0.0849  2 01 t 04    0.0849  2 01 t 04    0.0566  2 01 x 04    0.0566  2 01 x 04
0.0874  2 00 x 04    0.0876  2 00 x 04    0.0593  5 01 x 04    0.0593  5 01 x 04
0.0876  2 01 x 04    0.0876  2 01 x 04    0.0593  5 00 x 04    0.0593  5 00 x 04
0.0905  4 00 t 03    0.0905  4 00 t 03    0.0606  4 00 t 03    0.0607  4 00 t 03
0.0905  4 01 t 03    0.0905  4 01 t 03    0.0607  4 01 t 03    0.0607  4 01 t 03
0.0948  5 01 t 03    0.0948  5 00 t 03    0.0621  3 00 t 03    0.0621  3 00 t 03
0.0948  5 00 t 03    0.0948  5 01 t 03    0.0621  3 01 t 03    0.0621  3 01 t 03
0.0962  4 01 x 03    0.0962  4 00 x 03    0.0642  4 00 x 03    0.0642  4 00 x 03
0.0962  4 00 x 03    0.0962  4 01 x 03    0.0642  4 01 x 03    0.0643  4 01 x 03
0.0964  3 01 t 03    0.0964  3 00 t 03    0.0650  3 01 x 03    0.0651  3 00 x 03
0.0964  3 00 t 03    0.0965  3 01 t 03    0.0650  3 00 x 03    0.0651  3 01 x 03
0.1008  5 00 x 03    0.1008  5 00 x 03    0.0661  5 01 t 03    0.0661  5 01 t 03
0.1009  3 00 x 03    0.1009  3 00 x 03    0.0662  5 00 t 03    0.0662  5 00 t 03
0.1009  5 01 x 03    0.1009  5 01 x 03    0.0681  2 00 t 03    0.0681  2 01 t 03
0.1011  3 01 x 03    0.1010  3 01 x 03    0.0681  2 01 t 03    0.0681  2 00 t 03
0.1062  2 01 t 03    0.1062  2 01 t 03    0.0698  5 00 x 03    0.0698  5 00 x 03
0.1063  2 00 t 03    0.1063  2 00 t 03    0.0700  5 01 x 03    0.0700  5 01 x 03
0.1098  2 00 x 03    0.1098  2 00 x 03    0.0704  2 00 x 03    0.0704  2 00 x 03
0.1099  2 01 x 03    0.1099  2 01 x 03    0.0705  2 01 x 03    0.0704  2 01 x 03
0.1228  4 01 t 02    0.1229  4 01 t 02    0.0797  4 00 t 02    0.0797  4 01 t 02
0.1229  4 00 t 02    0.1230  4 00 t 02    0.0797  4 01 t 02    0.0797  4 00 t 02
0.1246  5 00 t 02    0.1246  5 01 t 02    0.0812  3 00 t 02    0.0811  3 00 t 02
0.1246  5 01 t 02    0.1246  5 00 t 02    0.0812  3 01 t 02    0.0811  3 01 t 02
0.1290  3 01 t 02    0.1291  3 00 t 02    0.0834  5 01 t 02    0.0834  5 01 t 02
0.1290  3 00 t 02    0.1291  3 01 t 02    0.0835  5 00 t 02    0.0835  5 00 t 02
0.1329  4 01 x 02    0.1329  4 00 x 02    0.0856  4 01 x 02    0.0856  4 00 x 02
0.1329  4 00 x 02    0.1330  4 01 x 02    0.0857  4 00 x 02    0.0856  4 01 x 02
0.1353  5 01 x 02    0.1353  5 01 x 02    0.0865  3 01 x 02    0.0864  3 01 x 02
0.1354  5 00 x 02    0.1354  5 00 x 02    0.0866  3 00 x 02    0.0866  3 00 x 02
0.1377  3 01 x 02    0.1378  3 01 x 02    0.0897  5 01 x 02    0.0897  5 01 x 02
0.1381  3 00 x 02    0.1381  3 00 x 02    0.0897  5 00 x 02    0.0898  5 00 x 02
0.1488  2 01 t 02    0.1488  2 01 t 02    0.0934  2 00 t 02    0.0934  2 01 t 02
0.1491  2 00 t 02    0.1490  2 00 t 02    0.0935  2 01 t 02    0.0935  2 00 t 02
0.1554  2 01 x 02    0.1554  2 01 x 02    0.0973  2 01 x 02    0.0974  2 01 x 02
0.1557  2 00 x 02    0.1557  2 00 x 02    0.0975  2 00 x 02    0.0975  2 00 x 02
---Benchmark Program Finished---
