
./testbench_2kary.sh g++ O3 MontgomeryFull uint64_t 191 8 22 -DTEST_ARRAY -DHURCHALLA_MONTGOMERY_POW_2KARY_USE_CSELECT_ON_BIT -DHURCHALLA_ALLOW_INLINE_ASM_ALL

compilation finished, now executing:
---Running Program---

begin benchmarks - array pow
(ignore)604918524362530784

OVERALL BEST:
0.1840  3 00 t 08
0.1855  3 01 t 08
0.1874  3 01 t 10
0.1878  3 01 x 08
0.1881  3 00 t 10
0.1890  3 00 x 08
0.1891  4 00 t 08
0.1892  3 01 x 10
0.1893  3 00 t 12
0.1902  3 00 x 10
0.1906  3 01 t 12
0.1913  3 00 t 07
0.1922  4 01 t 08
0.1926  4 01 x 08
0.1937  3 00 x 12
0.1945  3 01 t 07
0.1947  4 00 x 08
0.1948  3 01 x 07
0.1952  3 01 x 12
0.1961  3 00 x 07
0.1963  4 00 t 10
0.1966  4 01 t 10
0.1980  4 00 x 12
0.1994  4 01 x 10
0.2002  4 01 x 12
0.2006  2 00 x 08
0.2007  4 00 t 12
0.2009  4 00 x 10
0.2013  3 00 t 06
0.2022  2 00 x 10
0.2023  3 01 t 06
0.2028  3 00 x 06
0.2028  4 00 x 07
0.2029  2 00 t 10
0.2031  4 01 x 07
0.2033  2 01 x 10
0.2034  2 00 x 12
0.2037  4 01 t 12
0.2037  2 01 x 12
0.2043  4 01 t 07
0.2043  2 01 t 10
0.2049  2 00 t 08
0.2050  3 01 x 06
0.2051  2 01 t 12
0.2052  4 00 t 07
0.2054  2 01 t 08
0.2055  2 01 x 08
0.2058  2 00 t 12
0.2061  2 00 t 07
0.2076  2 01 t 07
0.2081  2 01 x 07
0.2093  4 01 t 06
0.2096  2 00 x 07
0.2103  4 00 t 06
0.2124  4 00 x 06
0.2131  4 01 x 06
0.2144  2 01 t 06
0.2152  3 00 t 05
0.2161  3 01 t 05
0.2175  2 00 t 06
0.2187  3 01 x 05
0.2192  2 01 x 06
0.2202  3 00 x 05
0.2214  2 00 x 06
0.2215  4 00 t 05
0.2215  5 00 t 08
0.2219  4 01 t 05
0.2221  5 01 x 08
0.2230  5 01 t 08
0.2234  5 00 x 08
0.2299  4 00 x 05
0.2312  5 00 x 12
0.2313  4 01 x 05
0.2317  5 01 x 12
0.2330  5 01 t 10
0.2331  5 00 t 10
0.2338  5 00 x 10
0.2339  5 00 t 12
0.2341  5 01 x 10
0.2342  5 01 t 12
0.2359  5 01 t 07
0.2360  5 00 t 07
0.2389  2 01 t 05
0.2390  5 00 x 07
0.2399  2 00 x 05
0.2399  2 00 t 05
0.2408  2 01 x 05
0.2430  5 01 x 07
0.2457  4 00 t 04
0.2471  5 00 t 06
0.2476  3 00 t 04
0.2493  4 01 t 04
0.2505  5 00 x 06
0.2506  5 01 t 06
0.2522  3 01 t 04
0.2527  5 01 x 06
0.2553  4 01 x 04
0.2553  4 00 x 04
0.2585  5 00 t 05
0.2588  5 01 t 05
0.2606  3 01 x 04
0.2607  3 00 x 04
0.2635  5 00 x 05
0.2640  5 01 x 05
0.2701  5 00 t 04
0.2728  5 01 t 04
0.2734  2 01 t 04
0.2781  5 00 x 04
0.2787  5 01 x 04
0.2817  2 00 t 04
0.2880  2 01 x 04
0.2900  2 00 x 04
0.2990  4 00 t 03
0.2993  4 01 t 03
0.3050  3 00 t 03
0.3054  3 01 t 03
0.3180  3 00 x 03
0.3195  3 01 x 03
0.3196  4 01 x 03
0.3267  5 01 t 03
0.3282  5 00 t 03
0.3319  4 00 x 03
0.3415  2 01 t 03
0.3417  2 00 t 03
0.3478  5 00 x 03
0.3489  5 01 x 03
0.3500  2 00 x 03
0.3506  2 01 x 03
0.3986  4 01 t 02
0.3990  4 00 t 02
0.4095  5 01 t 02
0.4111  5 00 t 02
0.4128  3 00 t 02
0.4143  3 01 t 02
0.4304  4 00 x 02
0.4330  4 01 x 02
0.4439  3 00 x 02
0.4440  3 01 x 02
0.4449  5 00 x 02
0.4474  5 01 x 02
0.4734  2 01 t 02
0.4771  2 00 t 02
0.4959  2 00 x 02
0.4975  2 01 x 02
Timings By Test Type:
0.0553  3 00 t 08    0.0553  3 00 t 08    0.0367  3 00 t 08    0.0367  3 00 t 08
0.0556  4 00 t 08    0.0556  4 00 t 08    0.0372  3 01 t 08    0.0371  3 01 t 08
0.0556  3 01 t 08    0.0556  3 01 t 08    0.0373  3 01 t 10    0.0376  3 01 x 08
0.0563  3 00 t 10    0.0561  3 01 t 10    0.0375  3 01 x 08    0.0377  3 01 t 10
0.0563  3 01 t 10    0.0563  3 00 t 10    0.0375  3 00 t 10    0.0377  3 00 x 08
0.0564  3 01 x 08    0.0564  3 01 x 08    0.0376  3 00 t 12    0.0379  3 00 x 10
0.0565  3 00 t 12    0.0564  4 01 t 08    0.0377  3 01 t 12    0.0380  3 00 t 10
0.0565  4 01 x 08    0.0566  3 00 x 08    0.0378  3 00 x 08    0.0381  3 01 x 10
0.0566  3 01 x 10    0.0566  3 00 t 12    0.0378  3 01 x 10    0.0381  3 00 t 07
0.0566  4 01 t 08    0.0566  4 01 x 08    0.0381  3 00 x 10    0.0382  3 01 t 12
0.0569  3 00 x 08    0.0567  3 01 x 10    0.0382  3 00 t 07    0.0386  3 00 x 12
0.0572  3 00 x 10    0.0570  3 01 t 12    0.0386  3 01 x 12    0.0386  3 00 t 12
0.0573  4 00 x 08    0.0571  3 00 x 10    0.0386  3 00 x 12    0.0388  3 01 t 07
0.0575  4 00 t 10    0.0572  4 01 t 10    0.0389  3 01 t 07    0.0390  3 01 x 07
0.0575  3 00 t 07    0.0573  4 00 x 08    0.0389  4 00 t 08    0.0390  4 00 t 08
0.0576  3 01 t 12    0.0574  4 00 t 10    0.0389  3 00 x 07    0.0391  3 00 x 07
0.0582  4 01 t 10    0.0575  3 00 t 07    0.0390  3 01 x 07    0.0395  3 01 x 12
0.0583  3 00 x 12    0.0578  4 00 x 12    0.0395  4 01 x 08    0.0396  4 01 t 08
0.0584  4 01 x 10    0.0580  3 01 x 12    0.0396  4 01 t 08    0.0397  2 00 x 08
0.0584  3 01 t 07    0.0581  4 01 x 12    0.0397  2 00 x 08    0.0399  4 01 x 08
0.0585  3 01 x 07    0.0582  3 00 x 12    0.0399  4 00 x 08    0.0400  2 00 x 10
0.0587  4 00 x 12    0.0583  3 01 x 07    0.0400  2 00 x 10    0.0401  3 00 t 06
0.0589  4 00 t 12    0.0584  3 01 t 07    0.0402  3 00 t 06    0.0401  4 00 x 08
0.0590  4 00 x 10    0.0584  4 01 x 10    0.0403  2 00 t 10    0.0402  2 01 x 12
0.0591  3 01 x 12    0.0586  4 00 t 12    0.0403  2 01 x 10    0.0403  2 00 t 10
0.0591  3 00 x 07    0.0588  4 00 x 10    0.0403  2 00 x 12    0.0403  2 01 x 10
0.0593  4 01 x 12    0.0589  3 00 x 07    0.0403  4 00 t 10    0.0404  3 01 t 06
0.0597  4 01 x 07    0.0596  4 01 t 12    0.0403  3 00 x 06    0.0404  2 00 x 12
0.0597  4 00 x 07    0.0596  4 00 x 07    0.0403  4 01 t 10    0.0404  3 00 x 06
0.0600  4 01 t 07    0.0596  4 01 x 07    0.0404  3 01 t 06    0.0405  2 00 t 08
0.0603  4 00 t 07    0.0601  4 01 t 07    0.0405  2 01 t 10    0.0406  2 01 t 12
0.0604  4 01 t 12    0.0603  4 00 t 07    0.0406  2 00 t 08    0.0407  2 01 t 10
0.0605  3 00 t 06    0.0605  2 00 x 08    0.0406  2 01 x 12    0.0407  2 00 t 12
0.0606  2 00 x 08    0.0605  3 00 t 06    0.0407  4 00 x 12    0.0408  2 01 t 08
0.0607  3 01 t 06    0.0608  3 01 t 06    0.0407  2 01 t 08    0.0408  2 01 x 08
0.0610  3 00 x 06    0.0610  2 00 x 10    0.0407  2 01 t 12    0.0408  3 01 x 06
0.0612  2 00 x 10    0.0610  2 00 t 10    0.0407  2 01 x 08    0.0408  4 00 x 12
0.0613  2 00 t 10    0.0610  3 00 x 06    0.0408  2 00 t 07    0.0408  2 00 t 07
0.0613  2 01 x 10    0.0611  2 01 x 12    0.0408  2 00 t 12    0.0409  4 01 t 10
0.0614  2 00 x 12    0.0614  2 00 x 12    0.0409  4 01 x 12    0.0411  4 00 t 10
0.0616  4 01 t 06    0.0614  2 01 x 10    0.0409  3 01 x 06    0.0411  2 01 t 07
0.0616  2 01 t 10    0.0614  2 01 t 12    0.0411  2 01 t 07    0.0412  2 01 x 07
0.0616  3 01 x 06    0.0615  2 01 t 10    0.0411  4 01 x 10    0.0415  2 00 x 07
0.0618  2 01 x 12    0.0615  2 00 t 12    0.0411  2 01 x 07    0.0415  4 01 x 10
0.0619  4 00 t 06    0.0616  4 01 t 06    0.0413  4 00 t 12    0.0416  4 00 x 10
0.0620  2 01 x 08    0.0616  3 01 x 06    0.0415  2 00 x 07    0.0417  4 00 x 07
0.0620  2 00 t 08    0.0618  2 00 t 08    0.0416  4 00 x 10    0.0418  4 01 t 12
0.0620  2 01 t 08    0.0619  2 01 t 08    0.0417  4 00 x 07    0.0419  4 00 t 12
0.0623  2 00 t 07    0.0619  4 00 t 06    0.0419  4 01 t 12    0.0420  4 01 x 07
0.0624  2 01 t 12    0.0620  2 01 x 08    0.0419  4 01 x 07    0.0420  4 01 x 12
0.0626  4 00 x 06    0.0621  2 00 t 07    0.0421  4 01 t 07    0.0421  4 01 t 07
0.0627  4 01 x 06    0.0626  4 00 x 06    0.0422  4 00 t 07    0.0424  4 00 t 07
0.0628  2 00 t 12    0.0627  2 01 t 07    0.0423  2 01 t 06    0.0424  2 01 t 06
0.0628  2 01 t 07    0.0628  4 01 x 06    0.0427  3 00 t 05    0.0427  3 00 t 05
0.0629  2 01 x 07    0.0629  2 01 x 07    0.0429  3 01 t 05    0.0430  3 01 t 05
0.0634  2 00 x 07    0.0633  2 00 x 07    0.0429  2 00 t 06    0.0430  2 00 t 06
0.0634  5 00 t 08    0.0633  5 00 t 08    0.0430  4 01 t 06    0.0431  4 01 t 06
0.0637  5 01 x 08    0.0637  5 01 x 08    0.0432  4 00 t 06    0.0433  4 00 t 06
0.0643  5 00 x 08    0.0638  5 01 t 08    0.0434  2 01 x 06    0.0434  2 01 x 06
0.0643  5 01 t 08    0.0643  5 00 x 08    0.0435  3 01 x 05    0.0435  3 01 x 05
0.0648  2 01 t 06    0.0648  2 01 t 06    0.0436  4 00 x 06    0.0436  4 00 x 06
0.0649  3 00 t 05    0.0649  3 00 t 05    0.0437  3 00 x 05    0.0437  3 00 x 05
0.0651  3 01 t 05    0.0651  3 01 t 05    0.0437  2 00 x 06    0.0437  2 00 x 06
0.0654  4 00 t 05    0.0655  4 00 t 05    0.0439  4 01 x 06    0.0438  4 01 x 06
0.0656  4 01 t 05    0.0657  4 01 t 05    0.0453  4 00 t 05    0.0453  4 00 t 05
0.0657  2 00 t 06    0.0658  2 00 t 06    0.0454  4 01 t 05    0.0454  4 01 t 05
0.0659  3 01 x 05    0.0658  5 01 x 12    0.0468  4 00 x 05    0.0468  4 00 x 05
0.0660  5 01 t 12    0.0658  5 00 x 12    0.0470  5 00 t 08    0.0471  2 01 t 05
0.0662  2 01 x 06    0.0659  3 01 x 05    0.0471  2 01 t 05    0.0471  4 01 x 05
0.0664  3 00 x 05    0.0661  5 01 t 10    0.0472  4 01 x 05    0.0472  2 00 x 05
0.0668  5 00 x 12    0.0662  2 01 x 06    0.0473  2 00 t 05    0.0473  2 00 t 05
0.0669  5 01 x 10    0.0664  3 00 x 05    0.0473  2 00 x 05    0.0474  5 01 x 08
0.0670  2 00 x 06    0.0665  5 00 t 10    0.0473  5 01 t 08    0.0474  5 00 x 08
0.0670  5 00 t 10    0.0667  5 00 x 10    0.0474  5 01 x 08    0.0475  2 01 x 05
0.0670  5 00 x 10    0.0669  5 01 x 10    0.0474  2 01 x 05    0.0476  5 01 t 08
0.0671  5 00 t 12    0.0669  5 00 t 12    0.0475  5 00 x 08    0.0478  5 00 t 08
0.0672  5 01 x 12    0.0670  2 00 x 06    0.0488  3 00 t 04    0.0488  3 00 t 04
0.0674  5 00 t 07    0.0670  5 01 t 12    0.0492  5 00 x 12    0.0494  5 01 x 12
0.0674  5 01 t 10    0.0674  5 00 t 07    0.0494  5 01 x 12    0.0494  5 00 x 12
0.0675  5 01 t 07    0.0674  5 01 t 07    0.0496  4 00 t 04    0.0496  5 00 t 12
0.0681  4 00 x 05    0.0682  4 00 x 05    0.0497  5 01 t 10    0.0496  5 00 t 10
0.0684  5 00 x 07    0.0685  5 00 x 07    0.0499  3 01 t 04    0.0497  4 00 t 04
0.0684  4 01 x 05    0.0685  4 01 x 05    0.0500  5 00 x 10    0.0497  5 01 t 10
0.0700  5 01 x 07    0.0700  5 01 x 07    0.0500  5 00 t 10    0.0499  3 01 t 04
0.0707  5 00 t 06    0.0708  5 00 t 06    0.0501  5 01 x 10    0.0500  5 00 x 10
0.0718  5 00 x 06    0.0717  5 01 t 06    0.0503  5 00 t 12    0.0502  5 01 x 10
0.0719  5 01 t 06    0.0719  5 00 x 06    0.0504  5 01 t 12    0.0505  5 01 t 07
0.0723  2 01 t 05    0.0724  2 01 t 05    0.0505  4 01 t 04    0.0505  4 01 t 04
0.0724  5 01 x 06    0.0725  5 01 x 06    0.0506  5 01 t 07    0.0507  5 00 t 07
0.0727  2 00 t 05    0.0726  2 00 x 05    0.0506  5 00 t 07    0.0508  5 01 t 12
0.0728  2 00 x 05    0.0727  2 00 t 05    0.0511  5 00 x 07    0.0511  5 00 x 07
0.0729  2 01 x 05    0.0729  2 01 x 05    0.0514  3 01 x 04    0.0513  3 01 x 04
0.0732  4 00 t 04    0.0732  4 00 t 04    0.0514  5 01 x 07    0.0515  4 01 x 04
0.0742  4 01 t 04    0.0742  4 01 t 04    0.0515  4 00 x 04    0.0515  4 00 x 04
0.0744  5 00 t 05    0.0744  5 00 t 05    0.0515  4 01 x 04    0.0516  5 01 x 07
0.0745  5 01 t 05    0.0745  5 01 t 05    0.0517  3 00 x 04    0.0517  3 00 x 04
0.0750  3 00 t 04    0.0750  3 00 t 04    0.0528  5 00 t 06    0.0528  5 00 t 06
0.0760  5 00 x 05    0.0759  5 00 x 05    0.0534  5 00 x 06    0.0534  5 00 x 06
0.0761  5 01 x 05    0.0761  5 01 x 05    0.0535  5 01 t 06    0.0535  5 01 t 06
0.0762  3 01 t 04    0.0761  4 00 x 04    0.0537  2 01 t 04    0.0537  2 01 t 04
0.0762  4 01 x 04    0.0762  4 01 x 04    0.0539  5 01 x 06    0.0538  5 01 x 06
0.0762  4 00 x 04    0.0762  3 01 t 04    0.0548  5 00 t 05    0.0548  5 00 t 05
0.0786  3 00 x 04    0.0786  3 00 x 04    0.0549  5 01 t 05    0.0549  5 01 t 05
0.0789  5 00 t 04    0.0789  3 01 x 04    0.0554  2 00 t 04    0.0555  2 00 t 04
0.0790  3 01 x 04    0.0790  5 00 t 04    0.0558  5 00 x 05    0.0558  5 00 x 05
0.0796  5 01 t 04    0.0797  5 01 t 04    0.0559  5 01 x 05    0.0559  5 01 x 05
0.0814  5 00 x 04    0.0815  5 00 x 04    0.0561  5 00 t 04    0.0561  5 00 t 04
0.0815  5 01 x 04    0.0815  5 01 x 04    0.0568  5 01 t 04    0.0568  5 01 t 04
0.0830  2 01 t 04    0.0830  2 01 t 04    0.0568  2 01 x 04    0.0568  2 01 x 04
0.0854  2 00 t 04    0.0854  2 00 t 04    0.0572  2 00 x 04    0.0572  2 00 x 04
0.0872  2 01 x 04    0.0872  2 01 x 04    0.0576  5 00 x 04    0.0576  5 00 x 04
0.0878  2 00 x 04    0.0878  2 00 x 04    0.0579  5 01 x 04    0.0578  5 01 x 04
0.0895  4 01 t 03    0.0896  4 01 t 03    0.0595  3 00 t 03    0.0595  3 00 t 03
0.0896  4 00 t 03    0.0897  4 00 t 03    0.0596  3 01 t 03    0.0596  3 01 t 03
0.0930  3 00 t 03    0.0930  3 00 t 03    0.0599  4 00 t 03    0.0599  4 00 t 03
0.0931  3 01 t 03    0.0931  3 01 t 03    0.0601  4 01 t 03    0.0601  4 01 t 03
0.0958  5 01 t 03    0.0958  5 01 t 03    0.0620  3 00 x 03    0.0622  3 00 x 03
0.0959  4 01 x 03    0.0959  4 01 x 03    0.0624  3 01 x 03    0.0624  3 01 x 03
0.0964  5 00 t 03    0.0964  5 00 t 03    0.0638  4 01 x 03    0.0639  4 01 x 03
0.0970  3 00 x 03    0.0968  3 00 x 03    0.0665  2 00 t 03    0.0666  2 00 t 03
0.0974  3 01 x 03    0.0974  3 01 x 03    0.0666  2 01 t 03    0.0666  2 01 t 03
0.0990  4 00 x 03    0.0989  4 00 x 03    0.0670  4 00 x 03    0.0670  4 00 x 03
0.1025  5 00 x 03    0.1026  5 00 x 03    0.0675  5 01 t 03    0.0676  5 01 t 03
0.1027  5 01 x 03    0.1028  5 01 x 03    0.0677  5 00 t 03    0.0677  5 00 t 03
0.1041  2 01 t 03    0.1042  2 01 t 03    0.0682  2 00 x 03    0.0683  2 00 x 03
0.1043  2 00 t 03    0.1043  2 00 t 03    0.0683  2 01 x 03    0.0683  2 01 x 03
0.1068  2 00 x 03    0.1067  2 00 x 03    0.0713  5 00 x 03    0.0714  5 00 x 03
0.1071  2 01 x 03    0.1069  2 01 x 03    0.0718  5 01 x 03    0.0716  5 01 x 03
0.1210  4 00 t 02    0.1210  4 00 t 02    0.0783  4 01 t 02    0.0783  4 01 t 02
0.1210  4 01 t 02    0.1210  4 01 t 02    0.0785  4 00 t 02    0.0786  4 00 t 02
0.1226  5 01 t 02    0.1226  5 01 t 02    0.0796  3 00 t 02    0.0796  3 00 t 02
0.1233  5 00 t 02    0.1230  5 00 t 02    0.0799  3 01 t 02    0.0798  3 01 t 02
0.1269  3 00 t 02    0.1266  3 00 t 02    0.0822  5 01 t 02    0.0821  5 01 t 02
0.1276  3 01 t 02    0.1271  3 01 t 02    0.0824  5 00 t 02    0.0824  5 00 t 02
0.1311  4 00 x 02    0.1311  4 00 x 02    0.0842  4 00 x 02    0.0841  4 00 x 02
0.1318  4 01 x 02    0.1317  4 01 x 02    0.0846  4 01 x 02    0.0849  4 01 x 02
0.1340  5 00 x 02    0.1340  5 00 x 02    0.0854  3 01 x 02    0.0854  3 00 x 02
0.1347  5 01 x 02    0.1343  5 01 x 02    0.0856  3 00 x 02    0.0856  3 01 x 02
0.1365  3 00 x 02    0.1364  3 01 x 02    0.0884  5 00 x 02    0.0885  5 00 x 02
0.1366  3 01 x 02    0.1364  3 00 x 02    0.0891  5 01 x 02    0.0893  5 01 x 02
0.1455  2 01 t 02    0.1454  2 01 t 02    0.0912  2 01 t 02    0.0912  2 01 t 02
0.1468  2 00 t 02    0.1466  2 00 t 02    0.0918  2 00 t 02    0.0919  2 00 t 02
0.1528  2 00 x 02    0.1525  2 00 x 02    0.0953  2 00 x 02    0.0953  2 00 x 02
0.1534  2 01 x 02    0.1529  2 01 x 02    0.0955  2 01 x 02    0.0956  2 01 x 02
---Benchmark Program Finished---
