
./testbench_2kary.sh g++ O3 MontgomeryFull uint64_t 191 8 22 -DTEST_ARRAY

compilation finished, now executing:
---Running Program---

begin benchmarks - array pow
(ignore)604918524362530784

OVERALL BEST:
0.1893  3 00 x 08
0.1919  3 01 x 10
0.1919  3 01 x 08
0.1930  3 00 x 10
0.1937  4 00 x 08
0.1939  3 00 x 07
0.1957  3 01 x 07
0.1958  3 00 t 08
0.1962  4 01 x 08
0.1963  3 01 t 12
0.1963  3 00 t 12
0.1966  3 00 t 10
0.1968  3 01 t 08
0.1969  4 00 t 08
0.1972  3 01 t 10
0.1980  3 01 x 12
0.1980  3 00 x 12
0.1986  3 01 t 07
0.1992  3 00 t 07
0.1992  4 01 t 08
0.1997  4 00 x 07
0.2017  4 01 x 07
0.2030  4 01 t 07
0.2031  4 01 x 12
0.2031  4 00 x 12
0.2037  3 01 x 06
0.2038  4 00 x 10
0.2044  3 01 t 06
0.2048  3 00 x 06
0.2051  3 00 t 06
0.2053  4 00 t 07
0.2059  4 01 x 10
0.2078  4 01 x 06
0.2089  4 00 t 06
0.2091  2 00 x 08
0.2092  4 01 t 06
0.2096  2 01 x 12
0.2099  4 00 x 06
0.2104  2 01 x 10
0.2104  2 01 x 08
0.2107  2 00 x 12
0.2111  2 00 x 10
0.2118  2 01 t 12
0.2120  2 00 x 07
0.2133  2 00 t 12
0.2140  2 01 x 07
0.2142  3 00 t 05
0.2144  2 00 t 08
0.2146  3 01 t 05
0.2147  2 01 t 10
0.2159  2 00 t 07
0.2162  2 01 t 08
0.2165  2 00 t 10
0.2189  2 01 t 07
0.2193  2 00 t 06
0.2197  2 01 x 06
0.2216  2 00 x 06
0.2223  4 01 t 05
0.2226  4 00 t 05
0.2236  3 00 x 05
0.2240  2 01 t 06
0.2258  3 01 x 05
0.2279  5 00 x 08
0.2286  5 01 x 08
0.2300  4 00 x 05
0.2309  4 01 x 05
0.2350  2 00 t 05
0.2354  5 01 x 10
0.2354  5 00 x 10
0.2359  5 01 x 12
0.2375  2 01 t 05
0.2379  5 00 x 12
0.2425  5 01 x 07
0.2425  4 00 t 04
0.2437  2 01 x 05
0.2461  5 00 t 06
0.2465  2 00 x 05
0.2467  5 01 x 06
0.2470  5 00 x 06
0.2470  3 00 t 04
0.2472  5 00 x 07
0.2477  4 01 t 04
0.2480  5 01 t 06
0.2501  3 01 t 04
0.2552  5 00 t 05
0.2556  5 01 t 05
0.2607  4 01 x 04
0.2609  4 00 x 04
0.2611  3 01 x 04
0.2628  5 00 x 05
0.2637  5 01 x 05
0.2676  5 00 t 04
0.2685  3 00 x 04
0.2703  5 01 t 04
0.2763  2 01 t 04
0.2777  2 00 t 04
0.2851  2 00 x 04
0.2862  2 01 x 04
0.2862  5 01 x 04
0.2866  5 00 x 04
0.2997  4 00 t 03
0.3025  4 00 t 10
0.3028  4 00 t 12
0.3034  4 01 t 03
0.3036  4 01 t 12
0.3045  3 01 t 03
0.3046  3 00 t 03
0.3058  4 01 t 10
0.3216  3 01 x 03
0.3226  4 00 x 03
0.3232  3 00 x 03
0.3240  5 00 t 08
0.3254  4 01 x 03
0.3267  5 01 t 08
0.3283  5 00 t 03
0.3302  5 01 t 03
0.3323  5 00 t 12
0.3334  5 01 t 12
0.3340  5 00 t 07
0.3352  5 01 t 10
0.3378  5 00 t 10
0.3394  2 00 t 03
0.3398  2 01 t 03
0.3401  5 01 t 07
0.3509  5 00 x 03
0.3550  5 01 x 03
0.3572  2 01 x 03
0.3589  2 00 x 03
0.4041  4 00 t 02
0.4057  4 01 t 02
0.4164  5 00 t 02
0.4174  3 00 t 02
0.4176  3 01 t 02
0.4177  5 01 t 02
0.4384  4 00 x 02
0.4394  4 01 x 02
0.4481  3 01 x 02
0.4501  3 00 x 02
0.4526  5 00 x 02
0.4531  5 01 x 02
0.4781  2 00 t 02
0.4784  2 01 t 02
0.5004  2 01 x 02
0.5020  2 00 x 02
Timings By Test Type:
0.0569  4 00 x 08    0.0569  4 00 x 08    0.0376  3 00 x 08    0.0377  3 00 x 08
0.0571  3 00 x 08    0.0570  3 00 x 08    0.0383  3 01 x 08    0.0385  3 01 t 08
0.0571  3 01 x 10    0.0572  4 01 x 08    0.0385  3 01 x 10    0.0385  3 01 t 12
0.0576  3 01 x 08    0.0573  3 00 x 10    0.0385  3 00 x 10    0.0386  3 00 t 08
0.0576  4 01 x 08    0.0574  3 01 x 08    0.0388  3 00 x 07    0.0386  3 01 x 08
0.0582  4 00 t 08    0.0574  3 01 x 10    0.0390  3 01 x 07    0.0387  3 00 x 07
0.0582  3 00 x 07    0.0579  4 00 t 08    0.0390  3 00 x 12    0.0387  3 00 t 10
0.0584  3 00 x 10    0.0582  3 00 x 07    0.0391  3 00 t 08    0.0388  3 00 x 10
0.0587  3 01 x 07    0.0584  3 00 t 08    0.0392  3 00 t 12    0.0389  3 01 t 10
0.0587  4 00 x 07    0.0585  4 01 t 08    0.0394  3 01 t 07    0.0389  3 01 x 10
0.0588  4 01 t 08    0.0586  4 00 x 07    0.0394  3 01 x 12    0.0389  3 00 t 12
0.0591  3 00 t 12    0.0587  3 01 x 07    0.0394  3 00 t 10    0.0392  3 01 t 07
0.0592  3 01 t 12    0.0589  3 01 x 12    0.0395  3 01 t 08    0.0394  3 01 x 07
0.0592  3 00 t 10    0.0591  3 00 t 12    0.0395  3 01 t 12    0.0397  3 00 t 07
0.0592  4 01 x 07    0.0591  4 01 x 07    0.0396  3 00 t 07    0.0398  3 00 x 12
0.0594  3 01 t 10    0.0591  3 01 t 12    0.0396  3 01 t 10    0.0398  3 01 x 12
0.0594  3 01 t 08    0.0592  4 00 x 10    0.0397  4 00 x 08    0.0401  4 00 x 08
0.0596  4 01 t 07    0.0592  3 00 t 10    0.0403  4 01 x 08    0.0402  4 00 t 08
0.0598  3 00 t 08    0.0593  4 01 x 12    0.0407  4 00 t 08    0.0406  3 01 t 06
0.0599  4 01 x 12    0.0594  3 00 x 12    0.0407  3 01 x 06    0.0407  3 01 x 06
0.0599  3 00 x 12    0.0594  3 01 t 10    0.0407  3 01 t 06    0.0409  3 00 x 06
0.0599  3 01 x 12    0.0594  4 00 x 12    0.0408  3 00 x 06    0.0409  4 01 t 08
0.0600  4 00 x 10    0.0594  4 01 t 12    0.0409  4 01 t 08    0.0411  3 00 t 06
0.0600  4 00 x 12    0.0594  3 00 t 07    0.0409  3 00 t 06    0.0411  4 01 x 08
0.0605  3 00 t 07    0.0595  3 01 t 08    0.0411  4 00 x 07    0.0412  4 00 x 07
0.0605  3 01 t 07    0.0596  3 01 t 07    0.0412  2 00 x 08    0.0412  4 01 t 10
0.0609  4 01 x 10    0.0596  4 00 t 10    0.0414  4 00 x 12    0.0413  4 00 t 10
0.0611  4 01 x 06    0.0597  4 00 t 12    0.0414  2 01 x 08    0.0415  2 00 x 08
0.0611  3 01 x 06    0.0597  4 01 t 10    0.0416  2 00 x 10    0.0415  4 01 t 07
0.0613  4 00 t 07    0.0597  4 01 t 07    0.0417  4 00 x 10    0.0416  2 00 t 12
0.0615  4 01 t 06    0.0598  4 01 x 10    0.0417  4 01 x 07    0.0417  4 01 x 07
0.0615  3 00 x 06    0.0599  4 00 t 07    0.0417  2 00 x 12    0.0417  4 00 t 12
0.0615  4 00 t 06    0.0611  4 01 x 06    0.0418  2 00 x 07    0.0417  2 00 x 12
0.0616  3 00 t 06    0.0612  3 01 x 06    0.0419  2 01 x 12    0.0418  2 00 t 08
0.0617  3 01 t 06    0.0614  3 01 t 06    0.0419  4 00 t 07    0.0418  4 01 t 12
0.0618  4 00 x 06    0.0615  4 00 t 06    0.0420  2 01 x 10    0.0419  2 01 x 12
0.0622  2 01 x 12    0.0615  3 00 t 06    0.0420  4 01 x 10    0.0419  4 01 x 12
0.0631  2 01 x 10    0.0616  3 00 x 06    0.0420  4 01 x 12    0.0421  2 00 x 10
0.0636  2 00 x 12    0.0616  4 01 t 06    0.0422  4 01 t 07    0.0421  2 00 t 10
0.0638  2 01 x 08    0.0618  4 00 x 06    0.0422  2 01 t 12    0.0421  2 01 t 08
0.0638  2 00 x 08    0.0626  2 00 x 08    0.0423  2 00 t 12    0.0421  2 00 x 07
0.0642  2 00 x 07    0.0629  2 01 x 08    0.0424  2 01 x 07    0.0421  2 01 t 10
0.0642  2 00 x 10    0.0630  2 01 x 10    0.0425  2 01 t 10    0.0422  4 00 t 07
0.0644  2 01 x 07    0.0630  2 01 t 12    0.0425  2 00 t 08    0.0422  2 01 t 12
0.0644  2 01 t 12    0.0633  2 00 x 10    0.0426  3 00 t 05    0.0422  2 01 x 10
0.0645  3 01 t 05    0.0636  2 00 x 12    0.0427  2 00 t 07    0.0423  2 01 x 08
0.0646  3 00 t 05    0.0637  2 01 x 12    0.0428  3 01 t 05    0.0424  4 00 x 12
0.0647  2 00 t 12    0.0639  2 00 x 07    0.0428  4 01 x 06    0.0425  2 00 t 07
0.0650  2 01 t 10    0.0643  2 00 t 08    0.0429  2 01 t 08    0.0426  3 00 t 05
0.0653  5 00 x 08    0.0645  3 00 t 05    0.0430  4 00 t 06    0.0426  2 01 x 07
0.0657  4 01 t 05    0.0646  5 00 t 08    0.0430  2 00 t 10    0.0427  3 01 t 05
0.0657  5 01 x 08    0.0646  2 00 t 12    0.0431  2 01 t 07    0.0428  4 01 x 06
0.0657  2 00 t 10    0.0647  3 01 t 05    0.0432  4 01 t 06    0.0429  4 00 t 06
0.0658  2 00 t 08    0.0647  2 01 x 07    0.0432  4 00 x 06    0.0429  4 00 x 10
0.0658  4 00 t 05    0.0649  2 00 t 07    0.0433  2 00 t 06    0.0430  4 01 t 06
0.0658  2 00 t 07    0.0651  2 01 t 10    0.0434  2 01 x 06    0.0430  2 01 t 07
0.0658  2 01 t 08    0.0652  5 01 x 08    0.0437  2 00 x 06    0.0432  4 00 x 06
0.0664  2 00 t 06    0.0654  2 01 t 08    0.0444  3 00 x 05    0.0432  4 01 x 10
0.0665  2 01 x 06    0.0655  5 00 x 08    0.0444  2 01 t 06    0.0433  2 00 t 06
0.0671  2 00 x 06    0.0655  2 01 t 07    0.0448  3 01 x 05    0.0433  2 01 x 06
0.0674  2 01 t 07    0.0657  2 00 t 10    0.0455  4 01 t 05    0.0438  2 00 x 06
0.0675  3 00 x 05    0.0657  4 01 t 05    0.0455  4 00 t 05    0.0442  2 01 t 06
0.0677  5 01 x 12    0.0657  4 00 t 05    0.0463  2 00 t 05    0.0444  3 00 x 05
0.0678  2 01 t 06    0.0661  5 01 t 08    0.0469  2 01 t 05    0.0449  3 01 x 05
0.0680  3 01 x 05    0.0661  5 00 t 12    0.0469  4 00 x 05    0.0454  4 01 t 05
0.0680  5 00 x 10    0.0663  2 00 t 06    0.0471  4 01 x 05    0.0456  4 00 t 05
0.0681  4 00 x 05    0.0665  2 01 x 06    0.0479  2 01 x 05    0.0464  2 00 t 05
0.0682  5 01 x 10    0.0667  5 01 x 10    0.0483  5 00 x 08    0.0468  2 01 t 05
0.0683  5 00 x 12    0.0669  5 00 x 10    0.0485  2 00 x 05    0.0469  4 00 x 05
0.0683  4 01 x 05    0.0670  2 00 x 06    0.0488  3 00 t 04    0.0471  4 01 x 05
0.0692  5 01 x 07    0.0673  5 01 t 12    0.0490  5 01 x 08    0.0480  2 01 x 05
0.0702  5 00 t 06    0.0673  5 01 x 12    0.0491  4 00 t 04    0.0483  5 01 t 08
0.0705  5 01 x 06    0.0673  5 00 t 07    0.0496  3 01 t 04    0.0485  5 00 t 08
0.0705  5 00 x 06    0.0674  3 00 x 05    0.0497  5 00 x 10    0.0486  2 00 x 05
0.0707  5 00 x 07    0.0675  2 01 t 06    0.0503  5 01 x 10    0.0487  5 01 x 08
0.0711  2 00 t 05    0.0675  5 01 t 10    0.0503  4 01 t 04    0.0488  5 00 x 08
0.0720  2 01 t 05    0.0677  5 00 x 12    0.0507  5 00 x 12    0.0488  3 00 t 04
0.0721  5 01 t 06    0.0677  5 00 t 10    0.0508  5 01 x 12    0.0491  4 00 t 04
0.0721  4 00 t 04    0.0680  4 00 x 05    0.0515  3 01 x 04    0.0497  3 01 t 04
0.0734  5 01 t 05    0.0680  3 01 x 05    0.0519  5 01 x 07    0.0502  5 01 x 12
0.0735  4 01 t 04    0.0683  4 01 x 05    0.0525  4 00 x 04    0.0502  5 01 x 10
0.0735  5 00 t 05    0.0684  5 01 t 07    0.0526  4 01 x 04    0.0503  4 01 t 04
0.0739  2 01 x 05    0.0693  5 01 x 07    0.0527  5 01 x 06    0.0505  5 00 t 12
0.0747  2 00 x 05    0.0703  5 00 t 06    0.0528  5 00 t 06    0.0506  5 01 t 12
0.0747  3 00 t 04    0.0704  5 01 t 06    0.0528  5 00 x 07    0.0506  5 01 t 10
0.0754  3 01 t 04    0.0705  5 01 x 06    0.0528  5 01 t 06    0.0507  5 00 t 10
0.0758  5 00 x 05    0.0706  5 00 x 07    0.0529  5 00 x 06    0.0508  5 00 t 07
0.0759  5 01 x 05    0.0708  5 00 x 06    0.0535  3 00 x 04    0.0508  5 00 x 10
0.0777  4 01 x 04    0.0711  2 00 t 05    0.0542  5 00 t 05    0.0512  5 01 t 07
0.0778  4 00 x 04    0.0718  2 01 t 05    0.0543  2 01 t 04    0.0513  5 00 x 12
0.0781  5 00 t 04    0.0722  4 00 t 04    0.0544  5 01 t 05    0.0515  3 01 x 04
0.0786  5 01 t 04    0.0733  5 00 t 05    0.0547  2 00 t 04    0.0521  5 01 x 07
0.0790  3 01 x 04    0.0736  5 01 t 05    0.0555  5 00 x 05    0.0526  4 00 x 04
0.0808  3 00 x 04    0.0736  4 01 t 04    0.0557  5 00 t 04    0.0526  5 01 t 06
0.0837  5 01 x 04    0.0738  2 01 x 05    0.0559  2 00 x 04    0.0527  4 01 x 04
0.0838  2 01 t 04    0.0746  3 00 t 04    0.0559  5 01 x 05    0.0527  5 00 x 06
0.0839  5 00 x 04    0.0747  2 00 x 05    0.0562  2 01 x 04    0.0528  5 00 t 06
0.0842  2 00 t 04    0.0754  3 01 t 04    0.0565  5 01 t 04    0.0530  5 01 x 06
0.0867  2 00 x 04    0.0759  5 00 x 05    0.0593  5 00 x 04    0.0531  5 00 x 07
0.0869  2 01 x 04    0.0759  5 01 x 05    0.0593  5 01 x 04    0.0535  3 00 x 04
0.0897  4 00 t 03    0.0778  4 01 x 04    0.0596  3 01 t 03    0.0542  5 00 t 05
0.0907  4 01 t 03    0.0779  4 00 x 04    0.0596  3 00 t 03    0.0543  5 01 t 05
0.0925  3 01 t 03    0.0780  5 00 t 04    0.0601  4 00 t 03    0.0543  2 01 t 04
0.0927  3 00 t 03    0.0786  5 01 t 04    0.0610  4 01 t 03    0.0548  2 00 t 04
0.0964  5 00 t 03    0.0790  3 01 x 04    0.0628  3 01 x 03    0.0556  5 00 x 05
0.0966  5 01 t 03    0.0808  3 00 x 04    0.0631  3 00 x 03    0.0558  5 00 t 04
0.0968  4 00 x 03    0.0838  5 01 x 04    0.0645  4 00 x 03    0.0559  2 00 x 04
0.0976  4 01 x 03    0.0839  2 01 t 04    0.0650  4 01 x 03    0.0560  5 01 x 05
0.0979  3 01 x 03    0.0841  5 00 x 04    0.0662  2 00 t 03    0.0561  2 01 x 04
0.0984  3 00 x 03    0.0842  2 00 t 04    0.0663  2 01 t 03    0.0566  5 01 t 04
0.1033  5 00 x 03    0.0866  2 00 x 04    0.0678  5 00 t 03    0.0593  5 00 x 04
0.1034  2 00 t 03    0.0869  2 01 x 04    0.0684  5 01 t 03    0.0593  5 01 x 04
0.1037  2 01 t 03    0.0897  4 00 t 03    0.0697  2 01 x 03    0.0596  3 01 t 03
0.1044  5 01 x 03    0.0908  4 01 t 03    0.0699  2 00 x 03    0.0596  3 00 t 03
0.1089  2 01 x 03    0.0927  3 00 t 03    0.0722  5 00 x 03    0.0603  4 00 t 03
0.1093  2 00 x 03    0.0928  3 01 t 03    0.0730  5 01 x 03    0.0609  4 01 t 03
0.1207  4 00 t 10    0.0962  5 00 t 03    0.0799  4 00 t 02    0.0629  3 01 x 03
0.1208  4 00 t 12    0.0967  4 00 x 03    0.0801  4 01 t 02    0.0632  3 00 x 03
0.1222  4 01 t 12    0.0967  5 01 t 03    0.0803  4 01 t 12    0.0646  4 00 x 03
0.1225  4 00 t 02    0.0977  4 01 x 03    0.0806  4 00 t 12    0.0651  4 01 x 03
0.1230  4 01 t 02    0.0980  3 01 x 03    0.0808  3 01 t 02    0.0663  2 00 t 03
0.1235  4 01 t 10    0.0986  3 00 x 03    0.0809  4 00 t 10    0.0663  2 01 t 03
0.1245  5 00 t 02    0.1033  5 00 x 03    0.0810  3 00 t 02    0.0679  5 00 t 03
0.1248  5 01 t 02    0.1034  2 00 t 03    0.0814  4 01 t 10    0.0685  5 01 t 03
0.1248  5 00 t 08    0.1035  2 01 t 03    0.0836  5 00 t 02    0.0697  2 01 x 03
0.1265  5 01 t 08    0.1044  5 01 x 03    0.0841  5 01 t 02    0.0700  2 00 x 03
0.1268  5 00 t 12    0.1089  2 01 x 03    0.0857  4 00 x 02    0.0722  5 00 x 03
0.1272  5 00 t 07    0.1097  2 00 x 03    0.0858  5 01 t 08    0.0732  5 01 x 03
0.1278  5 01 t 12    0.1221  4 00 t 02    0.0861  4 01 x 02    0.0797  4 00 t 02
0.1282  3 01 t 02    0.1227  4 01 t 02    0.0861  5 00 t 08    0.0799  4 01 t 02
0.1282  3 00 t 02    0.1248  5 00 t 02    0.0864  3 01 x 02    0.0805  3 00 t 02
0.1287  5 01 t 10    0.1249  5 01 t 02    0.0868  3 00 x 02    0.0808  3 01 t 02
0.1289  5 00 t 10    0.1277  3 00 t 02    0.0878  5 01 t 12    0.0836  5 00 t 02
0.1308  5 01 t 07    0.1278  3 01 t 02    0.0884  5 01 t 10    0.0839  5 01 t 02
0.1335  4 00 x 02    0.1333  4 00 x 02    0.0887  5 00 t 07    0.0859  4 00 x 02
0.1336  4 01 x 02    0.1336  4 01 x 02    0.0889  5 00 t 12    0.0861  4 01 x 02
0.1360  5 01 x 02    0.1359  5 00 x 02    0.0897  5 01 t 07    0.0865  3 01 x 02
0.1362  5 00 x 02    0.1360  5 01 x 02    0.0902  5 00 x 02    0.0869  3 00 x 02
0.1373  3 01 x 02    0.1379  3 01 x 02    0.0903  5 01 x 02    0.0902  5 00 x 02
0.1382  3 00 x 02    0.1382  3 00 x 02    0.0905  5 00 t 10    0.0908  5 01 x 02
0.1469  2 01 t 02    0.1467  2 00 t 02    0.0922  2 00 t 02    0.0922  2 00 t 02
0.1470  2 00 t 02    0.1470  2 01 t 02    0.0923  2 01 t 02    0.0922  2 01 t 02
0.1536  2 01 x 02    0.1541  2 01 x 02    0.0962  2 01 x 02    0.0965  2 01 x 02
0.1542  2 00 x 02    0.1545  2 00 x 02    0.0966  2 00 x 02    0.0968  2 00 x 02
---Benchmark Program Finished---
