
./testbench_2kary.sh clang++ O3 MontgomeryFull uint64_t 191 8 22 -DTEST_ARRAY

compilation finished, now executing:
---Running Program---

begin benchmarks - array pow
(ignore)604918524362530784

OVERALL BEST:
0.1887  3 01 x 08
0.1894  3 00 x 08
0.1937  3 01 t 08
0.1949  4 00 x 08
0.1955  4 01 x 08
0.1968  4 01 t 08
0.1981  3 00 t 08
0.1992  3 01 x 12
0.1999  3 00 x 10
0.2004  3 01 x 10
0.2013  3 00 t 10
0.2014  4 01 x 12
0.2014  3 01 t 10
0.2016  3 01 t 12
0.2017  3 00 t 12
0.2018  4 00 x 10
0.2019  3 00 x 12
0.2019  4 01 t 12
0.2022  4 01 x 10
0.2023  4 01 t 10
0.2023  2 01 x 08
0.2031  4 00 t 10
0.2040  4 00 x 12
0.2042  2 00 x 08
0.2043  4 00 t 08
0.2058  4 00 t 12
0.2076  2 01 t 08
0.2092  4 01 t 07
0.2096  3 01 t 07
0.2099  3 01 x 07
0.2100  3 00 t 07
0.2100  4 00 t 07
0.2100  4 01 x 07
0.2110  4 00 x 07
0.2115  3 00 x 07
0.2152  2 00 t 08
0.2166  4 01 t 06
0.2172  2 00 x 12
0.2176  4 00 t 06
0.2177  3 01 x 06
0.2177  3 01 t 06
0.2185  4 01 x 06
0.2187  2 01 x 12
0.2189  3 00 x 06
0.2192  3 00 t 06
0.2197  2 01 t 10
0.2202  4 00 x 06
0.2204  2 01 t 12
0.2206  2 00 t 12
0.2207  2 01 x 10
0.2209  2 00 x 10
0.2216  2 00 t 10
0.2230  5 01 x 08
0.2230  5 00 x 08
0.2281  3 01 t 05
0.2288  5 01 x 12
0.2288  5 00 x 10
0.2292  5 01 t 12
0.2294  5 01 x 10
0.2295  5 01 t 10
0.2301  5 01 t 08
0.2304  5 00 t 10
0.2307  4 01 t 05
0.2309  5 00 t 08
0.2314  5 00 x 12
0.2319  2 01 t 07
0.2322  2 01 x 07
0.2325  3 01 x 05
0.2326  5 00 t 12
0.2327  3 00 x 05
0.2327  3 00 t 05
0.2335  2 00 x 07
0.2345  4 00 t 05
0.2347  2 00 t 07
0.2348  5 01 t 07
0.2354  5 00 t 07
0.2355  5 01 x 07
0.2368  5 00 x 07
0.2372  4 01 x 05
0.2375  4 00 x 05
0.2407  2 01 x 06
0.2407  5 01 t 06
0.2415  5 00 t 06
0.2433  5 01 x 06
0.2435  2 00 x 06
0.2447  2 01 t 06
0.2447  5 00 x 06
0.2465  2 00 t 06
0.2519  5 01 t 05
0.2527  2 01 x 05
0.2531  2 01 t 05
0.2534  5 00 t 05
0.2536  2 00 x 05
0.2555  4 00 t 04
0.2556  4 01 t 04
0.2564  3 01 t 04
0.2564  3 00 t 04
0.2593  2 00 t 05
0.2605  5 01 x 05
0.2609  5 00 x 05
0.2684  3 00 x 04
0.2685  3 01 x 04
0.2686  4 01 x 04
0.2689  4 00 x 04
0.2779  5 01 t 04
0.2785  5 00 t 04
0.2867  2 00 t 04
0.2871  2 01 t 04
0.2921  5 00 x 04
0.2930  5 01 x 04
0.2951  2 00 x 04
0.2955  2 01 x 04
0.3115  4 00 t 03
0.3117  4 01 t 03
0.3214  3 00 t 03
0.3215  3 01 t 03
0.3291  4 00 x 03
0.3296  4 01 x 03
0.3313  5 00 t 03
0.3314  5 01 t 03
0.3357  3 00 x 03
0.3361  3 01 x 03
0.3502  5 00 x 03
0.3506  5 01 x 03
0.3584  2 00 t 03
0.3587  2 01 t 03
0.3698  2 00 x 03
0.3702  2 01 x 03
0.4183  4 00 t 02
0.4183  4 01 t 02
0.4291  5 00 t 02
0.4296  5 01 t 02
0.4349  3 00 t 02
0.4356  3 01 t 02
0.4490  4 01 x 02
0.4495  4 00 x 02
0.4613  3 01 x 02
0.4618  3 00 x 02
0.4620  5 00 x 02
0.4625  5 01 x 02
0.4995  2 00 t 02
0.5000  2 01 t 02
0.5196  2 01 x 02
0.5204  2 00 x 02
Timings By Test Type:
0.0564  3 01 x 08    0.0564  3 01 x 08    0.0380  3 01 x 08    0.0379  3 01 x 08
0.0566  3 00 x 08    0.0567  3 00 x 08    0.0380  3 00 x 08    0.0381  3 00 x 08
0.0572  4 00 x 08    0.0572  4 00 x 08    0.0390  3 01 t 08    0.0389  3 01 t 08
0.0574  4 01 x 08    0.0575  4 01 x 08    0.0397  3 00 t 08    0.0397  3 00 t 08
0.0578  4 01 t 08    0.0578  4 01 t 08    0.0400  3 00 x 10    0.0400  3 01 x 12
0.0579  3 01 t 08    0.0579  3 01 t 08    0.0400  3 01 x 12    0.0400  3 00 x 10
0.0589  4 01 x 12    0.0589  4 01 x 12    0.0401  3 01 x 10    0.0401  3 01 x 10
0.0590  4 01 t 12    0.0592  4 01 t 12    0.0402  4 00 x 08    0.0402  4 00 x 08
0.0592  4 00 x 10    0.0592  4 00 x 10    0.0403  3 00 t 10    0.0403  3 00 t 10
0.0593  4 01 x 10    0.0593  3 00 t 08    0.0403  4 01 x 08    0.0403  2 01 x 08
0.0594  4 01 t 10    0.0593  4 01 x 10    0.0403  2 01 x 08    0.0403  3 01 t 10
0.0595  3 01 x 12    0.0594  4 01 t 10    0.0404  3 01 t 10    0.0403  4 01 x 08
0.0595  3 00 t 08    0.0596  3 01 x 12    0.0406  4 01 t 08    0.0405  3 00 t 12
0.0596  4 00 t 10    0.0596  4 00 t 10    0.0406  3 01 t 12    0.0406  3 01 t 12
0.0597  4 00 x 12    0.0596  4 00 x 12    0.0407  2 00 x 08    0.0406  4 01 t 08
0.0599  3 00 x 10    0.0599  3 00 x 10    0.0407  3 00 x 12    0.0406  3 00 x 12
0.0601  3 01 x 10    0.0600  3 01 x 10    0.0407  3 00 t 12    0.0407  2 00 x 08
0.0601  3 01 t 12    0.0601  4 00 t 08    0.0414  2 01 t 08    0.0414  2 01 t 08
0.0602  4 00 t 08    0.0602  4 00 t 12    0.0417  4 00 x 10    0.0417  4 00 x 10
0.0603  3 00 t 12    0.0603  3 00 x 12    0.0418  4 01 t 10    0.0417  4 01 t 10
0.0603  4 00 t 12    0.0603  3 01 t 12    0.0418  4 01 x 12    0.0418  4 01 x 12
0.0603  3 00 t 10    0.0603  3 00 t 12    0.0418  4 01 x 10    0.0418  4 01 x 10
0.0603  3 00 x 12    0.0603  3 01 t 10    0.0419  4 01 t 12    0.0419  4 01 t 12
0.0604  3 01 t 10    0.0604  3 00 t 10    0.0419  4 00 t 10    0.0419  3 01 t 07
0.0608  2 01 x 08    0.0609  2 01 x 08    0.0420  3 01 t 07    0.0419  3 00 t 07
0.0614  2 00 x 08    0.0614  2 00 x 08    0.0420  3 01 x 07    0.0419  4 00 t 10
0.0616  4 01 t 07    0.0616  4 01 t 07    0.0420  3 00 t 07    0.0420  3 01 x 07
0.0618  4 00 t 07    0.0618  4 00 t 07    0.0421  4 00 t 08    0.0420  4 00 t 08
0.0618  4 01 x 07    0.0618  4 01 x 07    0.0422  3 00 x 07    0.0422  3 00 x 07
0.0622  4 00 x 07    0.0621  4 00 x 07    0.0423  4 00 x 12    0.0423  4 00 x 12
0.0624  2 01 t 08    0.0625  2 01 t 08    0.0426  4 00 t 12    0.0426  4 00 t 12
0.0629  3 01 t 07    0.0629  3 01 t 07    0.0428  2 00 t 08    0.0428  2 00 t 08
0.0630  3 01 x 07    0.0630  3 00 t 07    0.0431  4 01 t 07    0.0430  4 01 t 07
0.0630  3 00 t 07    0.0630  3 01 x 07    0.0432  4 01 x 07    0.0432  4 01 x 07
0.0635  3 00 x 07    0.0635  3 00 x 07    0.0432  4 00 t 07    0.0432  4 00 t 07
0.0639  5 00 x 08    0.0639  5 01 x 08    0.0433  2 00 x 12    0.0433  2 00 x 12
0.0639  5 01 x 08    0.0639  4 01 t 06    0.0434  4 00 x 07    0.0434  4 00 x 07
0.0639  4 01 t 06    0.0641  5 00 x 08    0.0435  3 01 x 06    0.0435  3 01 t 06
0.0642  4 00 t 06    0.0642  4 00 t 06    0.0435  3 01 t 06    0.0435  3 01 x 06
0.0645  4 01 x 06    0.0646  4 01 x 06    0.0436  2 01 x 12    0.0435  2 01 x 12
0.0648  2 00 t 08    0.0648  2 00 t 08    0.0437  2 01 t 10    0.0437  2 01 t 10
0.0650  4 00 x 06    0.0650  4 00 x 06    0.0437  3 00 x 06    0.0437  3 00 x 06
0.0653  3 01 t 06    0.0653  3 01 x 06    0.0438  3 00 t 06    0.0438  3 00 t 06
0.0653  3 01 x 06    0.0653  2 00 x 12    0.0438  2 00 x 10    0.0438  2 00 x 10
0.0653  2 00 x 12    0.0653  3 01 t 06    0.0439  2 01 x 10    0.0439  2 01 x 10
0.0655  5 01 x 12    0.0654  5 01 x 12    0.0439  2 00 t 12    0.0439  2 00 t 12
0.0656  5 01 t 12    0.0655  5 01 t 12    0.0440  2 00 t 10    0.0440  2 01 t 12
0.0656  5 00 x 10    0.0656  5 00 x 10    0.0441  2 01 t 12    0.0440  2 00 t 10
0.0657  3 00 x 06    0.0657  5 01 x 10    0.0444  4 01 t 06    0.0444  4 01 t 06
0.0657  5 01 x 10    0.0657  3 00 x 06    0.0445  4 00 t 06    0.0445  4 00 t 06
0.0658  2 01 x 12    0.0658  2 01 x 12    0.0447  4 01 x 06    0.0447  4 01 x 06
0.0658  5 01 t 10    0.0658  5 01 t 10    0.0451  4 00 x 06    0.0451  4 00 x 06
0.0658  3 00 t 06    0.0658  3 00 t 06    0.0455  3 01 t 05    0.0455  3 01 t 05
0.0660  5 00 t 10    0.0660  5 01 t 08    0.0460  2 01 t 07    0.0460  2 01 t 07
0.0661  5 00 x 12    0.0661  5 00 t 10    0.0461  2 01 x 07    0.0461  2 01 x 07
0.0661  2 01 t 10    0.0661  5 00 x 12    0.0463  3 01 x 05    0.0463  3 01 x 05
0.0661  5 01 t 08    0.0662  2 01 t 10    0.0463  3 00 x 05    0.0463  3 00 x 05
0.0662  2 01 t 12    0.0663  2 01 t 12    0.0464  2 00 x 07    0.0464  2 00 x 07
0.0663  5 00 t 08    0.0664  5 00 t 08    0.0464  3 00 t 05    0.0464  3 00 t 05
0.0664  2 00 t 12    0.0665  2 00 t 12    0.0466  2 00 t 07    0.0466  2 00 t 07
0.0665  2 01 x 10    0.0665  2 01 x 10    0.0470  4 01 t 05    0.0470  4 01 t 05
0.0665  5 00 t 12    0.0665  5 00 t 12    0.0476  5 00 x 08    0.0476  5 00 x 08
0.0666  2 00 x 10    0.0666  2 00 x 10    0.0476  5 01 x 08    0.0476  2 01 x 06
0.0667  2 00 t 10    0.0668  2 00 t 10    0.0477  2 01 x 06    0.0477  5 01 x 08
0.0675  5 01 t 07    0.0675  5 01 t 07    0.0478  4 00 t 05    0.0478  4 00 t 05
0.0676  5 00 t 07    0.0676  5 00 t 07    0.0482  2 00 x 06    0.0482  2 00 x 06
0.0677  5 01 x 07    0.0677  5 01 x 07    0.0483  4 01 x 05    0.0483  4 01 x 05
0.0681  5 00 x 07    0.0681  5 00 x 07    0.0484  4 00 x 05    0.0483  4 00 x 05
0.0683  4 01 t 05    0.0683  4 01 t 05    0.0484  2 01 t 06    0.0484  2 01 t 06
0.0685  3 01 t 05    0.0685  3 01 t 05    0.0488  2 00 t 06    0.0488  2 00 t 06
0.0693  5 01 t 06    0.0694  5 01 t 06    0.0488  5 00 x 10    0.0489  5 00 x 10
0.0695  4 00 t 05    0.0695  4 00 t 05    0.0490  5 01 t 10    0.0489  5 01 x 12
0.0695  5 00 t 06    0.0696  5 00 t 06    0.0490  5 01 x 10    0.0490  5 01 x 10
0.0699  2 01 t 07    0.0699  2 01 t 07    0.0490  5 01 t 08    0.0490  5 01 t 08
0.0700  3 01 x 05    0.0699  3 00 x 05    0.0491  5 01 t 12    0.0490  5 01 t 10
0.0700  3 00 t 05    0.0700  3 00 t 05    0.0491  5 01 x 12    0.0490  5 01 t 12
0.0700  2 01 x 07    0.0700  3 01 x 05    0.0491  5 00 t 08    0.0491  5 00 t 10
0.0701  3 00 x 05    0.0700  2 01 x 07    0.0492  5 00 t 10    0.0491  5 00 t 08
0.0702  5 01 x 06    0.0701  5 01 x 06    0.0496  5 00 x 12    0.0496  5 00 x 12
0.0703  4 01 x 05    0.0703  4 01 x 05    0.0498  5 00 t 12    0.0497  5 00 t 12
0.0704  4 00 x 05    0.0703  2 00 x 07    0.0499  2 01 x 05    0.0499  5 01 t 07
0.0704  2 00 x 07    0.0704  4 00 x 05    0.0499  5 01 t 07    0.0499  2 01 x 05
0.0706  5 00 x 06    0.0706  5 00 x 06    0.0500  2 01 t 05    0.0500  5 00 t 07
0.0708  2 00 t 07    0.0708  2 00 t 07    0.0500  5 01 x 07    0.0500  2 01 t 05
0.0727  2 01 x 06    0.0727  2 01 x 06    0.0501  5 00 t 07    0.0500  5 01 x 07
0.0729  5 01 t 05    0.0729  5 01 t 05    0.0501  2 00 x 05    0.0501  2 00 x 05
0.0733  5 00 t 05    0.0733  5 00 t 05    0.0503  5 00 x 07    0.0503  5 00 x 07
0.0736  2 00 x 06    0.0736  2 00 x 06    0.0506  3 00 t 04    0.0506  3 00 t 04
0.0739  2 01 t 06    0.0739  2 01 t 06    0.0506  3 01 t 04    0.0506  3 01 t 04
0.0744  2 00 t 06    0.0744  2 00 t 06    0.0510  5 01 t 06    0.0510  5 01 t 06
0.0755  5 01 x 05    0.0756  5 01 x 05    0.0512  5 00 t 06    0.0511  5 00 t 06
0.0757  5 00 x 05    0.0757  5 00 x 05    0.0512  2 00 t 05    0.0512  2 00 t 05
0.0759  4 00 t 04    0.0758  4 01 t 04    0.0515  5 01 x 06    0.0515  5 01 x 06
0.0760  4 01 t 04    0.0759  4 00 t 04    0.0518  5 00 x 06    0.0517  5 00 x 06
0.0764  2 01 t 05    0.0764  2 01 x 05    0.0518  4 00 t 04    0.0518  4 01 t 04
0.0765  2 01 x 05    0.0766  2 01 t 05    0.0519  4 01 t 04    0.0519  4 00 t 04
0.0767  2 00 x 05    0.0767  2 00 x 05    0.0528  3 00 x 04    0.0528  3 00 x 04
0.0776  3 01 t 04    0.0776  3 01 t 04    0.0529  3 01 x 04    0.0529  3 01 x 04
0.0776  3 00 t 04    0.0776  3 00 t 04    0.0531  5 01 t 05    0.0531  5 01 t 05
0.0785  2 00 t 05    0.0784  2 00 t 05    0.0534  5 00 t 05    0.0534  5 00 t 05
0.0800  4 01 x 04    0.0800  4 01 x 04    0.0543  4 01 x 04    0.0543  4 01 x 04
0.0801  4 00 x 04    0.0802  4 00 x 04    0.0543  4 00 x 04    0.0543  4 00 x 04
0.0810  5 01 t 04    0.0809  5 01 t 04    0.0547  5 01 x 05    0.0547  5 01 x 05
0.0810  5 00 t 04    0.0812  5 00 t 04    0.0548  5 00 x 05    0.0548  5 00 x 05
0.0814  3 01 x 04    0.0814  3 00 x 04    0.0563  2 00 t 04    0.0563  2 00 t 04
0.0814  3 00 x 04    0.0815  3 01 x 04    0.0564  2 01 t 04    0.0564  2 01 t 04
0.0854  5 00 x 04    0.0854  5 00 x 04    0.0579  2 00 x 04    0.0579  2 00 x 04
0.0859  5 01 x 04    0.0856  5 01 x 04    0.0580  5 01 t 04    0.0580  2 01 x 04
0.0871  2 00 t 04    0.0871  2 00 t 04    0.0580  2 01 x 04    0.0580  5 01 t 04
0.0872  2 01 t 04    0.0872  2 01 t 04    0.0581  5 00 t 04    0.0581  5 00 t 04
0.0896  2 00 x 04    0.0897  2 00 x 04    0.0606  5 00 x 04    0.0606  5 00 x 04
0.0898  2 01 x 04    0.0898  2 01 x 04    0.0608  5 01 x 04    0.0608  5 01 x 04
0.0933  4 00 t 03    0.0932  4 00 t 03    0.0625  4 00 t 03    0.0625  4 00 t 03
0.0933  4 01 t 03    0.0933  4 01 t 03    0.0626  4 01 t 03    0.0625  4 01 t 03
0.0975  5 00 t 03    0.0976  5 00 t 03    0.0627  3 01 t 03    0.0627  3 00 t 03
0.0975  5 01 t 03    0.0976  5 01 t 03    0.0627  3 00 t 03    0.0627  3 01 t 03
0.0981  3 00 t 03    0.0980  3 00 t 03    0.0655  3 00 x 03    0.0656  3 00 x 03
0.0981  3 01 t 03    0.0980  3 01 t 03    0.0656  3 01 x 03    0.0656  3 01 x 03
0.0986  4 00 x 03    0.0986  4 00 x 03    0.0659  4 01 x 03    0.0659  4 00 x 03
0.0987  4 01 x 03    0.0990  4 01 x 03    0.0660  4 00 x 03    0.0659  4 01 x 03
0.1023  3 00 x 03    0.1023  3 00 x 03    0.0681  5 00 t 03    0.0681  5 00 t 03
0.1025  3 01 x 03    0.1025  3 01 x 03    0.0681  5 01 t 03    0.0681  5 01 t 03
0.1034  5 00 x 03    0.1034  5 00 x 03    0.0700  2 00 t 03    0.0700  2 00 t 03
0.1035  5 01 x 03    0.1036  5 01 x 03    0.0701  2 01 t 03    0.0701  2 01 t 03
0.1092  2 00 t 03    0.1092  2 00 t 03    0.0717  5 00 x 03    0.0717  5 00 x 03
0.1092  2 01 t 03    0.1093  2 01 t 03    0.0717  5 01 x 03    0.0718  5 01 x 03
0.1127  2 01 x 03    0.1126  2 00 x 03    0.0721  2 00 x 03    0.0722  2 00 x 03
0.1128  2 00 x 03    0.1129  2 01 x 03    0.0723  2 01 x 03    0.0723  2 01 x 03
0.1268  4 01 t 02    0.1269  4 00 t 02    0.0823  4 00 t 02    0.0822  4 00 t 02
0.1269  4 00 t 02    0.1269  4 01 t 02    0.0823  4 01 t 02    0.0823  4 01 t 02
0.1284  5 00 t 02    0.1284  5 00 t 02    0.0839  3 01 t 02    0.0839  3 00 t 02
0.1285  5 01 t 02    0.1289  5 01 t 02    0.0840  3 00 t 02    0.0839  3 01 t 02
0.1334  3 00 t 02    0.1335  3 00 t 02    0.0860  5 01 t 02    0.0861  5 01 t 02
0.1335  3 01 t 02    0.1343  3 01 t 02    0.0861  5 00 t 02    0.0862  5 00 t 02
0.1365  4 01 x 02    0.1365  4 01 x 02    0.0880  4 00 x 02    0.0880  4 00 x 02
0.1369  4 00 x 02    0.1366  4 00 x 02    0.0880  4 01 x 02    0.0880  4 01 x 02
0.1389  5 00 x 02    0.1389  5 00 x 02    0.0889  3 01 x 02    0.0889  3 01 x 02
0.1390  5 01 x 02    0.1391  5 01 x 02    0.0890  3 00 x 02    0.0890  3 00 x 02
0.1417  3 01 x 02    0.1417  3 01 x 02    0.0921  5 00 x 02    0.0921  5 00 x 02
0.1419  3 00 x 02    0.1419  3 00 x 02    0.0922  5 01 x 02    0.0922  5 01 x 02
0.1534  2 01 t 02    0.1534  2 00 t 02    0.0963  2 00 t 02    0.0963  2 00 t 02
0.1535  2 00 t 02    0.1537  2 01 t 02    0.0965  2 01 t 02    0.0964  2 01 t 02
0.1597  2 01 x 02    0.1598  2 01 x 02    0.1001  2 01 x 02    0.1000  2 01 x 02
0.1600  2 00 x 02    0.1600  2 00 x 02    0.1002  2 00 x 02    0.1002  2 00 x 02
---Benchmark Program Finished---
