
./testbench_2kary.sh clang++ O3 MontgomeryHalf uint64_t 191 8 22 -DTEST_ARRAY -DHURCHALLA_MONTGOMERY_POW_2KARY_USE_CSELECT_ON_BIT -DHURCHALLA_ALLOW_INLINE_ASM_ALL

compilation finished, now executing:
---Running Program---

begin benchmarks - array pow
(ignore)17513345000201297728

OVERALL BEST:
0.1768  3 00 x 08
0.1787  3 01 x 08
0.1828  4 00 x 08
0.1842  4 01 x 08
0.1890  3 00 x 12
0.1895  3 00 x 10
0.1898  3 01 x 12
0.1907  3 01 x 10
0.1908  2 00 x 08
0.1917  2 01 x 08
0.1928  4 00 x 10
0.1929  4 01 x 12
0.1934  4 01 x 10
0.1950  4 00 x 12
0.1953  3 00 x 07
0.1954  3 01 x 07
0.1962  4 01 x 07
0.1967  4 00 x 07
0.1998  3 01 x 06
0.2007  3 00 x 06
0.2007  4 01 x 06
0.2008  4 00 x 06
0.2058  3 01 x 05
0.2060  3 00 x 05
0.2080  4 01 x 05
0.2090  4 00 x 05
0.2096  2 00 x 12
0.2101  2 00 x 10
0.2106  2 01 x 12
0.2106  5 00 x 08
0.2110  2 01 x 10
0.2114  5 01 x 08
0.2176  2 01 x 07
0.2181  2 00 x 07
0.2194  5 00 x 10
0.2194  5 01 x 12
0.2199  5 01 x 10
0.2216  5 01 x 07
0.2219  5 00 x 12
0.2219  5 00 x 07
0.2242  3 01 x 04
0.2242  3 00 x 04
0.2256  5 01 x 06
0.2259  5 00 x 06
0.2269  4 00 x 04
0.2269  2 00 x 06
0.2269  4 01 x 04
0.2270  2 01 x 06
0.2339  5 01 x 05
0.2339  5 00 x 05
0.2377  2 00 x 05
0.2380  2 01 x 05
0.2438  2 00 x 04
0.2447  2 01 x 04
0.2528  5 00 x 04
0.2528  5 01 x 04
0.2772  4 00 x 03
0.2776  4 01 x 03
0.2814  3 00 x 03
0.2821  3 01 x 03
0.2996  5 00 x 03
0.2997  5 01 x 03
0.3034  2 00 x 03
0.3038  2 01 x 03
0.3662  4 00 x 02
0.3678  4 01 x 02
0.3713  3 00 x 02
0.3716  3 01 x 02
0.3843  5 00 x 02
0.3844  5 01 x 02
0.4160  2 00 x 02
0.4164  2 01 x 02
Timings By Test Type:
0.0525  3 00 x 08    0.0525  3 00 x 08    0.0359  3 00 x 08    0.0358  3 00 x 08
0.0531  3 01 x 08    0.0531  3 01 x 08    0.0363  3 01 x 08    0.0362  3 01 x 08
0.0534  4 00 x 08    0.0534  4 00 x 08    0.0380  4 00 x 08    0.0380  4 00 x 08
0.0539  4 01 x 08    0.0538  4 01 x 08    0.0383  2 00 x 08    0.0383  4 01 x 08
0.0561  3 00 x 12    0.0560  3 00 x 12    0.0383  4 01 x 08    0.0383  2 00 x 08
0.0562  4 01 x 12    0.0562  4 01 x 12    0.0384  3 00 x 10    0.0384  3 00 x 10
0.0563  3 00 x 10    0.0563  3 01 x 12    0.0385  2 01 x 08    0.0384  3 00 x 12
0.0563  3 01 x 12    0.0563  3 00 x 10    0.0385  3 00 x 12    0.0385  2 01 x 08
0.0564  4 00 x 10    0.0564  4 00 x 10    0.0386  3 01 x 12    0.0386  3 01 x 12
0.0566  4 01 x 10    0.0565  4 01 x 10    0.0387  3 01 x 10    0.0387  3 01 x 10
0.0567  3 01 x 10    0.0566  3 01 x 10    0.0395  3 00 x 07    0.0395  3 00 x 07
0.0569  4 00 x 12    0.0568  4 00 x 12    0.0395  3 01 x 07    0.0395  3 01 x 07
0.0571  2 00 x 08    0.0571  2 00 x 08    0.0401  4 00 x 10    0.0400  4 00 x 10
0.0574  2 01 x 08    0.0574  2 01 x 08    0.0402  4 01 x 10    0.0402  4 01 x 10
0.0575  4 01 x 07    0.0575  4 01 x 07    0.0402  4 01 x 12    0.0402  4 01 x 12
0.0577  4 00 x 07    0.0577  4 00 x 07    0.0403  3 01 x 06    0.0404  3 01 x 06
0.0582  3 00 x 07    0.0582  3 00 x 07    0.0405  3 00 x 06    0.0405  3 00 x 06
0.0582  3 01 x 07    0.0582  3 01 x 07    0.0406  4 01 x 07    0.0406  4 01 x 07
0.0589  4 01 x 06    0.0589  4 01 x 06    0.0406  4 00 x 07    0.0406  4 00 x 12
0.0590  4 00 x 06    0.0590  4 00 x 06    0.0406  4 00 x 12    0.0406  4 00 x 07
0.0595  3 01 x 06    0.0596  3 01 x 06    0.0414  4 00 x 06    0.0414  4 01 x 06
0.0599  3 00 x 06    0.0599  3 00 x 06    0.0414  4 01 x 06    0.0414  4 00 x 06
0.0601  5 00 x 08    0.0601  5 00 x 08    0.0415  3 01 x 05    0.0415  3 01 x 05
0.0602  5 01 x 08    0.0603  5 01 x 08    0.0415  3 00 x 05    0.0416  3 00 x 05
0.0612  4 01 x 05    0.0612  4 01 x 05    0.0420  2 00 x 12    0.0420  2 00 x 12
0.0614  3 01 x 05    0.0613  3 01 x 05    0.0421  2 00 x 10    0.0421  2 00 x 10
0.0614  4 00 x 05    0.0614  4 00 x 05    0.0423  2 01 x 10    0.0422  2 01 x 12
0.0615  3 00 x 05    0.0614  3 00 x 05    0.0423  2 01 x 12    0.0423  2 01 x 10
0.0625  5 01 x 12    0.0624  5 01 x 12    0.0429  4 01 x 05    0.0429  4 01 x 05
0.0627  5 00 x 10    0.0626  5 00 x 10    0.0431  4 00 x 05    0.0431  4 00 x 05
0.0628  5 01 x 10    0.0628  2 00 x 12    0.0435  2 01 x 07    0.0435  2 01 x 07
0.0628  2 00 x 12    0.0628  5 01 x 10    0.0435  2 00 x 07    0.0435  2 00 x 07
0.0630  2 00 x 10    0.0630  2 00 x 10    0.0449  3 01 x 04    0.0449  3 01 x 04
0.0630  2 01 x 12    0.0630  2 01 x 12    0.0449  3 00 x 04    0.0449  3 00 x 04
0.0632  5 00 x 12    0.0631  5 00 x 12    0.0452  2 00 x 06    0.0452  2 00 x 06
0.0632  2 01 x 10    0.0632  2 01 x 10    0.0452  2 01 x 06    0.0453  5 00 x 08
0.0634  5 01 x 07    0.0634  5 01 x 07    0.0453  5 00 x 08    0.0453  2 01 x 06
0.0635  5 00 x 07    0.0635  5 00 x 07    0.0454  5 01 x 08    0.0454  5 01 x 08
0.0647  5 01 x 06    0.0647  5 01 x 06    0.0463  4 00 x 04    0.0463  4 00 x 04
0.0648  5 00 x 06    0.0648  5 00 x 06    0.0464  4 01 x 04    0.0464  4 01 x 04
0.0653  2 01 x 07    0.0653  2 01 x 07    0.0471  5 00 x 10    0.0471  5 00 x 10
0.0655  2 00 x 07    0.0655  2 00 x 07    0.0472  5 01 x 10    0.0471  5 01 x 10
0.0671  4 01 x 04    0.0671  4 00 x 04    0.0472  5 01 x 12    0.0472  2 00 x 05
0.0671  4 00 x 04    0.0671  4 01 x 04    0.0473  2 00 x 05    0.0473  5 01 x 12
0.0672  3 00 x 04    0.0671  3 00 x 04    0.0473  2 01 x 05    0.0474  2 01 x 05
0.0672  3 01 x 04    0.0672  3 01 x 04    0.0474  5 01 x 07    0.0474  5 01 x 07
0.0673  5 01 x 05    0.0673  5 00 x 05    0.0474  5 00 x 07    0.0474  5 00 x 07
0.0673  5 00 x 05    0.0673  5 01 x 05    0.0478  5 00 x 12    0.0478  5 00 x 12
0.0682  2 00 x 06    0.0682  2 01 x 06    0.0481  5 01 x 06    0.0481  5 01 x 06
0.0683  2 01 x 06    0.0682  2 00 x 06    0.0482  5 00 x 06    0.0482  5 00 x 06
0.0716  2 00 x 05    0.0716  2 01 x 05    0.0483  2 00 x 04    0.0483  2 00 x 04
0.0717  2 01 x 05    0.0716  2 00 x 05    0.0485  2 01 x 04    0.0484  2 01 x 04
0.0732  5 01 x 04    0.0732  5 01 x 04    0.0497  5 00 x 05    0.0497  5 01 x 05
0.0732  5 00 x 04    0.0732  5 00 x 04    0.0497  5 01 x 05    0.0497  5 00 x 05
0.0736  2 00 x 04    0.0736  2 00 x 04    0.0532  5 00 x 04    0.0532  5 00 x 04
0.0739  2 01 x 04    0.0739  2 01 x 04    0.0532  5 01 x 04    0.0532  5 01 x 04
0.0825  4 00 x 03    0.0825  4 00 x 03    0.0557  3 00 x 03    0.0557  3 00 x 03
0.0826  4 01 x 03    0.0826  4 01 x 03    0.0558  3 01 x 03    0.0559  3 01 x 03
0.0850  3 00 x 03    0.0850  3 00 x 03    0.0561  4 00 x 03    0.0561  4 00 x 03
0.0852  3 01 x 03    0.0852  3 01 x 03    0.0562  4 01 x 03    0.0562  4 01 x 03
0.0876  5 00 x 03    0.0876  5 00 x 03    0.0598  2 00 x 03    0.0598  2 00 x 03
0.0877  5 01 x 03    0.0876  5 01 x 03    0.0599  2 01 x 03    0.0599  2 01 x 03
0.0919  2 00 x 03    0.0919  2 00 x 03    0.0622  5 01 x 03    0.0622  5 00 x 03
0.0920  2 01 x 03    0.0920  2 01 x 03    0.0622  5 00 x 03    0.0622  5 01 x 03
0.1104  4 00 x 02    0.1104  4 00 x 02    0.0726  3 00 x 02    0.0726  3 00 x 02
0.1110  4 01 x 02    0.1108  4 01 x 02    0.0727  3 01 x 02    0.0727  3 01 x 02
0.1130  3 00 x 02    0.1130  3 00 x 02    0.0727  4 00 x 02    0.0727  4 00 x 02
0.1131  3 01 x 02    0.1131  3 01 x 02    0.0730  4 01 x 02    0.0730  4 01 x 02
0.1143  5 00 x 02    0.1143  5 01 x 02    0.0778  5 01 x 02    0.0778  5 00 x 02
0.1144  5 01 x 02    0.1143  5 00 x 02    0.0779  5 00 x 02    0.0779  5 01 x 02
0.1271  2 00 x 02    0.1269  2 00 x 02    0.0810  2 00 x 02    0.0810  2 00 x 02
0.1271  2 01 x 02    0.1272  2 01 x 02    0.0811  2 01 x 02    0.0811  2 01 x 02
---Benchmark Program Finished---
