
./testbench_2kary.sh g++ O3 MontgomeryHalf uint64_t 191 8 22 -DTEST_ARRAY -DHURCHALLA_MONTGOMERY_POW_2KARY_USE_CSELECT_ON_BIT -DHURCHALLA_ALLOW_INLINE_ASM_ALL

compilation finished, now executing:
---Running Program---

begin benchmarks - array pow
(ignore)17513345000201297728

OVERALL BEST:
0.1834  3 01 x 08
0.1846  3 00 x 07
0.1852  3 00 x 08
0.1856  4 00 x 08
0.1862  3 01 x 07
0.1871  3 01 x 10
0.1881  3 01 x 06
0.1884  4 01 x 08
0.1896  3 00 x 10
0.1897  3 01 x 12
0.1898  3 00 x 06
0.1906  3 00 x 12
0.1926  4 00 x 07
0.1930  4 00 x 06
0.1945  4 01 x 10
0.1946  4 01 x 12
0.1950  3 01 x 05
0.1950  4 01 x 07
0.1962  3 00 x 05
0.1965  4 00 x 12
0.1966  4 00 x 10
0.1970  4 01 x 06
0.2025  2 01 x 08
0.2026  4 00 x 05
0.2031  2 00 x 07
0.2034  2 01 x 07
0.2035  2 00 x 08
0.2041  4 01 x 05
0.2057  2 00 x 10
0.2060  2 01 x 10
0.2071  2 00 x 06
0.2077  2 01 x 06
0.2113  2 01 x 12
0.2120  2 00 x 05
0.2122  2 00 x 12
0.2138  3 00 x 04
0.2142  2 01 x 05
0.2144  5 00 x 08
0.2154  3 01 x 04
0.2174  5 01 x 08
0.2189  4 00 x 04
0.2195  4 01 x 04
0.2280  5 00 x 07
0.2286  5 01 x 07
0.2291  5 01 x 10
0.2300  5 01 x 12
0.2306  5 00 x 12
0.2309  5 01 x 06
0.2309  5 00 x 10
0.2309  5 00 x 06
0.2376  5 01 x 05
0.2379  5 00 x 05
0.2385  2 00 x 04
0.2396  2 01 x 04
0.2453  5 00 x 04
0.2493  5 01 x 04
0.2656  3 00 x 03
0.2676  3 01 x 03
0.2715  4 00 x 03
0.2730  4 01 x 03
0.2929  2 00 x 03
0.2956  2 01 x 03
0.3030  5 00 x 03
0.3051  5 01 x 03
0.3634  4 01 x 02
0.3635  4 00 x 02
0.3695  3 00 x 02
0.3702  3 01 x 02
0.3795  5 00 x 02
0.3799  5 01 x 02
0.4117  2 00 x 02
0.4121  2 01 x 02
Timings By Test Type:
0.0544  4 00 x 08    0.0544  4 00 x 08    0.0371  3 01 x 08    0.0371  3 01 x 08
0.0546  3 01 x 08    0.0546  3 01 x 08    0.0373  3 00 x 07    0.0373  3 00 x 08
0.0550  3 00 x 07    0.0550  3 00 x 07    0.0374  3 00 x 08    0.0373  3 00 x 07
0.0552  4 01 x 08    0.0551  3 00 x 08    0.0377  3 01 x 07    0.0377  3 01 x 07
0.0554  3 00 x 08    0.0552  4 01 x 08    0.0377  3 01 x 10    0.0380  3 00 x 12
0.0554  3 01 x 07    0.0554  3 01 x 07    0.0380  3 00 x 12    0.0380  3 00 x 10
0.0558  3 01 x 10    0.0555  3 01 x 10    0.0380  3 01 x 06    0.0380  3 01 x 06
0.0560  3 01 x 06    0.0559  3 01 x 12    0.0382  3 01 x 12    0.0381  3 01 x 10
0.0563  4 00 x 07    0.0560  3 01 x 06    0.0382  3 00 x 10    0.0382  3 00 x 06
0.0564  4 00 x 06    0.0563  4 00 x 07    0.0384  3 00 x 06    0.0384  3 01 x 12
0.0566  3 00 x 06    0.0564  4 01 x 12    0.0385  4 00 x 08    0.0384  4 00 x 08
0.0568  3 00 x 10    0.0564  4 00 x 06    0.0390  4 01 x 08    0.0390  4 01 x 08
0.0570  4 01 x 07    0.0565  4 01 x 10    0.0393  3 01 x 05    0.0393  3 01 x 05
0.0572  3 01 x 12    0.0565  3 00 x 10    0.0395  3 00 x 05    0.0395  3 00 x 05
0.0574  3 00 x 12    0.0566  3 00 x 06    0.0400  4 00 x 07    0.0400  4 00 x 07
0.0576  4 01 x 06    0.0570  4 01 x 07    0.0401  4 00 x 06    0.0401  4 00 x 06
0.0577  4 01 x 12    0.0572  3 00 x 12    0.0401  4 01 x 10    0.0401  4 01 x 10
0.0577  4 01 x 10    0.0574  4 00 x 10    0.0401  4 01 x 12    0.0403  4 00 x 12
0.0580  4 00 x 12    0.0576  4 01 x 06    0.0403  4 00 x 12    0.0404  4 01 x 12
0.0582  3 01 x 05    0.0580  4 00 x 12    0.0404  2 01 x 08    0.0404  2 01 x 08
0.0583  4 00 x 10    0.0582  3 01 x 05    0.0404  2 00 x 07    0.0404  2 00 x 07
0.0586  3 00 x 05    0.0586  3 00 x 05    0.0405  4 00 x 10    0.0405  4 00 x 10
0.0594  4 00 x 05    0.0594  4 00 x 05    0.0405  4 01 x 07    0.0405  4 01 x 07
0.0598  4 01 x 05    0.0599  4 01 x 05    0.0406  2 01 x 07    0.0405  2 00 x 08
0.0610  2 01 x 08    0.0608  2 01 x 08    0.0406  2 00 x 08    0.0406  2 01 x 07
0.0611  2 00 x 07    0.0611  2 01 x 07    0.0407  2 00 x 10    0.0407  2 00 x 10
0.0611  2 01 x 07    0.0611  2 00 x 07    0.0408  2 01 x 10    0.0409  4 01 x 06
0.0611  2 00 x 08    0.0612  2 00 x 08    0.0409  4 01 x 06    0.0410  2 01 x 10
0.0615  2 00 x 10    0.0612  5 00 x 08    0.0413  2 00 x 06    0.0413  2 00 x 06
0.0615  5 00 x 08    0.0619  5 01 x 08    0.0414  2 01 x 06    0.0414  2 01 x 06
0.0622  2 01 x 10    0.0620  2 01 x 10    0.0419  4 00 x 05    0.0419  4 00 x 05
0.0623  2 00 x 06    0.0623  2 00 x 06    0.0420  2 01 x 12    0.0419  2 00 x 12
0.0625  2 01 x 06    0.0624  2 01 x 06    0.0422  2 00 x 05    0.0422  2 00 x 05
0.0626  5 01 x 08    0.0627  2 01 x 12    0.0422  4 01 x 05    0.0422  4 01 x 05
0.0635  2 00 x 12    0.0627  2 00 x 10    0.0423  2 00 x 12    0.0424  2 01 x 12
0.0638  2 00 x 05    0.0638  2 00 x 05    0.0427  3 00 x 04    0.0427  3 00 x 04
0.0642  3 00 x 04    0.0642  3 00 x 04    0.0427  2 01 x 05    0.0427  2 01 x 05
0.0643  2 01 x 12    0.0644  2 01 x 05    0.0431  3 01 x 04    0.0430  3 01 x 04
0.0644  2 01 x 05    0.0645  2 00 x 12    0.0447  4 00 x 04    0.0447  4 00 x 04
0.0647  3 01 x 04    0.0646  5 01 x 10    0.0449  4 01 x 04    0.0449  4 01 x 04
0.0648  4 00 x 04    0.0647  3 01 x 04    0.0458  5 00 x 08    0.0458  5 00 x 08
0.0648  5 00 x 07    0.0648  4 00 x 04    0.0466  5 01 x 08    0.0464  5 01 x 08
0.0649  5 01 x 07    0.0649  4 01 x 04    0.0472  2 00 x 04    0.0472  2 00 x 04
0.0649  4 01 x 04    0.0649  5 00 x 07    0.0474  2 01 x 04    0.0475  2 01 x 04
0.0657  5 01 x 06    0.0650  5 01 x 07    0.0489  5 00 x 12    0.0489  5 00 x 12
0.0657  5 00 x 06    0.0651  5 01 x 12    0.0490  5 01 x 10    0.0491  5 01 x 10
0.0663  5 01 x 12    0.0657  5 01 x 06    0.0491  5 00 x 07    0.0492  5 00 x 07
0.0664  5 01 x 10    0.0657  5 00 x 10    0.0492  5 01 x 12    0.0492  5 00 x 10
0.0664  5 00 x 12    0.0658  5 00 x 06    0.0493  5 00 x 10    0.0493  5 01 x 07
0.0667  5 00 x 10    0.0664  5 00 x 12    0.0494  5 01 x 07    0.0494  5 01 x 12
0.0678  5 01 x 05    0.0678  5 01 x 05    0.0497  5 00 x 06    0.0497  5 00 x 06
0.0680  5 00 x 05    0.0679  5 00 x 05    0.0498  5 01 x 06    0.0498  5 01 x 06
0.0711  5 00 x 04    0.0710  5 00 x 04    0.0510  5 01 x 05    0.0509  5 00 x 05
0.0721  2 00 x 04    0.0721  2 00 x 04    0.0510  5 00 x 05    0.0510  5 01 x 05
0.0722  5 01 x 04    0.0723  5 01 x 04    0.0516  5 00 x 04    0.0516  5 00 x 04
0.0723  2 01 x 04    0.0723  2 01 x 04    0.0524  5 01 x 04    0.0524  5 01 x 04
0.0802  3 00 x 03    0.0803  3 00 x 03    0.0525  3 00 x 03    0.0525  3 00 x 03
0.0807  4 00 x 03    0.0808  4 00 x 03    0.0529  3 01 x 03    0.0529  3 01 x 03
0.0809  3 01 x 03    0.0809  3 01 x 03    0.0550  4 00 x 03    0.0549  4 00 x 03
0.0812  4 01 x 03    0.0812  4 01 x 03    0.0553  4 01 x 03    0.0553  4 01 x 03
0.0882  5 00 x 03    0.0882  5 00 x 03    0.0577  2 00 x 03    0.0576  2 00 x 03
0.0888  2 00 x 03    0.0888  5 01 x 03    0.0582  2 01 x 03    0.0582  2 01 x 03
0.0888  5 01 x 03    0.0888  2 00 x 03    0.0633  5 00 x 03    0.0633  5 00 x 03
0.0897  2 01 x 03    0.0895  2 01 x 03    0.0637  5 01 x 03    0.0637  5 01 x 03
0.1097  4 00 x 02    0.1095  4 01 x 02    0.0720  4 00 x 02    0.0720  4 01 x 02
0.1097  4 01 x 02    0.1097  4 00 x 02    0.0722  4 01 x 02    0.0722  4 00 x 02
0.1126  3 00 x 02    0.1124  3 00 x 02    0.0723  3 00 x 02    0.0722  3 00 x 02
0.1126  3 01 x 02    0.1126  3 01 x 02    0.0726  3 01 x 02    0.0724  3 01 x 02
0.1130  5 00 x 02    0.1129  5 00 x 02    0.0767  5 01 x 02    0.0769  5 00 x 02
0.1133  5 01 x 02    0.1129  5 01 x 02    0.0768  5 00 x 02    0.0770  5 01 x 02
0.1257  2 00 x 02    0.1258  2 00 x 02    0.0801  2 00 x 02    0.0802  2 01 x 02
0.1258  2 01 x 02    0.1260  2 01 x 02    0.0802  2 01 x 02    0.0802  2 00 x 02
---Benchmark Program Finished---
