
./testbench_2kary.sh g++ O3 MontgomeryHalf uint64_t 191 8 22 -DTEST_ARRAY

compilation finished, now executing:
---Running Program---

begin benchmarks - array pow
(ignore)17513345000201297728

OVERALL BEST:
0.1842  3 00 x 08
0.1859  3 01 x 08
0.1863  3 01 x 12
0.1874  3 01 x 07
0.1876  3 01 x 10
0.1877  3 00 x 07
0.1878  3 00 x 10
0.1881  3 00 x 12
0.1887  3 01 x 06
0.1897  4 00 x 08
0.1898  3 00 x 06
0.1901  4 01 x 08
0.1932  4 01 x 12
0.1941  4 00 x 07
0.1946  4 01 x 10
0.1948  4 00 x 12
0.1950  4 01 x 07
0.1954  4 00 x 06
0.1955  3 00 x 05
0.1955  4 00 x 10
0.1968  4 01 x 06
0.1982  3 01 x 05
0.2006  2 01 x 07
0.2016  2 00 x 08
0.2018  2 00 x 07
0.2030  4 00 x 05
0.2032  2 01 x 08
0.2044  2 00 x 12
0.2055  2 00 x 06
0.2060  4 01 x 05
0.2061  2 00 x 10
0.2065  2 01 x 10
0.2071  2 01 x 12
0.2084  2 01 x 06
0.2142  2 00 x 05
0.2148  3 00 x 04
0.2150  3 01 x 04
0.2154  5 00 x 08
0.2171  2 01 x 05
0.2179  5 01 x 08
0.2193  4 00 x 04
0.2206  4 01 x 04
0.2283  5 00 x 07
0.2284  5 00 x 12
0.2287  5 00 x 10
0.2292  5 01 x 12
0.2300  5 01 x 07
0.2305  5 01 x 06
0.2308  5 01 x 10
0.2325  5 00 x 06
0.2369  5 00 x 05
0.2391  5 01 x 05
0.2443  2 01 x 04
0.2463  2 00 x 04
0.2481  5 00 x 04
0.2502  5 01 x 04
0.2660  3 00 x 03
0.2679  3 01 x 03
0.2707  4 00 x 03
0.2727  4 01 x 03
0.2955  2 01 x 03
0.2961  2 00 x 03
0.3002  5 00 x 03
0.3020  5 01 x 03
0.3633  4 01 x 02
0.3634  4 00 x 02
0.3687  3 00 x 02
0.3688  3 01 x 02
0.3803  5 01 x 02
0.3804  5 00 x 02
0.4116  2 01 x 02
0.4118  2 00 x 02
Timings By Test Type:
0.0549  3 00 x 08    0.0549  3 00 x 08    0.0372  3 00 x 08    0.0372  3 00 x 08
0.0554  3 01 x 08    0.0553  3 01 x 08    0.0376  3 01 x 12    0.0375  3 01 x 08
0.0556  4 00 x 08    0.0554  3 01 x 12    0.0376  3 01 x 08    0.0376  3 01 x 12
0.0558  3 01 x 12    0.0555  3 01 x 10    0.0377  3 00 x 12    0.0377  3 01 x 10
0.0558  4 01 x 08    0.0555  4 00 x 08    0.0377  3 01 x 10    0.0378  3 01 x 07
0.0559  3 01 x 07    0.0556  3 00 x 12    0.0379  3 00 x 07    0.0378  3 00 x 12
0.0560  3 00 x 07    0.0557  3 00 x 10    0.0379  3 01 x 07    0.0378  3 00 x 07
0.0563  3 01 x 06    0.0557  4 01 x 08    0.0379  3 00 x 10    0.0379  3 00 x 10
0.0564  3 00 x 10    0.0558  3 01 x 07    0.0381  3 01 x 06    0.0381  3 01 x 06
0.0566  3 00 x 06    0.0559  3 00 x 07    0.0383  3 00 x 06    0.0383  3 00 x 06
0.0567  3 01 x 10    0.0561  4 01 x 12    0.0392  4 00 x 08    0.0393  3 00 x 05
0.0568  4 00 x 07    0.0562  3 01 x 06    0.0392  4 01 x 08    0.0393  4 00 x 08
0.0569  3 00 x 12    0.0565  4 01 x 10    0.0393  3 00 x 05    0.0393  4 01 x 08
0.0570  4 01 x 07    0.0566  4 00 x 12    0.0398  4 01 x 12    0.0399  3 01 x 05
0.0571  4 00 x 06    0.0566  3 00 x 06    0.0399  3 01 x 05    0.0399  4 01 x 12
0.0574  4 01 x 12    0.0567  4 00 x 10    0.0400  2 01 x 07    0.0400  2 01 x 07
0.0575  4 01 x 06    0.0567  4 00 x 07    0.0402  2 00 x 07    0.0401  4 00 x 12
0.0576  4 01 x 10    0.0571  4 01 x 07    0.0402  2 00 x 08    0.0402  2 00 x 07
0.0577  4 00 x 10    0.0571  4 00 x 06    0.0402  4 00 x 12    0.0403  2 00 x 08
0.0578  4 00 x 12    0.0575  4 01 x 06    0.0403  4 01 x 10    0.0403  4 00 x 07
0.0584  3 00 x 05    0.0585  3 00 x 05    0.0404  2 00 x 12    0.0403  4 01 x 10
0.0592  3 01 x 05    0.0592  3 01 x 05    0.0404  4 00 x 07    0.0403  2 01 x 08
0.0596  4 00 x 05    0.0596  4 00 x 05    0.0404  4 00 x 10    0.0404  4 01 x 07
0.0603  2 01 x 07    0.0603  2 01 x 07    0.0405  4 01 x 07    0.0405  4 00 x 06
0.0604  4 01 x 05    0.0605  4 01 x 05    0.0405  4 00 x 06    0.0406  2 00 x 12
0.0605  2 00 x 08    0.0606  2 00 x 08    0.0405  2 01 x 08    0.0407  4 00 x 10
0.0608  2 00 x 07    0.0607  2 00 x 07    0.0408  2 00 x 10    0.0408  2 01 x 10
0.0615  2 01 x 08    0.0608  2 01 x 08    0.0408  4 01 x 06    0.0408  4 01 x 06
0.0616  5 00 x 08    0.0610  2 00 x 12    0.0408  2 01 x 10    0.0409  2 00 x 06
0.0618  2 00 x 06    0.0617  5 00 x 08    0.0409  2 00 x 06    0.0410  2 01 x 12
0.0624  5 01 x 08    0.0617  2 01 x 10    0.0411  2 01 x 12    0.0410  2 00 x 10
0.0624  2 00 x 12    0.0617  2 00 x 10    0.0415  2 01 x 06    0.0415  2 01 x 06
0.0626  2 00 x 10    0.0618  2 00 x 06    0.0419  4 00 x 05    0.0419  4 00 x 05
0.0627  2 01 x 06    0.0622  2 01 x 12    0.0426  4 01 x 05    0.0426  4 01 x 05
0.0629  2 01 x 12    0.0622  5 01 x 08    0.0427  2 00 x 05    0.0427  2 00 x 05
0.0632  2 01 x 10    0.0627  2 01 x 06    0.0428  3 00 x 04    0.0428  3 00 x 04
0.0644  2 00 x 05    0.0644  2 00 x 05    0.0430  3 01 x 04    0.0430  3 01 x 04
0.0645  3 01 x 04    0.0644  5 00 x 10    0.0433  2 01 x 05    0.0433  2 01 x 05
0.0646  3 00 x 04    0.0645  5 00 x 12    0.0448  4 00 x 04    0.0447  4 00 x 04
0.0649  4 00 x 04    0.0645  3 01 x 04    0.0451  4 01 x 04    0.0451  4 01 x 04
0.0650  5 00 x 07    0.0646  3 00 x 04    0.0461  5 00 x 08    0.0461  5 00 x 08
0.0652  4 01 x 04    0.0646  5 01 x 12    0.0466  5 01 x 08    0.0467  5 01 x 08
0.0653  2 01 x 05    0.0649  4 00 x 04    0.0484  2 01 x 04    0.0484  2 01 x 04
0.0655  5 01 x 06    0.0649  5 00 x 07    0.0487  5 00 x 12    0.0487  2 00 x 04
0.0655  5 01 x 07    0.0652  4 01 x 04    0.0487  2 00 x 04    0.0489  5 00 x 12
0.0663  5 00 x 10    0.0653  2 01 x 05    0.0490  5 01 x 12    0.0490  5 00 x 10
0.0663  5 00 x 12    0.0653  5 01 x 07    0.0490  5 00 x 10    0.0491  5 01 x 12
0.0663  5 00 x 06    0.0654  5 01 x 10    0.0492  5 00 x 07    0.0492  5 00 x 07
0.0665  5 01 x 12    0.0656  5 01 x 06    0.0493  5 01 x 10    0.0493  5 01 x 10
0.0669  5 01 x 10    0.0662  5 00 x 06    0.0496  5 01 x 07    0.0496  5 01 x 07
0.0677  5 00 x 05    0.0677  5 00 x 05    0.0497  5 01 x 06    0.0497  5 01 x 06
0.0683  5 01 x 05    0.0683  5 01 x 05    0.0500  5 00 x 06    0.0500  5 00 x 06
0.0719  5 00 x 04    0.0720  5 00 x 04    0.0508  5 00 x 05    0.0507  5 00 x 05
0.0725  5 01 x 04    0.0725  5 01 x 04    0.0513  5 01 x 05    0.0513  5 01 x 05
0.0738  2 01 x 04    0.0738  2 01 x 04    0.0521  5 00 x 04    0.0521  5 00 x 04
0.0744  2 00 x 04    0.0744  2 00 x 04    0.0525  3 00 x 03    0.0525  3 00 x 03
0.0805  4 00 x 03    0.0804  3 00 x 03    0.0526  5 01 x 04    0.0526  5 01 x 04
0.0805  3 00 x 03    0.0806  4 00 x 03    0.0531  3 01 x 03    0.0530  3 01 x 03
0.0809  3 01 x 03    0.0809  3 01 x 03    0.0548  4 00 x 03    0.0548  4 00 x 03
0.0811  4 01 x 03    0.0811  4 01 x 03    0.0553  4 01 x 03    0.0553  4 01 x 03
0.0874  5 00 x 03    0.0873  5 00 x 03    0.0582  2 01 x 03    0.0582  2 01 x 03
0.0878  5 01 x 03    0.0878  5 01 x 03    0.0583  2 00 x 03    0.0583  2 00 x 03
0.0896  2 01 x 03    0.0895  2 01 x 03    0.0627  5 00 x 03    0.0627  5 00 x 03
0.0898  2 00 x 03    0.0898  2 00 x 03    0.0632  5 01 x 03    0.0632  5 01 x 03
0.1098  4 01 x 02    0.1095  4 01 x 02    0.0720  3 00 x 02    0.0720  4 01 x 02
0.1099  4 00 x 02    0.1095  4 00 x 02    0.0720  4 00 x 02    0.0720  4 00 x 02
0.1124  3 01 x 02    0.1122  3 00 x 02    0.0720  4 01 x 02    0.0720  3 01 x 02
0.1125  3 00 x 02    0.1123  3 01 x 02    0.0720  3 01 x 02    0.0721  3 00 x 02
0.1134  5 00 x 02    0.1130  5 01 x 02    0.0769  5 01 x 02    0.0769  5 01 x 02
0.1135  5 01 x 02    0.1132  5 00 x 02    0.0769  5 00 x 02    0.0770  5 00 x 02
0.1260  2 01 x 02    0.1255  2 01 x 02    0.0800  2 00 x 02    0.0800  2 01 x 02
0.1260  2 00 x 02    0.1256  2 00 x 02    0.0800  2 01 x 02    0.0802  2 00 x 02
---Benchmark Program Finished---
