
./testbench_2kary.sh clang++ O3 MontgomeryHalf uint64_t 191 8 22 -DTEST_ARRAY

compilation finished, now executing:
---Running Program---

begin benchmarks - array pow
(ignore)17513345000201297728

OVERALL BEST:
0.1760  3 00 x 08
0.1776  3 01 x 08
0.1822  4 00 x 08
0.1836  4 01 x 08
0.1894  3 00 x 12
0.1894  3 00 x 10
0.1896  2 00 x 08
0.1898  3 01 x 10
0.1902  2 01 x 08
0.1920  4 01 x 12
0.1925  4 00 x 10
0.1930  4 01 x 10
0.1931  3 01 x 12
0.1947  3 01 x 07
0.1949  4 00 x 12
0.1954  3 00 x 07
0.1958  4 01 x 07
0.1967  4 00 x 07
0.1995  3 01 x 06
0.1999  4 00 x 06
0.2000  4 01 x 06
0.2003  3 00 x 06
0.2053  3 01 x 05
0.2056  3 00 x 05
0.2075  4 01 x 05
0.2091  2 00 x 12
0.2092  4 00 x 05
0.2102  2 01 x 10
0.2103  5 00 x 08
0.2104  2 00 x 10
0.2105  5 01 x 08
0.2109  2 01 x 12
0.2169  2 01 x 07
0.2183  2 00 x 07
0.2184  5 01 x 12
0.2189  5 00 x 10
0.2195  5 01 x 10
0.2210  5 01 x 07
0.2211  5 00 x 12
0.2214  3 00 x 04
0.2215  5 00 x 07
0.2218  3 01 x 04
0.2247  5 00 x 06
0.2249  5 01 x 06
0.2257  2 01 x 06
0.2265  4 00 x 04
0.2267  4 01 x 04
0.2270  2 00 x 06
0.2332  5 01 x 05
0.2338  5 00 x 05
0.2371  2 00 x 05
0.2374  2 01 x 05
0.2431  2 00 x 04
0.2440  2 01 x 04
0.2513  5 00 x 04
0.2520  5 01 x 04
0.2767  4 00 x 03
0.2772  4 01 x 03
0.2795  3 00 x 03
0.2796  3 01 x 03
0.2988  5 01 x 03
0.2989  5 00 x 03
0.3030  2 00 x 03
0.3033  2 01 x 03
0.3617  4 00 x 02
0.3624  4 01 x 02
0.3708  3 00 x 02
0.3708  3 01 x 02
0.3835  5 01 x 02
0.3836  5 00 x 02
0.4153  2 00 x 02
0.4156  2 01 x 02
Timings By Test Type:
0.0523  3 00 x 08    0.0523  3 00 x 08    0.0357  3 00 x 08    0.0357  3 00 x 08
0.0528  3 01 x 08    0.0527  3 01 x 08    0.0361  3 01 x 08    0.0361  3 01 x 08
0.0532  4 00 x 08    0.0532  4 00 x 08    0.0379  4 00 x 08    0.0379  4 00 x 08
0.0536  4 01 x 08    0.0536  4 01 x 08    0.0380  2 00 x 08    0.0380  2 00 x 08
0.0560  4 01 x 12    0.0560  4 01 x 12    0.0382  4 01 x 08    0.0381  4 01 x 08
0.0562  3 00 x 12    0.0562  3 00 x 12    0.0382  2 01 x 08    0.0381  2 01 x 08
0.0563  3 00 x 10    0.0562  3 00 x 10    0.0384  3 00 x 10    0.0384  3 00 x 10
0.0563  4 00 x 10    0.0563  4 00 x 10    0.0385  3 00 x 12    0.0385  3 00 x 12
0.0564  3 01 x 10    0.0563  3 01 x 10    0.0385  3 01 x 10    0.0385  3 01 x 10
0.0564  4 01 x 10    0.0564  4 01 x 10    0.0394  3 01 x 07    0.0394  3 01 x 07
0.0568  4 00 x 12    0.0568  4 00 x 12    0.0395  3 01 x 12    0.0395  3 01 x 12
0.0568  2 00 x 08    0.0568  2 00 x 08    0.0395  3 00 x 07    0.0395  3 00 x 07
0.0569  2 01 x 08    0.0570  2 01 x 08    0.0400  4 00 x 10    0.0400  4 00 x 10
0.0571  3 01 x 12    0.0571  3 01 x 12    0.0400  4 01 x 12    0.0400  4 01 x 12
0.0574  4 01 x 07    0.0574  4 01 x 07    0.0401  4 01 x 10    0.0401  4 01 x 10
0.0577  4 00 x 07    0.0577  4 00 x 07    0.0403  3 01 x 06    0.0403  3 01 x 06
0.0579  3 01 x 07    0.0579  3 01 x 07    0.0404  3 00 x 06    0.0404  3 00 x 06
0.0581  3 00 x 07    0.0583  3 00 x 07    0.0405  4 01 x 07    0.0405  4 01 x 07
0.0587  4 00 x 06    0.0587  4 00 x 06    0.0406  4 00 x 07    0.0407  4 00 x 07
0.0587  4 01 x 06    0.0587  4 01 x 06    0.0407  4 00 x 12    0.0407  4 00 x 12
0.0595  3 01 x 06    0.0595  3 01 x 06    0.0412  4 00 x 06    0.0413  4 00 x 06
0.0597  3 00 x 06    0.0597  3 00 x 06    0.0413  4 01 x 06    0.0413  4 01 x 06
0.0600  5 00 x 08    0.0600  5 00 x 08    0.0414  3 01 x 05    0.0414  3 01 x 05
0.0600  5 01 x 08    0.0600  5 01 x 08    0.0415  3 00 x 05    0.0415  3 00 x 05
0.0610  4 01 x 05    0.0610  4 01 x 05    0.0419  2 00 x 12    0.0419  2 00 x 12
0.0612  3 01 x 05    0.0612  3 01 x 05    0.0421  2 01 x 10    0.0421  2 01 x 10
0.0613  3 00 x 05    0.0613  3 00 x 05    0.0422  2 00 x 10    0.0421  2 00 x 10
0.0615  4 00 x 05    0.0615  4 00 x 05    0.0423  2 01 x 12    0.0423  2 01 x 12
0.0622  5 01 x 12    0.0622  5 01 x 12    0.0428  4 01 x 05    0.0427  4 01 x 05
0.0624  5 00 x 10    0.0625  5 00 x 10    0.0431  4 00 x 05    0.0431  4 00 x 05
0.0626  2 00 x 12    0.0626  2 00 x 12    0.0434  2 01 x 07    0.0434  2 01 x 07
0.0626  5 01 x 10    0.0627  5 01 x 10    0.0435  2 00 x 07    0.0436  2 00 x 07
0.0629  5 00 x 12    0.0629  5 00 x 12    0.0443  3 00 x 04    0.0442  3 00 x 04
0.0630  2 01 x 10    0.0630  2 01 x 10    0.0444  3 01 x 04    0.0444  3 01 x 04
0.0630  2 00 x 10    0.0630  2 00 x 10    0.0450  2 01 x 06    0.0449  2 01 x 06
0.0632  2 01 x 12    0.0631  2 01 x 12    0.0452  5 00 x 08    0.0452  5 00 x 08
0.0632  5 01 x 07    0.0632  5 01 x 07    0.0453  2 00 x 06    0.0452  5 01 x 08
0.0634  5 00 x 07    0.0634  5 00 x 07    0.0453  5 01 x 08    0.0452  2 00 x 06
0.0644  5 00 x 06    0.0644  5 00 x 06    0.0463  4 00 x 04    0.0463  4 00 x 04
0.0645  5 01 x 06    0.0645  5 01 x 06    0.0463  4 01 x 04    0.0463  4 01 x 04
0.0651  2 01 x 07    0.0651  2 01 x 07    0.0470  5 00 x 10    0.0469  5 00 x 10
0.0656  2 00 x 07    0.0656  2 00 x 07    0.0470  5 01 x 12    0.0470  5 01 x 12
0.0665  3 00 x 04    0.0664  3 00 x 04    0.0471  5 01 x 10    0.0471  5 01 x 10
0.0665  3 01 x 04    0.0666  3 01 x 04    0.0471  2 00 x 05    0.0471  2 00 x 05
0.0670  4 00 x 04    0.0670  4 00 x 04    0.0473  2 01 x 05    0.0473  2 01 x 05
0.0670  4 01 x 04    0.0670  4 01 x 04    0.0473  5 01 x 07    0.0473  5 01 x 07
0.0670  5 01 x 05    0.0671  5 01 x 05    0.0474  5 00 x 07    0.0473  5 00 x 07
0.0672  5 00 x 05    0.0672  5 00 x 05    0.0476  5 00 x 12    0.0476  5 00 x 12
0.0679  2 01 x 06    0.0679  2 01 x 06    0.0479  5 00 x 06    0.0480  5 00 x 06
0.0683  2 00 x 06    0.0683  2 00 x 06    0.0480  5 01 x 06    0.0480  5 01 x 06
0.0714  2 00 x 05    0.0714  2 00 x 05    0.0481  2 00 x 04    0.0482  2 00 x 04
0.0714  2 01 x 05    0.0715  2 01 x 05    0.0483  2 01 x 04    0.0483  2 01 x 04
0.0728  5 00 x 04    0.0728  5 00 x 04    0.0495  5 01 x 05    0.0495  5 01 x 05
0.0730  5 01 x 04    0.0730  5 01 x 04    0.0497  5 00 x 05    0.0497  5 00 x 05
0.0734  2 00 x 04    0.0734  2 00 x 04    0.0529  5 00 x 04    0.0529  5 00 x 04
0.0737  2 01 x 04    0.0737  2 01 x 04    0.0530  5 01 x 04    0.0530  5 01 x 04
0.0823  4 00 x 03    0.0823  4 00 x 03    0.0552  3 00 x 03    0.0552  3 00 x 03
0.0825  4 01 x 03    0.0825  4 01 x 03    0.0553  3 01 x 03    0.0552  3 01 x 03
0.0845  3 01 x 03    0.0845  3 00 x 03    0.0560  4 00 x 03    0.0560  4 00 x 03
0.0846  3 00 x 03    0.0846  3 01 x 03    0.0561  4 01 x 03    0.0561  4 01 x 03
0.0874  5 01 x 03    0.0874  5 00 x 03    0.0597  2 00 x 03    0.0597  2 00 x 03
0.0874  5 00 x 03    0.0874  5 01 x 03    0.0598  2 01 x 03    0.0598  2 01 x 03
0.0918  2 00 x 03    0.0918  2 00 x 03    0.0620  5 01 x 03    0.0620  5 01 x 03
0.0918  2 01 x 03    0.0919  2 01 x 03    0.0620  5 00 x 03    0.0620  5 00 x 03
0.1092  4 00 x 02    0.1094  4 00 x 02    0.0716  4 00 x 02    0.0715  4 00 x 02
0.1094  4 01 x 02    0.1096  4 01 x 02    0.0718  4 01 x 02    0.0717  4 01 x 02
0.1128  3 01 x 02    0.1128  3 00 x 02    0.0726  3 01 x 02    0.0725  3 01 x 02
0.1128  3 00 x 02    0.1129  3 01 x 02    0.0726  3 00 x 02    0.0726  3 00 x 02
0.1141  5 01 x 02    0.1141  5 01 x 02    0.0777  5 00 x 02    0.0777  5 00 x 02
0.1141  5 00 x 02    0.1141  5 00 x 02    0.0777  5 01 x 02    0.0777  5 01 x 02
0.1268  2 01 x 02    0.1268  2 00 x 02    0.0809  2 00 x 02    0.0809  2 00 x 02
0.1268  2 00 x 02    0.1268  2 01 x 02    0.0810  2 01 x 02    0.0810  2 01 x 02
---Benchmark Program Finished---
