
./testbench_2kary.sh clang++ O3 MontgomeryQuarter uint64_t 191 8 22 -DTEST_ARRAY -DHURCHALLA_MONTGOMERY_POW_2KARY_USE_CSELECT_ON_BIT -DHURCHALLA_ALLOW_INLINE_ASM_ALL

compilation finished, now executing:
---Running Program---

begin benchmarks - array pow
(ignore)368336231662783440

OVERALL BEST:
0.1747  3 00 x 08
0.1760  3 01 x 08
0.1810  4 00 x 08
0.1822  4 01 x 08
0.1873  3 01 x 12
0.1882  2 00 x 08
0.1885  2 01 x 08
0.1890  3 00 x 10
0.1891  3 01 x 10
0.1904  3 00 x 12
0.1910  4 01 x 12
0.1912  4 00 x 10
0.1916  4 01 x 10
0.1941  4 00 x 12
0.1944  3 01 x 07
0.1944  3 00 x 07
0.1946  4 01 x 07
0.1952  4 00 x 07
0.1982  3 01 x 06
0.1993  3 00 x 06
0.1995  4 01 x 06
0.1995  4 00 x 06
0.2037  3 01 x 05
0.2042  3 00 x 05
0.2073  2 00 x 12
0.2073  2 01 x 12
0.2076  4 01 x 05
0.2085  5 00 x 08
0.2087  2 01 x 10
0.2091  4 00 x 05
0.2094  5 01 x 08
0.2135  2 00 x 10
0.2175  5 01 x 12
0.2176  5 00 x 10
0.2178  2 01 x 07
0.2180  5 01 x 10
0.2181  2 00 x 07
0.2192  5 01 x 07
0.2192  5 00 x 07
0.2204  5 00 x 12
0.2224  3 00 x 04
0.2225  3 01 x 04
0.2241  5 00 x 06
0.2242  5 01 x 06
0.2254  2 01 x 06
0.2262  4 00 x 04
0.2266  4 01 x 04
0.2266  2 00 x 06
0.2325  5 01 x 05
0.2325  5 00 x 05
0.2344  2 00 x 05
0.2347  2 01 x 05
0.2435  2 00 x 04
0.2441  2 01 x 04
0.2515  5 00 x 04
0.2517  5 01 x 04
0.2768  4 01 x 03
0.2775  4 00 x 03
0.2813  3 00 x 03
0.2816  3 01 x 03
0.2996  5 01 x 03
0.2997  5 00 x 03
0.3054  2 00 x 03
0.3058  2 01 x 03
0.3622  4 00 x 02
0.3630  4 01 x 02
0.3737  3 00 x 02
0.3738  3 01 x 02
0.3824  5 00 x 02
0.3825  5 01 x 02
0.4194  2 00 x 02
0.4195  2 01 x 02
Timings By Test Type:
0.0517  3 00 x 08    0.0516  3 00 x 08    0.0357  3 00 x 08    0.0357  3 00 x 08
0.0520  3 01 x 08    0.0520  3 01 x 08    0.0360  3 01 x 08    0.0360  3 01 x 08
0.0526  4 00 x 08    0.0527  4 00 x 08    0.0378  4 00 x 08    0.0378  4 00 x 08
0.0530  4 01 x 08    0.0530  4 01 x 08    0.0381  4 01 x 08    0.0381  4 01 x 08
0.0553  3 01 x 12    0.0553  3 01 x 12    0.0382  2 00 x 08    0.0382  2 00 x 08
0.0555  4 01 x 12    0.0554  4 01 x 12    0.0382  2 01 x 08    0.0382  2 01 x 08
0.0557  4 00 x 10    0.0556  4 00 x 10    0.0383  3 01 x 12    0.0383  3 01 x 12
0.0557  4 01 x 10    0.0557  4 01 x 10    0.0386  3 00 x 10    0.0386  3 00 x 10
0.0559  3 00 x 10    0.0559  3 01 x 10    0.0386  3 01 x 10    0.0387  3 01 x 10
0.0559  3 01 x 10    0.0559  2 00 x 08    0.0390  3 00 x 12    0.0390  3 00 x 12
0.0559  2 00 x 08    0.0559  3 00 x 10    0.0396  3 01 x 07    0.0396  3 01 x 07
0.0560  2 01 x 08    0.0560  2 01 x 08    0.0396  3 00 x 07    0.0396  3 00 x 07
0.0562  3 00 x 12    0.0562  3 00 x 12    0.0400  4 00 x 10    0.0400  4 00 x 10
0.0563  4 00 x 12    0.0563  4 00 x 12    0.0401  4 01 x 12    0.0400  4 01 x 12
0.0568  4 01 x 07    0.0568  4 01 x 07    0.0401  4 01 x 10    0.0401  4 01 x 10
0.0570  4 00 x 07    0.0570  4 00 x 07    0.0403  3 01 x 06    0.0403  3 01 x 06
0.0576  3 00 x 07    0.0576  3 00 x 07    0.0405  4 01 x 07    0.0405  4 01 x 07
0.0576  3 01 x 07    0.0576  3 01 x 07    0.0405  3 00 x 06    0.0405  3 00 x 06
0.0583  4 01 x 06    0.0583  4 01 x 06    0.0406  4 00 x 07    0.0406  4 00 x 07
0.0583  4 00 x 06    0.0583  4 00 x 06    0.0407  4 00 x 12    0.0407  4 00 x 12
0.0588  3 01 x 06    0.0588  3 01 x 06    0.0413  3 01 x 05    0.0413  3 01 x 05
0.0591  3 00 x 06    0.0591  3 00 x 06    0.0414  4 00 x 06    0.0414  4 00 x 06
0.0592  5 00 x 08    0.0592  5 00 x 08    0.0415  3 00 x 05    0.0415  3 00 x 05
0.0595  5 01 x 08    0.0595  5 01 x 08    0.0415  4 01 x 06    0.0415  4 01 x 06
0.0605  3 01 x 05    0.0605  3 01 x 05    0.0421  2 01 x 12    0.0421  2 01 x 12
0.0607  3 00 x 05    0.0606  3 00 x 05    0.0421  2 00 x 12    0.0421  2 00 x 12
0.0608  4 01 x 05    0.0608  4 01 x 05    0.0423  2 01 x 10    0.0423  2 01 x 10
0.0612  4 00 x 05    0.0612  4 00 x 05    0.0430  4 01 x 05    0.0430  4 01 x 05
0.0615  2 00 x 12    0.0615  2 00 x 12    0.0434  4 00 x 05    0.0433  4 00 x 05
0.0616  2 01 x 12    0.0616  2 01 x 12    0.0435  2 00 x 10    0.0435  2 00 x 10
0.0617  5 01 x 12    0.0617  5 01 x 12    0.0440  2 01 x 07    0.0441  2 01 x 07
0.0619  5 00 x 10    0.0618  5 00 x 10    0.0440  2 00 x 07    0.0441  2 00 x 07
0.0620  5 01 x 10    0.0620  5 01 x 10    0.0448  3 00 x 04    0.0447  3 00 x 04
0.0621  2 01 x 10    0.0621  2 01 x 10    0.0448  3 01 x 04    0.0448  3 01 x 04
0.0624  5 01 x 07    0.0625  5 00 x 07    0.0450  5 00 x 08    0.0450  5 00 x 08
0.0625  5 00 x 07    0.0625  5 01 x 07    0.0453  5 01 x 08    0.0453  5 01 x 08
0.0625  5 00 x 12    0.0625  5 00 x 12    0.0455  2 01 x 06    0.0454  2 01 x 06
0.0633  2 00 x 10    0.0633  2 00 x 10    0.0457  2 00 x 06    0.0457  2 00 x 06
0.0640  5 00 x 06    0.0639  5 00 x 06    0.0466  4 00 x 04    0.0466  4 00 x 04
0.0640  5 01 x 06    0.0640  5 01 x 06    0.0467  4 01 x 04    0.0467  4 01 x 04
0.0648  2 01 x 07    0.0648  2 01 x 07    0.0469  5 00 x 10    0.0469  5 00 x 10
0.0650  2 00 x 07    0.0650  2 00 x 07    0.0471  5 01 x 10    0.0470  5 01 x 10
0.0664  3 00 x 04    0.0664  3 00 x 04    0.0471  5 01 x 12    0.0470  5 01 x 12
0.0665  3 01 x 04    0.0665  3 01 x 04    0.0471  5 00 x 07    0.0471  5 01 x 07
0.0665  4 00 x 04    0.0665  4 00 x 04    0.0472  2 00 x 05    0.0472  2 00 x 05
0.0666  5 00 x 05    0.0665  5 00 x 05    0.0472  5 01 x 07    0.0472  5 00 x 07
0.0666  5 01 x 05    0.0666  5 01 x 05    0.0472  2 01 x 05    0.0472  2 01 x 05
0.0666  4 01 x 04    0.0666  4 01 x 04    0.0477  5 00 x 12    0.0477  5 00 x 12
0.0672  2 01 x 06    0.0673  2 01 x 06    0.0481  5 00 x 06    0.0481  5 00 x 06
0.0676  2 00 x 06    0.0676  2 00 x 06    0.0482  5 01 x 06    0.0481  5 01 x 06
0.0701  2 00 x 05    0.0701  2 00 x 05    0.0487  2 00 x 04    0.0488  2 00 x 04
0.0701  2 01 x 05    0.0701  2 01 x 05    0.0489  2 01 x 04    0.0489  2 01 x 04
0.0726  5 01 x 04    0.0724  5 00 x 04    0.0497  5 01 x 05    0.0497  5 01 x 05
0.0727  5 00 x 04    0.0725  5 01 x 04    0.0497  5 00 x 05    0.0497  5 00 x 05
0.0730  2 00 x 04    0.0730  2 00 x 04    0.0532  5 00 x 04    0.0532  5 00 x 04
0.0732  2 01 x 04    0.0731  2 01 x 04    0.0533  5 01 x 04    0.0533  5 01 x 04
0.0820  4 01 x 03    0.0820  4 01 x 03    0.0560  3 00 x 03    0.0560  3 00 x 03
0.0821  4 00 x 03    0.0822  4 00 x 03    0.0560  3 01 x 03    0.0560  3 01 x 03
0.0847  3 00 x 03    0.0847  3 00 x 03    0.0564  4 01 x 03    0.0565  4 01 x 03
0.0848  3 01 x 03    0.0848  3 01 x 03    0.0566  4 00 x 03    0.0566  4 00 x 03
0.0872  5 01 x 03    0.0872  5 01 x 03    0.0609  2 00 x 03    0.0609  2 00 x 03
0.0872  5 00 x 03    0.0872  5 00 x 03    0.0610  2 01 x 03    0.0610  2 01 x 03
0.0918  2 00 x 03    0.0918  2 00 x 03    0.0626  5 00 x 03    0.0626  5 00 x 03
0.0919  2 01 x 03    0.0919  2 01 x 03    0.0627  5 01 x 03    0.0626  5 01 x 03
0.1088  4 00 x 02    0.1089  4 00 x 02    0.0723  4 00 x 02    0.0722  4 00 x 02
0.1090  4 01 x 02    0.1093  4 01 x 02    0.0724  4 01 x 02    0.0723  4 01 x 02
0.1132  5 00 x 02    0.1131  5 00 x 02    0.0736  3 00 x 02    0.0737  3 00 x 02
0.1132  3 00 x 02    0.1132  5 01 x 02    0.0737  3 01 x 02    0.0737  3 01 x 02
0.1132  5 01 x 02    0.1132  3 00 x 02    0.0780  5 00 x 02    0.0781  5 00 x 02
0.1132  3 01 x 02    0.1132  3 01 x 02    0.0781  5 01 x 02    0.0781  5 01 x 02
0.1271  2 01 x 02    0.1271  2 00 x 02    0.0825  2 00 x 02    0.0826  2 00 x 02
0.1271  2 00 x 02    0.1271  2 01 x 02    0.0826  2 01 x 02    0.0826  2 01 x 02
---Benchmark Program Finished---
