
./testbench_2kary.sh clang++ O3 MontgomeryQuarter uint64_t 191 8 22 -DTEST_ARRAY

compilation finished, now executing:
---Running Program---

begin benchmarks - array pow
(ignore)368336231662783440

OVERALL BEST:
0.1749  3 00 x 08
0.1760  3 01 x 08
0.1809  4 00 x 08
0.1822  4 01 x 08
0.1872  3 01 x 12
0.1881  2 00 x 08
0.1886  2 01 x 08
0.1890  3 00 x 10
0.1892  3 01 x 10
0.1903  3 00 x 12
0.1910  4 01 x 12
0.1912  4 00 x 10
0.1916  4 01 x 10
0.1941  4 00 x 12
0.1943  3 00 x 07
0.1944  3 01 x 07
0.1946  4 01 x 07
0.1951  4 00 x 07
0.1982  3 01 x 06
0.1993  3 00 x 06
0.1995  4 01 x 06
0.1996  4 00 x 06
0.2037  3 01 x 05
0.2042  3 00 x 05
0.2072  2 00 x 12
0.2073  2 01 x 12
0.2076  4 01 x 05
0.2086  5 00 x 08
0.2086  2 01 x 10
0.2091  4 00 x 05
0.2095  5 01 x 08
0.2135  2 00 x 10
0.2174  5 01 x 12
0.2177  5 00 x 10
0.2177  2 01 x 07
0.2181  2 00 x 07
0.2181  5 01 x 10
0.2192  5 00 x 07
0.2193  5 01 x 07
0.2204  5 00 x 12
0.2223  3 00 x 04
0.2225  3 01 x 04
0.2242  5 00 x 06
0.2242  5 01 x 06
0.2254  2 01 x 06
0.2263  4 00 x 04
0.2266  4 01 x 04
0.2266  2 00 x 06
0.2325  5 00 x 05
0.2325  5 01 x 05
0.2344  2 00 x 05
0.2346  2 01 x 05
0.2435  2 00 x 04
0.2440  2 01 x 04
0.2513  5 00 x 04
0.2516  5 01 x 04
0.2770  4 01 x 03
0.2771  4 00 x 03
0.2814  3 00 x 03
0.2815  3 01 x 03
0.2996  5 01 x 03
0.2997  5 00 x 03
0.3055  2 00 x 03
0.3059  2 01 x 03
0.3623  4 00 x 02
0.3629  4 01 x 02
0.3736  3 00 x 02
0.3739  3 01 x 02
0.3825  5 01 x 02
0.3825  5 00 x 02
0.4193  2 00 x 02
0.4196  2 01 x 02
Timings By Test Type:
0.0517  3 00 x 08    0.0517  3 00 x 08    0.0358  3 00 x 08    0.0358  3 00 x 08
0.0520  3 01 x 08    0.0520  3 01 x 08    0.0360  3 01 x 08    0.0360  3 01 x 08
0.0526  4 00 x 08    0.0527  4 00 x 08    0.0378  4 00 x 08    0.0378  4 00 x 08
0.0530  4 01 x 08    0.0530  4 01 x 08    0.0381  4 01 x 08    0.0381  4 01 x 08
0.0553  3 01 x 12    0.0553  3 01 x 12    0.0382  2 00 x 08    0.0382  2 00 x 08
0.0555  4 01 x 12    0.0555  4 01 x 12    0.0382  2 01 x 08    0.0383  2 01 x 08
0.0556  4 00 x 10    0.0556  4 00 x 10    0.0383  3 01 x 12    0.0383  3 01 x 12
0.0557  4 01 x 10    0.0557  4 01 x 10    0.0386  3 00 x 10    0.0386  3 00 x 10
0.0559  2 00 x 08    0.0559  3 00 x 10    0.0387  3 01 x 10    0.0387  3 01 x 10
0.0559  3 01 x 10    0.0559  2 00 x 08    0.0390  3 00 x 12    0.0390  3 00 x 12
0.0559  3 00 x 10    0.0559  3 01 x 10    0.0396  3 00 x 07    0.0396  3 00 x 07
0.0560  2 01 x 08    0.0560  2 01 x 08    0.0396  3 01 x 07    0.0396  3 01 x 07
0.0562  3 00 x 12    0.0562  3 00 x 12    0.0400  4 00 x 10    0.0400  4 00 x 10
0.0563  4 00 x 12    0.0563  4 00 x 12    0.0400  4 01 x 12    0.0400  4 01 x 12
0.0568  4 01 x 07    0.0568  4 01 x 07    0.0401  4 01 x 10    0.0401  4 01 x 10
0.0570  4 00 x 07    0.0570  4 00 x 07    0.0403  3 01 x 06    0.0403  3 01 x 06
0.0575  3 00 x 07    0.0576  3 00 x 07    0.0405  3 00 x 06    0.0405  3 00 x 06
0.0576  3 01 x 07    0.0576  3 01 x 07    0.0405  4 01 x 07    0.0405  4 01 x 07
0.0582  4 01 x 06    0.0582  4 01 x 06    0.0406  4 00 x 07    0.0406  4 00 x 07
0.0583  4 00 x 06    0.0583  4 00 x 06    0.0407  4 00 x 12    0.0407  4 00 x 12
0.0588  3 01 x 06    0.0588  3 01 x 06    0.0413  3 01 x 05    0.0414  3 01 x 05
0.0591  3 00 x 06    0.0591  3 00 x 06    0.0414  3 00 x 05    0.0414  3 00 x 05
0.0592  5 00 x 08    0.0592  5 00 x 08    0.0415  4 00 x 06    0.0415  4 00 x 06
0.0595  5 01 x 08    0.0595  5 01 x 08    0.0415  4 01 x 06    0.0415  4 01 x 06
0.0605  3 01 x 05    0.0605  3 01 x 05    0.0421  2 01 x 12    0.0421  2 01 x 12
0.0607  3 00 x 05    0.0607  3 00 x 05    0.0421  2 00 x 12    0.0421  2 00 x 12
0.0608  4 01 x 05    0.0608  4 01 x 05    0.0423  2 01 x 10    0.0423  2 01 x 10
0.0612  4 00 x 05    0.0612  4 00 x 05    0.0430  4 01 x 05    0.0430  4 01 x 05
0.0615  2 00 x 12    0.0615  2 00 x 12    0.0433  4 00 x 05    0.0434  4 00 x 05
0.0616  2 01 x 12    0.0616  2 01 x 12    0.0435  2 00 x 10    0.0435  2 00 x 10
0.0617  5 01 x 12    0.0617  5 01 x 12    0.0440  2 01 x 07    0.0440  2 01 x 07
0.0619  5 00 x 10    0.0619  5 00 x 10    0.0441  2 00 x 07    0.0440  2 00 x 07
0.0620  5 01 x 10    0.0620  5 01 x 10    0.0447  3 00 x 04    0.0447  3 00 x 04
0.0620  2 01 x 10    0.0620  2 01 x 10    0.0447  3 01 x 04    0.0448  3 01 x 04
0.0625  5 00 x 07    0.0624  5 00 x 07    0.0450  5 00 x 08    0.0451  5 00 x 08
0.0625  5 01 x 07    0.0625  5 01 x 07    0.0453  5 01 x 08    0.0453  5 01 x 08
0.0625  5 00 x 12    0.0625  5 00 x 12    0.0454  2 01 x 06    0.0454  2 01 x 06
0.0632  2 00 x 10    0.0633  2 00 x 10    0.0457  2 00 x 06    0.0457  2 00 x 06
0.0640  5 01 x 06    0.0640  5 01 x 06    0.0466  4 00 x 04    0.0466  4 00 x 04
0.0640  5 00 x 06    0.0640  5 00 x 06    0.0467  4 01 x 04    0.0467  4 01 x 04
0.0649  2 01 x 07    0.0648  2 01 x 07    0.0469  5 00 x 10    0.0469  5 00 x 10
0.0650  2 00 x 07    0.0650  2 00 x 07    0.0471  5 01 x 12    0.0470  5 01 x 10
0.0665  3 00 x 04    0.0664  3 00 x 04    0.0471  5 01 x 10    0.0471  5 01 x 12
0.0665  3 01 x 04    0.0664  3 01 x 04    0.0471  5 00 x 07    0.0471  2 00 x 05
0.0665  5 00 x 05    0.0665  4 00 x 04    0.0472  5 01 x 07    0.0472  5 00 x 07
0.0666  4 00 x 04    0.0665  5 00 x 05    0.0472  2 00 x 05    0.0472  5 01 x 07
0.0666  5 01 x 05    0.0666  5 01 x 05    0.0472  2 01 x 05    0.0472  2 01 x 05
0.0666  4 01 x 04    0.0666  4 01 x 04    0.0477  5 00 x 12    0.0477  5 00 x 12
0.0673  2 01 x 06    0.0672  2 01 x 06    0.0481  5 00 x 06    0.0481  5 00 x 06
0.0677  2 00 x 06    0.0676  2 00 x 06    0.0482  5 01 x 06    0.0481  5 01 x 06
0.0701  2 00 x 05    0.0701  2 00 x 05    0.0488  2 00 x 04    0.0488  2 00 x 04
0.0701  2 01 x 05    0.0701  2 01 x 05    0.0489  2 01 x 04    0.0489  2 01 x 04
0.0724  5 00 x 04    0.0724  5 00 x 04    0.0497  5 01 x 05    0.0497  5 01 x 05
0.0725  5 01 x 04    0.0725  5 01 x 04    0.0497  5 00 x 05    0.0497  5 00 x 05
0.0730  2 00 x 04    0.0730  2 00 x 04    0.0532  5 00 x 04    0.0532  5 00 x 04
0.0731  2 01 x 04    0.0731  2 01 x 04    0.0533  5 01 x 04    0.0533  5 01 x 04
0.0820  4 01 x 03    0.0820  4 01 x 03    0.0560  3 00 x 03    0.0560  3 00 x 03
0.0821  4 00 x 03    0.0821  4 00 x 03    0.0560  3 01 x 03    0.0560  3 01 x 03
0.0847  3 00 x 03    0.0847  3 00 x 03    0.0565  4 01 x 03    0.0565  4 01 x 03
0.0848  3 01 x 03    0.0847  3 01 x 03    0.0565  4 00 x 03    0.0565  4 00 x 03
0.0871  5 01 x 03    0.0872  5 00 x 03    0.0609  2 00 x 03    0.0609  2 00 x 03
0.0872  5 00 x 03    0.0872  5 01 x 03    0.0610  2 01 x 03    0.0610  2 01 x 03
0.0918  2 00 x 03    0.0918  2 00 x 03    0.0626  5 00 x 03    0.0626  5 01 x 03
0.0919  2 01 x 03    0.0919  2 01 x 03    0.0626  5 01 x 03    0.0627  5 00 x 03
0.1089  4 00 x 02    0.1089  4 00 x 02    0.0722  4 00 x 02    0.0723  4 01 x 02
0.1091  4 01 x 02    0.1092  4 01 x 02    0.0723  4 01 x 02    0.0723  4 00 x 02
0.1132  5 01 x 02    0.1131  5 00 x 02    0.0736  3 00 x 02    0.0736  3 00 x 02
0.1132  5 00 x 02    0.1132  3 00 x 02    0.0737  3 01 x 02    0.0737  3 01 x 02
0.1132  3 00 x 02    0.1132  5 01 x 02    0.0781  5 01 x 02    0.0781  5 01 x 02
0.1132  3 01 x 02    0.1132  3 01 x 02    0.0781  5 00 x 02    0.0781  5 00 x 02
0.1271  2 00 x 02    0.1270  2 00 x 02    0.0826  2 00 x 02    0.0825  2 00 x 02
0.1271  2 01 x 02    0.1272  2 01 x 02    0.0826  2 01 x 02    0.0827  2 01 x 02
---Benchmark Program Finished---
