
./testbench_2kary.sh g++ O3 MontgomeryQuarter uint64_t 191 8 22 -DTEST_ARRAY

compilation finished, now executing:
---Running Program---

begin benchmarks - array pow
(ignore)368336231662783440

OVERALL BEST:
0.1804  3 01 x 08
0.1813  3 00 x 07
0.1813  3 00 x 08
0.1815  3 01 x 10
0.1821  3 01 x 12
0.1824  3 00 x 12
0.1831  3 01 x 07
0.1846  3 00 x 06
0.1850  4 00 x 08
0.1850  4 01 x 08
0.1854  3 00 x 10
0.1893  3 01 x 06
0.1896  4 01 x 10
0.1900  4 00 x 10
0.1910  4 01 x 07
0.1920  4 01 x 06
0.1921  4 00 x 07
0.1922  4 01 x 12
0.1924  4 00 x 12
0.1928  3 00 x 05
0.1954  3 01 x 05
0.1964  2 01 x 12
0.1972  2 01 x 10
0.1974  4 00 x 06
0.1976  2 01 x 07
0.1979  2 00 x 08
0.1979  2 01 x 08
0.1993  2 00 x 07
0.1995  2 00 x 12
0.2010  2 00 x 10
0.2015  2 00 x 06
0.2016  4 00 x 05
0.2019  2 01 x 06
0.2024  4 01 x 05
0.2075  2 00 x 05
0.2091  2 01 x 05
0.2132  3 00 x 04
0.2159  3 01 x 04
0.2167  5 00 x 08
0.2169  5 01 x 08
0.2180  4 00 x 04
0.2199  4 01 x 04
0.2236  5 00 x 12
0.2247  5 01 x 12
0.2252  5 00 x 07
0.2254  5 01 x 10
0.2263  5 00 x 10
0.2293  5 01 x 06
0.2301  5 01 x 07
0.2331  5 00 x 06
0.2357  5 00 x 05
0.2372  5 01 x 05
0.2416  2 00 x 04
0.2437  2 01 x 04
0.2482  5 00 x 04
0.2503  5 01 x 04
0.2641  3 01 x 03
0.2652  3 00 x 03
0.2657  4 00 x 03
0.2663  4 01 x 03
0.2874  2 00 x 03
0.2892  2 01 x 03
0.2961  5 00 x 03
0.2966  5 01 x 03
0.3581  4 01 x 02
0.3583  4 00 x 02
0.3640  3 00 x 02
0.3645  3 01 x 02
0.3743  5 01 x 02
0.3754  5 00 x 02
0.4051  2 00 x 02
0.4056  2 01 x 02
Timings By Test Type:
0.0535  3 01 x 08    0.0536  3 01 x 08    0.0365  3 00 x 08    0.0365  3 00 x 08
0.0538  3 00 x 07    0.0537  3 00 x 07    0.0367  3 01 x 08    0.0367  3 01 x 08
0.0539  3 01 x 10    0.0538  3 01 x 10    0.0369  3 00 x 07    0.0369  3 00 x 07
0.0539  4 01 x 08    0.0539  4 01 x 08    0.0369  3 01 x 10    0.0369  3 01 x 10
0.0540  3 01 x 12    0.0540  4 00 x 08    0.0370  3 01 x 12    0.0370  3 01 x 12
0.0540  4 00 x 08    0.0541  3 00 x 12    0.0371  3 00 x 12    0.0371  3 00 x 12
0.0541  3 00 x 12    0.0541  3 00 x 08    0.0373  3 01 x 07    0.0373  3 01 x 07
0.0542  3 00 x 08    0.0541  3 01 x 12    0.0375  3 00 x 06    0.0375  3 00 x 06
0.0543  3 01 x 07    0.0543  3 01 x 07    0.0376  3 00 x 10    0.0376  3 00 x 10
0.0548  3 00 x 06    0.0548  3 00 x 06    0.0384  4 00 x 08    0.0385  3 01 x 06
0.0551  3 00 x 10    0.0551  4 01 x 10    0.0385  3 01 x 06    0.0385  4 00 x 08
0.0551  4 01 x 10    0.0551  3 00 x 10    0.0386  4 01 x 08    0.0386  4 01 x 08
0.0552  4 00 x 10    0.0553  4 00 x 10    0.0391  3 00 x 05    0.0392  3 00 x 05
0.0555  4 01 x 07    0.0556  4 01 x 07    0.0396  2 01 x 12    0.0396  2 01 x 12
0.0558  4 01 x 06    0.0558  4 00 x 07    0.0397  4 01 x 10    0.0396  3 01 x 05
0.0558  4 00 x 07    0.0559  4 01 x 12    0.0397  3 01 x 05    0.0397  4 01 x 10
0.0560  4 00 x 12    0.0559  4 01 x 06    0.0398  4 00 x 10    0.0397  4 00 x 10
0.0561  4 01 x 12    0.0560  4 00 x 12    0.0398  2 01 x 10    0.0398  2 01 x 07
0.0562  3 01 x 06    0.0561  3 01 x 06    0.0399  2 01 x 07    0.0398  2 01 x 10
0.0573  3 00 x 05    0.0573  3 00 x 05    0.0399  4 01 x 07    0.0398  2 00 x 08
0.0576  4 00 x 06    0.0576  4 00 x 06    0.0399  2 01 x 08    0.0399  2 01 x 08
0.0580  3 01 x 05    0.0581  3 01 x 05    0.0400  2 00 x 08    0.0399  4 01 x 07
0.0586  2 01 x 12    0.0587  2 01 x 12    0.0401  2 00 x 07    0.0401  4 01 x 12
0.0588  2 01 x 10    0.0589  2 01 x 10    0.0401  4 01 x 12    0.0402  4 01 x 06
0.0589  4 00 x 05    0.0589  4 00 x 05    0.0401  4 01 x 06    0.0402  2 00 x 07
0.0590  2 00 x 08    0.0589  2 01 x 07    0.0402  4 00 x 12    0.0402  4 00 x 12
0.0590  4 01 x 05    0.0590  2 01 x 08    0.0402  4 00 x 07    0.0402  4 00 x 07
0.0590  2 01 x 08    0.0590  2 00 x 08    0.0403  2 00 x 12    0.0402  2 00 x 12
0.0591  2 01 x 07    0.0590  4 01 x 05    0.0404  2 00 x 10    0.0404  2 00 x 10
0.0595  2 00 x 07    0.0595  2 00 x 12    0.0406  2 00 x 06    0.0405  2 00 x 06
0.0595  2 00 x 12    0.0595  2 00 x 07    0.0407  2 01 x 06    0.0406  2 01 x 06
0.0602  2 00 x 10    0.0600  2 00 x 10    0.0411  4 00 x 06    0.0411  4 00 x 06
0.0602  2 00 x 06    0.0602  2 00 x 06    0.0417  2 00 x 05    0.0417  2 00 x 05
0.0603  2 01 x 06    0.0603  2 01 x 06    0.0419  4 00 x 05    0.0419  4 00 x 05
0.0616  5 01 x 08    0.0616  5 01 x 08    0.0420  2 01 x 05    0.0420  2 01 x 05
0.0617  5 00 x 08    0.0617  5 00 x 08    0.0421  4 01 x 05    0.0421  4 01 x 05
0.0620  2 00 x 05    0.0621  2 00 x 05    0.0428  3 00 x 04    0.0428  3 00 x 04
0.0625  2 01 x 05    0.0625  2 01 x 05    0.0435  3 01 x 04    0.0434  3 01 x 04
0.0635  5 01 x 12    0.0633  5 00 x 12    0.0448  4 00 x 04    0.0448  4 00 x 04
0.0636  5 00 x 12    0.0636  5 01 x 12    0.0453  4 01 x 04    0.0453  4 01 x 04
0.0636  5 00 x 07    0.0637  5 00 x 07    0.0466  5 00 x 08    0.0467  5 00 x 08
0.0638  3 00 x 04    0.0638  5 01 x 10    0.0468  5 01 x 08    0.0468  5 01 x 08
0.0641  5 01 x 10    0.0638  3 00 x 04    0.0483  5 00 x 12    0.0484  2 00 x 04
0.0642  4 00 x 04    0.0642  5 00 x 10    0.0484  2 00 x 04    0.0484  5 00 x 12
0.0643  5 00 x 10    0.0642  4 00 x 04    0.0487  2 01 x 04    0.0486  5 01 x 12
0.0645  3 01 x 04    0.0645  3 01 x 04    0.0488  5 01 x 10    0.0487  5 01 x 10
0.0647  4 01 x 04    0.0647  4 01 x 04    0.0488  5 00 x 10    0.0487  2 01 x 04
0.0649  5 01 x 06    0.0650  5 01 x 06    0.0489  5 00 x 07    0.0489  5 00 x 07
0.0650  5 01 x 07    0.0650  5 01 x 07    0.0490  5 01 x 12    0.0490  5 00 x 10
0.0663  5 00 x 06    0.0663  5 00 x 06    0.0496  5 01 x 06    0.0498  5 01 x 06
0.0671  5 00 x 05    0.0671  5 00 x 05    0.0501  5 01 x 07    0.0500  5 01 x 07
0.0675  5 01 x 05    0.0675  5 01 x 05    0.0503  5 00 x 06    0.0503  5 00 x 06
0.0718  5 00 x 04    0.0717  5 00 x 04    0.0508  5 00 x 05    0.0508  5 00 x 05
0.0722  5 01 x 04    0.0722  5 01 x 04    0.0511  5 01 x 05    0.0511  5 01 x 05
0.0724  2 00 x 04    0.0725  2 00 x 04    0.0524  5 00 x 04    0.0524  5 00 x 04
0.0731  2 01 x 04    0.0731  2 01 x 04    0.0525  3 01 x 03    0.0526  3 01 x 03
0.0786  4 00 x 03    0.0786  4 00 x 03    0.0528  3 00 x 03    0.0528  3 00 x 03
0.0787  4 01 x 03    0.0788  4 01 x 03    0.0529  5 01 x 04    0.0530  5 01 x 04
0.0795  3 01 x 03    0.0795  3 01 x 03    0.0542  4 00 x 03    0.0543  4 00 x 03
0.0798  3 00 x 03    0.0799  3 00 x 03    0.0544  4 01 x 03    0.0544  4 01 x 03
0.0857  5 00 x 03    0.0858  5 00 x 03    0.0572  2 00 x 03    0.0572  2 00 x 03
0.0857  5 01 x 03    0.0858  5 01 x 03    0.0576  2 01 x 03    0.0576  2 01 x 03
0.0865  2 00 x 03    0.0865  2 00 x 03    0.0623  5 00 x 03    0.0623  5 00 x 03
0.0870  2 01 x 03    0.0869  2 01 x 03    0.0625  5 01 x 03    0.0625  5 01 x 03
0.1074  4 01 x 02    0.1074  4 01 x 02    0.0716  4 01 x 02    0.0716  4 00 x 02
0.1075  4 00 x 02    0.1075  4 00 x 02    0.0716  4 00 x 02    0.0717  4 01 x 02
0.1103  3 00 x 02    0.1102  3 00 x 02    0.0718  3 00 x 02    0.0718  3 00 x 02
0.1103  3 01 x 02    0.1104  3 01 x 02    0.0719  3 01 x 02    0.0719  3 01 x 02
0.1108  5 01 x 02    0.1108  5 01 x 02    0.0763  5 01 x 02    0.0764  5 01 x 02
0.1114  5 00 x 02    0.1110  5 00 x 02    0.0765  5 00 x 02    0.0765  5 00 x 02
0.1228  2 00 x 02    0.1229  2 01 x 02    0.0797  2 00 x 02    0.0797  2 00 x 02
0.1232  2 01 x 02    0.1229  2 00 x 02    0.0797  2 01 x 02    0.0797  2 01 x 02
---Benchmark Program Finished---
