
./testbench_2kary.sh g++ O3 MontgomeryQuarter uint64_t 191 8 22 -DTEST_ARRAY -DHURCHALLA_MONTGOMERY_POW_2KARY_USE_CSELECT_ON_BIT -DHURCHALLA_ALLOW_INLINE_ASM_ALL

compilation finished, now executing:
---Running Program---

begin benchmarks - array pow
(ignore)368336231662783440

OVERALL BEST:
0.1803  3 01 x 08
0.1814  3 00 x 08
0.1817  3 01 x 10
0.1821  3 01 x 12
0.1823  3 00 x 12
0.1828  3 00 x 07
0.1832  3 01 x 07
0.1845  3 00 x 06
0.1850  4 00 x 08
0.1851  4 01 x 08
0.1853  3 00 x 10
0.1894  3 01 x 06
0.1895  4 01 x 10
0.1899  4 00 x 10
0.1910  4 01 x 07
0.1920  4 00 x 07
0.1920  4 01 x 06
0.1920  4 01 x 12
0.1924  4 00 x 12
0.1927  3 00 x 05
0.1955  3 01 x 05
0.1964  2 01 x 12
0.1973  2 01 x 10
0.1975  4 00 x 06
0.1976  2 01 x 07
0.1978  2 00 x 08
0.1980  2 01 x 08
0.1993  2 00 x 07
0.1997  2 00 x 12
0.2011  2 00 x 10
0.2016  2 00 x 06
0.2016  4 00 x 05
0.2019  2 01 x 06
0.2021  4 01 x 05
0.2077  2 00 x 05
0.2091  2 01 x 05
0.2132  3 00 x 04
0.2159  3 01 x 04
0.2166  5 00 x 08
0.2166  5 01 x 08
0.2180  4 00 x 04
0.2200  4 01 x 04
0.2238  5 00 x 12
0.2241  5 01 x 12
0.2250  5 01 x 10
0.2251  5 00 x 07
0.2258  5 00 x 10
0.2298  5 00 x 06
0.2300  5 01 x 06
0.2302  5 01 x 07
0.2359  5 00 x 05
0.2373  5 01 x 05
0.2418  2 00 x 04
0.2438  2 01 x 04
0.2482  5 00 x 04
0.2502  5 01 x 04
0.2643  3 01 x 03
0.2652  3 00 x 03
0.2656  4 00 x 03
0.2665  4 01 x 03
0.2875  2 00 x 03
0.2893  2 01 x 03
0.2961  5 00 x 03
0.2966  5 01 x 03
0.3587  4 01 x 02
0.3589  4 00 x 02
0.3641  3 00 x 02
0.3646  3 01 x 02
0.3750  5 01 x 02
0.3760  5 00 x 02
0.4057  2 00 x 02
0.4063  2 01 x 02
Timings By Test Type:
0.0535  3 01 x 08    0.0535  3 01 x 08    0.0366  3 00 x 08    0.0366  3 00 x 08
0.0539  3 01 x 10    0.0539  4 01 x 08    0.0367  3 01 x 08    0.0367  3 01 x 08
0.0540  3 01 x 12    0.0539  3 01 x 10    0.0371  3 01 x 10    0.0369  3 01 x 10
0.0540  4 01 x 08    0.0539  3 01 x 12    0.0371  3 00 x 12    0.0370  3 01 x 12
0.0540  4 00 x 08    0.0540  4 00 x 08    0.0372  3 00 x 07    0.0371  3 00 x 12
0.0541  3 00 x 12    0.0540  3 00 x 12    0.0372  3 01 x 12    0.0372  3 00 x 07
0.0541  3 00 x 08    0.0541  3 00 x 08    0.0373  3 01 x 07    0.0373  3 01 x 07
0.0542  3 00 x 07    0.0542  3 00 x 07    0.0376  3 00 x 06    0.0375  3 00 x 06
0.0543  3 01 x 07    0.0543  3 01 x 07    0.0376  3 00 x 10    0.0376  3 00 x 10
0.0548  3 00 x 06    0.0548  3 00 x 06    0.0385  3 01 x 06    0.0385  4 00 x 08
0.0551  3 00 x 10    0.0550  3 00 x 10    0.0385  4 00 x 08    0.0385  3 01 x 06
0.0551  4 01 x 10    0.0551  4 01 x 10    0.0386  4 01 x 08    0.0387  4 01 x 08
0.0552  4 00 x 10    0.0552  4 00 x 10    0.0391  3 00 x 05    0.0391  3 00 x 05
0.0556  4 01 x 07    0.0555  4 01 x 07    0.0396  2 01 x 12    0.0396  2 01 x 12
0.0558  4 00 x 07    0.0558  4 00 x 07    0.0397  4 01 x 10    0.0396  4 01 x 10
0.0558  4 01 x 06    0.0558  4 01 x 06    0.0397  3 01 x 05    0.0397  3 01 x 05
0.0559  4 01 x 12    0.0559  4 01 x 12    0.0398  4 00 x 10    0.0398  4 00 x 10
0.0560  4 00 x 12    0.0560  4 00 x 12    0.0398  2 01 x 10    0.0398  2 01 x 10
0.0562  3 01 x 06    0.0562  3 01 x 06    0.0399  2 01 x 07    0.0399  2 01 x 07
0.0572  3 00 x 05    0.0572  3 00 x 05    0.0399  2 00 x 08    0.0399  2 00 x 08
0.0576  4 00 x 06    0.0576  4 00 x 06    0.0399  2 01 x 08    0.0399  4 01 x 07
0.0580  3 01 x 05    0.0581  3 01 x 05    0.0400  4 01 x 07    0.0399  2 01 x 08
0.0585  2 01 x 12    0.0586  2 01 x 12    0.0401  2 00 x 07    0.0401  2 00 x 07
0.0589  2 01 x 10    0.0588  2 01 x 10    0.0401  4 01 x 12    0.0401  4 01 x 12
0.0589  4 00 x 05    0.0588  4 00 x 05    0.0402  4 01 x 06    0.0402  4 01 x 06
0.0590  2 01 x 07    0.0589  2 01 x 07    0.0402  4 00 x 07    0.0402  4 00 x 12
0.0590  4 01 x 05    0.0590  2 01 x 08    0.0402  4 00 x 12    0.0402  4 00 x 07
0.0590  2 00 x 08    0.0590  4 01 x 05    0.0403  2 00 x 12    0.0404  2 00 x 12
0.0591  2 01 x 08    0.0590  2 00 x 08    0.0405  2 00 x 10    0.0405  2 00 x 06
0.0595  2 00 x 07    0.0595  2 00 x 12    0.0406  2 00 x 06    0.0406  2 00 x 10
0.0596  2 00 x 12    0.0596  2 00 x 07    0.0407  2 01 x 06    0.0407  2 01 x 06
0.0601  2 00 x 10    0.0600  2 00 x 10    0.0411  4 00 x 06    0.0411  4 00 x 06
0.0602  2 00 x 06    0.0602  2 00 x 06    0.0417  2 00 x 05    0.0417  2 00 x 05
0.0603  2 01 x 06    0.0603  2 01 x 06    0.0419  4 00 x 05    0.0419  4 00 x 05
0.0616  5 01 x 08    0.0616  5 01 x 08    0.0420  2 01 x 05    0.0420  2 01 x 05
0.0616  5 00 x 08    0.0616  5 00 x 08    0.0421  4 01 x 05    0.0421  4 01 x 05
0.0621  2 00 x 05    0.0621  2 00 x 05    0.0428  3 00 x 04    0.0429  3 00 x 04
0.0625  2 01 x 05    0.0625  2 01 x 05    0.0435  3 01 x 04    0.0435  3 01 x 04
0.0635  5 01 x 12    0.0632  5 00 x 12    0.0448  4 00 x 04    0.0448  4 00 x 04
0.0635  5 00 x 12    0.0635  5 01 x 12    0.0452  4 01 x 04    0.0452  4 01 x 04
0.0637  5 00 x 07    0.0637  5 00 x 07    0.0467  5 00 x 08    0.0467  5 00 x 08
0.0638  3 00 x 04    0.0637  5 01 x 10    0.0467  5 01 x 08    0.0467  5 01 x 08
0.0638  5 01 x 10    0.0638  3 00 x 04    0.0484  2 00 x 04    0.0484  2 00 x 04
0.0640  5 00 x 10    0.0640  5 00 x 10    0.0486  5 01 x 12    0.0484  5 00 x 12
0.0642  4 00 x 04    0.0642  4 00 x 04    0.0486  5 00 x 12    0.0485  5 01 x 12
0.0645  3 01 x 04    0.0645  3 01 x 04    0.0487  2 01 x 04    0.0487  2 01 x 04
0.0648  4 01 x 04    0.0647  4 01 x 04    0.0488  5 01 x 10    0.0488  5 01 x 10
0.0650  5 01 x 07    0.0650  5 01 x 07    0.0488  5 00 x 07    0.0488  5 00 x 07
0.0652  5 01 x 06    0.0652  5 00 x 06    0.0488  5 00 x 10    0.0490  5 00 x 10
0.0653  5 00 x 06    0.0652  5 01 x 06    0.0497  5 00 x 06    0.0497  5 00 x 06
0.0671  5 00 x 05    0.0671  5 00 x 05    0.0498  5 01 x 06    0.0498  5 01 x 06
0.0675  5 01 x 05    0.0675  5 01 x 05    0.0501  5 01 x 07    0.0501  5 01 x 07
0.0717  5 00 x 04    0.0717  5 00 x 04    0.0507  5 00 x 05    0.0509  5 00 x 05
0.0722  5 01 x 04    0.0722  5 01 x 04    0.0511  5 01 x 05    0.0512  5 01 x 05
0.0725  2 00 x 04    0.0725  2 00 x 04    0.0524  5 00 x 04    0.0524  5 00 x 04
0.0732  2 01 x 04    0.0732  2 01 x 04    0.0526  3 01 x 03    0.0526  3 01 x 03
0.0786  4 00 x 03    0.0786  4 00 x 03    0.0528  3 00 x 03    0.0528  3 00 x 03
0.0787  4 01 x 03    0.0787  4 01 x 03    0.0529  5 01 x 04    0.0529  5 01 x 04
0.0796  3 01 x 03    0.0795  3 01 x 03    0.0542  4 00 x 03    0.0542  4 00 x 03
0.0798  3 00 x 03    0.0798  3 00 x 03    0.0546  4 01 x 03    0.0545  4 01 x 03
0.0857  5 00 x 03    0.0857  5 00 x 03    0.0572  2 00 x 03    0.0572  2 00 x 03
0.0858  5 01 x 03    0.0858  5 01 x 03    0.0577  2 01 x 03    0.0577  2 01 x 03
0.0865  2 00 x 03    0.0865  2 00 x 03    0.0623  5 00 x 03    0.0624  5 00 x 03
0.0870  2 01 x 03    0.0870  2 01 x 03    0.0625  5 01 x 03    0.0625  5 01 x 03
0.1076  4 01 x 02    0.1076  4 01 x 02    0.0718  4 01 x 02    0.0717  4 01 x 02
0.1077  4 00 x 02    0.1076  4 00 x 02    0.0718  4 00 x 02    0.0718  4 00 x 02
0.1103  3 00 x 02    0.1102  3 00 x 02    0.0718  3 00 x 02    0.0718  3 00 x 02
0.1104  3 01 x 02    0.1104  3 01 x 02    0.0719  3 01 x 02    0.0719  3 01 x 02
0.1110  5 01 x 02    0.1110  5 01 x 02    0.0765  5 01 x 02    0.0764  5 01 x 02
0.1114  5 00 x 02    0.1113  5 00 x 02    0.0766  5 00 x 02    0.0767  5 00 x 02
0.1229  2 00 x 02    0.1230  2 01 x 02    0.0799  2 00 x 02    0.0799  2 01 x 02
0.1235  2 01 x 02    0.1230  2 00 x 02    0.0800  2 01 x 02    0.0799  2 00 x 02
---Benchmark Program Finished---
