
jeffreyhurchalla@Jeffreys-MacBook-Air montgomery_two_pow % ./testbench.sh g++ O3 MontgomeryFull __uint128_t 191 8 40 -DHURCHALLA_MONTGOMERY_TWO_POW_USE_CSELECT_ON_BIT -DHURCHALLA_ALLOW_INLINE_ASM_ALL 
compilation finished, now executing:
---Running Program---

begin benchmarks - array two_pow
(ignore)12673900455973402205682641815686729848

OVERALL BEST:
1.1062  0 31 x 06
1.1121  0 31 x 05
1.1132  0 30 x 06
1.1152  0 31 x 07
1.1157  0 30 x 05
1.1180  0 30 x 07
1.1234  0 31 x 12
1.1270  0 31 x 08
1.1282  0 30 x 08
1.1293  0 31 x 10
1.1313  0 30 x 12
1.1352  0 28 x 06
1.1374  0 29 x 06
1.1375  0 29 x 05
1.1379  0 28 x 05
1.1387  0 28 x 07
1.1396  0 30 x 10
1.1460  0 28 x 12
1.1464  0 29 x 07
1.1496  0 29 x 10
1.1515  0 29 x 08
1.1515  0 29 x 12
1.1519  0 28 x 10
1.1519  0 27 x 06
1.1532  0 28 x 08
1.1552  0 30 x 04
1.1553  0 27 x 05
1.1580  0 27 x 07
1.1630  0 27 x 08
1.1642  0 31 x 04
1.1719  0 27 x 12
1.1743  0 31 t 06
1.1751  0 28 x 04
1.1769  0 27 x 10
1.1814  0 29 x 04
1.1827  0 31 t 05
1.1868  0 30 t 05
1.1880  0 30 t 04
1.1925  0 31 t 08
1.1928  0 31 t 07
1.1980  0 31 t 04
1.1988  0 28 t 06
1.1998  0 27 x 04
1.2020  0 29 t 05
1.2041  0 29 t 06
1.2052  0 28 t 05
1.2053  0 30 t 06
1.2087  0 30 t 07
1.2091  0 30 t 08
1.2114  0 29 t 07
1.2125  0 29 t 08
1.2144  0 31 t 10
1.2153  0 28 t 08
1.2196  0 28 t 04
1.2209  0 29 t 04
1.2220  0 06 x 08
1.2229  0 05 x 08
1.2232  0 27 t 05
1.2252  0 06 x 05
1.2262  0 27 t 06
1.2291  0 30 t 10
1.2296  0 06 x 06
1.2297  0 01 x 06
1.2302  0 29 t 10
1.2303  0 01 x 05
1.2305  0 28 t 07
1.2310  0 27 t 04
1.2338  0 06 x 07
1.2341  0 30 t 12
1.2342  0 01 x 12
1.2342  0 27 t 08
1.2352  0 05 x 06
1.2355  0 28 t 10
1.2367  0 06 x 12
1.2378  0 05 x 12
1.2384  0 01 x 10
1.2389  0 01 x 08
1.2389  0 06 x 10
1.2406  0 05 x 07
1.2407  0 27 t 07
1.2408  0 01 x 07
1.2417  0 05 x 10
1.2450  0 04 x 08
1.2501  0 28 t 12
1.2510  0 00 x 05
1.2515  0 29 t 12
1.2517  0 04 x 06
1.2517  0 05 x 05
1.2518  0 31 t 12
1.2586  0 06 x 04
1.2590  0 04 x 12
1.2591  0 00 x 06
1.2592  0 04 x 07
1.2629  0 05 x 04
1.2635  0 07 x 08
1.2650  0 07 x 05
1.2651  0 04 x 10
1.2660  0 01 x 04
1.2672  0 00 x 08
1.2702  0 00 x 07
1.2709  0 07 x 06
1.2720  0 27 t 10
1.2744  0 04 x 05
1.2758  0 00 x 12
1.2799  0 07 x 07
1.2815  0 06 t 08
1.2861  0 04 x 04
1.2863  0 06 t 05
1.2881  0 00 x 10
1.2930  0 01 t 05
1.2933  0 07 x 10
1.2952  0 01 t 06
1.2952  0 06 t 06
1.2953  0 00 x 04
1.2954  0 05 t 05
1.2984  0 01 t 07
1.2985  0 05 t 08
1.2993  0 27 t 12
1.3011  0 07 x 04
1.3017  0 05 t 07
1.3018  0 07 x 12
1.3020  0 01 t 04
1.3027  0 06 t 07
1.3072  0 05 t 06
1.3074  0 06 t 04
1.3103  0 05 t 04
1.3136  0 04 t 07
1.3154  5 08 x 05
1.3171  0 01 t 08
1.3172  0 31 t 03
1.3177  0 04 t 05
1.3184  0 04 t 08
1.3184  5 08 x 07
1.3187  5 08 x 06
1.3192  5 08 x 08
1.3199  0 31 x 03
1.3215  0 00 t 06
1.3220  0 00 t 05
1.3229  5 08 x 10
1.3232  0 30 x 03
1.3236  5 08 x 12
1.3255  0 06 t 10
1.3257  0 30 t 03
1.3257  0 04 t 06
1.3275  0 06 t 12
1.3299  0 07 t 05
1.3313  0 29 t 03
1.3314  0 07 t 06
1.3319  0 04 t 04
1.3327  0 00 t 07
1.3331  0 01 t 10
1.3365  0 05 t 12
1.3371  0 07 t 08
1.3373  0 29 x 03
1.3375  0 05 t 10
1.3391  0 28 t 03
1.3409  0 28 x 03
1.3440  0 07 t 04
1.3497  4 08 x 05
1.3502  0 01 t 12
1.3522  0 07 t 07
1.3526  6 08 x 05
1.3541  4 08 x 08
1.3546  4 08 x 12
1.3554  6 08 x 06
1.3555  4 08 x 06
1.3566  4 08 x 07
1.3567  5 08 x 04
1.3578  6 08 x 07
1.3581  0 00 t 08
1.3612  4 08 x 10
1.3628  6 08 x 08
1.3632  0 27 x 03
1.3651  0 04 t 10
1.3651  6 08 x 10
1.3672  6 08 x 12
1.3683  0 27 t 03
1.3696  0 04 t 12
1.3699  0 00 t 10
1.3755  0 00 t 04
1.3807  5 08 t 05
1.3836  0 00 t 12
1.3896  4 08 x 04
1.3936  6 08 x 04
1.3953  5 08 t 06
1.3964  0 07 t 10
1.4023  5 08 t 04
1.4025  5 08 t 08
1.4043  0 07 t 12
1.4064  5 08 t 07
1.4153  4 08 t 05
1.4166  0 01 t 03
1.4169  0 06 t 03
1.4191  6 08 t 05
1.4205  0 03 x 04
1.4209  0 03 x 05
1.4214  0 06 x 03
1.4243  4 08 t 06
1.4250  5 08 t 10
1.4256  6 08 t 07
1.4271  0 03 x 06
1.4286  0 01 x 03
1.4289  4 08 t 07
1.4294  0 03 x 03
1.4295  0 05 x 03
1.4295  6 08 t 06
1.4303  4 08 t 04
1.4365  4 08 t 08
1.4382  0 03 x 08
1.4386  0 05 t 03
1.4409  6 08 t 04
1.4423  0 00 t 03
1.4477  0 00 x 03
1.4516  5 08 t 12
1.4518  3 08 x 12
1.4521  0 04 x 03
1.4526  0 03 x 12
1.4541  3 08 x 05
1.4545  3 08 x 10
1.4553  3 08 x 07
1.4572  3 08 x 08
1.4578  3 08 x 06
1.4595  6 08 t 10
1.4603  0 04 t 03
1.4617  0 07 t 03
1.4636  4 08 t 10
1.4685  4 08 t 12
1.4808  0 07 x 03
1.4827  6 08 t 12
1.4898  3 08 x 04
1.4964  7 08 x 05
1.5081  6 08 t 08
1.5083  3 08 t 05
1.5244  3 08 t 08
1.5251  0 03 x 10
1.5255  5 08 t 03
1.5265  3 08 t 06
1.5280  0 03 x 07
1.5339  5 08 x 03
1.5353  3 08 t 04
1.5389  7 08 x 04
1.5502  3 08 t 07
1.5534  4 08 t 03
1.5560  7 08 t 05
1.5609  4 08 x 03
1.5697  3 08 t 10
1.5730  6 08 x 03
1.5784  6 08 t 03
1.5796  3 08 t 12
1.5899  7 08 t 04
1.6672  3 08 t 03
1.6706  3 08 x 03
1.6958  2 08 x 05
1.7296  7 08 t 03
1.7308  7 08 x 03
1.7310  2 08 x 04
1.7458  2 08 t 05
1.8135  2 08 t 04
1.9070  2 08 x 03
2.0163  2 08 t 03
2.1193  0 02 x 06
2.1195  0 02 x 05
2.1259  0 02 x 04
2.1319  0 02 x 03
2.1639  0 02 x 12
2.1639  0 02 x 08
2.1773  0 02 x 10
2.1941  0 02 x 07
2.4203  1 08 t 05
2.4204  1 08 x 05
2.4584  1 08 t 04
2.4585  1 08 x 04
2.6636  1 08 t 03
2.6675  1 08 x 03
Timings By Test Type:
0.3295  0 31 x 06    0.3294  0 31 x 06    0.2237  0 31 x 06    0.2236  0 31 x 06
0.3309  0 30 x 06    0.3310  0 31 x 05    0.2248  0 31 x 05    0.2248  0 31 x 05
0.3315  0 31 x 05    0.3316  0 31 x 07    0.2251  0 30 x 06    0.2253  0 30 x 06
0.3318  0 30 x 05    0.3320  0 30 x 06    0.2253  0 31 x 07    0.2259  0 30 x 05
0.3318  0 30 x 07    0.3320  0 30 x 05    0.2261  0 30 x 05    0.2261  0 30 x 07
0.3321  0 31 x 12    0.3324  0 31 x 12    0.2264  0 30 x 07    0.2262  0 31 x 07
0.3322  0 31 x 07    0.3337  0 30 x 07    0.2267  0 31 x 12    0.2274  0 31 x 08
0.3341  0 30 x 08    0.3344  0 30 x 12    0.2276  0 31 x 10    0.2286  0 30 x 08
0.3342  0 30 x 12    0.3351  0 31 x 08    0.2284  0 30 x 08    0.2288  0 31 x 10
0.3348  0 31 x 10    0.3372  0 30 x 08    0.2287  0 31 x 08    0.2294  0 28 x 06
0.3358  0 31 x 08    0.3375  0 28 x 06    0.2295  0 28 x 06    0.2298  0 28 x 05
0.3379  0 30 x 10    0.3381  0 31 x 10    0.2297  0 29 x 05    0.2298  0 29 x 06
0.3384  0 28 x 05    0.3384  0 29 x 05    0.2306  0 29 x 06    0.2300  0 29 x 05
0.3385  0 29 x 06    0.3385  0 30 x 10    0.2306  0 28 x 05    0.2304  0 28 x 07
0.3386  0 28 x 07    0.3386  0 29 x 06    0.2307  0 28 x 07    0.2307  0 30 x 12
0.3388  0 28 x 06    0.3390  0 28 x 07    0.2314  0 30 x 10    0.2317  0 30 x 10
0.3393  0 29 x 05    0.3391  0 28 x 05    0.2315  0 29 x 07    0.2322  0 28 x 12
0.3401  0 28 x 12    0.3412  0 28 x 12    0.2320  0 30 x 12    0.2322  0 31 x 12
0.3408  0 29 x 10    0.3412  0 29 x 07    0.2325  0 28 x 12    0.2323  0 29 x 07
0.3414  0 29 x 07    0.3416  0 29 x 10    0.2327  0 27 x 06    0.2325  0 29 x 10
0.3424  0 29 x 12    0.3426  0 29 x 12    0.2327  0 28 x 10    0.2327  0 27 x 06
0.3426  0 29 x 08    0.3426  0 29 x 08    0.2328  0 29 x 08    0.2330  0 28 x 08
0.3426  0 28 x 08    0.3428  0 28 x 10    0.2328  0 29 x 12    0.2331  0 27 x 05
0.3432  0 28 x 10    0.3432  0 27 x 06    0.2329  0 28 x 08    0.2332  0 28 x 10
0.3433  0 27 x 06    0.3433  0 30 x 04    0.2339  0 30 x 04    0.2335  0 29 x 08
0.3442  0 30 x 04    0.3438  0 27 x 05    0.2340  0 27 x 05    0.2338  0 29 x 12
0.3443  0 27 x 05    0.3447  0 28 x 08    0.2345  0 27 x 07    0.2339  0 30 x 04
0.3445  0 27 x 07    0.3448  0 27 x 07    0.2347  0 29 x 10    0.2342  0 27 x 07
0.3460  0 27 x 08    0.3457  0 27 x 08    0.2353  0 27 x 08    0.2354  0 31 x 04
0.3472  0 31 x 04    0.3459  0 31 x 04    0.2357  0 31 x 04    0.2360  0 27 x 08
0.3488  0 27 x 12    0.3475  0 27 x 12    0.2370  0 31 t 06    0.2371  0 31 t 06
0.3495  0 31 t 06    0.3491  0 27 x 10    0.2376  0 28 x 04    0.2374  0 27 x 12
0.3497  0 28 x 04    0.3498  0 28 x 04    0.2381  0 27 x 10    0.2377  0 27 x 10
0.3513  0 29 x 04    0.3507  0 29 x 04    0.2382  0 27 x 12    0.2380  0 28 x 04
0.3520  0 31 t 08    0.3507  0 31 t 06    0.2390  0 31 t 05    0.2387  0 29 x 04
0.3520  0 27 x 10    0.3521  0 31 t 05    0.2399  0 30 t 05    0.2394  0 31 t 05
0.3522  0 31 t 05    0.3534  0 30 t 05    0.2404  0 30 t 04    0.2403  0 30 t 05
0.3531  0 30 t 05    0.3537  0 30 t 04    0.2407  0 29 x 04    0.2405  0 30 t 04
0.3533  0 30 t 04    0.3551  0 31 t 07    0.2417  0 31 t 08    0.2411  0 31 t 07
0.3546  0 31 t 07    0.3558  0 31 t 08    0.2421  0 31 t 07    0.2422  0 28 t 06
0.3553  0 31 t 04    0.3564  0 31 t 04    0.2424  0 28 t 06    0.2427  0 27 x 04
0.3566  0 28 t 06    0.3572  0 27 x 04    0.2428  0 27 x 04    0.2428  0 29 t 06
0.3567  0 30 t 08    0.3575  0 28 t 06    0.2428  0 29 t 05    0.2429  0 31 t 04
0.3571  0 27 x 04    0.3576  0 31 t 10    0.2432  0 30 t 06    0.2430  0 29 t 05
0.3579  0 29 t 06    0.3581  0 29 t 05    0.2433  0 31 t 04    0.2430  0 31 t 08
0.3581  0 29 t 05    0.3593  0 28 t 05    0.2435  0 29 t 06    0.2436  0 30 t 06
0.3582  0 30 t 06    0.3599  0 29 t 06    0.2436  0 28 t 05    0.2436  0 30 t 08
0.3585  0 28 t 05    0.3599  0 30 t 07    0.2441  0 29 t 08    0.2438  0 28 t 05
0.3590  0 30 t 07    0.3603  0 28 t 08    0.2443  0 30 t 07    0.2448  0 29 t 07
0.3596  0 29 t 07    0.3603  0 30 t 06    0.2457  0 29 t 07    0.2454  0 30 t 07
0.3597  0 29 t 08    0.3612  0 29 t 07    0.2461  0 05 x 08    0.2457  0 28 t 08
0.3599  0 06 x 08    0.3613  0 06 x 08    0.2463  0 28 t 04    0.2458  0 31 t 10
0.3606  0 28 t 08    0.3618  0 30 t 08    0.2463  0 31 t 10    0.2464  0 05 x 08
0.3631  0 28 t 04    0.3622  0 29 t 08    0.2470  0 30 t 08    0.2465  0 29 t 08
0.3633  0 29 t 04    0.3633  0 06 x 05    0.2471  0 27 t 05    0.2468  0 29 t 10
0.3635  0 06 x 06    0.3634  0 28 t 04    0.2471  0 29 t 04    0.2468  0 29 t 04
0.3635  0 06 x 05    0.3637  0 29 t 04    0.2474  0 30 t 12    0.2470  0 28 t 04
0.3640  0 27 t 05    0.3648  0 06 x 06    0.2478  0 27 t 06    0.2471  0 27 t 05
0.3644  0 27 t 06    0.3651  0 27 t 05    0.2478  0 28 t 07    0.2475  0 28 t 10
0.3646  0 06 x 12    0.3654  0 27 t 06    0.2480  0 01 x 06    0.2475  0 30 t 10
0.3647  0 31 t 10    0.3655  0 06 x 07    0.2485  0 27 t 04    0.2477  0 01 x 05
0.3648  0 05 x 08    0.3656  0 05 x 08    0.2486  0 05 x 06    0.2478  0 01 x 06
0.3657  0 30 t 10    0.3656  0 06 x 10    0.2486  0 01 x 08    0.2481  0 05 x 12
0.3659  0 27 t 08    0.3658  0 28 t 10    0.2487  0 28 t 08    0.2484  0 28 t 07
0.3661  0 06 x 07    0.3662  0 29 t 10    0.2488  0 01 x 05    0.2485  0 27 t 04
0.3662  0 28 t 07    0.3668  0 27 t 04    0.2490  0 30 t 10    0.2485  0 27 t 06
0.3662  0 01 x 06    0.3669  0 01 x 05    0.2492  0 05 x 07    0.2487  0 05 x 06
0.3663  0 29 t 10    0.3669  0 30 t 10    0.2493  0 06 x 05    0.2488  0 30 t 12
0.3670  0 01 x 05    0.3672  0 06 x 12    0.2493  0 01 x 12    0.2490  0 31 t 12
0.3671  0 27 t 07    0.3676  0 01 x 06    0.2497  0 06 x 08    0.2491  0 06 x 05
0.3672  0 27 t 04    0.3678  0 01 x 12    0.2498  0 04 x 08    0.2494  0 01 x 12
0.3676  0 01 x 12    0.3680  0 28 t 07    0.2500  0 27 t 07    0.2497  0 05 x 07
0.3685  0 01 x 10    0.3684  0 30 t 12    0.2501  0 27 t 08    0.2497  0 27 t 08
0.3686  0 05 x 06    0.3685  0 27 t 08    0.2503  0 05 x 10    0.2500  0 01 x 10
0.3692  0 06 x 10    0.3690  0 01 x 10    0.2508  0 05 x 12    0.2500  0 01 x 08
0.3695  0 30 t 12    0.3690  0 01 x 08    0.2508  0 29 t 10    0.2503  0 05 x 10
0.3695  0 01 x 07    0.3692  0 05 x 06    0.2509  0 06 x 06    0.2503  0 06 x 06
0.3696  0 05 x 12    0.3693  0 01 x 07    0.2510  0 01 x 10    0.2508  0 01 x 07
0.3708  0 28 t 10    0.3694  0 05 x 12    0.2510  0 06 x 07    0.2511  0 06 x 08
0.3712  0 01 x 08    0.3698  0 05 x 10    0.2511  0 01 x 07    0.2512  0 06 x 12
0.3712  0 07 x 08    0.3700  0 29 t 12    0.2514  0 28 t 10    0.2513  0 06 x 07
0.3713  0 05 x 10    0.3700  0 05 x 07    0.2515  0 06 x 10    0.2514  0 04 x 08
0.3716  0 28 t 12    0.3704  0 07 x 08    0.2518  0 05 x 05    0.2515  0 27 t 07
0.3717  0 05 x 07    0.3710  0 04 x 08    0.2523  0 00 x 05    0.2515  0 05 x 05
0.3727  0 04 x 06    0.3720  0 27 t 07    0.2527  0 04 x 06    0.2515  0 28 t 12
0.3727  0 04 x 08    0.3730  0 06 x 04    0.2531  0 28 t 12    0.2521  0 00 x 05
0.3728  0 07 x 05    0.3732  0 00 x 05    0.2536  0 06 x 12    0.2526  0 06 x 10
0.3733  0 06 x 04    0.3734  0 04 x 06    0.2537  0 00 x 06    0.2529  0 04 x 06
0.3734  0 00 x 05    0.3735  0 31 t 12    0.2539  0 05 x 04    0.2536  0 29 t 12
0.3737  0 29 t 12    0.3738  0 07 x 05    0.2539  0 04 x 07    0.2540  0 00 x 06
0.3739  0 05 x 05    0.3738  0 28 t 12    0.2541  0 31 t 12    0.2541  0 05 x 04
0.3746  0 07 x 06    0.3745  0 05 x 05    0.2542  0 04 x 12    0.2546  0 04 x 12
0.3747  0 04 x 07    0.3752  0 07 x 06    0.2543  0 29 t 12    0.2548  0 04 x 10
0.3749  0 04 x 12    0.3753  0 04 x 12    0.2546  0 04 x 10    0.2549  0 04 x 07
0.3752  0 31 t 12    0.3757  0 04 x 07    0.2554  0 01 x 04    0.2552  0 01 x 04
0.3753  0 00 x 06    0.3760  0 00 x 06    0.2555  0 00 x 07    0.2555  0 00 x 07
0.3768  0 07 x 07    0.3774  0 05 x 04    0.2556  0 00 x 08    0.2555  0 06 x 04
0.3769  0 27 t 10    0.3774  0 01 x 04    0.2567  0 06 x 04    0.2559  0 00 x 08
0.3775  0 05 x 04    0.3776  0 04 x 10    0.2570  0 00 x 12    0.2565  0 04 x 05
0.3778  0 00 x 08    0.3777  0 07 x 07    0.2571  0 27 t 10    0.2574  0 00 x 12
0.3780  0 01 x 04    0.3779  0 00 x 08    0.2573  0 04 x 05    0.2581  0 27 t 10
0.3780  0 04 x 10    0.3787  0 00 x 07    0.2586  0 06 t 08    0.2587  0 04 x 04
0.3792  0 00 x 12    0.3798  0 04 x 05    0.2587  0 04 x 04    0.2593  0 07 x 05
0.3805  0 00 x 07    0.3800  0 27 t 10    0.2591  0 07 x 05    0.2593  0 27 t 12
0.3808  0 04 x 05    0.3813  0 07 x 12    0.2599  0 07 x 06    0.2595  0 06 t 08
0.3810  0 00 x 10    0.3822  0 07 x 10    0.2602  0 05 t 05    0.2605  0 00 x 10
0.3811  0 07 x 12    0.3823  0 00 x 12    0.2604  0 07 x 08    0.2606  0 06 t 05
0.3812  0 06 t 08    0.3823  0 06 t 08    0.2608  0 06 t 05    0.2606  0 01 t 05
0.3813  0 07 x 10    0.3824  0 00 x 10    0.2608  0 01 t 05    0.2608  0 05 t 07
0.3824  0 06 t 05    0.3826  0 06 t 05    0.2609  0 07 x 07    0.2609  0 05 t 05
0.3834  0 07 x 04    0.3837  0 07 x 04    0.2610  0 27 t 12    0.2609  0 01 t 08
0.3843  0 04 x 04    0.3843  0 06 t 06    0.2610  0 01 t 07    0.2611  0 01 t 07
0.3846  0 06 t 06    0.3844  0 04 x 04    0.2613  0 00 x 04    0.2612  0 07 x 06
0.3856  0 01 t 05    0.3860  0 01 t 05    0.2614  0 01 t 06    0.2613  0 01 t 06
0.3864  0 01 t 06    0.3861  0 01 t 06    0.2617  0 05 t 07    0.2614  0 00 x 04
0.3864  0 05 t 08    0.3862  0 00 x 04    0.2621  0 05 t 06    0.2616  0 07 x 08
0.3864  0 00 x 04    0.3873  0 06 t 07    0.2621  0 01 t 04    0.2618  0 05 t 08
0.3867  0 05 t 05    0.3877  0 05 t 05    0.2624  0 05 t 08    0.2625  0 01 t 04
0.3872  0 06 t 07    0.3877  0 06 t 04    0.2627  0 06 t 06    0.2627  0 04 t 08
0.3881  5 08 x 08    0.3879  0 05 t 08    0.2634  0 31 t 03    0.2632  0 06 t 07
0.3882  5 08 x 07    0.3879  0 01 t 07    0.2635  0 05 t 04    0.2633  0 31 x 03
0.3882  0 01 t 04    0.3882  5 08 x 05    0.2641  0 00 x 10    0.2633  0 05 t 06
0.3884  0 01 t 07    0.3889  0 27 t 12    0.2646  0 04 t 07    0.2634  0 31 t 03
0.3886  5 08 x 05    0.3890  5 08 x 08    0.2647  0 30 x 03    0.2636  0 06 t 06
0.3887  0 06 t 10    0.3891  0 01 t 04    0.2648  0 31 x 03    0.2640  0 05 t 04
0.3888  0 05 t 07    0.3892  0 01 t 08    0.2648  0 07 x 10    0.2646  0 07 x 07
0.3889  0 06 t 04    0.3893  5 08 x 06    0.2649  0 06 t 04    0.2646  0 30 x 03
0.3892  5 08 x 06    0.3895  5 08 x 10    0.2649  0 06 t 07    0.2650  0 07 x 10
0.3896  5 08 x 12    0.3899  5 08 x 12    0.2652  0 30 t 03    0.2656  0 04 t 05
0.3901  0 27 t 12    0.3903  0 05 t 07    0.2653  0 04 t 05    0.2656  0 05 t 12
0.3904  0 04 t 07    0.3907  5 08 x 07    0.2658  0 00 t 06    0.2658  0 04 t 07
0.3908  0 05 t 06    0.3909  0 05 t 06    0.2660  0 00 t 05    0.2660  0 06 t 04
0.3911  5 08 x 10    0.3913  0 05 t 04    0.2663  0 06 t 12    0.2661  0 30 t 03
0.3916  0 05 t 04    0.3925  0 04 t 08    0.2669  0 29 t 03    0.2661  0 07 x 04
0.3923  0 07 t 05    0.3928  0 04 t 07    0.2677  0 29 x 03    0.2667  0 00 t 05
0.3926  0 07 t 08    0.3929  0 07 t 06    0.2678  0 04 t 06    0.2669  0 29 t 03
0.3928  0 07 t 06    0.3936  0 07 t 05    0.2679  0 07 x 04    0.2671  0 04 t 06
0.3929  0 04 t 05    0.3940  0 04 t 05    0.2679  0 04 t 04    0.2673  0 00 t 06
0.3944  0 00 t 06    0.3941  0 00 t 06    0.2681  0 04 t 08    0.2673  0 29 x 03
0.3946  6 08 x 05    0.3947  0 00 t 05    0.2681  0 01 t 08    0.2684  0 01 t 10
0.3946  0 00 t 05    0.3949  0 06 t 12    0.2682  0 00 t 07    0.2688  0 28 x 03
0.3951  0 04 t 06    0.3950  0 31 t 03    0.2684  0 06 t 10    0.2695  0 00 t 07
0.3951  0 04 t 08    0.3953  0 07 t 08    0.2687  0 28 x 03    0.2695  0 07 x 12
0.3955  0 31 t 03    0.3957  6 08 x 05    0.2688  0 28 t 03    0.2696  5 08 x 05
0.3955  0 01 t 10    0.3958  6 08 x 07    0.2690  5 08 x 05    0.2698  0 05 t 10
0.3957  0 06 t 12    0.3958  0 04 t 06    0.2697  0 05 t 10    0.2698  5 08 x 07
0.3958  0 31 x 03    0.3960  0 31 x 03    0.2697  5 08 x 07    0.2700  5 08 x 06
0.3959  0 05 t 10    0.3960  6 08 x 06    0.2697  0 01 t 10    0.2704  0 28 t 03
0.3961  6 08 x 06    0.3964  0 06 t 10    0.2698  0 05 t 12    0.2705  0 04 t 04
0.3963  0 30 x 03    0.3964  0 00 t 07    0.2700  0 07 x 12    0.2706  0 06 t 12
0.3967  6 08 x 12    0.3964  0 07 t 04    0.2701  5 08 x 06    0.2712  5 08 x 10
0.3968  0 04 t 04    0.3968  0 04 t 04    0.2703  5 08 x 08    0.2718  0 07 t 05
0.3973  0 30 t 03    0.3971  0 30 t 03    0.2712  5 08 x 10    0.2719  5 08 x 08
0.3977  0 07 t 04    0.3976  0 30 x 03    0.2717  0 01 t 12    0.2720  0 06 t 10
0.3983  6 08 x 07    0.3977  6 08 x 08    0.2717  5 08 x 12    0.2722  0 27 x 03
0.3983  0 07 t 07    0.3978  6 08 x 10    0.2722  0 07 t 05    0.2725  5 08 x 12
0.3985  6 08 x 08    0.3979  0 07 t 07    0.2730  0 27 x 03    0.2726  0 07 t 06
0.3986  0 00 t 07    0.3986  6 08 x 12    0.2731  0 07 t 06    0.2738  4 08 x 05
0.3986  0 29 t 03    0.3989  0 29 t 03    0.2743  0 07 t 08    0.2745  0 01 t 12
0.3988  0 01 t 08    0.3995  0 01 t 10    0.2744  4 08 x 05    0.2747  0 07 t 04
0.3990  0 05 t 12    0.3998  0 28 t 03    0.2747  4 08 x 07    0.2747  0 00 t 08
0.3998  6 08 x 10    0.4007  0 29 x 03    0.2748  4 08 x 08    0.2747  4 08 x 08
0.4002  0 28 t 03    0.4007  4 08 x 05    0.2751  0 07 t 04    0.2749  0 27 t 03
0.4009  4 08 x 05    0.4012  0 00 t 08    0.2752  4 08 x 12    0.2749  0 07 t 08
0.4011  5 08 x 04    0.4014  0 28 x 03    0.2756  4 08 x 06    0.2751  0 04 t 10
0.4011  4 08 x 08    0.4016  4 08 x 06    0.2761  0 00 t 08    0.2752  4 08 x 06
0.4014  0 01 t 12    0.4016  5 08 x 04    0.2761  0 27 t 03    0.2759  4 08 x 12
0.4014  4 08 x 12    0.4020  4 08 x 12    0.2762  4 08 x 10    0.2761  4 08 x 07
0.4016  0 29 x 03    0.4021  0 05 t 12    0.2763  0 04 t 12    0.2765  0 04 t 12
0.4019  0 28 x 03    0.4021  0 05 t 10    0.2765  0 04 t 10    0.2770  0 00 t 04
0.4022  4 08 x 07    0.4027  0 01 t 12    0.2769  5 08 x 04    0.2771  5 08 x 04
0.4022  0 00 t 10    0.4035  4 08 x 08    0.2771  0 07 t 07    0.2779  4 08 x 10
0.4026  4 08 x 10    0.4035  4 08 x 07    0.2775  0 00 t 12    0.2788  0 00 t 10
0.4031  4 08 x 06    0.4045  4 08 x 10    0.2777  0 00 t 10    0.2789  0 07 t 07
0.4061  0 00 t 08    0.4052  0 04 t 10    0.2784  0 00 t 04    0.2800  0 00 t 12
0.4072  6 08 x 04    0.4070  6 08 x 04    0.2809  4 08 x 04    0.2810  6 08 x 05
0.4081  5 08 t 05    0.4079  5 08 t 05    0.2813  6 08 x 05    0.2810  6 08 x 06
0.4082  0 04 t 12    0.4085  0 04 t 12    0.2816  6 08 x 07    0.2812  4 08 x 04
0.4083  0 04 t 10    0.4089  0 27 x 03    0.2820  0 01 t 03    0.2821  6 08 x 07
0.4084  0 27 t 03    0.4089  0 27 t 03    0.2823  6 08 x 06    0.2823  5 08 t 05
0.4091  0 27 x 03    0.4095  0 00 t 04    0.2824  5 08 t 05    0.2828  0 01 t 03
0.4106  0 00 t 04    0.4103  0 07 t 12    0.2832  6 08 x 08    0.2833  6 08 x 08
0.4110  5 08 t 08    0.4112  0 00 t 10    0.2833  6 08 x 10    0.2836  0 07 t 10
0.4115  5 08 t 06    0.4112  0 00 t 12    0.2846  0 05 x 03    0.2841  0 06 t 03
0.4118  0 07 t 10    0.4118  5 08 t 08    0.2847  6 08 x 12    0.2843  6 08 x 10
0.4128  4 08 x 04    0.4121  5 08 t 06    0.2851  0 06 x 03    0.2844  0 01 x 03
0.4134  5 08 t 07    0.4129  0 07 t 10    0.2856  0 01 x 03    0.2845  0 05 x 03
0.4137  5 08 t 04    0.4148  5 08 t 04    0.2856  0 03 x 04    0.2854  0 06 x 03
0.4142  6 08 t 05    0.4148  4 08 x 04    0.2857  0 03 x 03    0.2857  0 03 x 03
0.4148  0 07 t 12    0.4155  6 08 t 05    0.2858  5 08 t 06    0.2860  5 08 t 06
0.4148  0 00 t 12    0.4157  5 08 t 10    0.2860  0 06 t 03    0.2867  0 03 x 05
0.4177  6 08 t 06    0.4160  6 08 t 07    0.2862  0 05 t 03    0.2871  0 05 t 03
0.4181  6 08 t 07    0.4166  5 08 t 07    0.2865  5 08 t 04    0.2873  6 08 x 12
0.4204  4 08 t 05    0.4179  6 08 t 06    0.2866  0 03 x 05    0.2873  5 08 t 04
0.4219  6 08 t 04    0.4204  4 08 t 05    0.2872  4 08 t 05    0.2873  4 08 t 05
0.4224  4 08 t 06    0.4207  6 08 t 04    0.2878  0 03 x 06    0.2874  0 03 x 04
0.4227  5 08 t 10    0.4221  5 08 t 12    0.2882  0 07 t 10    0.2876  0 03 x 06
0.4232  4 08 t 07    0.4231  4 08 t 06    0.2886  0 00 x 03    0.2876  5 08 t 07
0.4232  0 06 t 03    0.4235  0 06 t 03    0.2886  0 00 t 03    0.2884  5 08 t 08
0.4238  0 03 x 04    0.4235  4 08 t 07    0.2888  5 08 t 07    0.2891  0 04 x 03
0.4240  4 08 t 04    0.4235  0 03 x 05    0.2893  6 08 x 04    0.2892  4 08 t 06
0.4240  0 03 x 05    0.4238  0 03 x 04    0.2894  0 07 t 12    0.2898  0 07 t 12
0.4247  4 08 t 08    0.4244  4 08 t 08    0.2895  4 08 t 06    0.2901  0 00 t 03
0.4251  0 06 x 03    0.4251  4 08 t 04    0.2896  0 03 x 08    0.2901  0 00 x 03
0.4259  0 01 t 03    0.4256  0 03 x 06    0.2902  0 04 x 03    0.2901  6 08 x 04
0.4261  0 03 x 06    0.4258  0 01 t 03    0.2908  4 08 t 07    0.2902  4 08 t 04
0.4285  6 08 t 10    0.4259  0 06 x 03    0.2910  4 08 t 04    0.2908  0 03 x 08
0.4292  0 03 x 03    0.4285  0 03 x 08    0.2913  5 08 t 08    0.2914  4 08 t 07
0.4293  0 03 x 08    0.4288  0 03 x 03    0.2917  0 04 t 03    0.2928  3 08 x 12
0.4294  0 01 x 03    0.4293  0 01 x 03    0.2926  3 08 x 10    0.2929  0 03 x 12
0.4299  7 08 x 05    0.4293  0 05 x 03    0.2928  4 08 t 08    0.2929  0 04 t 03
0.4307  4 08 t 12    0.4299  7 08 x 05    0.2931  0 03 x 12    0.2931  3 08 x 07
0.4310  0 05 x 03    0.4305  6 08 t 10    0.2931  5 08 t 10    0.2932  3 08 x 06
0.4317  0 00 t 03    0.4319  0 00 t 03    0.2935  3 08 x 08    0.2932  3 08 x 08
0.4323  3 08 x 12    0.4322  0 05 t 03    0.2937  3 08 x 05    0.2935  5 08 t 10
0.4324  5 08 t 12    0.4323  3 08 x 12    0.2939  3 08 x 07    0.2945  3 08 x 05
0.4329  0 07 t 03    0.4324  0 03 x 12    0.2944  6 08 t 05    0.2947  4 08 t 08
0.4330  0 05 t 03    0.4326  3 08 x 05    0.2945  3 08 x 12    0.2949  6 08 t 05
0.4333  3 08 x 05    0.4334  3 08 x 10    0.2952  3 08 x 06    0.2949  3 08 x 10
0.4335  3 08 x 10    0.4337  4 08 t 10    0.2958  6 08 t 07    0.2957  6 08 t 07
0.4336  3 08 x 07    0.4339  0 07 t 03    0.2971  5 08 t 12    0.2960  4 08 t 10
0.4339  0 00 x 03    0.4347  3 08 x 07    0.2973  6 08 t 06    0.2967  6 08 t 06
0.4343  0 03 x 12    0.4349  3 08 x 06    0.2979  4 08 t 10    0.2969  0 07 t 03
0.4345  3 08 x 08    0.4351  0 00 x 03    0.2979  0 07 t 03    0.2991  6 08 t 04
0.4345  3 08 x 06    0.4353  6 08 t 12    0.2981  4 08 t 12    0.2999  5 08 t 12
0.4352  6 08 t 12    0.4360  3 08 x 08    0.2986  6 08 t 10    0.3012  3 08 x 04
0.4361  4 08 t 10    0.4362  0 04 x 03    0.2992  6 08 t 04    0.3018  4 08 t 12
0.4366  0 04 x 03    0.4369  0 07 x 03    0.3004  3 08 x 04    0.3019  6 08 t 10
0.4378  0 04 t 03    0.4379  0 04 t 03    0.3026  0 07 x 03    0.3033  0 07 x 03
0.4381  0 07 x 03    0.4380  4 08 t 12    0.3049  3 08 t 05    0.3037  3 08 t 05
0.4389  6 08 t 08    0.4405  6 08 t 08    0.3065  0 03 x 10    0.3055  6 08 t 12
0.4415  7 08 x 04    0.4430  7 08 x 04    0.3067  6 08 t 12    0.3067  0 03 x 10
0.4443  3 08 x 04    0.4439  3 08 x 04    0.3073  0 03 x 07    0.3068  3 08 t 08
0.4471  7 08 t 05    0.4489  7 08 t 05    0.3084  3 08 t 06    0.3083  3 08 t 06
0.4493  3 08 t 05    0.4500  5 08 t 03    0.3095  3 08 t 04    0.3093  3 08 t 04
0.4512  5 08 t 03    0.4503  3 08 t 05    0.3110  3 08 t 08    0.3103  0 03 x 07
0.4526  3 08 t 08    0.4540  3 08 t 08    0.3124  5 08 t 03    0.3110  6 08 t 08
0.4538  5 08 x 03    0.4545  5 08 x 03    0.3125  5 08 x 03    0.3119  5 08 t 03
0.4552  0 03 x 07    0.4545  3 08 t 06    0.3139  3 08 t 07    0.3128  3 08 t 07
0.4552  3 08 t 06    0.4551  0 03 x 10    0.3151  4 08 t 03    0.3131  5 08 x 03
0.4565  7 08 t 04    0.4552  0 03 x 07    0.3158  4 08 x 03    0.3144  4 08 t 03
0.4568  0 03 x 10    0.4568  7 08 t 04    0.3168  3 08 t 10    0.3157  4 08 x 03
0.4580  3 08 t 04    0.4586  3 08 t 04    0.3176  6 08 t 08    0.3165  3 08 t 10
0.4612  3 08 t 07    0.4612  6 08 x 03    0.3183  7 08 x 05    0.3182  7 08 x 05
0.4613  6 08 x 03    0.4619  4 08 t 03    0.3185  3 08 t 12    0.3187  3 08 t 12
0.4620  4 08 t 03    0.4624  3 08 t 07    0.3252  6 08 x 03    0.3254  6 08 x 03
0.4623  6 08 t 03    0.4628  6 08 t 03    0.3268  6 08 t 03    0.3265  6 08 t 03
0.4647  4 08 x 03    0.4647  4 08 x 03    0.3270  7 08 x 04    0.3274  7 08 x 04
0.4665  3 08 t 10    0.4699  3 08 t 10    0.3303  7 08 t 05    0.3298  7 08 t 05
0.4710  3 08 t 12    0.4714  3 08 t 12    0.3362  3 08 x 03    0.3358  3 08 t 03
0.4968  3 08 t 03    0.4978  7 08 x 03    0.3367  3 08 t 03    0.3360  3 08 x 03
0.4979  7 08 x 03    0.4980  3 08 t 03    0.3392  7 08 t 04    0.3374  7 08 t 04
0.4979  7 08 t 03    0.4984  7 08 t 03    0.3423  2 08 x 05    0.3418  2 08 x 05
0.4991  3 08 x 03    0.4993  3 08 x 03    0.3477  2 08 x 04    0.3482  2 08 x 04
0.5058  2 08 x 05    0.5059  2 08 x 05    0.3521  2 08 t 05    0.3520  2 08 t 05
0.5178  2 08 x 04    0.5173  2 08 x 04    0.3648  2 08 t 04    0.3652  2 08 t 04
0.5208  2 08 t 05    0.5209  2 08 t 05    0.3668  7 08 t 03    0.3666  7 08 t 03
0.5412  2 08 t 04    0.5423  2 08 t 04    0.3674  7 08 x 03    0.3678  7 08 x 03
0.5700  2 08 x 03    0.5701  2 08 x 03    0.3831  2 08 x 03    0.3838  2 08 x 03
0.6025  2 08 t 03    0.6031  2 08 t 03    0.4055  2 08 t 03    0.4052  2 08 t 03
0.6332  0 02 x 05    0.6330  0 02 x 06    0.4260  0 02 x 04    0.4258  0 02 x 05
0.6337  0 02 x 06    0.6341  0 02 x 05    0.4264  0 02 x 06    0.4261  0 02 x 06
0.6348  0 02 x 04    0.6352  0 02 x 04    0.4264  0 02 x 05    0.4284  0 02 x 03
0.6372  0 02 x 03    0.6382  0 02 x 03    0.4282  0 02 x 03    0.4300  0 02 x 04
0.6463  0 02 x 12    0.6460  0 02 x 12    0.4357  0 02 x 12    0.4329  0 02 x 08
0.6470  0 02 x 08    0.6475  0 02 x 08    0.4364  0 02 x 08    0.4359  0 02 x 12
0.6518  0 02 x 10    0.6496  0 02 x 10    0.4372  0 02 x 10    0.4386  0 02 x 10
0.6560  0 02 x 07    0.6547  0 02 x 07    0.4411  0 02 x 07    0.4424  0 02 x 07
0.7243  1 08 x 05    0.7241  1 08 t 05    0.4856  1 08 x 05    0.4859  1 08 t 05
0.7244  1 08 t 05    0.7244  1 08 x 05    0.4859  1 08 t 05    0.4861  1 08 x 05
0.7357  1 08 t 04    0.7353  1 08 x 04    0.4934  1 08 t 04    0.4930  1 08 t 04
0.7361  1 08 x 04    0.7363  1 08 t 04    0.4937  1 08 x 04    0.4934  1 08 x 04
0.7978  1 08 t 03    0.7983  1 08 t 03    0.5339  1 08 t 03    0.5335  1 08 t 03
0.7994  1 08 x 03    0.7986  1 08 x 03    0.5346  1 08 x 03    0.5348  1 08 x 03
---Benchmark Program Finished---