
jeffreyhurchalla@Jeffreys-MacBook-Air montgomery_two_pow % ./testbench.sh clang++ O3 MontgomeryQuarter __uint128_t 191 8 40                                      
compilation finished, now executing:
---Running Program---

begin benchmarks - array two_pow
(ignore)289614972769914165620993018199243565129

OVERALL BEST:
1.0791  0 29 x 12
1.0793  0 28 x 10
1.0798  0 30 x 10
1.0805  0 28 x 12
1.0810  0 29 x 10
1.0823  0 30 x 08
1.0825  0 29 x 08
1.0835  0 28 x 06
1.0840  0 28 x 08
1.0843  0 31 x 10
1.0847  0 30 x 07
1.0848  0 29 x 07
1.0849  0 31 x 12
1.0853  0 31 x 08
1.0859  0 29 x 06
1.0865  0 28 x 07
1.0869  0 30 x 06
1.0876  0 31 x 07
1.0893  0 30 x 05
1.0927  0 28 x 05
1.0929  0 31 x 05
1.0944  0 31 x 06
1.0978  0 30 x 04
1.1002  0 28 x 04
1.1004  0 29 x 05
1.1050  0 27 x 07
1.1050  0 27 x 10
1.1050  0 27 x 06
1.1053  0 27 x 08
1.1057  0 27 x 12
1.1084  0 29 x 04
1.1091  0 31 x 04
1.1205  0 27 x 05
1.1303  0 27 x 04
1.1347  0 05 x 08
1.1370  0 30 x 12
1.1372  0 05 x 12
1.1443  0 05 x 10
1.1443  0 05 x 07
1.1452  0 06 x 08
1.1477  0 05 x 06
1.1484  0 06 x 12
1.1513  0 06 x 10
1.1558  0 06 x 06
1.1563  0 06 x 07
1.1564  0 05 x 05
1.1565  0 01 x 12
1.1569  0 01 x 10
1.1576  0 01 x 07
1.1586  0 01 x 06
1.1587  0 01 x 08
1.1632  0 04 x 08
1.1639  0 06 x 05
1.1656  0 01 x 05
1.1661  0 05 x 04
1.1669  0 04 x 12
1.1717  0 04 x 10
1.1740  0 06 x 04
1.1748  0 01 x 04
1.1768  0 04 x 07
1.1775  0 04 x 06
1.1788  0 00 x 12
1.1794  0 00 x 08
1.1838  0 00 x 10
1.1844  0 00 x 06
1.1873  0 00 x 07
1.1875  0 04 x 05
1.1906  0 07 x 08
1.1908  0 00 x 05
1.1910  0 00 x 04
1.1916  0 07 x 12
1.1967  0 04 x 04
1.1977  0 07 x 10
1.1992  0 07 x 06
1.2001  0 07 x 07
1.2048  0 07 x 05
1.2168  0 07 x 04
1.2247  0 30 x 03
1.2309  0 31 x 03
1.2316  0 28 x 03
1.2350  0 29 x 03
1.2430  5 08 x 10
1.2600  5 08 x 07
1.2602  5 08 x 08
1.2618  5 08 x 05
1.2636  0 27 x 03
1.2699  4 08 x 10
1.2775  6 08 x 10
1.2790  5 08 x 04
1.2844  4 08 x 08
1.2897  4 08 x 07
1.2923  5 08 x 06
1.2926  0 05 x 03
1.2939  4 08 x 05
1.2944  0 06 x 03
1.2954  6 08 x 05
1.2955  6 08 x 07
1.2983  6 08 x 08
1.2987  0 01 x 03
1.2988  4 08 x 04
1.3085  0 03 x 10
1.3098  0 03 x 12
1.3122  0 03 x 08
1.3139  0 03 x 06
1.3152  6 08 x 04
1.3153  0 04 x 03
1.3154  0 03 x 07
1.3161  0 00 x 03
1.3190  0 03 x 04
1.3218  0 03 x 05
1.3274  4 08 x 06
1.3322  6 08 x 06
1.3362  5 08 x 12
1.3363  0 07 x 03
1.3470  0 03 x 03
1.3594  6 08 x 12
1.3611  3 08 x 10
1.3750  3 08 x 08
1.3783  4 08 x 12
1.3786  3 08 x 07
1.3865  3 08 x 05
1.3929  3 08 x 04
1.3982  5 08 x 03
1.4250  4 08 x 03
1.4298  3 08 x 06
1.4368  7 08 x 05
1.4550  6 08 x 03
1.4581  7 08 x 04
1.4952  3 08 x 12
1.5217  3 08 x 03
1.6074  7 08 x 03
1.6180  2 08 x 04
1.6185  2 08 x 05
1.7329  2 08 x 03
1.8616  0 02 x 03
1.9368  0 02 x 04
1.9568  0 02 x 05
1.9627  0 02 x 10
1.9632  0 02 x 06
1.9640  0 02 x 07
1.9644  0 02 x 08
1.9651  0 02 x 12
2.2082  1 08 x 04
2.2644  1 08 x 05
2.4184  1 08 x 03
Timings By Test Type:
0.3182  0 29 x 12    0.3181  0 29 x 12    0.2210  0 28 x 12    0.2209  0 28 x 10
0.3187  0 28 x 10    0.3183  0 28 x 10    0.2213  0 30 x 10    0.2210  0 29 x 12
0.3187  0 29 x 10    0.3184  0 30 x 10    0.2214  0 28 x 10    0.2212  0 29 x 10
0.3187  0 30 x 10    0.3188  0 30 x 08    0.2218  0 29 x 12    0.2212  0 28 x 12
0.3190  0 29 x 08    0.3191  0 28 x 08    0.2218  0 29 x 08    0.2213  0 28 x 06
0.3192  0 28 x 12    0.3191  0 28 x 12    0.2220  0 29 x 10    0.2213  0 30 x 10
0.3193  0 30 x 08    0.3191  0 29 x 10    0.2220  0 30 x 08    0.2221  0 28 x 08
0.3194  0 31 x 12    0.3194  0 30 x 07    0.2222  0 29 x 06    0.2221  0 30 x 08
0.3194  0 28 x 06    0.3195  0 29 x 08    0.2223  0 31 x 10    0.2222  0 29 x 06
0.3199  0 31 x 10    0.3195  0 29 x 07    0.2223  0 28 x 08    0.2223  0 31 x 12
0.3200  0 31 x 08    0.3195  0 31 x 08    0.2223  0 29 x 07    0.2223  0 28 x 07
0.3200  0 30 x 07    0.3198  0 28 x 07    0.2225  0 30 x 07    0.2223  0 31 x 10
0.3204  0 28 x 07    0.3198  0 31 x 10    0.2227  0 28 x 06    0.2223  0 29 x 08
0.3205  0 31 x 07    0.3200  0 28 x 06    0.2230  0 31 x 12    0.2223  0 29 x 07
0.3205  0 28 x 08    0.3201  0 31 x 12    0.2231  0 31 x 08    0.2223  0 30 x 06
0.3207  0 30 x 06    0.3204  0 31 x 07    0.2232  0 30 x 05    0.2228  0 31 x 08
0.3207  0 29 x 07    0.3206  0 30 x 06    0.2232  0 30 x 06    0.2229  0 30 x 07
0.3208  0 29 x 06    0.3208  0 29 x 06    0.2233  0 31 x 07    0.2229  0 30 x 05
0.3216  0 30 x 05    0.3216  0 30 x 05    0.2237  0 31 x 05    0.2234  0 31 x 07
0.3224  0 28 x 05    0.3227  0 31 x 05    0.2238  0 28 x 05    0.2236  0 31 x 05
0.3229  0 31 x 05    0.3228  0 28 x 05    0.2240  0 28 x 07    0.2237  0 28 x 05
0.3229  0 31 x 06    0.3233  0 31 x 06    0.2244  0 31 x 06    0.2238  0 31 x 06
0.3243  0 30 x 04    0.3237  0 30 x 04    0.2250  0 30 x 04    0.2248  0 30 x 04
0.3247  0 29 x 05    0.3250  0 28 x 04    0.2253  0 28 x 04    0.2248  0 28 x 04
0.3251  0 28 x 04    0.3254  0 29 x 05    0.2254  0 29 x 05    0.2250  0 29 x 05
0.3258  0 27 x 10    0.3256  0 27 x 08    0.2261  0 27 x 06    0.2257  0 27 x 10
0.3262  0 27 x 07    0.3259  0 27 x 12    0.2263  0 27 x 10    0.2259  0 27 x 06
0.3266  0 27 x 12    0.3259  0 27 x 06    0.2265  0 27 x 08    0.2261  0 27 x 07
0.3268  0 27 x 08    0.3262  0 27 x 07    0.2265  0 27 x 07    0.2264  0 27 x 08
0.3270  0 31 x 04    0.3268  0 29 x 04    0.2265  0 27 x 12    0.2266  0 27 x 12
0.3271  0 27 x 06    0.3272  0 27 x 10    0.2271  0 31 x 04    0.2270  0 29 x 04
0.3274  0 29 x 04    0.3278  0 31 x 04    0.2272  0 29 x 04    0.2273  0 31 x 04
0.3312  0 27 x 05    0.3306  0 27 x 05    0.2294  0 27 x 05    0.2293  0 27 x 05
0.3339  0 27 x 04    0.3339  0 27 x 04    0.2316  0 27 x 04    0.2309  0 27 x 04
0.3348  0 05 x 08    0.3353  0 05 x 08    0.2319  0 05 x 08    0.2325  0 05 x 12
0.3354  0 30 x 12    0.3356  0 30 x 12    0.2325  0 05 x 12    0.2326  0 05 x 08
0.3364  0 05 x 12    0.3358  0 05 x 12    0.2332  0 30 x 12    0.2328  0 30 x 12
0.3377  0 05 x 07    0.3376  0 05 x 07    0.2333  0 05 x 10    0.2336  0 05 x 10
0.3380  0 06 x 08    0.3381  0 06 x 08    0.2342  0 06 x 08    0.2343  0 01 x 12
0.3387  0 06 x 12    0.3386  0 05 x 10    0.2342  0 05 x 07    0.2343  0 01 x 10
0.3388  0 05 x 10    0.3386  0 06 x 12    0.2344  0 05 x 06    0.2348  0 05 x 07
0.3389  0 05 x 06    0.3393  0 05 x 06    0.2344  0 01 x 10    0.2348  0 01 x 07
0.3400  0 06 x 10    0.3401  0 06 x 10    0.2346  0 01 x 06    0.2348  0 06 x 08
0.3410  0 06 x 07    0.3409  0 06 x 07    0.2347  0 01 x 08    0.2351  0 01 x 06
0.3412  0 06 x 06    0.3416  0 06 x 06    0.2348  0 01 x 07    0.2352  0 05 x 06
0.3419  0 05 x 05    0.3424  0 05 x 05    0.2348  0 01 x 12    0.2353  0 01 x 08
0.3432  0 01 x 12    0.3437  0 06 x 05    0.2354  0 06 x 12    0.2353  0 06 x 10
0.3436  0 06 x 05    0.3441  0 01 x 10    0.2359  0 06 x 10    0.2356  0 06 x 12
0.3437  0 01 x 06    0.3442  0 01 x 12    0.2359  0 04 x 08    0.2358  0 05 x 05
0.3438  0 01 x 07    0.3442  0 01 x 07    0.2364  0 05 x 05    0.2361  0 04 x 08
0.3441  0 01 x 10    0.3442  0 01 x 08    0.2365  0 01 x 05    0.2364  0 06 x 06
0.3445  0 01 x 08    0.3451  0 05 x 04    0.2366  0 06 x 06    0.2364  0 01 x 05
0.3449  0 05 x 04    0.3452  0 01 x 06    0.2373  0 04 x 10    0.2366  0 04 x 12
0.3457  0 04 x 08    0.3455  0 04 x 08    0.2374  0 06 x 07    0.2371  0 06 x 07
0.3458  0 01 x 05    0.3465  0 04 x 12    0.2379  0 04 x 12    0.2376  0 04 x 10
0.3460  0 04 x 12    0.3466  0 06 x 04    0.2381  0 05 x 04    0.2380  0 05 x 04
0.3479  0 06 x 04    0.3469  0 01 x 05    0.2382  0 01 x 04    0.2384  0 06 x 05
0.3479  0 00 x 08    0.3482  0 00 x 08    0.2383  0 06 x 05    0.2385  0 01 x 04
0.3485  0 04 x 10    0.3484  0 04 x 10    0.2386  0 04 x 06    0.2389  0 04 x 06
0.3489  0 00 x 12    0.3485  0 00 x 12    0.2395  0 04 x 07    0.2390  0 04 x 07
0.3492  0 07 x 08    0.3488  0 01 x 04    0.2396  0 06 x 04    0.2399  0 06 x 04
0.3493  0 01 x 04    0.3489  0 07 x 08    0.2406  0 04 x 05    0.2403  0 00 x 12
0.3493  0 04 x 07    0.3490  0 04 x 07    0.2411  0 00 x 12    0.2412  0 04 x 05
0.3494  0 07 x 12    0.3496  0 04 x 06    0.2414  0 00 x 08    0.2415  0 00 x 10
0.3499  0 00 x 10    0.3500  0 07 x 12    0.2420  0 00 x 10    0.2418  0 00 x 06
0.3499  0 00 x 06    0.3502  0 00 x 06    0.2420  0 04 x 04    0.2418  0 00 x 08
0.3503  0 04 x 06    0.3504  0 00 x 10    0.2425  0 00 x 06    0.2423  0 04 x 04
0.3512  0 00 x 07    0.3509  0 00 x 07    0.2427  0 00 x 07    0.2425  0 00 x 07
0.3518  0 07 x 10    0.3518  0 07 x 07    0.2427  0 00 x 05    0.2430  0 00 x 04
0.3518  0 07 x 06    0.3522  0 07 x 10    0.2428  0 00 x 04    0.2433  0 00 x 05
0.3520  0 07 x 07    0.3523  0 07 x 06    0.2459  0 07 x 08    0.2461  0 07 x 12
0.3524  0 00 x 05    0.3525  0 00 x 05    0.2461  0 07 x 12    0.2465  0 07 x 08
0.3524  0 00 x 04    0.3526  0 04 x 05    0.2467  0 07 x 10    0.2470  0 07 x 10
0.3532  0 04 x 05    0.3528  0 00 x 04    0.2476  0 07 x 06    0.2474  0 07 x 06
0.3532  0 07 x 05    0.3531  0 07 x 05    0.2478  0 31 x 03    0.2475  0 30 x 03
0.3561  0 04 x 04    0.3563  0 04 x 04    0.2480  0 30 x 03    0.2482  0 31 x 03
0.3571  0 07 x 04    0.3575  0 07 x 04    0.2482  0 07 x 07    0.2482  0 07 x 07
0.3643  5 08 x 10    0.3647  5 08 x 10    0.2488  0 29 x 03    0.2484  0 28 x 03
0.3643  0 30 x 03    0.3649  0 30 x 03    0.2489  0 28 x 03    0.2493  0 07 x 05
0.3667  0 28 x 03    0.3676  0 28 x 03    0.2492  0 07 x 05    0.2496  0 29 x 03
0.3668  0 31 x 03    0.3680  0 29 x 03    0.2505  0 07 x 04    0.2517  0 07 x 04
0.3687  0 29 x 03    0.3681  0 31 x 03    0.2546  0 27 x 03    0.2555  0 27 x 03
0.3695  5 08 x 07    0.3693  5 08 x 08    0.2569  5 08 x 10    0.2571  5 08 x 10
0.3701  5 08 x 05    0.3701  5 08 x 07    0.2598  0 01 x 03    0.2598  5 08 x 07
0.3702  5 08 x 08    0.3708  6 08 x 10    0.2599  0 05 x 03    0.2600  5 08 x 05
0.3714  6 08 x 10    0.3711  5 08 x 05    0.2601  5 08 x 08    0.2601  4 08 x 10
0.3746  4 08 x 10    0.3745  4 08 x 10    0.2605  5 08 x 07    0.2605  0 05 x 03
0.3749  6 08 x 08    0.3760  6 08 x 07    0.2606  4 08 x 10    0.2607  5 08 x 08
0.3755  5 08 x 04    0.3761  6 08 x 05    0.2607  5 08 x 05    0.2609  0 01 x 03
0.3759  6 08 x 05    0.3762  5 08 x 04    0.2617  0 06 x 03    0.2624  0 06 x 03
0.3764  6 08 x 07    0.3763  6 08 x 08    0.2630  4 08 x 08    0.2635  0 04 x 03
0.3766  0 27 x 03    0.3770  0 27 x 03    0.2631  5 08 x 04    0.2635  4 08 x 08
0.3789  4 08 x 08    0.3791  4 08 x 08    0.2648  0 00 x 03    0.2640  4 08 x 07
0.3790  5 08 x 06    0.3799  5 08 x 06    0.2648  0 04 x 03    0.2641  5 08 x 04
0.3806  4 08 x 07    0.3803  4 08 x 07    0.2648  4 08 x 07    0.2647  4 08 x 05
0.3813  4 08 x 05    0.3827  4 08 x 05    0.2651  4 08 x 05    0.2655  4 08 x 04
0.3815  6 08 x 04    0.3832  6 08 x 04    0.2654  4 08 x 04    0.2657  0 03 x 10
0.3836  4 08 x 04    0.3843  4 08 x 04    0.2657  0 03 x 10    0.2663  0 03 x 12
0.3854  0 05 x 03    0.3846  0 06 x 03    0.2664  5 08 x 06    0.2663  0 00 x 03
0.3857  0 06 x 03    0.3868  0 05 x 03    0.2665  0 03 x 12    0.2664  0 03 x 08
0.3868  6 08 x 06    0.3869  6 08 x 06    0.2668  0 03 x 06    0.2670  5 08 x 06
0.3883  0 03 x 10    0.3885  0 03 x 12    0.2668  0 03 x 07    0.2672  0 03 x 07
0.3884  0 03 x 12    0.3886  0 01 x 03    0.2672  0 03 x 08    0.2674  0 03 x 06
0.3887  0 03 x 08    0.3889  0 03 x 10    0.2677  6 08 x 10    0.2675  0 03 x 04
0.3893  0 01 x 03    0.3895  0 03 x 06    0.2681  0 03 x 04    0.2675  6 08 x 10
0.3902  0 03 x 06    0.3899  0 03 x 08    0.2685  0 03 x 05    0.2675  0 03 x 05
0.3903  0 03 x 07    0.3911  0 03 x 07    0.2702  0 03 x 03    0.2705  0 03 x 03
0.3908  4 08 x 06    0.3918  4 08 x 06    0.2713  6 08 x 07    0.2718  6 08 x 07
0.3913  0 03 x 04    0.3918  0 00 x 03    0.2714  6 08 x 05    0.2719  6 08 x 05
0.3918  5 08 x 12    0.3920  5 08 x 12    0.2722  4 08 x 06    0.2720  0 07 x 03
0.3931  0 03 x 05    0.3921  0 03 x 04    0.2723  0 07 x 03    0.2727  4 08 x 06
0.3932  0 00 x 03    0.3927  0 03 x 05    0.2740  6 08 x 08    0.2732  6 08 x 08
0.3942  0 04 x 03    0.3928  0 04 x 03    0.2747  6 08 x 04    0.2759  6 08 x 04
0.3946  6 08 x 12    0.3949  6 08 x 12    0.2763  5 08 x 12    0.2761  5 08 x 12
0.3953  0 07 x 03    0.3967  0 07 x 03    0.2769  3 08 x 10    0.2773  3 08 x 10
0.4023  0 03 x 03    0.4040  0 03 x 03    0.2791  6 08 x 06    0.2794  6 08 x 06
0.4029  3 08 x 10    0.4040  3 08 x 10    0.2797  3 08 x 08    0.2797  3 08 x 08
0.4064  4 08 x 12    0.4063  4 08 x 12    0.2808  3 08 x 07    0.2811  3 08 x 07
0.4075  3 08 x 08    0.4081  3 08 x 08    0.2822  3 08 x 05    0.2818  3 08 x 05
0.4082  3 08 x 07    0.4085  3 08 x 07    0.2828  3 08 x 04    0.2826  4 08 x 12
0.4097  7 08 x 05    0.4099  7 08 x 05    0.2831  4 08 x 12    0.2837  3 08 x 04
0.4111  3 08 x 05    0.4113  3 08 x 05    0.2853  6 08 x 12    0.2846  6 08 x 12
0.4132  3 08 x 04    0.4127  5 08 x 03    0.2858  5 08 x 03    0.2856  5 08 x 03
0.4142  5 08 x 03    0.4132  3 08 x 04    0.2897  4 08 x 03    0.2897  4 08 x 03
0.4157  7 08 x 04    0.4164  7 08 x 04    0.2915  3 08 x 06    0.2910  3 08 x 06
0.4225  4 08 x 03    0.4230  3 08 x 06    0.3040  3 08 x 12    0.3048  3 08 x 12
0.4227  6 08 x 03    0.4231  4 08 x 03    0.3041  6 08 x 03    0.3050  6 08 x 03
0.4243  3 08 x 06    0.4233  6 08 x 03    0.3081  7 08 x 05    0.3089  3 08 x 03
0.4428  3 08 x 12    0.4435  3 08 x 12    0.3093  3 08 x 03    0.3091  7 08 x 05
0.4525  3 08 x 03    0.4511  3 08 x 03    0.3128  7 08 x 04    0.3132  7 08 x 04
0.4597  7 08 x 03    0.4593  7 08 x 03    0.3277  2 08 x 04    0.3280  2 08 x 04
0.4802  2 08 x 05    0.4809  2 08 x 05    0.3286  2 08 x 05    0.3288  2 08 x 05
0.4806  2 08 x 04    0.4816  2 08 x 04    0.3448  7 08 x 03    0.3436  7 08 x 03
0.5143  2 08 x 03    0.5140  2 08 x 03    0.3521  2 08 x 03    0.3526  2 08 x 03
0.5541  0 02 x 03    0.5529  0 02 x 03    0.3764  0 02 x 03    0.3782  0 02 x 03
0.5785  0 02 x 04    0.5767  0 02 x 04    0.3860  0 02 x 04    0.3956  0 02 x 04
0.5795  0 02 x 05    0.5778  0 02 x 05    0.3970  0 02 x 10    0.3982  0 02 x 08
0.5823  0 02 x 07    0.5785  0 02 x 06    0.3986  0 02 x 12    0.3985  0 02 x 12
0.5826  0 02 x 08    0.5833  0 02 x 10    0.3987  0 02 x 08    0.3988  0 02 x 10
0.5835  0 02 x 12    0.5835  0 02 x 07    0.3987  0 02 x 07    0.3995  0 02 x 07
0.5837  0 02 x 10    0.5844  0 02 x 12    0.3996  0 02 x 05    0.4000  0 02 x 05
0.5844  0 02 x 06    0.5848  0 02 x 08    0.4001  0 02 x 06    0.4001  0 02 x 06
0.6566  1 08 x 04    0.6557  1 08 x 04    0.4481  1 08 x 04    0.4478  1 08 x 04
0.6734  1 08 x 05    0.6739  1 08 x 05    0.4584  1 08 x 05    0.4587  1 08 x 05
0.7197  1 08 x 03    0.7185  1 08 x 03    0.4901  1 08 x 03    0.4901  1 08 x 03
---Benchmark Program Finished---