
jeffreyhurchalla@Jeffreys-MacBook-Air montgomery_two_pow % ./testbench.sh g++ O3 MontgomeryQuarter __uint128_t 191 8 40 -DHURCHALLA_MONTGOMERY_TWO_POW_USE_CSELECT_ON_BIT -DHURCHALLA_ALLOW_INLINE_ASM_ALL 
compilation finished, now executing:
---Running Program---

begin benchmarks - array two_pow
(ignore)289614972769914165620993018199243565129

OVERALL BEST:
1.0245  0 31 x 06
1.0252  0 30 x 06
1.0281  0 31 x 05
1.0341  0 31 x 07
1.0342  0 31 x 04
1.0358  0 30 x 04
1.0358  0 31 x 12
1.0367  0 30 x 07
1.0368  0 30 x 05
1.0413  0 30 x 12
1.0423  0 31 x 10
1.0427  0 28 x 06
1.0457  0 28 x 05
1.0472  0 30 x 10
1.0472  0 29 x 06
1.0486  0 27 x 07
1.0488  0 27 x 06
1.0496  0 28 x 12
1.0513  0 31 x 08
1.0514  0 29 x 05
1.0518  0 30 x 08
1.0524  0 27 x 12
1.0533  0 27 x 10
1.0539  0 27 x 08
1.0541  0 28 x 04
1.0544  0 29 x 07
1.0555  0 29 x 12
1.0561  0 27 x 05
1.0569  0 28 x 07
1.0572  0 28 x 08
1.0579  0 29 x 04
1.0587  0 29 x 10
1.0607  0 28 x 10
1.0642  0 29 x 08
1.0685  0 27 x 04
1.0989  0 05 x 08
1.1037  0 05 x 05
1.1049  0 06 x 08
1.1067  0 05 x 06
1.1078  0 05 x 07
1.1105  0 05 x 12
1.1116  0 06 x 05
1.1135  0 05 x 10
1.1136  0 01 x 06
1.1145  0 01 x 12
1.1145  0 05 x 04
1.1147  0 01 x 05
1.1165  0 06 x 06
1.1174  0 01 x 08
1.1187  0 01 x 07
1.1197  0 06 x 12
1.1199  0 04 x 08
1.1205  0 06 x 07
1.1232  0 06 x 04
1.1235  0 01 x 10
1.1235  0 06 x 10
1.1243  0 00 x 05
1.1264  0 01 x 04
1.1284  0 00 x 06
1.1301  0 04 x 06
1.1303  0 04 x 05
1.1343  0 00 x 04
1.1344  0 04 x 12
1.1345  0 00 x 08
1.1357  0 00 x 12
1.1359  0 00 x 07
1.1364  0 04 x 07
1.1368  0 00 x 10
1.1401  0 04 x 04
1.1414  0 04 x 10
1.1561  0 07 x 05
1.1617  0 07 x 04
1.1627  5 08 x 12
1.1631  5 08 x 06
1.1638  5 08 x 10
1.1641  5 08 x 05
1.1644  0 07 x 08
1.1663  0 07 x 06
1.1681  0 07 x 07
1.1682  5 08 x 08
1.1688  5 08 x 07
1.1721  0 30 x 03
1.1743  0 31 x 03
1.1750  6 08 x 10
1.1755  6 08 x 12
1.1759  0 07 x 12
1.1767  0 07 x 10
1.1821  6 08 x 05
1.1850  6 08 x 08
1.1850  0 28 x 03
1.1859  6 08 x 06
1.1860  0 29 x 03
1.1870  6 08 x 07
1.1900  0 03 x 05
1.1919  5 08 x 04
1.1933  0 03 x 06
1.1935  0 03 x 04
1.1965  0 27 x 03
1.1966  0 03 x 08
1.1980  4 08 x 12
1.2025  4 08 x 10
1.2025  0 03 x 07
1.2026  4 08 x 06
1.2053  4 08 x 05
1.2058  4 08 x 08
1.2072  6 08 x 04
1.2074  4 08 x 07
1.2089  0 03 x 12
1.2153  0 03 x 03
1.2182  0 03 x 10
1.2296  4 08 x 04
1.2415  0 05 x 03
1.2432  0 01 x 03
1.2452  0 06 x 03
1.2531  0 00 x 03
1.2607  0 04 x 03
1.2785  7 08 x 05
1.2896  0 07 x 03
1.2918  3 08 x 12
1.2941  3 08 x 06
1.2947  3 08 x 07
1.2956  3 08 x 10
1.2960  3 08 x 08
1.2965  3 08 x 05
1.3031  7 08 x 04
1.3071  3 08 x 04
1.3196  5 08 x 03
1.3459  4 08 x 03
1.3478  6 08 x 03
1.4430  3 08 x 03
1.4710  7 08 x 03
1.5052  2 08 x 05
1.5208  2 08 x 04
1.6629  2 08 x 03
1.9998  0 02 x 04
2.0153  0 02 x 03
2.0328  0 02 x 05
2.0406  0 02 x 08
2.0454  0 02 x 12
2.0524  0 02 x 06
2.0597  0 02 x 10
2.0752  0 02 x 07
2.1411  1 08 x 05
2.1679  1 08 x 04
2.3023  1 08 x 03
Timings By Test Type:
0.3019  0 31 x 06    0.3022  0 31 x 06    0.2101  0 31 x 04    0.2098  0 30 x 06
0.3029  0 30 x 06    0.3024  0 30 x 06    0.2101  0 30 x 06    0.2099  0 31 x 06
0.3031  0 31 x 05    0.3033  0 31 x 05    0.2105  0 31 x 06    0.2103  0 31 x 04
0.3040  0 31 x 12    0.3040  0 31 x 07    0.2107  0 30 x 04    0.2105  0 31 x 05
0.3052  0 31 x 07    0.3040  0 31 x 12    0.2112  0 31 x 05    0.2108  0 30 x 04
0.3053  0 30 x 07    0.3055  0 30 x 07    0.2122  0 30 x 05    0.2125  0 30 x 05
0.3054  0 31 x 10    0.3057  0 30 x 12    0.2123  0 31 x 07    0.2126  0 31 x 07
0.3059  0 30 x 05    0.3062  0 30 x 05    0.2129  0 30 x 07    0.2130  0 30 x 07
0.3064  0 30 x 12    0.3071  0 31 x 04    0.2135  0 31 x 12    0.2137  0 28 x 05
0.3066  0 31 x 04    0.3072  0 30 x 04    0.2141  0 28 x 06    0.2139  0 28 x 06
0.3071  0 30 x 04    0.3072  0 28 x 06    0.2141  0 28 x 05    0.2143  0 31 x 12
0.3076  0 28 x 06    0.3073  0 31 x 10    0.2147  0 28 x 04    0.2145  0 30 x 12
0.3081  0 30 x 10    0.3080  0 30 x 10    0.2147  0 30 x 12    0.2146  0 31 x 10
0.3085  0 27 x 07    0.3085  0 29 x 06    0.2149  0 27 x 06    0.2146  0 28 x 04
0.3089  0 29 x 06    0.3088  0 28 x 12    0.2150  0 31 x 10    0.2147  0 29 x 06
0.3091  0 28 x 05    0.3088  0 28 x 05    0.2151  0 29 x 06    0.2147  0 27 x 06
0.3091  0 27 x 10    0.3089  0 27 x 07    0.2152  0 29 x 05    0.2150  0 29 x 04
0.3091  0 28 x 12    0.3091  0 31 x 08    0.2152  0 29 x 04    0.2153  0 30 x 10
0.3096  0 27 x 12    0.3093  0 27 x 06    0.2153  0 27 x 07    0.2154  0 29 x 05
0.3098  0 27 x 06    0.3094  0 27 x 12    0.2154  0 30 x 08    0.2158  0 30 x 08
0.3100  0 31 x 08    0.3097  0 30 x 08    0.2157  0 28 x 12    0.2158  0 27 x 07
0.3101  0 29 x 12    0.3099  0 27 x 10    0.2157  0 30 x 10    0.2159  0 31 x 08
0.3101  0 29 x 05    0.3104  0 27 x 08    0.2160  0 27 x 05    0.2159  0 28 x 12
0.3101  0 27 x 08    0.3105  0 29 x 12    0.2163  0 31 x 08    0.2162  0 27 x 05
0.3108  0 29 x 07    0.3105  0 29 x 07    0.2166  0 27 x 12    0.2164  0 29 x 07
0.3109  0 30 x 08    0.3108  0 29 x 05    0.2166  0 29 x 07    0.2167  0 27 x 08
0.3110  0 28 x 08    0.3110  0 28 x 07    0.2167  0 29 x 12    0.2168  0 27 x 12
0.3111  0 28 x 10    0.3112  0 27 x 05    0.2168  0 27 x 08    0.2170  0 27 x 10
0.3112  0 28 x 07    0.3115  0 28 x 08    0.2172  0 28 x 08    0.2175  0 28 x 07
0.3116  0 29 x 10    0.3118  0 29 x 10    0.2172  0 27 x 10    0.2175  0 28 x 08
0.3126  0 27 x 05    0.3119  0 28 x 04    0.2173  0 28 x 07    0.2176  0 29 x 10
0.3130  0 28 x 04    0.3122  0 28 x 10    0.2173  0 27 x 04    0.2178  0 27 x 04
0.3131  0 29 x 08    0.3134  0 29 x 08    0.2178  0 29 x 10    0.2180  0 28 x 10
0.3134  0 29 x 04    0.3142  0 29 x 04    0.2189  0 29 x 08    0.2183  0 29 x 12
0.3168  0 27 x 04    0.3166  0 27 x 04    0.2194  0 28 x 10    0.2188  0 29 x 08
0.3244  0 05 x 08    0.3236  0 05 x 08    0.2256  0 05 x 08    0.2253  0 05 x 08
0.3253  0 06 x 08    0.3259  0 05 x 05    0.2257  0 05 x 05    0.2261  0 01 x 06
0.3257  0 05 x 07    0.3260  0 06 x 08    0.2261  0 01 x 06    0.2262  0 05 x 05
0.3259  0 05 x 05    0.3262  0 05 x 06    0.2264  0 01 x 05    0.2268  0 05 x 06
0.3267  0 05 x 06    0.3265  0 05 x 07    0.2264  0 06 x 08    0.2268  0 01 x 05
0.3268  0 05 x 12    0.3274  0 06 x 05    0.2269  0 05 x 10    0.2269  0 01 x 08
0.3270  0 05 x 10    0.3284  0 05 x 12    0.2270  0 05 x 06    0.2272  0 05 x 07
0.3279  0 05 x 04    0.3285  0 06 x 06    0.2272  0 01 x 08    0.2272  0 06 x 08
0.3282  0 06 x 05    0.3286  0 05 x 04    0.2277  0 04 x 08    0.2272  0 01 x 07
0.3292  0 06 x 06    0.3292  0 06 x 12    0.2278  0 01 x 12    0.2272  0 01 x 12
0.3298  0 01 x 12    0.3297  0 01 x 12    0.2279  0 06 x 05    0.2273  0 05 x 12
0.3298  0 06 x 12    0.3304  0 01 x 05    0.2281  0 05 x 12    0.2275  0 04 x 08
0.3302  0 06 x 10    0.3304  0 06 x 07    0.2282  0 01 x 10    0.2277  0 01 x 10
0.3305  0 01 x 06    0.3305  0 06 x 04    0.2284  0 05 x 07    0.2280  0 06 x 05
0.3309  0 06 x 07    0.3305  0 05 x 10    0.2284  0 01 x 07    0.2290  0 05 x 04
0.3311  0 01 x 05    0.3308  0 01 x 06    0.2291  0 05 x 04    0.2291  0 05 x 10
0.3315  0 06 x 04    0.3312  0 01 x 08    0.2294  0 00 x 05    0.2293  0 06 x 06
0.3317  0 01 x 07    0.3313  0 01 x 07    0.2295  0 04 x 06    0.2293  0 01 x 04
0.3322  0 01 x 08    0.3314  0 04 x 08    0.2295  0 06 x 06    0.2295  0 06 x 12
0.3325  0 00 x 05    0.3328  0 00 x 05    0.2296  0 06 x 07    0.2296  0 00 x 05
0.3330  0 01 x 10    0.3334  0 06 x 10    0.2296  0 01 x 04    0.2296  0 06 x 07
0.3331  0 00 x 06    0.3339  0 01 x 04    0.2301  0 04 x 05    0.2297  0 06 x 10
0.3332  0 00 x 07    0.3340  0 00 x 06    0.2301  0 06 x 10    0.2300  0 04 x 05
0.3333  0 04 x 08    0.3345  0 00 x 12    0.2305  0 04 x 12    0.2302  0 04 x 12
0.3335  0 01 x 04    0.3345  0 00 x 08    0.2306  0 06 x 04    0.2302  0 04 x 06
0.3348  0 00 x 08    0.3346  0 01 x 10    0.2308  0 00 x 06    0.2305  0 00 x 06
0.3350  0 04 x 06    0.3350  0 00 x 04    0.2310  0 04 x 10    0.2306  0 06 x 04
0.3351  0 04 x 05    0.3352  0 04 x 05    0.2312  0 06 x 12    0.2315  0 04 x 07
0.3356  0 00 x 04    0.3352  0 00 x 10    0.2315  0 04 x 07    0.2315  0 00 x 04
0.3358  0 00 x 12    0.3354  0 04 x 06    0.2322  0 00 x 04    0.2317  0 04 x 04
0.3362  0 00 x 10    0.3363  0 00 x 07    0.2325  0 00 x 12    0.2319  0 00 x 08
0.3367  0 04 x 07    0.3367  0 04 x 12    0.2330  0 04 x 04    0.2319  0 00 x 07
0.3371  0 04 x 12    0.3367  0 04 x 07    0.2331  0 00 x 10    0.2324  0 00 x 10
0.3376  0 04 x 04    0.3378  0 04 x 04    0.2332  0 00 x 08    0.2329  0 04 x 10
0.3378  0 04 x 10    0.3391  0 07 x 05    0.2344  0 00 x 07    0.2329  0 00 x 12
0.3386  0 07 x 05    0.3397  0 04 x 10    0.2372  0 30 x 03    0.2362  0 30 x 03
0.3399  0 07 x 08    0.3400  0 07 x 04    0.2373  0 31 x 03    0.2369  0 31 x 03
0.3403  0 07 x 04    0.3416  0 07 x 06    0.2394  0 07 x 05    0.2389  0 07 x 05
0.3405  5 08 x 10    0.3417  0 07 x 08    0.2394  5 08 x 12    0.2394  5 08 x 12
0.3406  0 07 x 06    0.3418  5 08 x 10    0.2396  0 29 x 03    0.2396  5 08 x 05
0.3413  5 08 x 06    0.3420  5 08 x 05    0.2397  0 28 x 03    0.2397  5 08 x 06
0.3417  6 08 x 12    0.3421  5 08 x 12    0.2398  5 08 x 05    0.2399  0 29 x 03
0.3418  5 08 x 08    0.3422  5 08 x 06    0.2399  5 08 x 06    0.2403  5 08 x 10
0.3418  5 08 x 12    0.3426  5 08 x 07    0.2405  0 07 x 04    0.2404  0 28 x 03
0.3420  0 07 x 07    0.3430  6 08 x 12    0.2407  5 08 x 08    0.2408  0 07 x 04
0.3423  5 08 x 07    0.3432  5 08 x 08    0.2412  5 08 x 10    0.2414  0 07 x 07
0.3425  6 08 x 10    0.3433  6 08 x 10    0.2412  0 07 x 08    0.2417  0 07 x 08
0.3426  5 08 x 05    0.3435  0 07 x 07    0.2412  0 07 x 07    0.2418  0 03 x 05
0.3437  6 08 x 08    0.3436  0 07 x 12    0.2415  0 27 x 03    0.2420  0 27 x 03
0.3438  0 07 x 12    0.3441  6 08 x 08    0.2417  5 08 x 07    0.2421  0 07 x 06
0.3444  6 08 x 05    0.3442  6 08 x 05    0.2421  0 07 x 06    0.2422  5 08 x 07
0.3450  6 08 x 07    0.3445  0 07 x 10    0.2424  0 03 x 05    0.2425  5 08 x 08
0.3453  6 08 x 06    0.3452  6 08 x 07    0.2426  0 03 x 04    0.2428  0 03 x 04
0.3462  0 07 x 10    0.3456  6 08 x 06    0.2426  0 03 x 06    0.2431  0 07 x 10
0.3496  0 30 x 03    0.3490  0 30 x 03    0.2430  0 07 x 10    0.2432  0 03 x 08
0.3497  0 31 x 03    0.3501  5 08 x 04    0.2446  6 08 x 10    0.2435  0 03 x 06
0.3514  5 08 x 04    0.3503  0 31 x 03    0.2446  0 07 x 12    0.2439  0 07 x 12
0.3526  0 28 x 03    0.3515  6 08 x 04    0.2447  0 03 x 07    0.2444  0 03 x 07
0.3528  6 08 x 04    0.3523  0 28 x 03    0.2449  0 03 x 03    0.2447  6 08 x 10
0.3528  0 03 x 05    0.3529  0 03 x 05    0.2449  0 03 x 08    0.2453  5 08 x 04
0.3530  0 29 x 03    0.3531  4 08 x 12    0.2452  5 08 x 04    0.2453  6 08 x 12
0.3532  4 08 x 12    0.3532  0 03 x 06    0.2455  6 08 x 12    0.2458  0 03 x 03
0.3536  4 08 x 10    0.3533  0 03 x 04    0.2458  4 08 x 12    0.2459  4 08 x 12
0.3540  0 03 x 06    0.3534  0 29 x 03    0.2462  4 08 x 10    0.2463  6 08 x 05
0.3546  4 08 x 06    0.3536  0 03 x 08    0.2468  4 08 x 06    0.2469  0 03 x 12
0.3548  0 03 x 04    0.3544  4 08 x 06    0.2469  4 08 x 05    0.2469  4 08 x 06
0.3549  0 03 x 08    0.3546  4 08 x 10    0.2473  6 08 x 05    0.2470  4 08 x 05
0.3549  4 08 x 07    0.3548  4 08 x 08    0.2473  6 08 x 06    0.2477  6 08 x 06
0.3554  4 08 x 08    0.3555  4 08 x 05    0.2473  6 08 x 07    0.2477  4 08 x 08
0.3558  4 08 x 05    0.3558  0 27 x 03    0.2475  4 08 x 07    0.2481  4 08 x 10
0.3563  0 03 x 12    0.3561  4 08 x 07    0.2479  6 08 x 08    0.2488  0 03 x 10
0.3572  0 03 x 07    0.3563  0 03 x 07    0.2480  0 03 x 12    0.2489  4 08 x 07
0.3573  0 27 x 03    0.3578  0 03 x 12    0.2480  4 08 x 08    0.2493  6 08 x 08
0.3605  0 03 x 10    0.3595  0 03 x 10    0.2495  0 03 x 10    0.2495  6 08 x 07
0.3626  0 03 x 03    0.3621  0 03 x 03    0.2502  0 01 x 03    0.2498  0 01 x 03
0.3641  4 08 x 04    0.3635  4 08 x 04    0.2506  0 05 x 03    0.2505  0 05 x 03
0.3668  7 08 x 05    0.3678  7 08 x 05    0.2511  4 08 x 04    0.2509  4 08 x 04
0.3701  0 05 x 03    0.3703  0 05 x 03    0.2516  6 08 x 04    0.2514  6 08 x 04
0.3705  0 06 x 03    0.3705  0 06 x 03    0.2522  0 06 x 03    0.2520  0 06 x 03
0.3719  0 01 x 03    0.3713  0 01 x 03    0.2531  0 00 x 03    0.2527  0 00 x 03
0.3735  7 08 x 04    0.3736  0 00 x 03    0.2535  0 04 x 03    0.2537  0 04 x 03
0.3738  0 00 x 03    0.3742  7 08 x 04    0.2633  3 08 x 10    0.2637  3 08 x 05
0.3769  0 04 x 03    0.3766  0 04 x 03    0.2633  0 07 x 03    0.2638  3 08 x 08
0.3807  0 07 x 03    0.3816  0 07 x 03    0.2634  3 08 x 12    0.2639  3 08 x 12
0.3822  3 08 x 12    0.3823  3 08 x 12    0.2635  3 08 x 06    0.2640  3 08 x 06
0.3828  3 08 x 08    0.3828  3 08 x 07    0.2639  3 08 x 07    0.2640  0 07 x 03
0.3830  3 08 x 07    0.3829  3 08 x 06    0.2647  3 08 x 05    0.2649  3 08 x 10
0.3835  3 08 x 10    0.3832  3 08 x 05    0.2659  3 08 x 08    0.2650  3 08 x 07
0.3837  3 08 x 06    0.3835  3 08 x 08    0.2660  3 08 x 04    0.2670  3 08 x 04
0.3850  3 08 x 05    0.3840  3 08 x 10    0.2691  5 08 x 03    0.2685  5 08 x 03
0.3870  3 08 x 04    0.3871  3 08 x 04    0.2718  7 08 x 05    0.2720  4 08 x 03
0.3908  5 08 x 03    0.3912  5 08 x 03    0.2722  4 08 x 03    0.2721  7 08 x 05
0.3957  6 08 x 03    0.3954  6 08 x 03    0.2781  7 08 x 04    0.2773  7 08 x 04
0.4002  4 08 x 03    0.4016  4 08 x 03    0.2788  6 08 x 03    0.2779  6 08 x 03
0.4237  7 08 x 03    0.4220  7 08 x 03    0.2918  3 08 x 03    0.2910  3 08 x 03
0.4300  3 08 x 03    0.4303  3 08 x 03    0.3063  2 08 x 05    0.3058  2 08 x 05
0.4469  2 08 x 05    0.4462  2 08 x 05    0.3094  2 08 x 04    0.3085  2 08 x 04
0.4508  2 08 x 04    0.4520  2 08 x 04    0.3127  7 08 x 03    0.3126  7 08 x 03
0.4942  2 08 x 03    0.4939  2 08 x 03    0.3376  2 08 x 03    0.3372  2 08 x 03
0.5932  0 02 x 04    0.5947  0 02 x 04    0.4064  0 02 x 04    0.4055  0 02 x 04
0.5997  0 02 x 03    0.5980  0 02 x 03    0.4089  0 02 x 03    0.4086  0 02 x 03
0.6048  0 02 x 08    0.6031  0 02 x 05    0.4125  0 02 x 05    0.4123  0 02 x 05
0.6049  0 02 x 05    0.6055  0 02 x 08    0.4149  0 02 x 08    0.4151  0 02 x 12
0.6078  0 02 x 12    0.6074  0 02 x 12    0.4151  0 02 x 12    0.4153  0 02 x 08
0.6100  0 02 x 06    0.6087  0 02 x 06    0.4177  0 02 x 06    0.4160  0 02 x 06
0.6102  0 02 x 10    0.6143  0 02 x 10    0.4181  0 02 x 10    0.4170  0 02 x 10
0.6159  0 02 x 07    0.6162  0 02 x 07    0.4219  0 02 x 07    0.4212  0 02 x 07
0.6361  1 08 x 05    0.6362  1 08 x 05    0.4342  1 08 x 05    0.4347  1 08 x 05
0.6446  1 08 x 04    0.6443  1 08 x 04    0.4391  1 08 x 04    0.4399  1 08 x 04
0.6851  1 08 x 03    0.6853  1 08 x 03    0.4657  1 08 x 03    0.4662  1 08 x 03
---Benchmark Program Finished---