
jeffreyhurchalla@Jeffreys-MacBook-Air montgomery_two_pow % ./testbench.sh clang++ O3 MontgomeryHalf __uint128_t 191 8 40 -DHURCHALLA_MONTGOMERY_TWO_POW_USE_CSELECT_ON_BIT -DHURCHALLA_ALLOW_INLINE_ASM_ALL
compilation finished, now executing:
---Running Program---

begin benchmarks - array two_pow
(ignore)88650815719561301638322740755946931820

OVERALL BEST:
0.9952  0 30 x 06
1.0001  0 31 x 06
1.0012  0 31 x 12
1.0021  0 31 x 08
1.0027  0 31 x 10
1.0030  0 30 x 08
1.0030  0 31 x 05
1.0033  0 30 x 10
1.0036  0 30 x 07
1.0048  0 31 x 07
1.0048  0 30 x 05
1.0049  0 30 x 12
1.0065  0 31 x 04
1.0069  0 30 x 04
1.0090  0 29 x 08
1.0098  0 28 x 05
1.0111  0 28 x 06
1.0113  0 29 x 12
1.0119  0 29 x 05
1.0123  0 29 x 10
1.0129  0 29 x 07
1.0134  0 28 x 08
1.0135  0 28 x 10
1.0135  0 28 x 07
1.0151  0 28 x 12
1.0152  0 29 x 06
1.0177  0 28 x 04
1.0194  0 29 x 04
1.0345  0 27 x 06
1.0365  0 27 x 08
1.0373  0 27 x 10
1.0383  0 27 x 07
1.0396  0 27 x 05
1.0401  0 27 x 12
1.0451  0 27 x 04
1.0955  0 05 x 08
1.1030  0 05 x 07
1.1039  0 05 x 06
1.1041  0 05 x 10
1.1057  0 05 x 12
1.1060  0 01 x 12
1.1069  0 01 x 10
1.1070  0 05 x 05
1.1071  0 04 x 08
1.1079  0 06 x 07
1.1083  0 06 x 08
1.1088  0 01 x 06
1.1097  0 01 x 08
1.1108  0 01 x 05
1.1115  0 01 x 07
1.1121  0 06 x 12
1.1125  0 06 x 06
1.1144  0 06 x 05
1.1154  0 06 x 10
1.1174  0 04 x 12
1.1181  0 04 x 10
1.1191  0 01 x 04
1.1192  0 04 x 07
1.1206  0 04 x 06
1.1210  0 05 x 04
1.1254  0 04 x 05
1.1275  0 06 x 04
1.1320  0 00 x 04
1.1344  0 00 x 06
1.1369  0 00 x 05
1.1385  0 04 x 04
1.1398  0 00 x 10
1.1405  0 00 x 12
1.1408  0 00 x 08
1.1409  0 00 x 07
1.1453  0 28 x 03
1.1554  0 07 x 05
1.1601  0 07 x 07
1.1638  0 07 x 06
1.1698  5 08 x 08
1.1764  0 07 x 08
1.1799  0 07 x 12
1.1819  0 07 x 10
1.1897  0 31 x 03
1.1909  0 07 x 04
1.1942  0 27 x 03
1.1960  5 08 x 04
1.1966  6 08 x 08
1.2013  0 29 x 03
1.2114  4 08 x 08
1.2130  0 02 x 03
1.2146  5 08 x 12
1.2178  5 08 x 10
1.2178  4 08 x 04
1.2193  5 08 x 07
1.2238  6 08 x 12
1.2264  5 08 x 06
1.2276  0 30 x 03
1.2286  0 05 x 03
1.2294  5 08 x 05
1.2308  6 08 x 10
1.2374  0 06 x 03
1.2377  6 08 x 07
1.2378  0 03 x 04
1.2398  0 00 x 03
1.2456  0 01 x 03
1.2480  0 03 x 06
1.2489  0 04 x 03
1.2490  6 08 x 04
1.2508  0 03 x 05
1.2524  6 08 x 06
1.2547  4 08 x 12
1.2590  0 03 x 07
1.2604  4 08 x 10
1.2626  0 03 x 03
1.2642  4 08 x 07
1.2676  4 08 x 06
1.2690  6 08 x 05
1.2691  0 03 x 10
1.2709  4 08 x 05
1.2738  0 03 x 08
1.2787  3 08 x 08
1.2790  3 08 x 04
1.2818  0 03 x 12
1.2970  0 07 x 03
1.3387  5 08 x 03
1.3450  4 08 x 03
1.3664  3 08 x 12
1.3747  0 02 x 04
1.3751  3 08 x 10
1.3797  3 08 x 07
1.3815  3 08 x 05
1.3825  3 08 x 06
1.3969  7 08 x 05
1.4234  6 08 x 03
1.4315  7 08 x 04
1.4326  3 08 x 03
1.4796  0 02 x 05
1.5230  2 08 x 04
1.6241  2 08 x 05
1.6507  7 08 x 03
1.6606  0 02 x 06
1.6654  2 08 x 03
1.8007  0 02 x 07
1.8997  0 02 x 12
1.9065  0 02 x 08
1.9068  0 02 x 10
2.2222  1 08 x 04
2.3110  1 08 x 05
2.3394  1 08 x 03
Timings By Test Type:
0.2961  0 30 x 06    0.2947  0 30 x 06    0.2022  0 30 x 06    0.2023  0 30 x 06
0.2965  0 31 x 06    0.2970  0 31 x 12    0.2026  0 31 x 04    0.2025  0 30 x 04
0.2970  0 31 x 08    0.2974  0 30 x 08    0.2030  0 31 x 06    0.2026  0 31 x 04
0.2973  0 30 x 10    0.2975  0 30 x 07    0.2030  0 30 x 04    0.2030  0 31 x 06
0.2973  0 31 x 10    0.2975  0 31 x 06    0.2037  0 31 x 12    0.2032  0 31 x 12
0.2973  0 31 x 12    0.2976  0 30 x 05    0.2037  0 31 x 05    0.2035  0 31 x 08
0.2974  0 31 x 05    0.2978  0 31 x 08    0.2038  0 31 x 08    0.2036  0 31 x 10
0.2976  0 30 x 08    0.2979  0 31 x 10    0.2039  0 30 x 07    0.2037  0 31 x 05
0.2978  0 30 x 05    0.2979  0 31 x 07    0.2039  0 30 x 12    0.2038  0 30 x 10
0.2980  0 30 x 12    0.2981  0 31 x 05    0.2040  0 31 x 10    0.2038  0 30 x 08
0.2982  0 30 x 07    0.2982  0 30 x 10    0.2040  0 30 x 10    0.2040  0 30 x 07
0.2984  0 31 x 07    0.2988  0 30 x 12    0.2042  0 30 x 08    0.2040  0 31 x 07
0.2992  0 29 x 08    0.2998  0 28 x 05    0.2043  0 30 x 05    0.2043  0 30 x 12
0.3000  0 28 x 05    0.2999  0 29 x 12    0.2044  0 31 x 07    0.2051  0 29 x 08
0.3000  0 31 x 04    0.3000  0 29 x 08    0.2048  0 29 x 08    0.2051  0 28 x 05
0.3002  0 29 x 05    0.3001  0 28 x 06    0.2049  0 28 x 05    0.2051  0 30 x 05
0.3004  0 28 x 06    0.3003  0 29 x 05    0.2051  0 29 x 10    0.2052  0 28 x 04
0.3004  0 28 x 07    0.3003  0 29 x 07    0.2053  0 29 x 04    0.2052  0 28 x 06
0.3005  0 28 x 10    0.3004  0 28 x 10    0.2053  0 28 x 06    0.2053  0 29 x 04
0.3006  0 29 x 07    0.3007  0 28 x 07    0.2055  0 28 x 04    0.2053  0 29 x 12
0.3006  0 29 x 10    0.3007  0 30 x 04    0.2055  0 29 x 12    0.2057  0 29 x 05
0.3006  0 28 x 08    0.3007  0 29 x 10    0.2057  0 29 x 05    0.2058  0 29 x 07
0.3007  0 29 x 12    0.3007  0 28 x 08    0.2060  0 28 x 08    0.2058  0 28 x 07
0.3007  0 30 x 04    0.3011  0 28 x 12    0.2061  0 29 x 07    0.2059  0 29 x 10
0.3012  0 28 x 12    0.3012  0 29 x 06    0.2063  0 28 x 12    0.2060  0 29 x 06
0.3016  0 29 x 06    0.3013  0 31 x 04    0.2064  0 29 x 06    0.2060  0 28 x 08
0.3041  0 28 x 04    0.3030  0 28 x 04    0.2064  0 28 x 10    0.2062  0 28 x 10
0.3045  0 29 x 04    0.3044  0 29 x 04    0.2066  0 28 x 07    0.2065  0 28 x 12
0.3076  0 27 x 06    0.3077  0 27 x 08    0.2095  0 27 x 06    0.2095  0 27 x 06
0.3076  0 27 x 08    0.3079  0 27 x 06    0.2101  0 27 x 10    0.2104  0 27 x 08
0.3076  0 27 x 07    0.3083  0 27 x 07    0.2106  0 27 x 04    0.2105  0 27 x 10
0.3084  0 27 x 05    0.3083  0 27 x 10    0.2107  0 27 x 05    0.2106  0 27 x 04
0.3085  0 27 x 10    0.3092  0 27 x 12    0.2109  0 27 x 08    0.2109  0 27 x 05
0.3089  0 27 x 12    0.3095  0 27 x 05    0.2110  0 27 x 12    0.2111  0 27 x 07
0.3118  0 27 x 04    0.3122  0 27 x 04    0.2113  0 27 x 07    0.2111  0 27 x 12
0.3253  0 05 x 08    0.3264  0 05 x 08    0.2215  0 05 x 08    0.2222  0 05 x 08
0.3267  0 06 x 08    0.3276  0 06 x 07    0.2229  0 05 x 07    0.2223  0 05 x 10
0.3274  0 06 x 07    0.3277  0 06 x 08    0.2229  0 05 x 12    0.2226  0 05 x 06
0.3280  0 06 x 06    0.3279  0 06 x 12    0.2235  0 05 x 05    0.2232  0 05 x 07
0.3282  0 05 x 07    0.3284  0 05 x 06    0.2235  0 01 x 10    0.2235  0 05 x 05
0.3287  0 06 x 10    0.3288  0 01 x 12    0.2235  0 05 x 10    0.2236  0 01 x 12
0.3288  0 05 x 12    0.3288  0 05 x 07    0.2237  0 04 x 08    0.2238  0 04 x 08
0.3290  0 05 x 06    0.3291  0 05 x 10    0.2238  0 05 x 06    0.2238  0 01 x 08
0.3291  0 05 x 10    0.3291  0 05 x 12    0.2239  0 01 x 12    0.2240  0 01 x 10
0.3292  0 06 x 12    0.3295  0 06 x 10    0.2243  0 01 x 06    0.2247  0 01 x 05
0.3294  0 04 x 08    0.3297  0 01 x 06    0.2243  0 01 x 07    0.2248  0 05 x 12
0.3295  0 06 x 05    0.3297  0 01 x 10    0.2245  0 01 x 05    0.2248  0 01 x 06
0.3297  0 01 x 12    0.3298  0 06 x 05    0.2248  0 01 x 08    0.2256  0 01 x 07
0.3297  0 05 x 05    0.3303  0 04 x 08    0.2257  0 04 x 10    0.2256  0 01 x 04
0.3297  0 01 x 10    0.3303  0 05 x 05    0.2257  0 04 x 12    0.2260  0 04 x 12
0.3301  0 01 x 06    0.3304  0 01 x 08    0.2258  0 01 x 04    0.2261  0 04 x 10
0.3305  0 01 x 07    0.3305  0 01 x 05    0.2262  0 04 x 07    0.2264  0 06 x 07
0.3307  0 01 x 08    0.3306  0 06 x 06    0.2263  0 06 x 08    0.2266  0 04 x 07
0.3311  0 01 x 05    0.3311  0 01 x 07    0.2264  0 04 x 06    0.2268  0 06 x 06
0.3322  0 04 x 12    0.3321  0 06 x 04    0.2265  0 06 x 07    0.2271  0 04 x 06
0.3327  0 06 x 04    0.3324  0 05 x 04    0.2271  0 06 x 12    0.2273  0 04 x 05
0.3328  0 04 x 10    0.3330  0 04 x 07    0.2271  0 06 x 06    0.2276  0 06 x 08
0.3333  0 05 x 04    0.3332  0 04 x 06    0.2272  0 06 x 05    0.2277  0 05 x 04
0.3335  0 04 x 07    0.3335  0 01 x 04    0.2275  0 05 x 04    0.2279  0 06 x 05
0.3338  0 04 x 06    0.3335  0 04 x 10    0.2277  0 06 x 10    0.2280  0 06 x 12
0.3342  0 01 x 04    0.3336  0 04 x 12    0.2280  0 04 x 05    0.2292  0 00 x 04
0.3356  0 04 x 05    0.3345  0 04 x 05    0.2299  0 00 x 06    0.2296  0 06 x 10
0.3366  0 00 x 04    0.3361  0 00 x 04    0.2301  0 00 x 04    0.2301  0 00 x 06
0.3371  0 00 x 06    0.3373  0 00 x 06    0.2303  0 00 x 05    0.2303  0 04 x 04
0.3382  0 00 x 08    0.3377  0 00 x 05    0.2303  0 00 x 08    0.2304  0 00 x 05
0.3385  0 00 x 05    0.3385  0 00 x 12    0.2303  0 04 x 04    0.2308  0 28 x 03
0.3385  0 00 x 07    0.3387  0 04 x 04    0.2305  0 28 x 03    0.2309  0 00 x 10
0.3392  0 04 x 04    0.3390  0 00 x 10    0.2306  0 00 x 10    0.2315  0 00 x 12
0.3393  0 00 x 10    0.3394  0 00 x 07    0.2309  0 00 x 07    0.2316  0 00 x 08
0.3395  0 07 x 05    0.3397  0 07 x 05    0.2310  0 06 x 04    0.2318  0 06 x 04
0.3396  0 00 x 12    0.3398  0 07 x 07    0.2310  0 00 x 12    0.2321  0 00 x 07
0.3400  0 07 x 07    0.3407  0 00 x 08    0.2382  0 07 x 05    0.2380  0 07 x 05
0.3410  0 07 x 06    0.3408  0 07 x 06    0.2392  0 31 x 03    0.2390  0 31 x 03
0.3422  0 28 x 03    0.3418  0 28 x 03    0.2399  0 27 x 03    0.2400  0 07 x 07
0.3434  0 07 x 08    0.3444  5 08 x 08    0.2403  0 07 x 07    0.2401  0 27 x 03
0.3442  5 08 x 08    0.3447  0 07 x 12    0.2406  0 07 x 06    0.2404  5 08 x 08
0.3453  0 07 x 12    0.3459  0 07 x 08    0.2408  5 08 x 08    0.2413  0 07 x 06
0.3455  0 07 x 10    0.3463  0 07 x 10    0.2417  0 29 x 03    0.2415  0 29 x 03
0.3483  0 07 x 04    0.3484  6 08 x 08    0.2426  0 02 x 03    0.2426  0 02 x 03
0.3484  6 08 x 08    0.3486  0 07 x 04    0.2437  0 07 x 08    0.2434  0 07 x 08
0.3516  5 08 x 04    0.3511  5 08 x 04    0.2449  0 07 x 12    0.2446  0 07 x 10
0.3560  0 31 x 03    0.3555  0 31 x 03    0.2456  0 07 x 10    0.2450  0 07 x 12
0.3569  6 08 x 12    0.3567  6 08 x 12    0.2458  0 05 x 03    0.2452  0 05 x 03
0.3571  0 27 x 03    0.3572  0 27 x 03    0.2464  0 30 x 03    0.2466  5 08 x 04
0.3576  5 08 x 12    0.3579  5 08 x 12    0.2466  5 08 x 04    0.2467  0 07 x 04
0.3581  4 08 x 08    0.3581  4 08 x 08    0.2472  0 07 x 04    0.2469  0 30 x 03
0.3587  5 08 x 10    0.3584  5 08 x 10    0.2475  4 08 x 08    0.2478  4 08 x 08
0.3590  5 08 x 07    0.3588  0 29 x 03    0.2486  0 01 x 03    0.2483  4 08 x 04
0.3592  0 29 x 03    0.3597  5 08 x 07    0.2487  0 00 x 03    0.2489  0 00 x 03
0.3594  6 08 x 10    0.3598  6 08 x 10    0.2489  4 08 x 04    0.2494  0 01 x 03
0.3605  4 08 x 04    0.3601  4 08 x 04    0.2492  5 08 x 12    0.2494  0 06 x 03
0.3608  6 08 x 07    0.3610  6 08 x 07    0.2498  6 08 x 08    0.2498  5 08 x 12
0.3613  5 08 x 06    0.3611  5 08 x 06    0.2498  0 03 x 04    0.2500  6 08 x 08
0.3621  5 08 x 05    0.3615  5 08 x 05    0.2501  5 08 x 10    0.2500  0 04 x 03
0.3629  6 08 x 04    0.3626  6 08 x 04    0.2502  5 08 x 07    0.2504  5 08 x 07
0.3635  0 02 x 03    0.3642  0 02 x 03    0.2504  0 06 x 03    0.2505  5 08 x 10
0.3641  6 08 x 06    0.3651  6 08 x 06    0.2505  0 04 x 03    0.2507  0 03 x 04
0.3670  0 30 x 03    0.3672  0 30 x 03    0.2519  0 03 x 03    0.2517  0 03 x 03
0.3688  0 06 x 03    0.3680  0 03 x 04    0.2520  5 08 x 06    0.2521  5 08 x 06
0.3691  0 05 x 03    0.3685  0 05 x 03    0.2520  0 03 x 06    0.2526  5 08 x 05
0.3693  0 03 x 04    0.3688  0 06 x 03    0.2525  0 03 x 05    0.2526  0 03 x 06
0.3695  6 08 x 05    0.3692  6 08 x 05    0.2532  5 08 x 05    0.2529  0 03 x 05
0.3711  0 00 x 03    0.3710  4 08 x 12    0.2544  0 03 x 07    0.2541  0 03 x 07
0.3711  4 08 x 12    0.3712  0 00 x 03    0.2549  6 08 x 12    0.2552  6 08 x 10
0.3715  0 03 x 06    0.3718  0 03 x 06    0.2562  0 03 x 10    0.2553  6 08 x 12
0.3725  4 08 x 10    0.3719  0 03 x 05    0.2564  6 08 x 10    0.2560  4 08 x 12
0.3736  0 03 x 05    0.3732  4 08 x 10    0.2567  4 08 x 12    0.2567  0 03 x 10
0.3736  4 08 x 07    0.3737  0 01 x 03    0.2572  0 03 x 08    0.2573  4 08 x 10
0.3739  0 01 x 03    0.3740  4 08 x 07    0.2575  4 08 x 10    0.2581  6 08 x 07
0.3742  0 04 x 03    0.3742  0 04 x 03    0.2578  6 08 x 07    0.2582  0 03 x 08
0.3755  0 03 x 07    0.3747  4 08 x 06    0.2582  4 08 x 07    0.2583  4 08 x 06
0.3762  4 08 x 05    0.3749  0 03 x 07    0.2583  4 08 x 06    0.2584  4 08 x 07
0.3763  4 08 x 06    0.3759  4 08 x 05    0.2592  4 08 x 05    0.2593  0 03 x 12
0.3774  0 03 x 10    0.3788  0 03 x 10    0.2592  3 08 x 08    0.2594  3 08 x 04
0.3790  0 03 x 08    0.3794  0 03 x 03    0.2596  0 03 x 12    0.2596  4 08 x 05
0.3791  3 08 x 04    0.3794  0 03 x 08    0.2596  3 08 x 04    0.2596  3 08 x 08
0.3797  0 03 x 03    0.3798  3 08 x 08    0.2605  6 08 x 06    0.2618  6 08 x 04
0.3801  3 08 x 08    0.3809  3 08 x 04    0.2617  6 08 x 04    0.2627  6 08 x 06
0.3819  0 03 x 12    0.3809  0 03 x 12    0.2646  0 07 x 03    0.2649  0 07 x 03
0.3842  0 07 x 03    0.3833  0 07 x 03    0.2648  6 08 x 05    0.2656  6 08 x 05
0.3965  5 08 x 03    0.3952  5 08 x 03    0.2719  4 08 x 03    0.2718  4 08 x 03
0.4002  7 08 x 05    0.3993  7 08 x 05    0.2734  5 08 x 03    0.2736  5 08 x 03
0.4009  4 08 x 03    0.4004  4 08 x 03    0.2773  3 08 x 12    0.2772  3 08 x 12
0.4064  3 08 x 12    0.4055  3 08 x 12    0.2782  0 02 x 04    0.2777  0 02 x 04
0.4082  7 08 x 04    0.4082  7 08 x 04    0.2789  3 08 x 10    0.2790  3 08 x 10
0.4082  3 08 x 10    0.4089  0 02 x 04    0.2802  3 08 x 06    0.2796  3 08 x 05
0.4097  3 08 x 07    0.4090  3 08 x 10    0.2802  3 08 x 07    0.2799  3 08 x 06
0.4099  0 02 x 04    0.4098  3 08 x 07    0.2805  3 08 x 05    0.2800  3 08 x 07
0.4104  3 08 x 05    0.4109  3 08 x 05    0.2882  3 08 x 03    0.2869  3 08 x 03
0.4108  3 08 x 06    0.4115  3 08 x 06    0.2979  6 08 x 03    0.2981  6 08 x 03
0.4135  6 08 x 03    0.4138  6 08 x 03    0.2983  7 08 x 05    0.2990  7 08 x 05
0.4293  3 08 x 03    0.4282  3 08 x 03    0.2995  0 02 x 05    0.2992  0 02 x 05
0.4408  0 02 x 05    0.4401  0 02 x 05    0.3076  7 08 x 04    0.3076  7 08 x 04
0.4533  2 08 x 04    0.4542  2 08 x 04    0.3078  2 08 x 04    0.3077  2 08 x 04
0.4682  7 08 x 03    0.4681  7 08 x 03    0.3292  2 08 x 05    0.3290  2 08 x 05
0.4826  2 08 x 05    0.4833  2 08 x 05    0.3359  0 02 x 06    0.3355  0 02 x 06
0.4942  0 02 x 06    0.4950  0 02 x 06    0.3372  2 08 x 03    0.3368  2 08 x 03
0.4959  2 08 x 03    0.4955  2 08 x 03    0.3572  7 08 x 03    0.3572  7 08 x 03
0.5369  0 02 x 07    0.5369  0 02 x 07    0.3633  0 02 x 07    0.3636  0 02 x 07
0.5661  0 02 x 12    0.5655  0 02 x 12    0.3841  0 02 x 12    0.3840  0 02 x 12
0.5672  0 02 x 10    0.5684  0 02 x 08    0.3852  0 02 x 10    0.3846  0 02 x 08
0.5678  0 02 x 08    0.5688  0 02 x 10    0.3857  0 02 x 08    0.3855  0 02 x 10
0.6638  1 08 x 04    0.6633  1 08 x 04    0.4478  1 08 x 04    0.4473  1 08 x 04
0.6900  1 08 x 05    0.6899  1 08 x 05    0.4655  1 08 x 05    0.4657  1 08 x 05
0.6988  1 08 x 03    0.6981  1 08 x 03    0.4714  1 08 x 03    0.4711  1 08 x 03
---Benchmark Program Finished---