
jeffreyhurchalla@Jeffreys-MacBook-Air montgomery_two_pow % ./testbench.sh g++ O3 MontgomeryFull uint64_t 191 8 22 -DHURCHALLA_MONTGOMERY_TWO_POW_USE_CSELECT_ON_BIT -DHURCHALLA_ALLOW_INLINE_ASM_ALL 
compilation finished, now executing:
---Running Program---

begin benchmarks - array two_pow
(ignore)11580388629858884142

OVERALL BEST:
0.1371  0 31 x 12
0.1378  0 29 x 12
0.1384  0 28 x 12
0.1384  0 30 x 12
0.1385  0 29 x 08
0.1392  0 31 x 10
0.1400  0 31 x 08
0.1401  0 30 x 10
0.1404  0 30 x 08
0.1406  0 27 x 12
0.1406  0 28 x 08
0.1421  0 28 t 12
0.1421  0 29 x 07
0.1422  0 28 t 10
0.1432  0 27 x 10
0.1433  0 28 t 08
0.1434  0 29 t 12
0.1436  0 27 x 08
0.1437  0 31 x 07
0.1439  0 29 t 10
0.1441  0 31 t 12
0.1443  0 29 x 10
0.1446  0 28 x 10
0.1447  0 30 x 07
0.1448  0 28 t 07
0.1448  0 28 x 07
0.1452  0 30 t 10
0.1456  0 30 t 12
0.1460  0 31 t 10
0.1465  0 27 t 12
0.1467  0 04 x 08
0.1475  0 29 t 07
0.1477  0 30 t 07
0.1478  0 31 t 07
0.1482  0 27 t 10
0.1485  0 29 t 08
0.1487  0 01 x 08
0.1489  0 27 x 07
0.1492  0 30 t 08
0.1492  0 31 t 08
0.1496  0 05 x 08
0.1501  0 00 x 08
0.1509  0 27 t 08
0.1509  0 04 t 08
0.1510  0 01 x 12
0.1514  0 01 x 10
0.1518  0 04 x 12
0.1519  0 00 x 12
0.1520  0 03 x 12
0.1521  0 05 t 08
0.1522  0 28 t 06
0.1527  0 29 x 06
0.1529  0 31 x 06
0.1531  0 01 x 07
0.1531  0 28 x 06
0.1531  0 00 x 10
0.1537  0 04 x 10
0.1538  0 30 x 06
0.1540  0 01 t 08
0.1542  0 00 x 07
0.1543  0 30 t 06
0.1547  0 00 t 08
0.1554  0 00 t 07
0.1554  0 04 x 07
0.1555  0 00 t 10
0.1555  0 05 x 07
0.1555  0 05 t 10
0.1556  0 01 t 12
0.1558  0 06 t 08
0.1562  0 05 x 12
0.1562  0 05 t 12
0.1562  0 01 x 06
0.1562  0 27 t 07
0.1563  0 01 t 10
0.1563  0 00 t 12
0.1563  0 06 x 08
0.1564  0 04 t 07
0.1566  0 05 x 10
0.1567  0 05 t 07
0.1568  0 01 t 06
0.1568  0 01 t 07
0.1571  0 04 t 12
0.1572  0 03 x 10
0.1581  0 27 x 06
0.1582  0 06 t 07
0.1584  0 00 x 06
0.1587  0 27 t 06
0.1588  0 31 t 06
0.1589  0 29 t 06
0.1590  0 06 t 10
0.1600  0 04 x 06
0.1601  0 05 t 06
0.1606  0 04 t 06
0.1610  0 03 x 08
0.1611  0 06 x 12
0.1611  0 06 x 07
0.1613  0 06 t 12
0.1614  0 06 x 10
0.1615  0 04 t 10
0.1617  0 05 x 06
0.1633  0 06 t 06
0.1639  4 08 t 10
0.1653  0 00 t 06
0.1659  0 01 t 05
0.1667  0 31 t 05
0.1668  0 05 t 05
0.1670  0 28 t 05
0.1674  0 06 x 06
0.1676  3 08 t 08
0.1683  3 08 x 10
0.1687  4 08 t 12
0.1687  4 08 t 08
0.1688  3 08 t 10
0.1689  4 08 x 12
0.1691  0 07 t 08
0.1693  4 08 x 08
0.1694  0 30 t 05
0.1700  0 29 t 05
0.1702  0 27 t 05
0.1702  0 03 x 07
0.1705  4 08 x 10
0.1709  0 06 t 05
0.1717  0 00 t 05
0.1726  3 08 x 12
0.1731  0 00 x 05
0.1731  0 04 x 05
0.1731  0 07 x 08
0.1734  0 01 x 05
0.1741  0 05 x 05
0.1742  3 08 t 12
0.1745  4 08 x 07
0.1747  4 08 t 07
0.1748  0 29 x 05
0.1748  0 04 t 05
0.1753  5 08 t 08
0.1754  3 08 x 08
0.1755  0 27 x 05
0.1759  3 08 t 07
0.1759  5 08 t 12
0.1763  5 08 x 12
0.1763  0 28 x 05
0.1765  5 08 t 10
0.1769  0 30 x 05
0.1771  3 08 x 07
0.1771  0 07 x 07
0.1778  0 06 x 05
0.1779  0 31 x 05
0.1781  5 08 x 08
0.1784  4 08 t 06
0.1790  5 08 x 10
0.1793  0 07 x 06
0.1796  0 07 t 07
0.1797  5 08 t 07
0.1804  3 08 t 06
0.1812  0 07 x 12
0.1813  0 03 x 06
0.1814  0 07 x 10
0.1817  0 07 t 06
0.1827  0 07 t 12
0.1829  4 08 x 06
0.1832  0 07 t 10
0.1838  5 08 x 07
0.1840  3 08 x 06
0.1841  0 05 t 04
0.1849  0 01 t 04
0.1864  0 07 t 05
0.1866  0 06 t 04
0.1877  0 29 t 04
0.1879  0 31 t 04
0.1887  0 04 t 04
0.1904  0 28 t 04
0.1910  0 30 t 04
0.1912  0 00 t 04
0.1914  4 08 t 05
0.1926  5 08 x 06
0.1928  0 05 x 04
0.1931  0 07 x 05
0.1932  0 27 t 04
0.1933  5 08 t 06
0.1939  3 08 t 05
0.1947  0 01 x 04
0.1977  6 08 x 12
0.1981  4 08 x 05
0.1989  6 08 t 12
0.1992  6 08 t 10
0.1993  0 06 x 04
0.2000  3 08 x 05
0.2003  6 08 t 08
0.2004  0 31 x 04
0.2006  0 29 x 04
0.2017  0 30 x 04
0.2019  0 28 x 04
0.2021  5 08 t 05
0.2027  0 00 x 04
0.2028  6 08 x 10
0.2035  0 07 t 04
0.2039  6 08 t 07
0.2041  6 08 x 08
0.2062  0 27 x 04
0.2063  0 03 x 05
0.2079  5 08 x 05
0.2081  6 08 x 07
0.2098  0 04 x 04
0.2140  0 07 x 04
0.2165  6 08 x 06
0.2166  2 08 x 05
0.2170  6 08 t 06
0.2200  2 08 t 05
0.2227  0 05 t 03
0.2237  3 08 t 04
0.2243  0 29 t 03
0.2244  0 01 t 03
0.2262  4 08 t 04
0.2263  0 04 t 03
0.2265  0 06 t 03
0.2286  0 31 t 03
0.2291  5 08 t 04
0.2298  0 28 t 03
0.2299  0 30 t 03
0.2321  6 08 t 05
0.2321  3 08 x 04
0.2322  0 00 t 03
0.2330  0 27 t 03
0.2338  4 08 x 04
0.2391  0 05 x 03
0.2395  0 07 t 03
0.2411  0 01 x 03
0.2413  0 04 x 03
0.2426  6 08 x 05
0.2426  0 03 x 04
0.2446  0 06 x 03
0.2446  5 08 x 04
0.2460  0 29 x 03
0.2467  0 31 x 03
0.2473  0 00 x 03
0.2480  0 28 x 03
0.2487  0 30 x 03
0.2519  2 08 t 04
0.2550  0 07 x 03
0.2564  0 27 x 03
0.2609  6 08 t 04
0.2627  4 08 t 03
0.2694  2 08 x 04
0.2739  5 08 t 03
0.2777  4 08 x 03
0.2799  3 08 t 03
0.2800  6 08 x 04
0.2857  3 08 x 03
0.2870  1 08 x 05
0.2870  1 08 t 05
0.2888  5 08 x 03
0.3025  7 08 t 05
0.3033  0 03 x 03
0.3057  7 08 x 05
0.3104  6 08 t 03
0.3129  2 08 t 03
0.3206  2 08 x 03
0.3254  6 08 x 03
0.3406  1 08 t 04
0.3407  1 08 x 04
0.3499  7 08 x 04
0.3524  7 08 t 04
0.3943  7 08 t 03
0.4105  7 08 x 03
0.4239  1 08 t 03
0.4244  1 08 x 03
0.4851  0 02 x 05
0.4864  0 02 x 06
0.4877  0 02 x 07
0.4891  0 02 x 08
0.4908  0 02 x 03
0.4909  0 02 x 04
0.5372  0 02 x 10
0.5668  0 02 x 12
Timings By Test Type:
0.0422  0 31 x 12    0.0422  0 31 x 12    0.0263  0 31 x 12    0.0263  0 31 x 12
0.0424  0 29 x 12    0.0424  0 29 x 12    0.0265  0 29 x 12    0.0265  0 29 x 12
0.0424  0 30 x 12    0.0424  0 30 x 12    0.0266  0 30 x 12    0.0267  0 28 x 12
0.0425  0 28 x 12    0.0425  0 29 x 08    0.0267  0 28 x 12    0.0267  0 29 x 08
0.0425  0 29 x 08    0.0425  0 28 x 12    0.0267  0 29 x 08    0.0269  0 31 x 10
0.0428  0 31 x 10    0.0428  0 31 x 10    0.0268  0 31 x 10    0.0269  0 30 x 12
0.0428  0 30 x 10    0.0430  0 30 x 10    0.0270  0 31 x 08    0.0270  0 31 x 08
0.0430  0 31 x 08    0.0430  0 31 x 08    0.0270  0 27 x 12    0.0270  0 27 x 12
0.0431  0 30 x 08    0.0431  0 28 x 08    0.0271  0 30 x 10    0.0271  0 30 x 08
0.0431  0 28 x 08    0.0431  0 30 x 08    0.0271  0 28 x 08    0.0272  0 30 x 10
0.0433  0 27 x 12    0.0433  0 27 x 12    0.0272  0 30 x 08    0.0273  0 28 x 08
0.0436  0 28 t 12    0.0437  0 28 t 10    0.0273  0 28 t 12    0.0273  0 28 t 12
0.0436  0 28 t 10    0.0437  0 29 x 07    0.0274  0 29 x 07    0.0274  0 29 x 07
0.0437  0 29 x 07    0.0438  0 28 t 12    0.0275  0 28 t 10    0.0275  0 28 t 10
0.0439  0 28 t 08    0.0439  0 28 t 08    0.0275  0 29 t 12    0.0276  0 29 t 12
0.0440  0 27 x 10    0.0440  0 31 x 07    0.0276  0 27 x 10    0.0276  0 27 x 10
0.0441  0 31 x 07    0.0440  0 27 x 10    0.0276  0 29 t 10    0.0277  0 27 x 08
0.0441  0 29 t 12    0.0441  0 27 x 08    0.0277  0 27 x 08    0.0277  0 29 t 10
0.0441  0 27 x 08    0.0442  0 29 t 12    0.0277  0 28 t 08    0.0277  0 28 t 08
0.0443  0 29 t 10    0.0443  0 29 t 10    0.0277  0 31 t 12    0.0278  0 31 x 07
0.0443  0 31 t 12    0.0443  0 29 x 10    0.0278  0 29 x 10    0.0278  0 31 t 12
0.0443  0 30 x 07    0.0443  0 31 t 12    0.0278  0 31 x 07    0.0278  0 29 x 10
0.0443  0 28 x 10    0.0443  0 28 x 07    0.0280  0 28 x 10    0.0280  0 28 x 10
0.0443  0 29 x 10    0.0444  0 28 x 10    0.0280  0 30 x 07    0.0280  0 28 t 07
0.0443  0 28 x 07    0.0444  0 28 t 07    0.0280  0 28 t 07    0.0280  0 30 x 07
0.0444  0 28 t 07    0.0444  0 30 x 07    0.0281  0 04 x 08    0.0281  0 04 x 08
0.0444  0 30 t 10    0.0445  0 30 t 10    0.0281  0 30 t 12    0.0281  0 28 x 07
0.0445  0 30 t 12    0.0445  0 30 t 12    0.0281  0 28 x 07    0.0281  0 27 t 12
0.0447  0 31 t 10    0.0447  0 31 t 10    0.0281  0 27 t 12    0.0282  0 30 t 10
0.0449  0 05 x 08    0.0449  0 05 x 08    0.0281  0 30 t 10    0.0284  0 01 x 08
0.0451  0 27 t 12    0.0451  0 27 t 12    0.0282  0 31 t 10    0.0284  0 31 t 10
0.0451  0 30 t 07    0.0452  0 30 t 07    0.0284  0 29 t 07    0.0284  0 29 t 07
0.0453  0 04 x 08    0.0453  0 29 t 07    0.0285  0 29 t 08    0.0285  0 31 t 07
0.0453  0 29 t 07    0.0453  0 31 t 07    0.0285  0 01 x 08    0.0285  0 30 t 12
0.0454  0 31 t 07    0.0453  0 04 x 08    0.0285  0 31 t 07    0.0286  0 29 t 08
0.0455  0 27 t 10    0.0455  0 27 t 10    0.0286  0 27 t 10    0.0286  0 27 t 10
0.0457  0 29 t 08    0.0457  0 29 t 08    0.0287  0 30 t 07    0.0286  0 27 x 07
0.0458  0 31 t 08    0.0458  0 31 t 08    0.0287  0 27 x 07    0.0287  0 30 t 07
0.0458  0 27 x 07    0.0458  0 30 t 08    0.0288  0 01 x 12    0.0288  0 01 x 10
0.0458  0 30 t 08    0.0458  0 27 x 07    0.0288  0 30 t 08    0.0288  0 30 t 08
0.0458  0 05 t 08    0.0458  0 05 t 08    0.0289  0 31 t 08    0.0289  0 31 t 08
0.0459  0 01 x 08    0.0459  0 01 x 08    0.0289  0 00 x 08    0.0289  0 00 x 08
0.0462  0 00 x 08    0.0462  0 00 x 08    0.0290  0 04 x 12    0.0289  0 04 x 12
0.0463  0 04 t 08    0.0463  0 04 t 08    0.0290  0 04 t 08    0.0290  0 01 x 12
0.0464  0 27 t 08    0.0463  0 27 t 08    0.0290  0 01 x 10    0.0291  0 27 t 08
0.0465  0 03 x 12    0.0465  0 03 x 12    0.0291  0 27 t 08    0.0293  0 04 t 08
0.0466  0 00 x 12    0.0465  0 00 x 12    0.0293  0 00 x 12    0.0294  0 28 t 06
0.0466  0 01 x 12    0.0466  0 01 x 12    0.0293  0 28 t 06    0.0294  0 31 x 06
0.0466  0 05 t 12    0.0467  0 05 x 12    0.0294  0 31 x 06    0.0294  0 29 x 06
0.0467  0 01 x 10    0.0467  0 28 t 06    0.0294  0 29 x 06    0.0294  0 28 x 06
0.0467  0 05 x 12    0.0467  0 05 t 12    0.0294  0 04 x 10    0.0294  0 00 x 10
0.0467  0 28 t 06    0.0468  0 05 t 10    0.0294  0 00 x 10    0.0294  0 01 x 07
0.0467  0 04 x 12    0.0469  0 05 x 07    0.0294  0 01 x 07    0.0295  0 03 x 12
0.0468  0 05 t 10    0.0469  0 01 x 10    0.0294  0 28 x 06    0.0295  0 00 x 12
0.0469  0 05 x 07    0.0469  0 05 t 07    0.0295  0 01 t 08    0.0296  0 04 x 10
0.0470  0 05 x 10    0.0469  0 29 x 06    0.0295  0 03 x 12    0.0296  0 00 x 07
0.0470  0 05 t 07    0.0470  0 05 x 10    0.0296  0 30 x 06    0.0297  0 04 x 07
0.0470  0 29 x 06    0.0471  0 01 x 07    0.0296  0 00 x 07    0.0297  0 30 x 06
0.0471  0 00 t 08    0.0471  0 28 x 06    0.0296  0 04 x 07    0.0299  0 05 x 08
0.0471  0 31 x 06    0.0471  0 00 t 08    0.0299  0 05 x 08    0.0299  0 30 t 06
0.0471  0 01 t 08    0.0471  0 00 x 10    0.0299  0 30 t 06    0.0299  0 01 t 06
0.0471  0 28 x 06    0.0471  0 01 t 08    0.0299  0 00 t 08    0.0299  0 01 x 06
0.0472  0 01 x 07    0.0471  0 31 x 06    0.0299  0 01 t 12    0.0300  0 01 t 07
0.0472  0 00 x 10    0.0472  0 04 x 12    0.0299  0 01 x 06    0.0301  0 27 t 07
0.0473  0 30 x 06    0.0473  0 30 x 06    0.0300  0 01 t 06    0.0301  0 00 t 10
0.0473  0 30 t 06    0.0473  0 30 t 06    0.0300  0 04 t 07    0.0301  0 00 t 07
0.0473  0 06 x 08    0.0473  0 06 x 08    0.0300  0 01 t 07    0.0301  0 01 t 10
0.0473  0 04 x 10    0.0473  0 04 x 10    0.0301  0 27 t 07    0.0301  0 01 t 12
0.0475  0 00 x 07    0.0474  0 00 x 07    0.0301  0 00 t 07    0.0302  0 04 t 12
0.0475  0 06 t 08    0.0475  0 06 t 08    0.0302  0 00 t 12    0.0302  0 04 t 07
0.0475  0 00 t 10    0.0475  0 00 t 10    0.0302  0 05 t 08    0.0302  0 05 t 08
0.0476  0 00 t 07    0.0476  0 00 t 07    0.0303  0 01 t 10    0.0302  0 00 t 12
0.0478  0 01 t 12    0.0477  0 01 t 12    0.0303  0 00 t 10    0.0303  0 01 t 08
0.0479  0 00 t 12    0.0480  0 01 t 10    0.0303  0 27 x 06    0.0303  0 27 x 06
0.0479  0 01 t 10    0.0480  0 00 t 12    0.0304  0 06 t 08    0.0303  0 00 x 06
0.0480  0 27 t 07    0.0481  0 04 x 07    0.0304  0 00 x 06    0.0304  0 27 t 06
0.0480  0 04 x 07    0.0481  0 27 t 07    0.0304  0 04 t 12    0.0304  0 03 x 10
0.0481  0 04 t 07    0.0481  0 04 t 07    0.0304  0 27 t 06    0.0304  0 06 t 08
0.0481  0 06 t 07    0.0481  0 06 t 07    0.0305  0 03 x 10    0.0306  0 04 x 06
0.0482  0 01 x 06    0.0481  0 01 x 06    0.0306  0 04 x 06    0.0306  0 00 t 08
0.0482  0 06 t 10    0.0482  0 03 x 10    0.0306  0 29 t 06    0.0306  0 31 t 06
0.0482  0 03 x 10    0.0482  0 06 t 10    0.0306  0 31 t 06    0.0307  0 29 t 06
0.0483  0 04 t 12    0.0482  0 04 t 12    0.0307  0 04 t 06    0.0308  0 04 t 06
0.0484  0 01 t 07    0.0485  0 01 t 06    0.0309  0 05 x 07    0.0309  0 06 x 08
0.0485  0 01 t 06    0.0485  0 01 t 07    0.0309  0 06 x 08    0.0309  0 05 x 07
0.0485  0 06 x 12    0.0485  0 06 x 12    0.0309  0 06 t 07    0.0310  0 05 t 10
0.0486  0 06 t 12    0.0486  0 05 t 06    0.0310  0 05 t 10    0.0310  0 06 t 07
0.0486  0 05 t 06    0.0487  0 06 x 10    0.0311  0 03 x 08    0.0311  0 03 x 08
0.0487  0 27 x 06    0.0487  0 06 t 12    0.0312  0 04 t 10    0.0312  0 04 t 10
0.0487  0 06 x 10    0.0487  0 27 x 06    0.0313  0 05 x 10    0.0312  0 05 t 12
0.0488  0 31 t 06    0.0488  0 31 t 06    0.0313  0 06 t 10    0.0313  0 06 t 10
0.0488  0 00 x 06    0.0488  0 29 t 06    0.0313  0 05 x 12    0.0314  0 05 x 10
0.0488  0 29 t 06    0.0488  0 00 x 06    0.0314  0 05 t 07    0.0314  0 05 x 12
0.0489  0 05 x 06    0.0489  0 05 x 06    0.0314  0 05 t 06    0.0314  0 05 t 06
0.0489  0 06 x 07    0.0489  0 06 x 07    0.0315  0 05 t 12    0.0315  0 05 t 07
0.0490  0 27 t 06    0.0489  0 27 t 06    0.0316  0 01 t 05    0.0316  0 00 t 06
0.0494  0 03 x 08    0.0494  0 04 x 06    0.0316  0 06 x 07    0.0316  0 01 t 05
0.0495  0 04 x 06    0.0494  0 03 x 08    0.0317  0 00 t 06    0.0316  0 06 x 07
0.0495  0 04 t 10    0.0496  0 04 t 10    0.0318  0 06 t 06    0.0318  0 06 t 06
0.0496  0 04 t 06    0.0496  0 04 t 06    0.0318  0 06 x 12    0.0319  0 05 x 06
0.0496  4 08 t 10    0.0496  4 08 t 10    0.0319  0 06 t 12    0.0320  0 06 x 10
0.0499  0 06 t 06    0.0499  0 06 t 06    0.0319  0 05 x 06    0.0320  0 06 t 12
0.0500  0 07 t 08    0.0503  0 07 t 08    0.0320  0 06 x 10    0.0321  0 31 t 05
0.0508  0 05 t 05    0.0508  0 05 t 05    0.0321  0 31 t 05    0.0322  0 28 t 05
0.0508  4 08 t 12    0.0510  4 08 t 12    0.0322  0 28 t 05    0.0323  0 06 x 12
0.0510  0 00 t 06    0.0510  0 00 t 06    0.0324  4 08 t 10    0.0323  4 08 t 10
0.0510  0 06 x 06    0.0510  0 06 x 06    0.0326  3 08 t 08    0.0326  0 05 t 05
0.0511  4 08 t 08    0.0511  0 07 x 08    0.0326  0 05 t 05    0.0326  0 30 t 05
0.0511  0 07 x 08    0.0512  3 08 t 08    0.0326  0 30 t 05    0.0326  0 27 t 05
0.0512  3 08 t 08    0.0512  4 08 t 08    0.0326  0 27 t 05    0.0327  0 06 x 06
0.0513  0 31 t 05    0.0513  0 31 t 05    0.0327  0 06 x 06    0.0327  3 08 t 08
0.0513  0 28 t 05    0.0513  0 01 t 05    0.0328  3 08 x 10    0.0328  3 08 t 10
0.0513  4 08 x 08    0.0513  4 08 x 08    0.0328  0 29 t 05    0.0328  3 08 x 10
0.0513  0 01 t 05    0.0513  0 28 t 05    0.0328  3 08 t 10    0.0328  0 29 t 05
0.0513  4 08 x 12    0.0514  4 08 x 12    0.0328  0 03 x 07    0.0328  0 03 x 07
0.0514  3 08 x 10    0.0514  3 08 x 10    0.0329  0 00 t 05    0.0329  0 00 t 05
0.0516  3 08 t 10    0.0515  4 08 x 10    0.0331  0 04 x 05    0.0330  0 04 x 05
0.0516  4 08 x 10    0.0516  3 08 t 10    0.0331  4 08 x 12    0.0331  4 08 x 12
0.0520  5 08 t 12    0.0521  5 08 t 08    0.0331  0 00 x 05    0.0331  0 00 x 05
0.0521  5 08 t 08    0.0521  5 08 t 12    0.0332  0 01 x 05    0.0331  0 01 x 05
0.0521  0 30 t 05    0.0521  0 30 t 05    0.0332  4 08 t 08    0.0332  4 08 t 08
0.0522  0 06 t 05    0.0522  0 06 t 05    0.0333  0 06 t 05    0.0333  0 06 t 05
0.0522  0 29 t 05    0.0522  0 29 t 05    0.0333  4 08 x 08    0.0333  4 08 x 08
0.0523  0 03 x 07    0.0523  0 03 x 07    0.0334  0 04 t 05    0.0333  4 08 t 12
0.0524  5 08 x 12    0.0524  5 08 t 10    0.0335  3 08 x 12    0.0334  0 04 t 05
0.0524  5 08 t 10    0.0524  5 08 x 12    0.0335  0 29 x 05    0.0335  0 29 x 05
0.0525  0 27 t 05    0.0524  0 27 t 05    0.0335  4 08 t 12    0.0335  3 08 x 12
0.0525  0 07 x 07    0.0525  0 07 x 07    0.0335  4 08 x 10    0.0337  0 27 x 05
0.0526  3 08 t 12    0.0526  3 08 t 12    0.0336  0 27 x 05    0.0338  4 08 x 10
0.0528  3 08 x 12    0.0528  3 08 x 12    0.0339  0 28 x 05    0.0339  0 28 x 05
0.0530  0 00 t 05    0.0529  4 08 x 07    0.0339  0 05 x 05    0.0340  0 05 x 05
0.0530  4 08 t 07    0.0529  0 00 t 05    0.0340  3 08 x 08    0.0340  3 08 x 08
0.0530  4 08 x 07    0.0529  4 08 t 07    0.0340  0 30 x 05    0.0340  0 30 x 05
0.0530  5 08 x 08    0.0530  0 07 x 12    0.0341  3 08 t 07    0.0341  3 08 t 12
0.0531  0 05 x 05    0.0530  5 08 x 08    0.0343  0 31 x 05    0.0341  3 08 t 07
0.0531  0 07 t 07    0.0531  0 05 x 05    0.0343  4 08 x 07    0.0342  0 31 x 05
0.0532  0 07 x 10    0.0531  0 07 x 10    0.0343  4 08 t 07    0.0343  4 08 x 07
0.0533  5 08 x 10    0.0531  5 08 x 10    0.0344  0 07 t 08    0.0344  3 08 x 07
0.0533  0 07 x 12    0.0532  0 07 t 07    0.0344  3 08 x 07    0.0344  4 08 t 07
0.0534  0 07 x 06    0.0534  0 00 x 05    0.0344  0 06 x 05    0.0344  0 06 x 05
0.0534  0 00 x 05    0.0534  0 07 x 06    0.0349  0 03 x 06    0.0345  0 07 t 08
0.0535  5 08 t 07    0.0535  0 04 x 05    0.0349  3 08 t 12    0.0349  0 03 x 06
0.0535  0 04 x 05    0.0536  0 01 x 05    0.0350  3 08 t 06    0.0350  4 08 t 06
0.0535  0 01 x 05    0.0536  5 08 t 07    0.0350  4 08 t 06    0.0350  3 08 t 06
0.0536  0 07 t 12    0.0537  3 08 x 08    0.0351  0 01 t 04    0.0351  0 01 t 04
0.0537  3 08 x 08    0.0537  0 07 t 10    0.0356  5 08 t 08    0.0354  0 07 x 08
0.0537  0 07 t 10    0.0538  0 07 t 12    0.0356  3 08 x 06    0.0355  5 08 t 08
0.0538  3 08 t 07    0.0538  3 08 t 07    0.0356  0 07 x 08    0.0356  3 08 x 06
0.0539  0 29 x 05    0.0539  0 29 x 05    0.0358  5 08 x 12    0.0358  5 08 t 12
0.0541  0 07 t 06    0.0540  0 04 t 05    0.0358  0 05 t 04    0.0358  5 08 x 12
0.0541  0 04 t 05    0.0541  0 07 t 06    0.0358  0 29 t 04    0.0358  0 05 t 04
0.0541  0 27 x 05    0.0541  0 27 x 05    0.0358  5 08 t 10    0.0358  0 29 t 04
0.0541  3 08 x 07    0.0542  3 08 x 07    0.0359  0 04 t 04    0.0359  5 08 t 10
0.0542  4 08 t 06    0.0542  4 08 t 06    0.0359  4 08 x 06    0.0359  4 08 x 06
0.0543  0 28 x 05    0.0542  0 28 x 05    0.0359  0 31 t 04    0.0359  0 31 t 04
0.0544  0 30 x 05    0.0544  0 30 x 05    0.0360  5 08 x 08    0.0359  0 04 t 04
0.0545  0 06 x 05    0.0544  0 06 x 05    0.0360  0 07 x 07    0.0360  5 08 x 08
0.0547  0 31 x 05    0.0547  0 31 x 05    0.0362  5 08 t 12    0.0360  0 07 x 07
0.0547  5 08 x 07    0.0548  5 08 x 07    0.0362  0 06 t 04    0.0362  0 06 t 04
0.0552  3 08 t 06    0.0552  3 08 t 06    0.0363  0 07 x 06    0.0363  0 07 x 06
0.0556  4 08 x 06    0.0555  4 08 x 06    0.0363  5 08 t 07    0.0363  5 08 x 10
0.0557  0 07 t 05    0.0557  0 07 t 05    0.0363  5 08 x 10    0.0363  5 08 t 07
0.0558  0 03 x 06    0.0557  0 03 x 06    0.0364  0 00 t 04    0.0365  0 28 t 04
0.0563  0 05 t 04    0.0562  0 05 t 04    0.0365  0 28 t 04    0.0365  0 00 t 04
0.0564  3 08 x 06    0.0564  3 08 x 06    0.0366  0 07 t 07    0.0366  0 30 t 04
0.0571  0 06 t 04    0.0571  0 06 t 04    0.0366  0 30 t 04    0.0367  0 07 t 07
0.0573  0 01 t 04    0.0573  0 01 t 04    0.0368  0 07 t 06    0.0368  0 07 t 06
0.0574  5 08 x 06    0.0574  5 08 x 06    0.0369  0 27 t 04    0.0369  0 27 t 04
0.0576  6 08 x 12    0.0577  6 08 x 12    0.0370  0 01 x 04    0.0370  0 01 x 04
0.0576  6 08 t 12    0.0577  5 08 t 06    0.0372  5 08 x 07    0.0372  5 08 x 07
0.0577  5 08 t 06    0.0578  0 07 x 05    0.0373  0 07 x 12    0.0373  0 07 t 12
0.0579  6 08 t 10    0.0578  6 08 t 12    0.0373  0 05 x 04    0.0373  0 05 x 04
0.0580  0 07 x 05    0.0580  0 29 t 04    0.0374  3 08 t 05    0.0374  3 08 t 05
0.0580  0 29 t 04    0.0580  0 31 t 04    0.0374  4 08 t 05    0.0374  4 08 t 05
0.0581  0 31 t 04    0.0581  6 08 t 10    0.0375  0 07 t 05    0.0375  0 07 t 05
0.0582  6 08 t 08    0.0582  6 08 t 08    0.0376  0 07 x 10    0.0375  0 07 x 10
0.0583  4 08 t 05    0.0583  4 08 t 05    0.0378  0 07 t 10    0.0376  0 07 x 12
0.0585  0 04 t 04    0.0584  0 04 t 04    0.0381  0 07 t 12    0.0380  0 07 t 10
0.0587  0 28 t 04    0.0587  0 28 t 04    0.0382  0 31 x 04    0.0382  0 31 x 04
0.0589  0 30 t 04    0.0589  0 30 t 04    0.0382  0 29 x 04    0.0383  0 29 x 04
0.0591  6 08 x 10    0.0591  0 05 x 04    0.0385  0 30 x 04    0.0385  0 30 x 04
0.0591  0 05 x 04    0.0591  6 08 x 10    0.0385  3 08 x 05    0.0385  3 08 x 05
0.0591  0 00 t 04    0.0591  0 00 t 04    0.0385  0 06 x 04    0.0385  0 06 x 04
0.0592  6 08 t 07    0.0592  6 08 t 07    0.0386  0 28 x 04    0.0385  0 00 x 04
0.0594  6 08 x 08    0.0594  6 08 x 08    0.0386  0 00 x 04    0.0386  0 28 x 04
0.0595  3 08 t 05    0.0595  3 08 t 05    0.0387  4 08 x 05    0.0386  0 07 x 05
0.0597  0 27 t 04    0.0597  0 27 t 04    0.0387  0 07 x 05    0.0387  4 08 x 05
0.0603  0 01 x 04    0.0604  4 08 x 05    0.0389  5 08 x 06    0.0389  5 08 x 06
0.0604  4 08 x 05    0.0604  0 01 x 04    0.0390  5 08 t 06    0.0390  5 08 t 06
0.0604  5 08 t 05    0.0604  5 08 t 05    0.0392  0 27 x 04    0.0393  0 27 x 04
0.0607  6 08 x 07    0.0607  6 08 x 07    0.0396  0 03 x 05    0.0396  0 03 x 05
0.0612  0 06 x 04    0.0611  0 06 x 04    0.0405  0 07 t 04    0.0405  0 04 x 04
0.0612  0 07 t 04    0.0612  0 07 t 04    0.0405  0 04 x 04    0.0405  0 07 t 04
0.0615  3 08 x 05    0.0615  3 08 x 05    0.0407  5 08 t 05    0.0406  5 08 t 05
0.0620  0 31 x 04    0.0620  0 31 x 04    0.0412  6 08 x 12    0.0412  6 08 x 12
0.0620  0 29 x 04    0.0620  0 29 x 04    0.0415  6 08 t 10    0.0412  6 08 t 12
0.0623  5 08 x 05    0.0622  5 08 x 05    0.0416  2 08 x 05    0.0416  6 08 t 10
0.0624  0 28 x 04    0.0624  0 30 x 04    0.0417  5 08 x 05    0.0417  2 08 x 05
0.0624  0 30 x 04    0.0624  0 28 x 04    0.0419  6 08 t 08    0.0417  5 08 x 05
0.0629  0 00 x 04    0.0628  0 00 x 04    0.0422  2 08 t 05    0.0420  6 08 t 08
0.0631  6 08 x 06    0.0631  6 08 x 06    0.0422  6 08 t 12    0.0423  2 08 t 05
0.0632  6 08 t 06    0.0633  6 08 t 06    0.0423  6 08 x 10    0.0423  0 01 t 03
0.0636  0 03 x 05    0.0636  0 03 x 05    0.0423  0 01 t 03    0.0423  6 08 x 10
0.0639  0 27 x 04    0.0638  0 27 x 04    0.0424  0 29 t 03    0.0423  0 29 t 03
0.0644  0 04 x 04    0.0644  0 04 x 04    0.0424  0 07 x 04    0.0424  0 07 x 04
0.0647  0 07 x 04    0.0646  0 07 x 04    0.0426  6 08 t 07    0.0426  6 08 x 08
0.0667  2 08 x 05    0.0667  2 08 x 05    0.0426  0 05 t 03    0.0426  0 05 t 03
0.0677  2 08 t 05    0.0677  2 08 t 05    0.0426  6 08 x 08    0.0427  0 04 t 03
0.0678  6 08 t 05    0.0678  6 08 t 05    0.0427  0 04 t 03    0.0428  6 08 t 07
0.0687  4 08 t 04    0.0687  0 05 t 03    0.0429  3 08 t 04    0.0430  3 08 t 04
0.0687  0 05 t 03    0.0688  4 08 t 04    0.0432  0 31 t 03    0.0432  0 31 t 03
0.0688  5 08 t 04    0.0688  5 08 t 04    0.0434  6 08 x 07    0.0433  6 08 x 07
0.0689  3 08 t 04    0.0689  3 08 t 04    0.0436  0 06 t 03    0.0435  0 06 t 03
0.0697  0 06 t 03    0.0697  0 06 t 03    0.0436  0 28 t 03    0.0436  0 28 t 03
0.0698  0 29 t 03    0.0698  0 29 t 03    0.0436  0 30 t 03    0.0436  0 30 t 03
0.0699  0 01 t 03    0.0699  0 01 t 03    0.0440  0 27 t 03    0.0439  0 00 t 03
0.0705  0 04 t 03    0.0705  0 04 t 03    0.0440  0 00 t 03    0.0441  0 27 t 03
0.0710  6 08 x 05    0.0710  6 08 x 05    0.0444  4 08 t 04    0.0444  4 08 t 04
0.0711  0 31 t 03    0.0711  4 08 x 04    0.0445  3 08 x 04    0.0445  3 08 x 04
0.0711  4 08 x 04    0.0711  0 31 t 03    0.0451  6 08 x 06    0.0451  6 08 x 06
0.0713  0 28 t 03    0.0713  0 28 t 03    0.0453  6 08 t 06    0.0452  6 08 t 06
0.0713  0 30 t 03    0.0713  0 30 t 03    0.0454  0 01 x 03    0.0454  0 04 x 03
0.0716  3 08 x 04    0.0716  3 08 x 04    0.0454  0 04 x 03    0.0454  0 01 x 03
0.0719  0 00 t 03    0.0723  0 00 t 03    0.0457  0 05 x 03    0.0457  0 05 x 03
0.0724  0 27 t 03    0.0724  0 27 t 03    0.0457  5 08 t 04    0.0457  5 08 t 04
0.0727  0 07 t 03    0.0728  0 07 t 03    0.0458  4 08 x 04    0.0458  4 08 x 04
0.0732  5 08 x 04    0.0732  5 08 x 04    0.0463  0 03 x 04    0.0464  0 29 x 03
0.0739  0 05 x 03    0.0739  0 05 x 03    0.0464  0 29 x 03    0.0465  0 03 x 04
0.0749  0 03 x 04    0.0749  0 03 x 04    0.0466  0 31 x 03    0.0466  0 31 x 03
0.0751  0 01 x 03    0.0752  0 01 x 03    0.0466  0 00 x 03    0.0466  0 00 x 03
0.0753  0 04 x 03    0.0752  0 04 x 03    0.0467  0 06 x 03    0.0467  0 06 x 03
0.0755  0 06 x 03    0.0756  0 06 x 03    0.0468  0 28 x 03    0.0469  0 28 x 03
0.0766  6 08 t 04    0.0765  0 29 x 03    0.0470  0 07 t 03    0.0470  0 07 t 03
0.0766  0 29 x 03    0.0766  6 08 t 04    0.0470  0 30 x 03    0.0470  0 30 x 03
0.0767  0 31 x 03    0.0767  0 31 x 03    0.0482  2 08 t 04    0.0482  2 08 t 04
0.0770  0 00 x 03    0.0770  0 00 x 03    0.0482  0 27 x 03    0.0482  6 08 t 05
0.0771  0 28 x 03    0.0771  0 28 x 03    0.0482  6 08 t 05    0.0484  0 27 x 03
0.0773  0 30 x 03    0.0773  0 30 x 03    0.0491  5 08 x 04    0.0491  5 08 x 04
0.0778  2 08 t 04    0.0778  2 08 t 04    0.0496  0 07 x 03    0.0496  0 07 x 03
0.0779  0 07 x 03    0.0779  0 07 x 03    0.0503  6 08 x 05    0.0503  6 08 x 05
0.0799  0 27 x 03    0.0800  0 27 x 03    0.0505  4 08 t 03    0.0504  4 08 t 03
0.0809  4 08 t 03    0.0809  4 08 t 03    0.0518  2 08 x 04    0.0518  2 08 x 04
0.0819  6 08 x 04    0.0820  6 08 x 04    0.0528  3 08 t 03    0.0528  3 08 t 03
0.0829  2 08 x 04    0.0829  2 08 x 04    0.0532  4 08 x 03    0.0533  4 08 x 03
0.0830  5 08 t 03    0.0830  5 08 t 03    0.0539  6 08 t 04    0.0539  6 08 t 04
0.0852  7 08 t 05    0.0852  7 08 t 05    0.0540  5 08 t 03    0.0540  5 08 t 03
0.0856  4 08 x 03    0.0856  4 08 x 03    0.0542  3 08 x 03    0.0542  3 08 x 03
0.0863  7 08 x 05    0.0862  7 08 x 05    0.0549  1 08 x 05    0.0549  1 08 x 05
0.0872  3 08 t 03    0.0872  3 08 t 03    0.0549  1 08 t 05    0.0549  1 08 t 05
0.0876  5 08 x 03    0.0877  5 08 x 03    0.0568  5 08 x 03    0.0568  5 08 x 03
0.0886  1 08 x 05    0.0886  1 08 x 05    0.0575  0 03 x 03    0.0575  0 03 x 03
0.0886  3 08 x 03    0.0886  1 08 t 05    0.0580  6 08 x 04    0.0580  6 08 x 04
0.0886  1 08 t 05    0.0887  3 08 x 03    0.0593  2 08 t 03    0.0593  2 08 t 03
0.0918  6 08 t 03    0.0919  6 08 t 03    0.0608  2 08 x 03    0.0609  2 08 x 03
0.0941  0 03 x 03    0.0942  0 03 x 03    0.0634  6 08 t 03    0.0634  6 08 t 03
0.0964  6 08 x 03    0.0964  6 08 x 03    0.0649  1 08 x 04    0.0649  1 08 x 04
0.0972  2 08 t 03    0.0971  2 08 t 03    0.0649  1 08 t 04    0.0649  1 08 t 04
0.0990  7 08 t 04    0.0991  7 08 t 04    0.0661  7 08 t 05    0.0660  7 08 t 05
0.0993  7 08 x 04    0.0992  7 08 x 04    0.0663  6 08 x 03    0.0664  6 08 x 03
0.0994  2 08 x 03    0.0995  2 08 x 03    0.0666  7 08 x 05    0.0666  7 08 x 05
0.1055  1 08 t 04    0.1054  1 08 x 04    0.0758  7 08 x 04    0.0757  7 08 x 04
0.1056  1 08 x 04    0.1054  1 08 t 04    0.0772  7 08 t 04    0.0770  7 08 t 04
0.1122  7 08 t 03    0.1121  7 08 t 03    0.0803  1 08 x 03    0.0803  1 08 x 03
0.1172  7 08 x 03    0.1173  7 08 x 03    0.0803  1 08 t 03    0.0803  1 08 t 03
0.1316  1 08 t 03    0.1317  1 08 t 03    0.0850  7 08 t 03    0.0850  7 08 t 03
0.1318  1 08 x 03    0.1320  1 08 x 03    0.0880  7 08 x 03    0.0880  7 08 x 03
0.1500  0 02 x 05    0.1499  0 02 x 05    0.0927  0 02 x 05    0.0926  0 02 x 05
0.1500  0 02 x 06    0.1503  0 02 x 06    0.0930  0 02 x 06    0.0930  0 02 x 06
0.1503  0 02 x 07    0.1505  0 02 x 07    0.0934  0 02 x 03    0.0935  0 02 x 07
0.1507  0 02 x 08    0.1506  0 02 x 08    0.0934  0 02 x 07    0.0936  0 02 x 03
0.1516  0 02 x 04    0.1515  0 02 x 04    0.0938  0 02 x 08    0.0939  0 02 x 04
0.1519  0 02 x 03    0.1519  0 02 x 03    0.0939  0 02 x 04    0.0940  0 02 x 08
0.1653  0 02 x 10    0.1655  0 02 x 10    0.1031  0 02 x 10    0.1034  0 02 x 10
0.1745  0 02 x 12    0.1747  0 02 x 12    0.1091  0 02 x 12    0.1086  0 02 x 12
---Benchmark Program Finished---