
jeffreyhurchalla@Jeffreys-MacBook-Air montgomery_two_pow % ./testbench.sh g++ O3 MontgomeryHalf uint64_t 191 8 22 -DHURCHALLA_MONTGOMERY_TWO_POW_USE_CSELECT_ON_BIT -DHURCHALLA_ALLOW_INLINE_ASM_ALL 
compilation finished, now executing:
---Running Program---

begin benchmarks - array two_pow
(ignore)9396906668420442482

OVERALL BEST:
0.1316  0 28 x 07
0.1321  0 30 x 08
0.1326  0 28 x 08
0.1336  0 31 x 08
0.1347  0 29 x 10
0.1356  0 31 x 12
0.1358  0 30 x 07
0.1358  0 29 x 08
0.1359  0 28 x 10
0.1359  0 29 x 07
0.1360  0 31 x 10
0.1360  0 29 x 12
0.1364  0 30 x 10
0.1364  0 28 x 12
0.1369  0 28 x 06
0.1370  0 30 x 12
0.1376  0 31 x 07
0.1378  0 27 x 07
0.1387  0 30 x 06
0.1388  0 01 x 07
0.1388  0 27 x 08
0.1396  0 27 x 10
0.1399  0 27 x 12
0.1400  0 01 x 06
0.1401  0 29 x 06
0.1408  0 31 x 06
0.1420  0 05 x 08
0.1423  0 00 x 08
0.1429  0 01 x 08
0.1429  0 04 x 07
0.1433  0 05 x 06
0.1435  0 04 x 06
0.1437  0 01 x 10
0.1440  0 01 x 12
0.1441  0 27 x 06
0.1441  0 00 x 07
0.1441  0 05 x 12
0.1443  0 04 x 08
0.1444  0 04 x 12
0.1450  0 04 x 10
0.1456  0 05 x 10
0.1468  0 00 x 10
0.1470  0 00 x 06
0.1471  0 00 x 12
0.1477  0 30 x 05
0.1485  0 28 x 05
0.1489  0 05 x 07
0.1491  0 06 x 08
0.1491  0 31 x 05
0.1493  0 05 x 05
0.1493  0 29 x 05
0.1521  0 00 x 05
0.1534  0 06 x 06
0.1537  0 06 x 05
0.1542  0 06 x 10
0.1548  0 06 x 07
0.1550  0 27 x 05
0.1552  0 01 x 05
0.1554  0 03 x 10
0.1565  0 03 x 08
0.1580  0 06 x 12
0.1603  4 08 x 08
0.1609  4 08 x 07
0.1615  0 04 x 05
0.1625  3 08 x 08
0.1626  4 08 x 06
0.1628  4 08 x 10
0.1633  0 03 x 12
0.1640  4 08 x 12
0.1652  0 05 x 04
0.1654  3 08 x 07
0.1656  3 08 x 06
0.1663  0 03 x 07
0.1668  0 04 x 04
0.1676  5 08 x 08
0.1677  3 08 x 12
0.1690  3 08 x 10
0.1691  5 08 x 07
0.1700  0 06 x 04
0.1701  0 00 x 04
0.1702  5 08 x 12
0.1705  5 08 x 10
0.1705  0 29 x 04
0.1713  0 31 x 04
0.1713  0 07 x 05
0.1715  0 07 x 08
0.1715  0 28 x 04
0.1717  4 08 x 05
0.1719  0 03 x 06
0.1721  0 01 x 04
0.1738  5 08 x 06
0.1742  3 08 x 05
0.1742  0 07 x 07
0.1754  0 07 x 06
0.1764  0 27 x 04
0.1780  5 08 x 05
0.1795  0 30 x 04
0.1826  0 07 x 12
0.1849  0 07 x 10
0.1871  0 07 x 04
0.1906  6 08 x 08
0.1928  2 08 x 05
0.1934  4 08 x 04
0.1937  6 08 x 10
0.1948  6 08 x 12
0.1976  6 08 x 07
0.1977  3 08 x 04
0.1988  0 03 x 05
0.1996  5 08 x 04
0.2001  6 08 x 06
0.2012  0 04 x 03
0.2025  0 05 x 03
0.2048  0 00 x 03
0.2069  0 06 x 03
0.2080  6 08 x 05
0.2115  0 31 x 03
0.2118  0 29 x 03
0.2119  0 30 x 03
0.2134  0 28 x 03
0.2165  0 01 x 03
0.2183  2 08 x 04
0.2191  0 27 x 03
0.2245  0 07 x 03
0.2254  0 03 x 04
0.2283  4 08 x 03
0.2300  6 08 x 04
0.2385  3 08 x 03
0.2389  5 08 x 03
0.2578  1 08 x 05
0.2656  2 08 x 03
0.2739  7 08 x 05
0.2747  0 03 x 03
0.2777  6 08 x 03
0.2879  1 08 x 04
0.3037  7 08 x 04
0.3558  1 08 x 03
0.3661  7 08 x 03
0.4623  0 02 x 07
0.4626  0 02 x 08
0.4631  0 02 x 06
0.4727  0 02 x 05
0.4736  0 02 x 03
0.4744  0 02 x 04
0.5035  0 02 x 10
0.5455  0 02 x 12
Timings By Test Type:
0.0401  0 28 x 07    0.0401  0 28 x 07    0.0257  0 28 x 07    0.0257  0 28 x 07
0.0403  0 30 x 08    0.0403  0 30 x 08    0.0257  0 30 x 08    0.0257  0 30 x 08
0.0404  0 28 x 08    0.0405  0 28 x 08    0.0257  0 28 x 08    0.0259  0 28 x 08
0.0408  0 31 x 08    0.0409  0 31 x 08    0.0260  0 31 x 08    0.0260  0 31 x 08
0.0412  0 29 x 10    0.0412  0 29 x 10    0.0261  0 29 x 10    0.0261  0 29 x 10
0.0413  0 30 x 07    0.0414  0 30 x 07    0.0263  0 31 x 12    0.0262  0 29 x 08
0.0415  0 28 x 10    0.0415  0 28 x 10    0.0263  0 29 x 12    0.0263  0 31 x 12
0.0416  0 31 x 12    0.0415  0 31 x 12    0.0263  0 29 x 08    0.0263  0 29 x 12
0.0416  0 29 x 07    0.0416  0 29 x 07    0.0264  0 31 x 10    0.0264  0 31 x 10
0.0416  0 29 x 08    0.0416  0 31 x 10    0.0264  0 29 x 07    0.0264  0 29 x 07
0.0416  0 31 x 10    0.0417  0 29 x 08    0.0264  0 28 x 12    0.0264  0 28 x 10
0.0417  0 30 x 10    0.0417  0 30 x 10    0.0264  0 28 x 10    0.0264  0 28 x 12
0.0417  0 29 x 12    0.0417  0 29 x 12    0.0265  0 30 x 10    0.0265  0 30 x 07
0.0418  0 28 x 12    0.0418  0 28 x 12    0.0265  0 30 x 07    0.0266  0 30 x 10
0.0418  0 28 x 06    0.0418  0 28 x 06    0.0266  0 30 x 12    0.0266  0 30 x 12
0.0419  0 30 x 12    0.0419  0 30 x 12    0.0266  0 28 x 06    0.0266  0 28 x 06
0.0421  0 31 x 07    0.0421  0 31 x 07    0.0267  0 31 x 07    0.0267  0 31 x 07
0.0422  0 27 x 07    0.0421  0 27 x 07    0.0267  0 27 x 07    0.0267  0 27 x 07
0.0423  0 30 x 06    0.0423  0 30 x 06    0.0269  0 27 x 08    0.0270  0 27 x 08
0.0424  0 01 x 07    0.0425  0 01 x 07    0.0269  0 01 x 07    0.0270  0 01 x 07
0.0425  0 27 x 08    0.0425  0 27 x 08    0.0270  0 30 x 06    0.0270  0 27 x 12
0.0428  0 27 x 10    0.0428  0 01 x 06    0.0270  0 27 x 12    0.0270  0 27 x 10
0.0428  0 29 x 06    0.0428  0 27 x 10    0.0270  0 27 x 10    0.0271  0 30 x 06
0.0428  0 01 x 06    0.0428  0 05 x 08    0.0272  0 29 x 06    0.0272  0 01 x 06
0.0428  0 05 x 08    0.0429  0 29 x 06    0.0272  0 01 x 06    0.0272  0 29 x 06
0.0429  0 27 x 12    0.0429  0 27 x 12    0.0273  0 31 x 06    0.0274  0 31 x 06
0.0431  0 31 x 06    0.0431  0 31 x 06    0.0275  0 00 x 08    0.0275  0 00 x 08
0.0432  0 05 x 06    0.0433  0 05 x 06    0.0278  0 04 x 07    0.0278  0 01 x 08
0.0433  0 05 x 12    0.0433  0 05 x 12    0.0278  0 01 x 08    0.0278  0 00 x 07
0.0436  0 01 x 08    0.0436  0 04 x 07    0.0279  0 00 x 07    0.0278  0 04 x 07
0.0437  0 04 x 07    0.0436  0 01 x 08    0.0279  0 04 x 06    0.0279  0 04 x 06
0.0437  0 00 x 08    0.0437  0 00 x 08    0.0280  0 27 x 06    0.0280  0 27 x 06
0.0438  0 04 x 06    0.0438  0 04 x 06    0.0280  0 01 x 10    0.0280  0 01 x 10
0.0438  0 01 x 10    0.0439  0 01 x 10    0.0281  0 05 x 08    0.0281  0 04 x 08
0.0439  0 01 x 12    0.0439  0 01 x 12    0.0281  0 04 x 08    0.0281  0 01 x 12
0.0439  0 05 x 10    0.0439  0 05 x 10    0.0281  0 01 x 12    0.0282  0 04 x 12
0.0440  0 27 x 06    0.0440  0 04 x 12    0.0282  0 04 x 12    0.0282  0 05 x 08
0.0440  0 04 x 12    0.0440  0 27 x 06    0.0282  0 04 x 10    0.0282  0 04 x 10
0.0440  0 04 x 08    0.0441  0 04 x 08    0.0283  0 00 x 06    0.0283  0 00 x 06
0.0442  0 00 x 07    0.0442  0 00 x 07    0.0284  0 05 x 06    0.0284  0 05 x 06
0.0442  0 04 x 10    0.0442  0 04 x 10    0.0284  0 00 x 12    0.0284  0 00 x 10
0.0446  0 06 x 08    0.0446  0 06 x 08    0.0284  0 00 x 10    0.0284  0 00 x 12
0.0449  0 05 x 07    0.0449  0 05 x 07    0.0287  0 30 x 05    0.0287  0 30 x 05
0.0449  0 00 x 10    0.0450  0 00 x 10    0.0287  0 05 x 12    0.0287  0 05 x 12
0.0451  0 05 x 05    0.0451  0 00 x 12    0.0288  0 31 x 05    0.0288  0 31 x 05
0.0451  0 30 x 05    0.0451  0 30 x 05    0.0288  0 28 x 05    0.0288  0 28 x 05
0.0451  0 00 x 12    0.0452  0 05 x 05    0.0289  0 29 x 05    0.0289  0 29 x 05
0.0452  0 00 x 06    0.0452  0 00 x 06    0.0289  0 05 x 10    0.0290  0 05 x 10
0.0455  0 28 x 05    0.0455  0 28 x 05    0.0294  0 00 x 05    0.0294  0 00 x 05
0.0458  0 31 x 05    0.0458  0 31 x 05    0.0295  0 05 x 05    0.0295  0 05 x 05
0.0458  0 29 x 05    0.0458  0 29 x 05    0.0296  0 05 x 07    0.0295  0 05 x 07
0.0458  0 06 x 10    0.0458  0 06 x 06    0.0299  0 27 x 05    0.0299  0 27 x 05
0.0458  0 06 x 06    0.0458  0 06 x 10    0.0300  0 06 x 08    0.0300  0 06 x 08
0.0463  0 06 x 05    0.0463  0 06 x 05    0.0301  0 01 x 05    0.0301  0 01 x 05
0.0464  0 06 x 07    0.0465  0 06 x 07    0.0303  0 03 x 10    0.0303  0 03 x 10
0.0467  0 06 x 12    0.0466  0 00 x 05    0.0305  0 03 x 08    0.0305  0 03 x 08
0.0467  0 00 x 05    0.0467  0 06 x 12    0.0306  0 06 x 05    0.0306  0 06 x 05
0.0474  0 03 x 10    0.0474  0 03 x 10    0.0309  0 06 x 06    0.0309  0 06 x 06
0.0475  0 01 x 05    0.0475  0 01 x 05    0.0309  0 06 x 07    0.0309  0 06 x 07
0.0476  0 27 x 05    0.0476  0 27 x 05    0.0312  0 04 x 05    0.0312  0 04 x 05
0.0478  0 03 x 08    0.0477  0 03 x 08    0.0313  0 06 x 10    0.0313  0 06 x 10
0.0484  4 08 x 08    0.0484  4 08 x 08    0.0317  4 08 x 08    0.0318  4 08 x 08
0.0486  4 08 x 07    0.0486  4 08 x 07    0.0318  0 03 x 12    0.0318  0 03 x 12
0.0491  4 08 x 10    0.0492  4 08 x 06    0.0318  4 08 x 07    0.0318  4 08 x 07
0.0491  4 08 x 06    0.0492  4 08 x 10    0.0319  3 08 x 08    0.0319  3 08 x 08
0.0494  3 08 x 08    0.0494  3 08 x 08    0.0322  4 08 x 06    0.0322  4 08 x 06
0.0495  0 04 x 05    0.0495  0 04 x 05    0.0322  4 08 x 10    0.0323  0 05 x 04
0.0496  4 08 x 12    0.0496  4 08 x 12    0.0323  0 05 x 04    0.0323  0 06 x 12
0.0498  5 08 x 08    0.0498  5 08 x 08    0.0323  0 06 x 12    0.0323  0 04 x 04
0.0499  0 03 x 12    0.0498  0 03 x 12    0.0323  0 04 x 04    0.0323  4 08 x 10
0.0502  0 07 x 08    0.0502  5 08 x 07    0.0323  0 03 x 07    0.0323  0 03 x 07
0.0502  5 08 x 07    0.0502  0 07 x 08    0.0324  3 08 x 06    0.0324  3 08 x 06
0.0503  3 08 x 07    0.0503  3 08 x 07    0.0324  3 08 x 07    0.0324  3 08 x 07
0.0503  0 05 x 04    0.0503  3 08 x 06    0.0324  4 08 x 12    0.0324  4 08 x 12
0.0504  5 08 x 12    0.0503  0 05 x 04    0.0326  0 00 x 04    0.0326  0 29 x 04
0.0504  3 08 x 06    0.0504  5 08 x 12    0.0327  0 29 x 04    0.0327  0 00 x 04
0.0505  5 08 x 10    0.0504  5 08 x 10    0.0328  0 31 x 04    0.0328  0 31 x 04
0.0507  0 07 x 05    0.0507  0 07 x 05    0.0330  0 28 x 04    0.0330  0 28 x 04
0.0508  3 08 x 12    0.0508  0 03 x 07    0.0331  3 08 x 12    0.0330  3 08 x 12
0.0508  0 03 x 07    0.0508  3 08 x 12    0.0332  3 08 x 10    0.0332  3 08 x 10
0.0511  0 04 x 04    0.0511  0 04 x 04    0.0333  0 03 x 06    0.0333  0 03 x 06
0.0513  3 08 x 10    0.0513  3 08 x 10    0.0335  0 06 x 04    0.0335  0 06 x 04
0.0513  0 07 x 07    0.0513  0 07 x 07    0.0336  0 01 x 04    0.0336  0 01 x 04
0.0514  0 06 x 04    0.0515  0 06 x 04    0.0337  0 27 x 04    0.0338  0 27 x 04
0.0516  5 08 x 06    0.0516  5 08 x 06    0.0339  4 08 x 05    0.0340  4 08 x 05
0.0516  0 07 x 06    0.0516  0 07 x 06    0.0340  5 08 x 08    0.0340  5 08 x 08
0.0519  4 08 x 05    0.0519  4 08 x 05    0.0341  3 08 x 05    0.0341  3 08 x 05
0.0524  0 00 x 04    0.0524  0 00 x 04    0.0344  5 08 x 07    0.0344  5 08 x 07
0.0524  0 01 x 04    0.0525  0 01 x 04    0.0347  5 08 x 12    0.0348  5 08 x 12
0.0526  0 29 x 04    0.0526  0 29 x 04    0.0348  5 08 x 10    0.0348  5 08 x 10
0.0526  0 03 x 06    0.0526  0 03 x 06    0.0349  0 07 x 05    0.0349  0 07 x 05
0.0527  0 28 x 04    0.0527  0 31 x 04    0.0350  0 30 x 04    0.0350  0 30 x 04
0.0529  5 08 x 05    0.0527  0 28 x 04    0.0353  5 08 x 06    0.0353  5 08 x 06
0.0529  0 31 x 04    0.0529  5 08 x 05    0.0355  0 07 x 08    0.0356  0 07 x 08
0.0530  3 08 x 05    0.0530  3 08 x 05    0.0358  0 07 x 07    0.0358  0 07 x 07
0.0530  0 07 x 12    0.0530  0 07 x 12    0.0361  5 08 x 05    0.0361  0 07 x 06
0.0537  0 07 x 10    0.0537  0 07 x 10    0.0361  0 07 x 06    0.0361  5 08 x 05
0.0545  0 27 x 04    0.0544  0 27 x 04    0.0376  2 08 x 05    0.0376  2 08 x 05
0.0547  0 30 x 04    0.0547  0 30 x 04    0.0378  0 07 x 04    0.0378  0 07 x 04
0.0553  6 08 x 08    0.0552  6 08 x 08    0.0381  4 08 x 04    0.0382  4 08 x 04
0.0558  0 07 x 04    0.0558  0 07 x 04    0.0383  0 07 x 12    0.0383  0 07 x 12
0.0565  6 08 x 10    0.0564  6 08 x 10    0.0385  0 03 x 05    0.0385  0 03 x 05
0.0566  6 08 x 12    0.0565  6 08 x 12    0.0385  3 08 x 04    0.0386  3 08 x 04
0.0573  6 08 x 07    0.0573  6 08 x 07    0.0386  0 04 x 03    0.0386  0 04 x 03
0.0580  6 08 x 06    0.0580  6 08 x 06    0.0388  0 07 x 10    0.0387  0 07 x 10
0.0585  4 08 x 04    0.0586  4 08 x 04    0.0390  0 00 x 03    0.0390  0 00 x 03
0.0587  2 08 x 05    0.0589  2 08 x 05    0.0391  0 05 x 03    0.0391  0 05 x 03
0.0596  5 08 x 04    0.0597  5 08 x 04    0.0401  6 08 x 08    0.0400  6 08 x 08
0.0602  6 08 x 05    0.0602  6 08 x 05    0.0401  5 08 x 04    0.0401  5 08 x 04
0.0602  3 08 x 04    0.0603  3 08 x 04    0.0402  0 31 x 03    0.0402  0 31 x 03
0.0609  0 03 x 05    0.0609  0 03 x 05    0.0402  0 29 x 03    0.0402  0 29 x 03
0.0620  0 04 x 03    0.0620  0 04 x 03    0.0404  0 06 x 03    0.0403  0 30 x 03
0.0621  0 05 x 03    0.0622  0 05 x 03    0.0404  6 08 x 10    0.0404  0 06 x 03
0.0631  0 06 x 03    0.0631  0 06 x 03    0.0404  0 30 x 03    0.0404  6 08 x 10
0.0634  0 00 x 03    0.0634  0 00 x 03    0.0406  0 28 x 03    0.0406  0 28 x 03
0.0656  0 31 x 03    0.0655  0 31 x 03    0.0408  6 08 x 12    0.0408  6 08 x 12
0.0656  0 30 x 03    0.0655  0 30 x 03    0.0415  6 08 x 07    0.0415  6 08 x 07
0.0657  0 29 x 03    0.0656  0 29 x 03    0.0416  0 27 x 03    0.0415  0 27 x 03
0.0661  0 28 x 03    0.0661  0 28 x 03    0.0421  6 08 x 06    0.0421  6 08 x 06
0.0661  0 01 x 03    0.0661  0 01 x 03    0.0421  0 01 x 03    0.0421  0 01 x 03
0.0670  2 08 x 04    0.0671  2 08 x 04    0.0421  2 08 x 04    0.0421  2 08 x 04
0.0671  6 08 x 04    0.0671  6 08 x 04    0.0434  0 03 x 04    0.0434  0 03 x 04
0.0677  0 07 x 03    0.0677  0 07 x 03    0.0438  6 08 x 05    0.0438  6 08 x 05
0.0680  0 27 x 03    0.0680  0 27 x 03    0.0439  4 08 x 03    0.0439  4 08 x 03
0.0693  0 03 x 04    0.0693  0 03 x 04    0.0446  0 07 x 03    0.0446  0 07 x 03
0.0703  4 08 x 03    0.0703  4 08 x 03    0.0458  3 08 x 03    0.0458  3 08 x 03
0.0721  5 08 x 03    0.0721  5 08 x 03    0.0474  5 08 x 03    0.0474  5 08 x 03
0.0735  3 08 x 03    0.0735  3 08 x 03    0.0479  6 08 x 04    0.0479  6 08 x 04
0.0765  7 08 x 05    0.0765  7 08 x 05    0.0499  1 08 x 05    0.0500  1 08 x 05
0.0790  1 08 x 05    0.0789  1 08 x 05    0.0508  2 08 x 03    0.0508  2 08 x 03
0.0817  6 08 x 03    0.0817  6 08 x 03    0.0525  0 03 x 03    0.0525  0 03 x 03
0.0819  2 08 x 03    0.0821  2 08 x 03    0.0555  1 08 x 04    0.0555  1 08 x 04
0.0848  0 03 x 03    0.0849  0 03 x 03    0.0571  6 08 x 03    0.0571  6 08 x 03
0.0852  7 08 x 04    0.0852  7 08 x 04    0.0605  7 08 x 05    0.0605  7 08 x 05
0.0884  1 08 x 04    0.0885  1 08 x 04    0.0666  7 08 x 04    0.0667  7 08 x 04
0.1035  7 08 x 03    0.1036  7 08 x 03    0.0683  1 08 x 03    0.0682  1 08 x 03
0.1096  1 08 x 03    0.1097  1 08 x 03    0.0796  7 08 x 03    0.0795  7 08 x 03
0.1415  0 02 x 08    0.1417  0 02 x 08    0.0893  0 02 x 06    0.0894  0 02 x 06
0.1416  0 02 x 07    0.1417  0 02 x 07    0.0895  0 02 x 07    0.0895  0 02 x 07
0.1423  0 02 x 06    0.1421  0 02 x 06    0.0898  0 02 x 08    0.0896  0 02 x 08
0.1451  0 02 x 05    0.1453  0 02 x 05    0.0911  0 02 x 05    0.0911  0 02 x 05
0.1456  0 02 x 04    0.1454  0 02 x 03    0.0913  0 02 x 03    0.0912  0 02 x 03
0.1456  0 02 x 03    0.1454  0 02 x 04    0.0917  0 02 x 04    0.0917  0 02 x 04
0.1543  0 02 x 10    0.1540  0 02 x 10    0.0975  0 02 x 10    0.0976  0 02 x 10
0.1669  0 02 x 12    0.1668  0 02 x 12    0.1061  0 02 x 12    0.1057  0 02 x 12
---Benchmark Program Finished---