
jeffreyhurchalla@Jeffreys-MacBook-Air montgomery_two_pow % ./testbench.sh g++ O3 MontgomeryHalf uint64_t 191 8 22                                                
compilation finished, now executing:
---Running Program---

begin benchmarks - array two_pow
(ignore)9396906668420442482

OVERALL BEST:
0.1334  0 28 x 08
0.1342  0 28 x 07
0.1350  0 30 x 08
0.1350  0 30 x 07
0.1351  0 31 x 08
0.1357  0 29 x 08
0.1365  0 28 x 12
0.1367  0 30 x 10
0.1368  0 28 x 10
0.1369  0 30 x 12
0.1375  0 29 x 10
0.1376  0 30 x 06
0.1384  0 31 x 12
0.1391  0 28 x 06
0.1392  0 27 x 08
0.1392  0 29 x 07
0.1398  0 27 x 07
0.1400  0 31 x 10
0.1401  0 31 x 07
0.1403  0 04 x 07
0.1407  0 27 x 12
0.1408  0 29 x 12
0.1414  0 01 x 07
0.1415  0 04 x 08
0.1415  0 27 x 10
0.1418  0 31 x 06
0.1421  0 29 x 06
0.1421  0 05 x 08
0.1430  0 03 x 12
0.1431  0 00 x 08
0.1432  0 00 x 07
0.1436  0 03 x 10
0.1438  0 05 x 12
0.1442  0 05 x 06
0.1443  0 01 x 08
0.1444  0 04 x 10
0.1448  0 05 x 10
0.1449  0 04 x 06
0.1451  0 04 x 12
0.1451  0 01 x 06
0.1457  0 06 x 08
0.1457  0 00 x 06
0.1462  0 00 x 12
0.1463  0 05 x 07
0.1471  0 00 x 10
0.1472  0 03 x 08
0.1476  0 01 x 12
0.1481  0 27 x 06
0.1488  0 01 x 10
0.1490  0 01 x 05
0.1492  0 30 x 05
0.1494  0 28 x 05
0.1496  0 05 x 05
0.1497  0 29 x 05
0.1500  0 04 x 05
0.1515  0 06 x 07
0.1522  0 06 x 06
0.1522  0 06 x 10
0.1533  0 06 x 12
0.1545  0 06 x 05
0.1557  0 27 x 05
0.1559  0 03 x 07
0.1559  0 31 x 05
0.1582  0 00 x 05
0.1631  4 08 x 12
0.1637  4 08 x 08
0.1645  4 08 x 10
0.1654  0 05 x 04
0.1655  4 08 x 07
0.1655  3 08 x 08
0.1660  3 08 x 12
0.1668  4 08 x 06
0.1673  0 03 x 06
0.1675  3 08 x 10
0.1677  3 08 x 06
0.1686  3 08 x 07
0.1690  0 01 x 04
0.1691  0 00 x 04
0.1696  0 06 x 04
0.1701  0 04 x 04
0.1701  0 07 x 06
0.1706  5 08 x 07
0.1709  0 07 x 07
0.1714  5 08 x 10
0.1718  0 29 x 04
0.1722  0 07 x 05
0.1723  5 08 x 08
0.1723  5 08 x 12
0.1724  0 30 x 04
0.1728  0 31 x 04
0.1730  0 07 x 08
0.1743  4 08 x 05
0.1764  3 08 x 05
0.1769  0 07 x 10
0.1772  0 28 x 04
0.1787  0 27 x 04
0.1788  5 08 x 06
0.1813  0 07 x 12
0.1852  5 08 x 05
0.1865  0 03 x 05
0.1867  0 07 x 04
0.1942  6 08 x 12
0.1954  2 08 x 05
0.1963  6 08 x 08
0.1973  6 08 x 10
0.1984  4 08 x 04
0.1999  3 08 x 04
0.2006  0 01 x 03
0.2013  6 08 x 07
0.2016  0 05 x 03
0.2053  0 00 x 03
0.2055  0 04 x 03
0.2062  0 06 x 03
0.2073  6 08 x 06
0.2120  0 31 x 03
0.2139  0 28 x 03
0.2142  0 30 x 03
0.2143  5 08 x 04
0.2146  0 29 x 03
0.2160  6 08 x 05
0.2192  0 03 x 04
0.2204  0 27 x 03
0.2212  0 07 x 03
0.2235  2 08 x 04
0.2351  4 08 x 03
0.2390  6 08 x 04
0.2429  3 08 x 03
0.2495  5 08 x 03
0.2626  1 08 x 05
0.2697  2 08 x 03
0.2732  0 03 x 03
0.2840  7 08 x 05
0.2849  6 08 x 03
0.2932  1 08 x 04
0.3172  7 08 x 04
0.3668  1 08 x 03
0.3812  7 08 x 03
0.4651  0 02 x 07
0.4655  0 02 x 06
0.4754  0 02 x 08
0.4790  0 02 x 05
0.4795  0 02 x 03
0.4805  0 02 x 04
0.5107  0 02 x 10
0.5371  0 02 x 12
Timings By Test Type:
0.0407  0 28 x 08    0.0407  0 28 x 08    0.0260  0 28 x 08    0.0260  0 28 x 08
0.0410  0 28 x 07    0.0410  0 28 x 07    0.0261  0 28 x 07    0.0261  0 28 x 07
0.0412  0 30 x 07    0.0412  0 30 x 07    0.0262  0 31 x 08    0.0261  0 30 x 08
0.0412  0 30 x 08    0.0412  0 30 x 08    0.0263  0 30 x 07    0.0263  0 30 x 07
0.0413  0 31 x 08    0.0413  0 31 x 08    0.0263  0 30 x 08    0.0263  0 31 x 08
0.0414  0 29 x 08    0.0414  0 29 x 08    0.0264  0 29 x 08    0.0264  0 29 x 08
0.0417  0 30 x 10    0.0417  0 30 x 10    0.0265  0 28 x 12    0.0265  0 28 x 12
0.0417  0 28 x 12    0.0418  0 28 x 12    0.0265  0 28 x 10    0.0265  0 28 x 10
0.0418  0 28 x 10    0.0419  0 28 x 10    0.0266  0 30 x 12    0.0266  0 30 x 10
0.0419  0 30 x 12    0.0419  0 30 x 12    0.0266  0 30 x 10    0.0266  0 30 x 12
0.0420  0 30 x 06    0.0420  0 30 x 06    0.0267  0 29 x 10    0.0267  0 29 x 10
0.0421  0 29 x 10    0.0421  0 29 x 10    0.0268  0 31 x 12    0.0268  0 31 x 12
0.0424  0 28 x 06    0.0423  0 31 x 12    0.0268  0 30 x 06    0.0268  0 30 x 06
0.0424  0 31 x 12    0.0424  0 27 x 08    0.0269  0 29 x 07    0.0269  0 29 x 07
0.0424  0 27 x 08    0.0425  0 28 x 06    0.0271  0 31 x 10    0.0271  0 31 x 10
0.0427  0 29 x 07    0.0427  0 29 x 07    0.0271  0 28 x 06    0.0271  0 28 x 06
0.0428  0 27 x 07    0.0427  0 27 x 07    0.0271  0 27 x 08    0.0271  0 27 x 08
0.0428  0 31 x 07    0.0428  0 31 x 07    0.0272  0 27 x 07    0.0272  0 27 x 07
0.0428  0 04 x 07    0.0428  0 04 x 07    0.0272  0 29 x 12    0.0272  0 31 x 07
0.0429  0 31 x 10    0.0429  0 05 x 08    0.0272  0 27 x 12    0.0272  0 27 x 12
0.0429  0 05 x 08    0.0429  0 31 x 10    0.0272  0 31 x 07    0.0273  0 29 x 12
0.0431  0 27 x 12    0.0431  0 27 x 12    0.0273  0 04 x 07    0.0273  0 04 x 07
0.0431  0 29 x 12    0.0432  0 29 x 12    0.0274  0 27 x 10    0.0274  0 27 x 10
0.0432  0 01 x 07    0.0432  0 01 x 07    0.0275  0 01 x 07    0.0275  0 01 x 07
0.0432  0 04 x 08    0.0432  0 04 x 08    0.0275  0 04 x 08    0.0275  0 04 x 08
0.0433  0 05 x 12    0.0433  0 05 x 12    0.0275  0 29 x 06    0.0275  0 29 x 06
0.0433  0 27 x 10    0.0434  0 31 x 06    0.0275  0 31 x 06    0.0276  0 31 x 06
0.0434  0 31 x 06    0.0434  0 27 x 10    0.0277  0 00 x 07    0.0277  0 00 x 08
0.0435  0 29 x 06    0.0435  0 29 x 06    0.0277  0 00 x 08    0.0277  0 00 x 07
0.0436  0 05 x 06    0.0436  0 05 x 06    0.0279  0 03 x 12    0.0279  0 03 x 12
0.0436  0 03 x 12    0.0436  0 03 x 10    0.0281  0 01 x 06    0.0281  0 05 x 08
0.0436  0 03 x 10    0.0436  0 05 x 10    0.0281  0 04 x 10    0.0281  0 01 x 06
0.0436  0 05 x 10    0.0437  0 03 x 12    0.0281  0 03 x 10    0.0281  0 01 x 08
0.0437  0 06 x 08    0.0438  0 06 x 08    0.0282  0 05 x 08    0.0282  0 04 x 10
0.0438  0 00 x 08    0.0439  0 00 x 08    0.0282  0 01 x 08    0.0282  0 03 x 10
0.0439  0 00 x 07    0.0439  0 00 x 07    0.0282  0 00 x 06    0.0282  0 00 x 06
0.0440  0 01 x 08    0.0440  0 01 x 08    0.0282  0 00 x 12    0.0283  0 04 x 12
0.0441  0 04 x 10    0.0441  0 04 x 10    0.0283  0 04 x 12    0.0283  0 00 x 12
0.0442  0 04 x 06    0.0442  0 04 x 06    0.0283  0 04 x 06    0.0283  0 04 x 06
0.0442  0 05 x 07    0.0442  0 05 x 07    0.0285  0 05 x 06    0.0284  0 00 x 10
0.0443  0 04 x 12    0.0442  0 04 x 12    0.0286  0 00 x 10    0.0285  0 05 x 06
0.0445  0 01 x 06    0.0445  0 01 x 06    0.0286  0 05 x 12    0.0286  0 05 x 12
0.0447  0 00 x 06    0.0446  0 00 x 06    0.0286  0 27 x 06    0.0286  0 27 x 06
0.0448  0 03 x 08    0.0448  0 00 x 10    0.0287  0 03 x 08    0.0288  0 03 x 08
0.0449  0 00 x 12    0.0448  0 00 x 12    0.0288  0 05 x 10    0.0288  0 05 x 10
0.0450  0 01 x 12    0.0449  0 03 x 08    0.0288  0 01 x 12    0.0288  0 01 x 12
0.0452  0 00 x 10    0.0450  0 01 x 12    0.0289  0 01 x 10    0.0289  0 01 x 10
0.0453  0 05 x 05    0.0452  0 05 x 05    0.0289  0 29 x 05    0.0289  0 29 x 05
0.0454  0 27 x 06    0.0454  0 01 x 10    0.0290  0 05 x 07    0.0290  0 28 x 05
0.0454  0 01 x 05    0.0454  0 27 x 06    0.0290  0 28 x 05    0.0290  0 05 x 07
0.0454  0 06 x 10    0.0454  0 06 x 10    0.0290  0 30 x 05    0.0290  0 30 x 05
0.0454  0 06 x 07    0.0454  0 01 x 05    0.0291  0 01 x 05    0.0291  0 01 x 05
0.0455  0 30 x 05    0.0454  0 06 x 07    0.0291  0 04 x 05    0.0291  0 06 x 08
0.0456  0 01 x 10    0.0456  0 06 x 12    0.0292  0 06 x 08    0.0291  0 04 x 05
0.0456  0 06 x 12    0.0456  0 30 x 05    0.0296  0 05 x 05    0.0296  0 05 x 05
0.0457  0 28 x 05    0.0457  0 28 x 05    0.0300  0 27 x 05    0.0300  0 27 x 05
0.0458  0 06 x 06    0.0458  0 06 x 06    0.0302  0 31 x 05    0.0302  0 31 x 05
0.0459  0 04 x 05    0.0459  0 29 x 05    0.0303  0 06 x 06    0.0303  0 06 x 07
0.0459  0 29 x 05    0.0459  0 04 x 05    0.0303  0 06 x 07    0.0303  0 06 x 06
0.0465  0 06 x 05    0.0465  0 06 x 05    0.0303  0 03 x 07    0.0303  0 03 x 07
0.0476  0 03 x 07    0.0476  0 03 x 07    0.0305  0 00 x 05    0.0305  0 00 x 05
0.0478  0 31 x 05    0.0478  0 31 x 05    0.0307  0 06 x 10    0.0307  0 06 x 10
0.0479  0 27 x 05    0.0479  0 27 x 05    0.0307  0 06 x 05    0.0308  0 06 x 05
0.0486  0 00 x 05    0.0486  0 00 x 05    0.0311  0 06 x 12    0.0311  0 06 x 12
0.0494  4 08 x 12    0.0494  4 08 x 12    0.0321  4 08 x 12    0.0322  4 08 x 12
0.0495  4 08 x 08    0.0494  4 08 x 08    0.0323  0 05 x 04    0.0323  0 05 x 04
0.0496  4 08 x 10    0.0494  4 08 x 10    0.0324  0 00 x 04    0.0324  4 08 x 08
0.0500  4 08 x 07    0.0500  4 08 x 07    0.0324  4 08 x 08    0.0324  0 00 x 04
0.0503  0 07 x 06    0.0503  0 07 x 06    0.0324  0 03 x 06    0.0324  0 03 x 06
0.0503  3 08 x 08    0.0503  3 08 x 08    0.0325  3 08 x 08    0.0325  3 08 x 08
0.0503  3 08 x 12    0.0503  4 08 x 06    0.0327  3 08 x 12    0.0327  3 08 x 12
0.0504  4 08 x 06    0.0503  3 08 x 12    0.0327  4 08 x 10    0.0327  4 08 x 10
0.0504  0 07 x 07    0.0504  0 07 x 07    0.0328  4 08 x 07    0.0328  4 08 x 07
0.0504  0 05 x 04    0.0504  0 05 x 04    0.0329  3 08 x 06    0.0329  3 08 x 06
0.0505  5 08 x 07    0.0505  5 08 x 07    0.0330  0 01 x 04    0.0330  3 08 x 10
0.0507  5 08 x 10    0.0506  5 08 x 10    0.0330  0 29 x 04    0.0330  0 29 x 04
0.0507  0 07 x 08    0.0507  0 07 x 08    0.0331  4 08 x 06    0.0330  0 01 x 04
0.0507  3 08 x 10    0.0507  3 08 x 10    0.0331  0 04 x 04    0.0331  4 08 x 06
0.0509  5 08 x 12    0.0509  5 08 x 12    0.0331  3 08 x 10    0.0331  3 08 x 07
0.0509  3 08 x 06    0.0509  3 08 x 06    0.0331  3 08 x 07    0.0331  0 04 x 04
0.0510  0 07 x 05    0.0510  0 07 x 05    0.0331  0 31 x 04    0.0331  0 31 x 04
0.0511  0 03 x 06    0.0511  5 08 x 08    0.0332  0 30 x 04    0.0332  0 30 x 04
0.0511  5 08 x 08    0.0512  3 08 x 07    0.0334  0 06 x 04    0.0334  0 06 x 04
0.0512  3 08 x 07    0.0512  0 03 x 06    0.0342  0 27 x 04    0.0342  0 27 x 04
0.0514  0 06 x 04    0.0513  0 06 x 04    0.0343  0 28 x 04    0.0343  0 28 x 04
0.0515  0 01 x 04    0.0515  0 01 x 04    0.0345  3 08 x 05    0.0345  3 08 x 05
0.0516  0 07 x 10    0.0516  0 07 x 10    0.0345  4 08 x 05    0.0345  4 08 x 05
0.0519  0 04 x 04    0.0520  0 04 x 04    0.0348  0 07 x 06    0.0348  0 07 x 06
0.0521  0 00 x 04    0.0521  0 00 x 04    0.0348  5 08 x 07    0.0348  5 08 x 07
0.0526  4 08 x 05    0.0526  4 08 x 05    0.0350  5 08 x 10    0.0350  5 08 x 08
0.0528  0 07 x 12    0.0526  0 07 x 12    0.0350  5 08 x 08    0.0351  0 07 x 07
0.0529  0 29 x 04    0.0530  0 29 x 04    0.0351  0 07 x 05    0.0351  5 08 x 10
0.0530  0 30 x 04    0.0530  5 08 x 06    0.0351  0 07 x 07    0.0351  0 07 x 05
0.0531  5 08 x 06    0.0530  0 30 x 04    0.0353  5 08 x 12    0.0353  5 08 x 12
0.0532  0 31 x 04    0.0532  0 31 x 04    0.0358  0 07 x 08    0.0358  0 07 x 08
0.0537  3 08 x 05    0.0537  3 08 x 05    0.0361  0 03 x 05    0.0361  0 03 x 05
0.0543  0 28 x 04    0.0543  0 28 x 04    0.0364  5 08 x 06    0.0364  5 08 x 06
0.0549  5 08 x 05    0.0549  5 08 x 05    0.0369  0 07 x 10    0.0368  0 07 x 10
0.0552  0 27 x 04    0.0551  0 27 x 04    0.0376  0 07 x 04    0.0377  0 07 x 04
0.0557  0 07 x 04    0.0557  0 07 x 04    0.0377  5 08 x 05    0.0377  5 08 x 05
0.0563  6 08 x 12    0.0562  6 08 x 12    0.0379  0 07 x 12    0.0379  0 07 x 12
0.0569  6 08 x 08    0.0569  6 08 x 08    0.0381  2 08 x 05    0.0381  2 08 x 05
0.0571  0 03 x 05    0.0571  0 03 x 05    0.0385  0 01 x 03    0.0384  0 01 x 03
0.0572  6 08 x 10    0.0571  6 08 x 10    0.0390  0 05 x 03    0.0390  0 05 x 03
0.0583  6 08 x 07    0.0583  6 08 x 07    0.0391  3 08 x 04    0.0391  3 08 x 04
0.0596  2 08 x 05    0.0596  2 08 x 05    0.0391  0 00 x 03    0.0391  0 00 x 03
0.0598  4 08 x 04    0.0599  4 08 x 04    0.0393  0 04 x 03    0.0393  0 04 x 03
0.0602  6 08 x 06    0.0602  6 08 x 06    0.0394  4 08 x 04    0.0394  4 08 x 04
0.0608  3 08 x 04    0.0608  3 08 x 04    0.0402  0 06 x 03    0.0402  0 06 x 03
0.0617  0 05 x 03    0.0618  0 05 x 03    0.0403  0 31 x 03    0.0403  0 31 x 03
0.0618  0 01 x 03    0.0618  0 01 x 03    0.0407  0 28 x 03    0.0407  0 28 x 03
0.0624  6 08 x 05    0.0624  6 08 x 05    0.0408  0 29 x 03    0.0408  0 29 x 03
0.0629  0 06 x 03    0.0629  0 06 x 03    0.0408  0 30 x 03    0.0408  0 30 x 03
0.0635  0 04 x 03    0.0635  0 04 x 03    0.0408  6 08 x 12    0.0408  6 08 x 12
0.0635  5 08 x 04    0.0635  5 08 x 04    0.0413  6 08 x 08    0.0413  6 08 x 08
0.0635  0 00 x 03    0.0635  0 00 x 03    0.0415  6 08 x 10    0.0415  6 08 x 10
0.0657  0 31 x 03    0.0657  0 31 x 03    0.0418  0 27 x 03    0.0418  0 27 x 03
0.0663  0 28 x 03    0.0662  0 28 x 03    0.0423  0 03 x 04    0.0423  0 03 x 04
0.0663  0 30 x 03    0.0663  0 30 x 03    0.0423  6 08 x 07    0.0423  6 08 x 07
0.0665  0 29 x 03    0.0665  0 29 x 03    0.0431  2 08 x 04    0.0431  2 08 x 04
0.0668  0 07 x 03    0.0668  0 07 x 03    0.0435  6 08 x 06    0.0435  6 08 x 06
0.0673  0 03 x 04    0.0673  0 03 x 04    0.0436  5 08 x 04    0.0437  5 08 x 04
0.0684  0 27 x 03    0.0684  0 27 x 03    0.0438  0 07 x 03    0.0438  0 07 x 03
0.0687  2 08 x 04    0.0687  2 08 x 04    0.0456  6 08 x 05    0.0455  6 08 x 05
0.0694  6 08 x 04    0.0694  6 08 x 04    0.0456  4 08 x 03    0.0457  4 08 x 03
0.0719  4 08 x 03    0.0719  4 08 x 03    0.0466  3 08 x 03    0.0466  3 08 x 03
0.0748  3 08 x 03    0.0748  3 08 x 03    0.0498  5 08 x 03    0.0499  5 08 x 03
0.0749  5 08 x 03    0.0749  5 08 x 03    0.0501  6 08 x 04    0.0501  6 08 x 04
0.0791  7 08 x 05    0.0791  7 08 x 05    0.0508  1 08 x 05    0.0508  1 08 x 05
0.0805  1 08 x 05    0.0805  1 08 x 05    0.0517  2 08 x 03    0.0517  2 08 x 03
0.0831  2 08 x 03    0.0832  2 08 x 03    0.0523  0 03 x 03    0.0523  0 03 x 03
0.0832  6 08 x 03    0.0834  6 08 x 03    0.0567  1 08 x 04    0.0568  1 08 x 04
0.0843  0 03 x 03    0.0843  0 03 x 03    0.0591  6 08 x 03    0.0591  6 08 x 03
0.0886  7 08 x 04    0.0886  7 08 x 04    0.0629  7 08 x 05    0.0629  7 08 x 05
0.0898  1 08 x 04    0.0899  1 08 x 04    0.0700  7 08 x 04    0.0700  7 08 x 04
0.1073  7 08 x 03    0.1073  7 08 x 03    0.0702  1 08 x 03    0.0702  1 08 x 03
0.1132  1 08 x 03    0.1132  1 08 x 03    0.0833  7 08 x 03    0.0833  7 08 x 03
0.1427  0 02 x 07    0.1426  0 02 x 06    0.0899  0 02 x 07    0.0899  0 02 x 07
0.1430  0 02 x 06    0.1426  0 02 x 07    0.0899  0 02 x 06    0.0899  0 02 x 06
0.1455  0 02 x 08    0.1458  0 02 x 08    0.0921  0 02 x 08    0.0920  0 02 x 08
0.1471  0 02 x 03    0.1470  0 02 x 05    0.0923  0 02 x 05    0.0924  0 02 x 05
0.1473  0 02 x 05    0.1474  0 02 x 04    0.0925  0 02 x 03    0.0924  0 02 x 03
0.1473  0 02 x 04    0.1475  0 02 x 03    0.0929  0 02 x 04    0.0929  0 02 x 04
0.1565  0 02 x 10    0.1563  0 02 x 10    0.0989  0 02 x 10    0.0990  0 02 x 10
0.1644  0 02 x 12    0.1645  0 02 x 12    0.1042  0 02 x 12    0.1041  0 02 x 12
---Benchmark Program Finished---