
jeffreyhurchalla@Jeffreys-MacBook-Air montgomery_two_pow % ./testbench.sh g++ O3 MontgomeryQuarter uint64_t 191 8 22                                             
compilation finished, now executing:
---Running Program---

begin benchmarks - array two_pow
(ignore)16352975363793682379

OVERALL BEST:
0.1346  0 29 x 10
0.1347  0 31 x 12
0.1350  0 29 x 12
0.1350  0 31 x 10
0.1352  0 30 x 12
0.1354  0 31 x 08
0.1357  0 28 x 10
0.1357  0 30 x 10
0.1362  0 28 x 12
0.1363  0 28 x 08
0.1366  0 30 x 08
0.1368  0 28 x 07
0.1368  0 29 x 08
0.1368  0 30 x 07
0.1374  0 03 x 12
0.1380  0 27 x 12
0.1381  0 03 x 10
0.1388  0 03 x 08
0.1395  0 31 x 07
0.1395  0 29 x 07
0.1396  0 28 x 06
0.1399  0 27 x 10
0.1400  0 00 x 07
0.1400  0 27 x 08
0.1403  0 27 x 07
0.1403  0 30 x 06
0.1426  0 00 x 06
0.1436  0 00 x 08
0.1440  0 27 x 06
0.1456  0 01 x 05
0.1460  0 29 x 06
0.1461  0 31 x 06
0.1468  0 04 x 05
0.1469  0 00 x 10
0.1469  0 01 x 06
0.1473  0 03 x 07
0.1477  0 05 x 05
0.1503  0 00 x 12
0.1505  0 00 x 05
0.1505  0 01 x 08
0.1506  0 30 x 05
0.1507  0 28 x 05
0.1508  0 01 x 10
0.1509  0 05 x 10
0.1510  0 05 x 06
0.1511  0 05 x 08
0.1514  0 29 x 05
0.1534  0 05 x 12
0.1536  0 01 x 07
0.1539  0 04 x 08
0.1539  0 27 x 05
0.1542  0 04 x 12
0.1542  0 05 x 07
0.1543  0 06 x 07
0.1548  0 01 x 12
0.1548  0 04 x 07
0.1548  0 31 x 05
0.1550  0 04 x 06
0.1567  0 06 x 06
0.1572  0 04 x 10
0.1581  4 08 x 08
0.1587  0 03 x 06
0.1595  4 08 x 07
0.1606  0 06 x 08
0.1609  4 08 x 10
0.1611  0 06 x 05
0.1615  3 08 x 08
0.1621  4 08 x 12
0.1631  3 08 x 12
0.1640  3 08 x 10
0.1642  0 05 x 04
0.1643  3 08 x 07
0.1648  0 06 x 10
0.1652  0 06 x 12
0.1657  3 08 x 06
0.1678  0 04 x 04
0.1685  0 00 x 04
0.1687  4 08 x 06
0.1705  5 08 x 08
0.1709  5 08 x 12
0.1709  0 29 x 04
0.1711  5 08 x 07
0.1712  4 08 x 05
0.1714  0 01 x 04
0.1719  0 31 x 04
0.1721  0 07 x 06
0.1726  0 30 x 04
0.1730  5 08 x 10
0.1736  3 08 x 05
0.1738  5 08 x 06
0.1743  0 07 x 07
0.1746  0 06 x 04
0.1758  0 07 x 05
0.1769  0 28 x 04
0.1769  0 27 x 04
0.1784  0 03 x 05
0.1789  0 07 x 08
0.1825  5 08 x 05
0.1845  0 07 x 04
0.1897  0 07 x 10
0.1905  0 07 x 12
0.1926  6 08 x 12
0.1928  4 08 x 04
0.1932  2 08 x 05
0.1974  6 08 x 10
0.1974  6 08 x 07
0.1991  6 08 x 08
0.1996  3 08 x 04
0.1998  0 01 x 03
0.2015  0 05 x 03
0.2032  0 06 x 03
0.2032  0 04 x 03
0.2040  6 08 x 06
0.2066  0 03 x 04
0.2075  0 00 x 03
0.2091  0 29 x 03
0.2100  0 31 x 03
0.2104  5 08 x 04
0.2129  0 30 x 03
0.2131  0 28 x 03
0.2153  6 08 x 05
0.2161  0 27 x 03
0.2161  0 07 x 03
0.2281  2 08 x 04
0.2303  4 08 x 03
0.2380  3 08 x 03
0.2410  6 08 x 04
0.2454  5 08 x 03
0.2550  1 08 x 05
0.2577  0 03 x 03
0.2609  2 08 x 03
0.2844  1 08 x 04
0.2844  7 08 x 05
0.2867  6 08 x 03
0.3168  7 08 x 04
0.3608  1 08 x 03
0.3814  7 08 x 03
0.4621  0 02 x 05
0.4700  0 02 x 06
0.4700  0 02 x 07
0.4752  0 02 x 03
0.4783  0 02 x 04
0.4813  0 02 x 08
0.5116  0 02 x 10
0.5510  0 02 x 12
Timings By Test Type:
0.0410  0 29 x 10    0.0409  0 29 x 10    0.0263  0 31 x 12    0.0263  0 29 x 12
0.0410  0 31 x 12    0.0411  0 30 x 12    0.0263  0 29 x 12    0.0263  0 31 x 12
0.0411  0 31 x 08    0.0411  0 31 x 10    0.0264  0 29 x 10    0.0263  0 31 x 10
0.0411  0 28 x 10    0.0411  0 31 x 08    0.0264  0 31 x 10    0.0264  0 29 x 10
0.0412  0 31 x 10    0.0411  0 31 x 12    0.0265  0 30 x 12    0.0265  0 30 x 12
0.0412  0 30 x 10    0.0411  0 30 x 10    0.0266  0 31 x 08    0.0266  0 31 x 08
0.0412  0 30 x 12    0.0412  0 29 x 12    0.0267  0 28 x 10    0.0267  0 28 x 10
0.0412  0 29 x 12    0.0412  0 28 x 10    0.0267  0 30 x 10    0.0267  0 30 x 10
0.0412  0 30 x 08    0.0412  0 30 x 08    0.0267  0 28 x 12    0.0267  0 28 x 12
0.0413  0 28 x 08    0.0413  0 28 x 08    0.0270  0 28 x 07    0.0268  0 28 x 08
0.0413  0 29 x 08    0.0413  0 29 x 08    0.0270  0 03 x 12    0.0270  0 03 x 12
0.0414  0 30 x 07    0.0414  0 28 x 12    0.0270  0 27 x 12    0.0270  0 27 x 12
0.0414  0 28 x 12    0.0414  0 30 x 07    0.0270  0 28 x 08    0.0270  0 28 x 07
0.0414  0 28 x 07    0.0414  0 28 x 07    0.0270  0 30 x 07    0.0271  0 30 x 07
0.0417  0 03 x 10    0.0415  0 03 x 12    0.0271  0 29 x 08    0.0271  0 30 x 08
0.0419  0 03 x 12    0.0417  0 03 x 10    0.0271  0 30 x 08    0.0271  0 29 x 08
0.0420  0 27 x 12    0.0420  0 03 x 08    0.0273  0 00 x 07    0.0273  0 29 x 07
0.0420  0 03 x 08    0.0420  0 27 x 12    0.0273  0 29 x 07    0.0273  0 03 x 10
0.0421  0 31 x 07    0.0421  0 31 x 07    0.0273  0 03 x 10    0.0274  0 27 x 10
0.0424  0 28 x 06    0.0424  0 28 x 06    0.0274  0 28 x 06    0.0274  0 28 x 06
0.0424  0 29 x 07    0.0424  0 29 x 07    0.0274  0 27 x 10    0.0274  0 03 x 08
0.0426  0 27 x 10    0.0426  0 27 x 10    0.0274  0 27 x 07    0.0274  0 27 x 07
0.0426  0 27 x 08    0.0426  0 27 x 08    0.0274  0 27 x 08    0.0274  0 00 x 07
0.0426  0 00 x 07    0.0426  0 00 x 07    0.0274  0 03 x 08    0.0274  0 27 x 08
0.0427  0 30 x 06    0.0426  0 30 x 06    0.0275  0 30 x 06    0.0275  0 30 x 06
0.0428  0 27 x 07    0.0427  0 27 x 07    0.0276  0 31 x 07    0.0276  0 31 x 07
0.0435  0 00 x 06    0.0435  0 00 x 06    0.0278  0 00 x 06    0.0278  0 00 x 06
0.0438  0 00 x 08    0.0437  0 00 x 08    0.0280  0 00 x 08    0.0280  0 00 x 08
0.0438  0 27 x 06    0.0439  0 27 x 06    0.0281  0 27 x 06    0.0281  0 27 x 06
0.0444  0 01 x 05    0.0444  0 31 x 06    0.0284  0 01 x 05    0.0284  0 01 x 05
0.0444  0 31 x 06    0.0444  0 01 x 05    0.0286  0 29 x 06    0.0286  0 29 x 06
0.0444  0 29 x 06    0.0444  0 29 x 06    0.0286  0 00 x 10    0.0286  0 00 x 10
0.0445  0 05 x 05    0.0445  0 05 x 05    0.0287  0 31 x 06    0.0287  0 31 x 06
0.0446  0 03 x 07    0.0446  0 03 x 07    0.0287  0 01 x 06    0.0287  0 04 x 05
0.0447  0 04 x 05    0.0447  0 04 x 05    0.0287  0 04 x 05    0.0287  0 01 x 06
0.0447  0 01 x 06    0.0447  0 01 x 06    0.0291  0 03 x 07    0.0290  0 03 x 07
0.0448  0 00 x 10    0.0448  0 00 x 10    0.0293  0 00 x 12    0.0293  0 00 x 12
0.0451  0 05 x 10    0.0449  0 05 x 10    0.0293  0 00 x 05    0.0293  0 00 x 05
0.0454  0 05 x 06    0.0453  0 05 x 06    0.0294  0 05 x 05    0.0294  0 05 x 05
0.0455  0 05 x 08    0.0455  0 05 x 08    0.0295  0 30 x 05    0.0295  0 30 x 05
0.0456  0 01 x 08    0.0455  0 01 x 08    0.0295  0 29 x 05    0.0295  0 29 x 05
0.0458  0 01 x 10    0.0456  0 00 x 12    0.0296  0 28 x 05    0.0296  0 28 x 05
0.0458  0 30 x 05    0.0456  0 01 x 10    0.0297  0 01 x 10    0.0297  0 01 x 08
0.0458  0 28 x 05    0.0457  0 05 x 12    0.0298  0 01 x 08    0.0298  0 01 x 10
0.0460  0 00 x 05    0.0458  0 30 x 05    0.0299  0 04 x 08    0.0299  0 04 x 08
0.0461  0 29 x 05    0.0458  0 28 x 05    0.0300  0 27 x 05    0.0300  0 27 x 05
0.0462  0 05 x 07    0.0459  0 00 x 05    0.0301  0 05 x 08    0.0301  0 05 x 08
0.0462  0 06 x 07    0.0462  0 29 x 05    0.0302  0 05 x 06    0.0302  0 05 x 06
0.0462  0 00 x 12    0.0462  0 06 x 07    0.0303  0 31 x 05    0.0302  0 31 x 05
0.0464  0 05 x 12    0.0462  0 05 x 07    0.0303  0 01 x 07    0.0302  0 04 x 12
0.0464  0 01 x 07    0.0466  0 01 x 07    0.0303  0 04 x 12    0.0302  0 01 x 12
0.0469  0 04 x 12    0.0467  0 04 x 12    0.0303  0 05 x 10    0.0303  0 01 x 07
0.0470  0 06 x 06    0.0468  0 04 x 08    0.0304  0 04 x 07    0.0304  0 04 x 07
0.0470  0 27 x 05    0.0469  0 06 x 06    0.0305  0 04 x 06    0.0305  0 04 x 06
0.0470  0 04 x 07    0.0470  0 01 x 12    0.0305  0 01 x 12    0.0306  0 05 x 10
0.0471  0 04 x 06    0.0470  0 04 x 07    0.0307  0 05 x 12    0.0307  0 05 x 12
0.0471  0 01 x 12    0.0470  0 27 x 05    0.0309  0 04 x 10    0.0309  0 05 x 07
0.0471  0 31 x 05    0.0470  0 04 x 06    0.0309  0 06 x 07    0.0310  0 06 x 07
0.0473  4 08 x 08    0.0471  0 31 x 05    0.0310  0 05 x 07    0.0310  0 04 x 10
0.0473  0 04 x 08    0.0473  4 08 x 08    0.0312  0 03 x 06    0.0312  0 03 x 06
0.0477  4 08 x 07    0.0476  0 04 x 10    0.0314  0 06 x 06    0.0314  0 06 x 06
0.0478  0 04 x 10    0.0477  4 08 x 07    0.0318  4 08 x 08    0.0318  4 08 x 08
0.0481  0 06 x 08    0.0480  4 08 x 10    0.0320  3 08 x 08    0.0320  3 08 x 08
0.0481  4 08 x 10    0.0481  0 03 x 06    0.0321  4 08 x 07    0.0321  4 08 x 07
0.0481  0 03 x 06    0.0481  0 06 x 08    0.0322  0 06 x 08    0.0322  0 06 x 08
0.0483  0 06 x 05    0.0483  0 06 x 05    0.0322  0 06 x 05    0.0322  0 06 x 05
0.0484  4 08 x 12    0.0484  4 08 x 12    0.0323  3 08 x 12    0.0324  3 08 x 12
0.0488  3 08 x 08    0.0488  0 06 x 12    0.0324  4 08 x 10    0.0324  4 08 x 10
0.0489  0 06 x 10    0.0488  3 08 x 08    0.0324  3 08 x 10    0.0325  0 05 x 04
0.0489  0 06 x 12    0.0489  0 06 x 10    0.0325  0 05 x 04    0.0326  3 08 x 07
0.0492  3 08 x 12    0.0492  3 08 x 12    0.0326  3 08 x 07    0.0326  4 08 x 12
0.0494  3 08 x 10    0.0493  3 08 x 10    0.0327  0 00 x 04    0.0327  0 00 x 04
0.0496  3 08 x 07    0.0495  3 08 x 07    0.0327  4 08 x 12    0.0328  3 08 x 06
0.0496  0 05 x 04    0.0496  0 05 x 04    0.0328  3 08 x 06    0.0329  3 08 x 10
0.0501  3 08 x 06    0.0500  3 08 x 06    0.0330  0 04 x 04    0.0330  0 04 x 04
0.0501  5 08 x 08    0.0501  5 08 x 12    0.0332  0 29 x 04    0.0331  0 29 x 04
0.0503  5 08 x 07    0.0501  5 08 x 08    0.0334  0 31 x 04    0.0333  0 31 x 04
0.0505  4 08 x 06    0.0503  5 08 x 07    0.0335  0 06 x 10    0.0335  0 06 x 10
0.0505  5 08 x 12    0.0504  4 08 x 06    0.0336  0 30 x 04    0.0336  0 30 x 04
0.0507  0 07 x 06    0.0506  0 07 x 06    0.0337  0 01 x 04    0.0337  0 01 x 04
0.0508  5 08 x 10    0.0508  5 08 x 10    0.0337  0 06 x 12    0.0338  0 06 x 12
0.0510  0 04 x 04    0.0509  0 04 x 04    0.0339  4 08 x 06    0.0338  4 08 x 06
0.0510  0 07 x 07    0.0510  0 07 x 07    0.0342  0 27 x 04    0.0342  0 27 x 04
0.0511  5 08 x 06    0.0511  5 08 x 06    0.0343  3 08 x 05    0.0343  3 08 x 05
0.0513  4 08 x 05    0.0513  4 08 x 05    0.0343  4 08 x 05    0.0343  4 08 x 05
0.0516  0 00 x 04    0.0516  0 00 x 04    0.0346  0 28 x 04    0.0346  0 28 x 04
0.0519  0 07 x 05    0.0519  0 07 x 05    0.0347  0 06 x 04    0.0347  0 06 x 04
0.0520  0 01 x 04    0.0520  0 01 x 04    0.0350  0 03 x 05    0.0349  0 03 x 05
0.0522  0 07 x 08    0.0522  0 07 x 08    0.0351  5 08 x 08    0.0351  5 08 x 08
0.0523  0 29 x 04    0.0524  0 29 x 04    0.0351  5 08 x 12    0.0352  5 08 x 12
0.0525  3 08 x 05    0.0525  3 08 x 05    0.0353  5 08 x 07    0.0352  5 08 x 07
0.0526  0 06 x 04    0.0526  0 06 x 04    0.0354  0 07 x 06    0.0355  0 07 x 06
0.0526  0 31 x 04    0.0526  0 31 x 04    0.0357  5 08 x 10    0.0357  5 08 x 10
0.0527  0 30 x 04    0.0527  0 30 x 04    0.0358  5 08 x 06    0.0358  5 08 x 06
0.0537  5 08 x 05    0.0537  5 08 x 05    0.0359  0 07 x 05    0.0360  0 07 x 05
0.0538  0 28 x 04    0.0539  0 28 x 04    0.0361  0 07 x 07    0.0361  0 07 x 07
0.0542  0 03 x 05    0.0542  0 27 x 04    0.0372  0 07 x 08    0.0372  0 07 x 08
0.0543  0 27 x 04    0.0542  0 03 x 05    0.0375  5 08 x 05    0.0375  5 08 x 05
0.0547  0 07 x 04    0.0547  0 07 x 04    0.0375  0 07 x 04    0.0375  0 07 x 04
0.0549  0 07 x 10    0.0549  0 07 x 10    0.0380  2 08 x 05    0.0380  2 08 x 05
0.0556  6 08 x 12    0.0549  0 07 x 12    0.0385  4 08 x 04    0.0384  4 08 x 04
0.0558  0 07 x 12    0.0557  6 08 x 12    0.0386  0 01 x 03    0.0387  0 01 x 03
0.0568  6 08 x 07    0.0568  6 08 x 07    0.0392  0 05 x 03    0.0392  0 05 x 03
0.0570  6 08 x 10    0.0569  6 08 x 10    0.0392  0 04 x 03    0.0392  0 04 x 03
0.0574  6 08 x 08    0.0574  6 08 x 08    0.0394  3 08 x 04    0.0394  3 08 x 04
0.0579  4 08 x 04    0.0579  4 08 x 04    0.0398  0 07 x 10    0.0399  0 07 x 12
0.0585  2 08 x 05    0.0586  2 08 x 05    0.0399  0 07 x 12    0.0401  0 00 x 03
0.0587  6 08 x 06    0.0587  6 08 x 06    0.0400  0 00 x 03    0.0401  0 06 x 03
0.0604  3 08 x 04    0.0604  3 08 x 04    0.0401  0 06 x 03    0.0402  0 07 x 10
0.0612  0 01 x 03    0.0613  0 01 x 03    0.0402  0 29 x 03    0.0402  0 29 x 03
0.0615  0 05 x 03    0.0615  0 05 x 03    0.0404  0 03 x 04    0.0404  0 03 x 04
0.0615  0 06 x 03    0.0615  0 06 x 03    0.0404  0 31 x 03    0.0404  0 31 x 03
0.0620  6 08 x 05    0.0620  6 08 x 05    0.0407  6 08 x 12    0.0407  6 08 x 12
0.0623  5 08 x 04    0.0623  5 08 x 04    0.0410  0 30 x 03    0.0410  0 30 x 03
0.0624  0 04 x 03    0.0624  0 04 x 03    0.0411  0 28 x 03    0.0411  0 28 x 03
0.0629  0 03 x 04    0.0630  0 03 x 04    0.0415  0 27 x 03    0.0415  0 27 x 03
0.0638  0 00 x 03    0.0637  0 00 x 03    0.0417  6 08 x 10    0.0418  6 08 x 10
0.0643  0 29 x 03    0.0643  0 29 x 03    0.0420  6 08 x 07    0.0420  6 08 x 07
0.0646  0 31 x 03    0.0646  0 31 x 03    0.0421  6 08 x 08    0.0421  6 08 x 08
0.0649  0 07 x 03    0.0649  0 07 x 03    0.0429  5 08 x 04    0.0429  5 08 x 04
0.0654  0 30 x 03    0.0655  0 28 x 03    0.0432  0 07 x 03    0.0432  0 07 x 03
0.0655  0 28 x 03    0.0655  0 30 x 03    0.0433  6 08 x 06    0.0433  6 08 x 06
0.0665  0 27 x 03    0.0665  0 27 x 03    0.0447  2 08 x 04    0.0447  2 08 x 04
0.0694  2 08 x 04    0.0694  2 08 x 04    0.0453  4 08 x 03    0.0454  4 08 x 03
0.0695  6 08 x 04    0.0696  6 08 x 04    0.0456  6 08 x 05    0.0456  6 08 x 05
0.0698  4 08 x 03    0.0698  4 08 x 03    0.0461  3 08 x 03    0.0461  3 08 x 03
0.0730  3 08 x 03    0.0729  3 08 x 03    0.0496  5 08 x 03    0.0496  5 08 x 03
0.0731  5 08 x 03    0.0731  5 08 x 03    0.0498  1 08 x 05    0.0498  1 08 x 05
0.0777  1 08 x 05    0.0776  1 08 x 05    0.0499  0 03 x 03    0.0499  0 03 x 03
0.0787  7 08 x 05    0.0788  7 08 x 05    0.0506  2 08 x 03    0.0507  2 08 x 03
0.0789  0 03 x 03    0.0789  0 03 x 03    0.0510  6 08 x 04    0.0509  6 08 x 04
0.0799  2 08 x 03    0.0798  2 08 x 03    0.0554  1 08 x 04    0.0554  1 08 x 04
0.0831  6 08 x 03    0.0831  6 08 x 03    0.0602  6 08 x 03    0.0602  6 08 x 03
0.0868  1 08 x 04    0.0868  1 08 x 04    0.0635  7 08 x 05    0.0635  7 08 x 05
0.0880  7 08 x 04    0.0880  7 08 x 04    0.0697  1 08 x 03    0.0697  1 08 x 03
0.1065  7 08 x 03    0.1063  7 08 x 03    0.0704  7 08 x 04    0.0704  7 08 x 04
0.1107  1 08 x 03    0.1107  1 08 x 03    0.0842  7 08 x 03    0.0844  7 08 x 03
0.1409  0 02 x 05    0.1408  0 02 x 05    0.0903  0 02 x 05    0.0900  0 02 x 05
0.1429  0 02 x 07    0.1430  0 02 x 07    0.0919  0 02 x 06    0.0919  0 02 x 06
0.1432  0 02 x 06    0.1431  0 02 x 06    0.0921  0 02 x 07    0.0920  0 02 x 07
0.1448  0 02 x 03    0.1450  0 02 x 03    0.0926  0 02 x 03    0.0927  0 02 x 03
0.1458  0 02 x 04    0.1458  0 02 x 04    0.0935  0 02 x 04    0.0933  0 02 x 04
0.1464  0 02 x 08    0.1464  0 02 x 08    0.0943  0 02 x 08    0.0943  0 02 x 08
0.1554  0 02 x 10    0.1557  0 02 x 10    0.1003  0 02 x 10    0.1001  0 02 x 10
0.1675  0 02 x 12    0.1674  0 02 x 12    0.1079  0 02 x 12    0.1082  0 02 x 12
---Benchmark Program Finished---