
./testbench.sh g++ O3 MontgomeryQuarter __uint128_t 191 8 40 -DTEST_ARRAY -DHURCHALLA_MONTGOMERY_TWO_POW_USE_CSELECT_ON_BIT -DHURCHALLA_ALLOW_INLINE_ASM_ALL

compilation finished, now executing:
---Running Program---

begin benchmarks - array two_pow
(ignore)5349058770945686463884924119731073391

OVERALL BEST:
1.7181  0 30 x 04
1.7204  0 31 x 05
1.7213  0 31 x 03
1.7221  0 31 x 07
1.7246  0 32 x 03
1.7250  0 29 x 03
1.7261  0 31 x 10
1.7365  0 30 x 03
1.7463  0 28 x 04
1.7469  0 31 x 04
1.7495  0 29 x 05
1.7497  0 32 x 05
1.7516  0 32 x 07
1.7524  0 29 x 07
1.7590  0 32 x 04
1.7601  0 29 x 04
1.7721  0 28 x 03
1.7752  0 31 x 06
1.7850  0 32 x 12
1.7862  0 29 x 12
1.7889  0 29 x 08
1.7903  0 31 x 08
1.7907  0 32 x 08
1.7936  0 32 x 10
1.7944  0 29 x 10
1.7944  0 29 x 06
1.7949  0 32 x 06
1.8201  0 31 x 12
1.8521  0 05 x 05
1.8601  0 05 x 04
1.8642  0 01 x 07
1.8702  0 31 x 02
1.8721  0 01 x 04
1.8777  0 05 x 07
1.8795  0 01 x 06
1.8826  0 01 x 05
1.8826  0 05 x 03
1.8868  0 04 x 08
1.8897  0 32 x 02
1.8906  0 27 x 06
1.8917  0 29 x 02
1.8925  0 04 x 07
1.8926  0 05 x 06
1.8927  0 01 x 03
1.8932  0 28 x 07
1.8962  0 04 x 04
1.8991  0 27 x 07
1.9027  0 06 x 05
1.9042  0 27 x 05
1.9046  0 04 x 05
1.9049  0 01 x 10
1.9063  0 06 x 04
1.9071  0 27 x 08
1.9115  0 00 x 06
1.9128  0 01 x 08
1.9130  0 27 x 10
1.9134  0 05 x 08
1.9143  0 30 x 08
1.9158  0 01 x 12
1.9160  0 30 x 07
1.9163  0 30 x 12
1.9168  0 04 x 03
1.9186  0 05 x 12
1.9194  0 27 x 03
1.9208  0 00 x 04
1.9212  0 28 x 08
1.9215  0 27 x 12
1.9216  0 05 x 10
1.9232  0 06 x 03
1.9237  0 04 x 10
1.9271  0 28 x 10
1.9286  0 30 x 02
1.9330  0 27 x 04
1.9338  0 30 x 10
1.9356  0 28 x 06
1.9389  0 04 x 06
1.9397  0 00 x 05
1.9443  0 06 x 07
1.9534  0 28 x 02
1.9558  0 28 x 05
1.9568  0 04 x 12
1.9646  0 00 x 03
1.9655  0 00 x 08
1.9674  0 00 x 10
1.9779  0 28 x 12
1.9781  0 00 x 07
1.9792  0 00 x 12
1.9908  0 06 x 06
2.0024  0 06 x 08
2.0056  0 06 x 12
2.0132  0 06 x 10
2.0164  0 01 x 02
2.0182  0 30 x 06
2.0416  0 04 x 02
2.0600  0 07 x 03
2.0633  5 08 x 04
2.0638  0 05 x 02
2.0639  0 30 x 05
2.0661  0 07 x 05
2.0720  0 06 x 02
2.0866  0 00 x 02
2.0930  0 27 x 02
2.1106  5 08 x 03
2.1162  6 08 x 04
2.1296  4 08 x 04
2.1333  0 07 x 06
2.1557  6 08 x 03
2.1759  4 08 x 03
2.1868  0 07 x 04
2.1931  0 07 x 12
2.1965  0 07 x 02
2.2345  0 03 x 02
2.2357  0 07 x 08
2.2372  0 07 x 07
2.2382  0 07 x 10
2.2428  5 08 x 02
2.2773  0 03 x 03
2.2820  5 08 x 06
2.2925  5 08 x 07
2.2953  4 08 x 07
2.2956  4 08 x 02
2.2975  6 08 x 02
2.3033  6 08 x 06
2.3300  4 08 x 08
2.3314  3 08 x 03
2.3441  7 08 x 04
2.3538  7 08 x 03
2.3645  5 08 x 08
2.3890  5 08 x 05
2.3920  0 03 x 12
2.3949  0 03 x 08
2.3956  0 03 x 10
2.3984  6 08 x 05
2.4041  0 03 x 07
2.4123  4 08 x 06
2.4312  4 08 x 10
2.4438  3 08 x 04
2.4621  3 08 x 02
2.4645  3 08 x 07
2.4658  0 03 x 06
2.4660  3 08 x 08
2.4774  4 08 x 12
2.4842  6 08 x 07
2.5011  7 08 x 05
2.5077  4 08 x 05
2.5225  5 08 x 10
2.5343  7 08 x 02
2.5491  3 08 x 10
2.5530  5 08 x 12
2.5918  3 08 x 12
2.6104  6 08 x 08
2.6283  0 03 x 05
2.6292  0 03 x 04
2.6914  2 08 x 02
2.7305  3 08 x 05
2.8005  3 08 x 06
2.8317  2 08 x 03
2.8472  0 29 x 01
2.8474  0 32 x 01
2.8498  2 08 x 04
2.8550  0 06 x 01
2.8577  0 30 x 01
2.8622  6 08 x 10
2.8662  0 28 x 01
2.8827  0 31 x 01
2.8839  0 05 x 01
2.8995  0 04 x 01
2.9058  0 27 x 01
2.9121  0 00 x 01
2.9543  0 07 x 01
2.9662  6 08 x 12
2.9883  0 01 x 01
3.1080  0 03 x 01
3.1285  5 08 x 01
3.1532  4 08 x 01
3.2240  6 08 x 01
3.2304  2 08 x 05
3.3373  3 08 x 01
3.4283  0 02 x 01
3.5030  7 08 x 01
3.6681  0 02 x 02
3.6818  0 02 x 03
3.7572  2 08 x 01
3.7829  1 08 x 03
3.7911  1 08 x 02
3.8372  0 02 x 12
3.8408  1 08 x 04
3.8844  0 02 x 10
3.9502  0 02 x 08
3.9784  0 02 x 05
4.0049  0 02 x 07
4.0370  0 02 x 06
4.0441  1 08 x 05
4.0556  0 02 x 04
5.1355  1 08 x 01
Timings By Test Type:
0.5060  0 30 x 04    0.5060  0 30 x 04    0.3510  0 31 x 03    0.3510  0 31 x 03
0.5074  0 31 x 10    0.5073  0 31 x 10    0.3519  0 31 x 05    0.3518  0 31 x 05
0.5077  0 31 x 07    0.5076  0 31 x 07    0.3520  0 32 x 03    0.3520  0 32 x 03
0.5081  0 31 x 05    0.5086  0 31 x 05    0.3521  0 29 x 03    0.3522  0 29 x 03
0.5097  0 31 x 03    0.5097  0 31 x 03    0.3531  0 30 x 04    0.3530  0 30 x 04
0.5103  0 32 x 03    0.5103  0 32 x 03    0.3534  0 31 x 07    0.3534  0 31 x 07
0.5104  0 29 x 03    0.5104  0 29 x 03    0.3547  0 30 x 03    0.3546  0 30 x 03
0.5136  0 30 x 03    0.5136  0 30 x 03    0.3558  0 31 x 10    0.3556  0 31 x 10
0.5158  0 28 x 04    0.5158  0 28 x 04    0.3566  0 31 x 04    0.3565  0 31 x 04
0.5170  0 31 x 04    0.5169  0 31 x 04    0.3573  0 29 x 05    0.3573  0 29 x 05
0.5170  0 32 x 07    0.5170  0 29 x 05    0.3574  0 28 x 04    0.3574  0 28 x 04
0.5172  0 32 x 05    0.5173  0 32 x 05    0.3574  0 32 x 05    0.3578  0 32 x 05
0.5176  0 29 x 07    0.5175  0 32 x 07    0.3585  0 32 x 07    0.3585  0 32 x 07
0.5179  0 29 x 05    0.5175  0 29 x 07    0.3588  0 29 x 07    0.3586  0 29 x 07
0.5207  0 32 x 04    0.5207  0 32 x 04    0.3588  0 32 x 04    0.3588  0 32 x 04
0.5209  0 29 x 04    0.5211  0 29 x 04    0.3591  0 29 x 04    0.3590  0 29 x 04
0.5243  0 31 x 06    0.5243  0 31 x 06    0.3610  0 28 x 03    0.3610  0 28 x 03
0.5251  0 28 x 03    0.5249  0 32 x 12    0.3633  0 31 x 06    0.3633  0 31 x 06
0.5251  0 32 x 12    0.5251  0 28 x 03    0.3666  0 32 x 08    0.3668  0 29 x 08
0.5253  0 29 x 12    0.5255  0 29 x 12    0.3667  0 29 x 06    0.3668  0 29 x 06
0.5267  0 29 x 08    0.5283  0 31 x 08    0.3670  0 29 x 08    0.3669  0 32 x 06
0.5278  0 31 x 08    0.5285  0 29 x 08    0.3670  0 32 x 06    0.3670  0 31 x 08
0.5284  0 32 x 08    0.5285  0 32 x 08    0.3672  0 31 x 08    0.3671  0 32 x 08
0.5290  0 32 x 10    0.5291  0 32 x 10    0.3675  0 32 x 12    0.3675  0 32 x 12
0.5292  0 29 x 10    0.5292  0 29 x 10    0.3677  0 29 x 12    0.3677  0 29 x 12
0.5306  0 32 x 06    0.5303  0 29 x 06    0.3678  0 32 x 10    0.3677  0 32 x 10
0.5306  0 29 x 06    0.5305  0 32 x 06    0.3681  0 29 x 10    0.3680  0 29 x 10
0.5353  0 31 x 12    0.5354  0 31 x 12    0.3748  0 31 x 12    0.3746  0 31 x 12
0.5476  0 05 x 05    0.5477  0 05 x 05    0.3782  0 01 x 07    0.3781  0 01 x 07
0.5511  0 05 x 04    0.5510  0 05 x 04    0.3784  0 05 x 05    0.3784  0 05 x 05
0.5538  0 01 x 07    0.5541  0 01 x 07    0.3790  0 05 x 04    0.3790  0 05 x 04
0.5546  0 31 x 02    0.5543  0 01 x 04    0.3805  0 31 x 02    0.3805  0 31 x 02
0.5553  0 05 x 07    0.5546  0 31 x 02    0.3810  0 01 x 04    0.3808  0 01 x 04
0.5559  0 01 x 04    0.5553  0 05 x 07    0.3813  0 01 x 06    0.3812  0 01 x 06
0.5575  0 05 x 03    0.5575  0 05 x 03    0.3817  0 01 x 05    0.3818  0 01 x 05
0.5581  0 27 x 06    0.5580  0 27 x 06    0.3822  0 04 x 08    0.3823  0 04 x 08
0.5585  0 01 x 06    0.5584  0 01 x 06    0.3836  0 05 x 07    0.3835  0 05 x 07
0.5595  0 28 x 07    0.5594  0 28 x 07    0.3838  0 05 x 03    0.3837  0 04 x 07
0.5596  0 01 x 05    0.5594  0 01 x 05    0.3838  0 04 x 07    0.3838  0 05 x 03
0.5596  0 05 x 06    0.5598  0 05 x 06    0.3840  0 01 x 03    0.3840  0 01 x 03
0.5607  0 32 x 02    0.5605  0 06 x 05    0.3841  0 04 x 04    0.3842  0 32 x 02
0.5608  0 06 x 05    0.5607  0 32 x 02    0.3841  0 32 x 02    0.3843  0 04 x 04
0.5610  0 27 x 07    0.5608  0 27 x 07    0.3847  0 29 x 02    0.3847  0 29 x 02
0.5611  0 04 x 08    0.5611  0 04 x 08    0.3861  0 01 x 10    0.3860  0 04 x 05
0.5611  0 29 x 02    0.5612  0 29 x 02    0.3864  0 04 x 05    0.3861  0 01 x 10
0.5618  0 06 x 04    0.5618  0 06 x 04    0.3866  0 05 x 06    0.3866  0 05 x 06
0.5622  0 27 x 05    0.5620  0 27 x 05    0.3872  0 28 x 07    0.3871  0 28 x 07
0.5624  0 01 x 03    0.5624  0 01 x 03    0.3873  0 27 x 06    0.3873  0 27 x 06
0.5625  0 04 x 07    0.5626  0 04 x 07    0.3880  0 01 x 08    0.3880  0 01 x 08
0.5638  0 27 x 08    0.5638  0 27 x 08    0.3883  0 04 x 03    0.3882  0 04 x 03
0.5640  0 04 x 04    0.5639  0 04 x 04    0.3885  0 01 x 12    0.3886  0 27 x 07
0.5643  0 05 x 08    0.5640  0 05 x 08    0.3885  0 30 x 08    0.3887  0 30 x 08
0.5647  0 30 x 07    0.5651  0 00 x 06    0.3888  0 27 x 07    0.3888  0 01 x 12
0.5652  0 00 x 06    0.5654  0 30 x 07    0.3893  0 04 x 10    0.3893  0 04 x 10
0.5659  0 04 x 05    0.5660  0 30 x 12    0.3899  0 27 x 08    0.3897  0 27 x 08
0.5662  0 30 x 12    0.5663  0 04 x 05    0.3899  0 27 x 05    0.3900  0 30 x 10
0.5662  0 27 x 10    0.5664  0 01 x 10    0.3902  0 27 x 10    0.3900  0 27 x 10
0.5663  0 01 x 10    0.5665  0 05 x 10    0.3906  0 00 x 06    0.3902  0 27 x 05
0.5668  0 05 x 12    0.5666  0 05 x 12    0.3907  0 06 x 05    0.3906  0 00 x 06
0.5672  0 05 x 10    0.5667  0 27 x 10    0.3911  0 27 x 03    0.3907  0 06 x 05
0.5678  0 06 x 03    0.5671  0 06 x 03    0.3912  0 06 x 04    0.3911  0 27 x 03
0.5683  0 01 x 08    0.5681  0 28 x 08    0.3914  0 00 x 04    0.3913  0 00 x 04
0.5683  0 27 x 12    0.5684  0 01 x 08    0.3916  0 28 x 08    0.3916  0 06 x 04
0.5685  0 30 x 08    0.5685  0 27 x 03    0.3921  0 30 x 12    0.3918  0 28 x 08
0.5686  0 27 x 03    0.5686  0 27 x 12    0.3922  0 27 x 12    0.3920  0 30 x 12
0.5687  0 28 x 10    0.5686  0 30 x 08    0.3924  0 05 x 08    0.3924  0 27 x 12
0.5690  0 00 x 04    0.5690  0 28 x 10    0.3926  0 28 x 06    0.3925  0 28 x 06
0.5693  0 01 x 12    0.5691  0 00 x 04    0.3926  0 05 x 12    0.3926  0 05 x 08
0.5697  0 28 x 08    0.5692  0 01 x 12    0.3929  0 30 x 07    0.3926  0 05 x 12
0.5701  0 04 x 03    0.5702  0 04 x 03    0.3929  0 30 x 02    0.3929  0 30 x 02
0.5714  0 30 x 02    0.5714  0 30 x 02    0.3932  0 04 x 06    0.3930  0 30 x 07
0.5717  0 06 x 07    0.5718  0 06 x 07    0.3935  0 05 x 10    0.3933  0 04 x 06
0.5721  0 27 x 04    0.5720  0 27 x 04    0.3937  0 30 x 10    0.3942  0 06 x 03
0.5727  0 04 x 10    0.5723  0 04 x 10    0.3941  0 06 x 03    0.3943  0 05 x 10
0.5744  0 00 x 05    0.5735  0 30 x 10    0.3944  0 27 x 04    0.3944  0 27 x 04
0.5754  0 28 x 06    0.5742  0 00 x 05    0.3947  0 28 x 10    0.3948  0 28 x 10
0.5762  0 04 x 06    0.5752  0 28 x 06    0.3954  0 28 x 02    0.3955  0 28 x 02
0.5766  0 30 x 10    0.5762  0 04 x 06    0.3956  0 00 x 05    0.3956  0 00 x 05
0.5777  0 28 x 05    0.5776  0 28 x 05    0.3965  0 04 x 12    0.3965  0 04 x 12
0.5813  0 28 x 02    0.5810  0 00 x 10    0.3998  0 00 x 03    0.3998  0 00 x 03
0.5816  0 00 x 10    0.5812  0 28 x 02    0.4000  0 28 x 05    0.4003  0 06 x 07
0.5816  0 00 x 08    0.5817  0 00 x 08    0.4005  0 06 x 07    0.4005  0 28 x 05
0.5819  0 04 x 12    0.5818  0 04 x 12    0.4011  0 00 x 08    0.4010  0 00 x 08
0.5825  0 00 x 03    0.5825  0 00 x 03    0.4025  0 00 x 10    0.4024  0 00 x 10
0.5833  0 28 x 12    0.5831  0 28 x 12    0.4038  0 00 x 07    0.4038  0 00 x 07
0.5844  0 00 x 12    0.5844  0 00 x 12    0.4053  0 00 x 12    0.4052  0 00 x 12
0.5849  0 06 x 06    0.5848  0 06 x 06    0.4060  0 28 x 12    0.4056  0 28 x 12
0.5853  0 00 x 07    0.5852  0 00 x 07    0.4077  0 01 x 02    0.4077  0 01 x 02
0.5871  0 06 x 12    0.5871  0 06 x 12    0.4106  0 06 x 06    0.4097  0 30 x 06
0.5900  0 06 x 10    0.5895  0 06 x 10    0.4113  0 06 x 08    0.4105  0 06 x 06
0.5901  0 06 x 08    0.5899  0 06 x 08    0.4118  0 04 x 02    0.4111  0 06 x 08
0.5977  0 30 x 06    0.5987  0 30 x 06    0.4121  0 30 x 06    0.4118  0 04 x 02
0.6005  0 01 x 02    0.6005  0 01 x 02    0.4157  0 06 x 12    0.4157  0 06 x 12
0.6010  0 07 x 05    0.6010  0 07 x 05    0.4165  0 06 x 10    0.4172  0 06 x 10
0.6015  0 07 x 03    0.6013  0 07 x 03    0.4196  0 05 x 02    0.4196  0 05 x 02
0.6060  5 08 x 04    0.6058  5 08 x 04    0.4202  0 30 x 05    0.4217  0 30 x 05
0.6067  0 04 x 02    0.6102  0 30 x 05    0.4234  0 00 x 02    0.4233  0 00 x 02
0.6118  0 30 x 05    0.6112  0 04 x 02    0.4242  0 06 x 02    0.4242  0 06 x 02
0.6118  0 06 x 02    0.6118  0 06 x 02    0.4249  0 27 x 02    0.4248  0 27 x 02
0.6123  0 05 x 02    0.6124  0 05 x 02    0.4258  5 08 x 04    0.4258  5 08 x 04
0.6152  6 08 x 04    0.6152  6 08 x 04    0.4290  0 07 x 03    0.4284  0 07 x 03
0.6197  0 07 x 06    0.6198  0 07 x 06    0.4319  0 07 x 05    0.4321  0 07 x 05
0.6199  0 00 x 02    0.6200  0 00 x 02    0.4350  5 08 x 03    0.4350  5 08 x 03
0.6202  5 08 x 03    0.6204  5 08 x 03    0.4359  4 08 x 04    0.4360  4 08 x 04
0.6217  0 27 x 02    0.6216  0 27 x 02    0.4429  6 08 x 04    0.4429  6 08 x 04
0.6259  6 08 x 03    0.6259  6 08 x 03    0.4469  0 07 x 06    0.4469  0 07 x 06
0.6288  4 08 x 04    0.6289  4 08 x 04    0.4491  4 08 x 03    0.4492  4 08 x 03
0.6316  0 07 x 04    0.6317  0 07 x 04    0.4519  6 08 x 03    0.4521  6 08 x 03
0.6344  0 07 x 12    0.6343  0 07 x 12    0.4530  0 03 x 02    0.4531  0 03 x 02
0.6387  4 08 x 03    0.6389  4 08 x 03    0.4540  0 07 x 02    0.4540  0 07 x 02
0.6442  0 07 x 02    0.6442  0 07 x 02    0.4606  5 08 x 06    0.4605  5 08 x 06
0.6475  0 07 x 08    0.6474  0 07 x 08    0.4614  5 08 x 02    0.4614  5 08 x 02
0.6507  0 07 x 10    0.6503  0 07 x 10    0.4618  0 07 x 04    0.4617  0 07 x 04
0.6512  0 07 x 07    0.6507  0 07 x 07    0.4619  0 03 x 03    0.4620  0 03 x 03
0.6601  5 08 x 02    0.6599  5 08 x 02    0.4623  0 07 x 12    0.4622  0 07 x 12
0.6642  0 03 x 02    0.6642  0 03 x 02    0.4637  3 08 x 03    0.4637  3 08 x 03
0.6667  5 08 x 07    0.6667  5 08 x 07    0.4676  0 07 x 07    0.4677  0 07 x 07
0.6696  7 08 x 04    0.6696  7 08 x 04    0.4678  4 08 x 02    0.4678  4 08 x 02
0.6709  6 08 x 02    0.6709  6 08 x 02    0.4687  0 07 x 10    0.4685  0 07 x 10
0.6738  7 08 x 03    0.6739  7 08 x 03    0.4704  0 07 x 08    0.4704  0 07 x 08
0.6758  4 08 x 07    0.6756  4 08 x 07    0.4720  4 08 x 07    0.4720  4 08 x 07
0.6767  0 03 x 03    0.6768  0 03 x 03    0.4734  6 08 x 06    0.4734  6 08 x 06
0.6780  6 08 x 06    0.6785  6 08 x 06    0.4780  6 08 x 02    0.4778  6 08 x 02
0.6801  4 08 x 02    0.6800  4 08 x 02    0.4796  5 08 x 07    0.4795  5 08 x 07
0.6803  5 08 x 06    0.6807  5 08 x 06    0.4819  4 08 x 06    0.4818  4 08 x 08
0.6834  4 08 x 08    0.6829  4 08 x 08    0.4819  4 08 x 08    0.4851  4 08 x 06
0.6864  5 08 x 08    0.6864  5 08 x 08    0.4905  3 08 x 04    0.4906  3 08 x 04
0.6918  5 08 x 05    0.6918  5 08 x 05    0.4913  0 03 x 08    0.4916  0 03 x 08
0.6933  6 08 x 05    0.6956  6 08 x 05    0.4923  0 03 x 07    0.4923  0 03 x 07
0.7020  3 08 x 03    0.7018  0 03 x 12    0.4940  0 03 x 12    0.4942  0 03 x 12
0.7021  0 03 x 12    0.7020  3 08 x 03    0.4946  0 03 x 10    0.4947  0 03 x 10
0.7031  0 03 x 10    0.7032  0 03 x 10    0.4958  5 08 x 08    0.4958  5 08 x 08
0.7058  0 03 x 08    0.7061  0 03 x 08    0.4997  3 08 x 02    0.4997  3 08 x 02
0.7097  0 03 x 07    0.7099  0 03 x 07    0.5000  0 03 x 06    0.5000  0 03 x 06
0.7104  7 08 x 05    0.7103  6 08 x 07    0.5010  3 08 x 07    0.5012  3 08 x 07
0.7105  6 08 x 07    0.7104  7 08 x 05    0.5025  3 08 x 08    0.5024  7 08 x 04
0.7111  4 08 x 10    0.7108  4 08 x 10    0.5025  7 08 x 04    0.5024  3 08 x 08
0.7225  4 08 x 12    0.7224  4 08 x 12    0.5027  5 08 x 05    0.5027  5 08 x 05
0.7226  4 08 x 06    0.7227  4 08 x 06    0.5030  7 08 x 03    0.5030  7 08 x 03
0.7275  5 08 x 10    0.7278  5 08 x 10    0.5045  6 08 x 05    0.5046  4 08 x 10
0.7299  7 08 x 02    0.7296  3 08 x 02    0.5047  4 08 x 10    0.5050  6 08 x 05
0.7303  3 08 x 08    0.7298  7 08 x 02    0.5134  4 08 x 05    0.5148  4 08 x 05
0.7312  3 08 x 07    0.7309  3 08 x 08    0.5162  4 08 x 12    0.5163  4 08 x 12
0.7313  3 08 x 04    0.7311  3 08 x 07    0.5214  3 08 x 10    0.5217  3 08 x 10
0.7329  0 03 x 06    0.7314  3 08 x 04    0.5315  3 08 x 12    0.5311  3 08 x 12
0.7331  3 08 x 02    0.7329  0 03 x 06    0.5317  6 08 x 07    0.5317  6 08 x 07
0.7334  5 08 x 12    0.7335  5 08 x 12    0.5320  0 03 x 05    0.5321  0 03 x 05
0.7409  4 08 x 05    0.7385  4 08 x 05    0.5320  0 03 x 04    0.5321  0 03 x 04
0.7440  6 08 x 08    0.7441  6 08 x 08    0.5337  5 08 x 10    0.5335  5 08 x 10
0.7531  3 08 x 10    0.7529  3 08 x 10    0.5373  7 08 x 02    0.5373  7 08 x 02
0.7648  3 08 x 12    0.7644  3 08 x 12    0.5400  7 08 x 05    0.5403  7 08 x 05
0.7821  0 03 x 05    0.7821  0 03 x 05    0.5431  5 08 x 12    0.5430  5 08 x 12
0.7825  0 03 x 04    0.7826  0 03 x 04    0.5474  2 08 x 02    0.5474  2 08 x 02
0.7984  2 08 x 02    0.7982  2 08 x 02    0.5507  3 08 x 05    0.5545  3 08 x 05
0.8079  6 08 x 10    0.8080  6 08 x 10    0.5612  6 08 x 08    0.5612  6 08 x 08
0.8132  3 08 x 05    0.8121  3 08 x 05    0.5677  2 08 x 03    0.5668  3 08 x 06
0.8328  3 08 x 06    0.8332  3 08 x 06    0.5677  3 08 x 06    0.5677  2 08 x 03
0.8347  6 08 x 12    0.8346  6 08 x 12    0.5741  0 29 x 01    0.5741  0 29 x 01
0.8477  2 08 x 04    0.8477  2 08 x 04    0.5741  0 32 x 01    0.5742  0 32 x 01
0.8481  2 08 x 03    0.8482  2 08 x 03    0.5765  0 30 x 01    0.5763  0 30 x 01
0.8491  0 06 x 01    0.8491  0 06 x 01    0.5772  2 08 x 04    0.5773  2 08 x 04
0.8495  0 29 x 01    0.8494  0 32 x 01    0.5784  0 06 x 01    0.5784  0 06 x 01
0.8497  0 32 x 01    0.8494  0 29 x 01    0.5785  0 28 x 01    0.5785  0 28 x 01
0.8525  0 30 x 01    0.8525  0 30 x 01    0.5814  0 31 x 01    0.5814  0 31 x 01
0.8546  0 28 x 01    0.8546  0 28 x 01    0.5829  0 05 x 01    0.5829  0 05 x 01
0.8591  0 05 x 01    0.8590  0 05 x 01    0.5850  0 04 x 01    0.5849  0 04 x 01
0.8600  0 31 x 01    0.8599  0 31 x 01    0.5858  0 27 x 01    0.5858  0 27 x 01
0.8648  0 04 x 01    0.8648  0 04 x 01    0.5872  0 00 x 01    0.5873  0 00 x 01
0.8671  0 27 x 01    0.8671  0 27 x 01    0.6024  0 01 x 01    0.6024  0 01 x 01
0.8688  0 00 x 01    0.8688  0 00 x 01    0.6040  0 07 x 01    0.6041  0 07 x 01
0.8731  0 07 x 01    0.8731  0 07 x 01    0.6234  6 08 x 10    0.6229  6 08 x 10
0.8917  0 01 x 01    0.8918  0 01 x 01    0.6310  0 03 x 01    0.6310  0 03 x 01
0.9230  0 03 x 01    0.9230  0 03 x 01    0.6370  5 08 x 01    0.6370  5 08 x 01
0.9272  5 08 x 01    0.9273  5 08 x 01    0.6378  4 08 x 01    0.6378  4 08 x 01
0.9388  4 08 x 01    0.9388  4 08 x 01    0.6485  6 08 x 12    0.6485  6 08 x 12
0.9455  2 08 x 05    0.9455  6 08 x 01    0.6665  6 08 x 01    0.6664  6 08 x 01
0.9456  6 08 x 01    0.9457  2 08 x 05    0.6695  2 08 x 05    0.6698  2 08 x 05
0.9957  3 08 x 01    0.9957  3 08 x 01    0.6730  3 08 x 01    0.6730  3 08 x 01
1.0123  7 08 x 01    1.0122  7 08 x 01    0.6926  0 02 x 01    0.6924  0 02 x 01
1.0215  0 02 x 01    1.0218  0 02 x 01    0.7393  7 08 x 01    0.7393  7 08 x 01
1.0930  0 02 x 02    1.0930  0 02 x 02    0.7411  0 02 x 02    0.7411  0 02 x 02
1.0958  0 02 x 03    1.0959  0 02 x 03    0.7451  0 02 x 03    0.7450  0 02 x 03
1.1223  2 08 x 01    1.1223  2 08 x 01    0.7563  2 08 x 01    0.7563  2 08 x 01
1.1237  1 08 x 03    1.1233  1 08 x 03    0.7652  1 08 x 02    0.7652  1 08 x 02
1.1304  1 08 x 02    1.1303  1 08 x 02    0.7679  1 08 x 03    0.7680  1 08 x 03
1.1424  1 08 x 04    1.1423  1 08 x 04    0.7742  0 02 x 12    0.7741  0 02 x 12
1.1444  0 02 x 12    1.1444  0 02 x 12    0.7780  1 08 x 04    0.7781  1 08 x 04
1.1605  0 02 x 10    1.1605  0 02 x 10    0.7817  0 02 x 10    0.7817  0 02 x 10
1.1831  0 02 x 08    1.1829  0 02 x 08    0.7922  0 02 x 08    0.7920  0 02 x 08
1.1935  0 02 x 05    1.1939  0 02 x 05    0.7954  0 02 x 05    0.7955  0 02 x 05
1.2001  0 02 x 07    1.2001  0 02 x 07    0.8023  0 02 x 07    0.8024  0 02 x 07
1.2049  1 08 x 05    1.2045  1 08 x 05    0.8092  0 02 x 04    0.8096  0 02 x 06
1.2087  0 02 x 06    1.2089  0 02 x 06    0.8098  0 02 x 06    0.8097  0 02 x 04
1.2184  0 02 x 04    1.2183  0 02 x 04    0.8172  1 08 x 05    0.8175  1 08 x 05
1.5347  1 08 x 01    1.5347  1 08 x 01    1.0332  1 08 x 01    1.0330  1 08 x 01
---Benchmark Program Finished---
