
./testbench.sh clang++ O3 MontgomeryFull __uint128_t 191 8 40 -DTEST_ARRAY

compilation finished, now executing:
---Running Program---

begin benchmarks - array two_pow
(ignore)332163741205411267698489818326060553048

OVERALL BEST:
2.0856  0 31 x 03
2.0860  0 32 t 03
2.0865  0 32 x 03
2.0916  0 31 x 08
2.0926  0 32 t 08
2.0928  0 30 x 04
2.0930  0 32 x 08
2.1008  0 28 x 04
2.1020  0 30 x 07
2.1054  0 28 x 03
2.1088  0 29 x 04
2.1113  0 31 x 06
2.1144  0 32 x 06
2.1166  0 31 x 04
2.1168  0 32 x 04
2.1168  0 32 t 04
2.1177  0 32 t 06
2.1196  0 29 x 07
2.1212  0 29 x 06
2.1234  0 31 x 05
2.1236  0 32 t 05
2.1237  0 32 x 05
2.1261  0 32 t 10
2.1265  0 31 x 10
2.1265  0 32 x 10
2.1289  0 28 x 07
2.1290  0 28 x 05
2.1305  0 30 x 05
2.1309  0 29 x 05
2.1317  0 29 x 03
2.1350  0 32 t 12
2.1351  0 31 x 12
2.1355  0 32 x 12
2.1358  0 30 x 03
2.1372  0 30 x 10
2.1432  0 29 x 08
2.1434  0 32 t 07
2.1441  0 31 x 07
2.1443  0 32 x 07
2.1465  0 30 x 06
2.1474  0 27 x 03
2.1488  0 28 x 12
2.1489  0 30 x 08
2.1508  0 29 x 10
2.1514  0 28 x 08
2.1546  0 27 x 05
2.1559  0 28 x 06
2.1561  0 27 x 07
2.1565  0 29 x 12
2.1615  0 30 x 12
2.1688  0 27 x 10
2.1714  0 27 x 08
2.1780  0 28 x 10
2.1958  0 27 x 12
2.1994  0 31 t 07
2.2003  0 29 t 06
2.2084  0 27 x 06
2.2088  0 31 t 05
2.2107  0 29 t 05
2.2117  0 31 t 06
2.2152  0 29 t 12
2.2298  0 27 x 04
2.2494  0 30 t 06
2.2499  0 28 t 04
2.2507  0 29 t 08
2.2552  0 29 t 03
2.2604  0 30 t 05
2.2626  0 31 t 08
2.2671  0 31 t 10
2.2693  0 29 t 07
2.2728  0 27 t 04
2.2729  0 29 t 10
2.2738  0 28 t 05
2.2742  0 01 x 06
2.2747  0 27 t 10
2.2795  0 28 t 03
2.2817  0 30 t 07
2.2828  0 31 t 12
2.2848  0 28 t 06
2.2851  0 27 t 05
2.2853  0 06 x 08
2.2881  0 30 t 08
2.2887  0 05 x 04
2.2890  0 06 x 04
2.2911  0 05 x 08
2.2919  0 27 t 12
2.2925  0 28 t 07
2.2926  0 01 x 05
2.2938  0 28 t 08
2.2939  0 27 t 06
2.2958  0 01 x 04
2.2961  0 27 t 07
2.2966  0 06 x 05
2.2968  0 27 t 03
2.3000  0 05 x 03
2.3006  0 06 x 03
2.3022  0 01 x 03
2.3024  0 06 x 06
2.3043  0 05 x 05
2.3044  0 05 x 06
2.3049  0 28 t 10
2.3058  0 30 t 10
2.3087  0 29 t 04
2.3105  0 01 x 08
2.3110  0 28 t 12
2.3120  0 04 x 08
2.3121  0 04 x 04
2.3143  0 06 x 07
2.3156  0 30 t 04
2.3168  0 27 t 08
2.3211  0 30 t 12
2.3220  0 31 t 04
2.3241  0 29 x 02
2.3246  0 05 x 07
2.3260  0 31 x 02
2.3262  0 32 t 02
2.3262  0 32 x 02
2.3289  0 30 x 02
2.3300  0 01 x 10
2.3303  0 04 x 07
2.3345  0 01 x 07
2.3363  0 04 x 05
2.3371  0 30 t 03
2.3390  0 01 x 12
2.3408  0 28 x 02
2.3410  0 06 x 10
2.3520  0 00 x 06
2.3543  0 04 x 03
2.3559  0 05 x 12
2.3597  0 04 x 06
2.3608  0 05 x 10
2.3618  0 06 x 12
2.3677  0 07 x 06
2.3705  0 07 x 08
2.3730  0 00 x 05
2.3732  0 07 x 04
2.3792  0 04 x 10
2.3799  0 31 t 03
2.3800  0 07 x 05
2.3812  0 07 x 03
2.3822  0 00 x 08
2.3828  0 00 x 04
2.3858  0 04 x 12
2.3942  0 29 t 02
2.3959  0 27 x 02
2.3970  0 00 x 03
2.4011  0 00 x 07
2.4148  0 01 t 07
2.4169  0 00 x 12
2.4189  0 00 x 10
2.4221  0 07 x 07
2.4222  0 06 t 08
2.4331  0 30 t 02
2.4381  0 01 t 12
2.4497  0 01 t 04
2.4508  0 05 t 12
2.4523  5 08 x 08
2.4525  0 03 x 04
2.4548  0 27 t 02
2.4558  0 06 t 07
2.4563  0 06 t 05
2.4565  0 06 t 06
2.4567  0 01 t 03
2.4605  0 05 t 08
2.4655  0 05 t 06
2.4699  0 04 t 08
2.4702  0 31 t 02
2.4706  0 07 x 12
2.4735  0 01 t 08
2.4739  0 01 t 06
2.4767  0 05 t 05
2.4782  0 06 t 10
2.4801  0 06 t 12
2.4837  0 05 t 07
2.4854  0 03 x 03
2.4866  0 04 t 12
2.4868  0 05 t 10
2.4909  0 07 x 10
2.4916  0 01 t 05
2.4962  0 06 t 04
2.4974  0 05 x 02
2.5013  0 04 t 05
2.5015  0 04 t 06
2.5039  5 08 x 06
2.5050  0 06 x 02
2.5053  0 05 t 04
2.5087  4 08 x 08
2.5088  0 06 t 03
2.5088  5 08 x 07
2.5105  5 08 x 03
2.5130  0 01 x 02
2.5150  0 04 x 02
2.5164  0 04 t 10
2.5173  5 08 x 12
2.5188  5 08 x 10
2.5224  0 00 t 06
2.5233  0 04 t 07
2.5236  6 08 x 08
2.5285  0 07 t 08
2.5293  5 08 x 05
2.5309  0 00 t 12
2.5330  0 06 t 02
2.5341  0 05 t 03
2.5346  0 01 t 10
2.5351  5 08 x 04
2.5359  0 00 t 07
2.5360  0 05 t 02
2.5376  0 07 t 06
2.5383  0 07 t 07
2.5434  4 08 x 10
2.5439  0 00 t 08
2.5448  0 04 t 03
2.5456  0 00 t 05
2.5490  0 07 t 05
2.5503  4 08 x 07
2.5509  0 04 t 04
2.5599  6 08 x 10
2.5641  5 08 t 08
2.5671  4 08 x 06
2.5692  0 07 x 02
2.5697  0 04 t 02
2.5699  6 08 x 07
2.5707  6 08 x 12
2.5709  4 08 x 05
2.5710  0 00 t 10
2.5713  6 08 x 06
2.5719  6 08 x 03
2.5733  4 08 x 12
2.5801  0 00 x 02
2.5819  4 08 x 04
2.5872  6 08 x 05
2.5887  4 08 x 03
2.5971  0 07 t 04
2.5991  0 00 t 04
2.6013  5 08 t 04
2.6038  0 07 t 12
2.6086  6 08 x 04
2.6092  4 08 t 08
2.6097  0 07 t 03
2.6113  0 00 t 03
2.6119  0 03 x 02
2.6176  0 07 t 02
2.6183  0 03 x 05
2.6197  4 08 t 04
2.6198  0 07 t 10
2.6224  5 08 t 07
2.6241  0 00 t 02
2.6252  6 08 t 08
2.6300  5 08 t 10
2.6346  0 01 t 02
2.6357  5 08 t 05
2.6415  5 08 x 02
2.6440  5 08 t 03
2.6497  5 08 t 12
2.6524  5 08 t 06
2.6721  0 28 t 02
2.6731  3 08 x 08
2.6843  4 08 t 03
2.6866  4 08 t 10
2.6873  6 08 t 10
2.6889  4 08 t 07
2.6915  6 08 t 07
2.6921  6 08 t 03
2.6939  6 08 t 04
2.6944  4 08 x 02
2.7004  4 08 t 05
2.7013  4 08 t 06
2.7026  0 03 x 06
2.7114  6 08 t 12
2.7128  6 08 t 05
2.7183  4 08 t 12
2.7244  6 08 t 06
2.7287  3 08 x 10
2.7293  3 08 x 07
2.7363  3 08 x 06
2.7386  6 08 x 02
2.7484  3 08 t 03
2.7486  3 08 x 04
2.7532  3 08 x 12
2.7581  3 08 x 05
2.7766  0 03 x 07
2.7872  3 08 x 03
2.8139  7 08 x 03
2.8221  0 03 x 08
2.8245  3 08 t 08
2.8276  3 08 t 04
2.8547  7 08 x 05
2.8557  3 08 t 02
2.8681  3 08 t 05
2.8757  7 08 x 04
2.8881  3 08 t 06
2.8916  0 03 x 10
2.8965  5 08 t 02
2.9072  3 08 t 07
2.9236  3 08 t 12
2.9397  0 03 x 12
2.9402  7 08 t 03
2.9430  3 08 t 10
2.9505  6 08 t 02
2.9566  7 08 t 04
2.9583  7 08 t 05
2.9920  7 08 x 02
3.0490  0 02 x 08
3.0523  2 08 t 04
3.0904  0 02 x 05
3.0907  2 08 x 04
3.0979  2 08 x 03
3.0985  4 08 t 02
3.1070  0 02 x 12
3.1195  0 02 x 04
3.1332  3 08 x 02
3.1465  0 02 x 06
3.1700  2 08 t 05
3.1779  0 02 x 07
3.1786  0 02 x 10
3.1875  2 08 x 05
3.2009  2 08 t 03
3.2037  0 02 x 03
3.2140  7 08 t 02
3.2158  0 02 x 02
3.2413  2 08 x 02
3.3445  2 08 t 02
3.4744  0 06 x 01
3.4755  0 29 x 01
3.4812  0 32 x 01
3.4815  0 32 t 01
3.4818  0 30 x 01
3.4819  0 31 x 01
3.4903  0 05 x 01
3.5263  0 04 x 01
3.5268  0 01 x 01
3.5378  0 28 x 01
3.5661  0 27 x 01
3.5794  0 07 x 01
3.6131  0 00 x 01
3.6906  0 06 t 01
3.6915  0 03 x 01
3.7101  0 05 t 01
3.7124  0 02 x 01
3.7267  0 29 t 01
3.7398  0 30 t 01
3.7433  0 31 t 01
3.7461  0 01 t 01
3.7500  0 28 t 01
3.7707  0 04 t 01
3.7814  0 27 t 01
3.7859  0 07 t 01
3.8086  0 00 t 01
3.8436  5 08 t 01
3.9036  4 08 t 01
3.9259  5 08 x 01
3.9560  6 08 t 01
3.9841  4 08 x 01
4.0426  6 08 x 01
4.0772  1 08 x 04
4.1032  1 08 t 04
4.1372  3 08 t 01
4.2101  3 08 x 01
4.2318  1 08 x 05
4.3356  1 08 x 03
4.3409  7 08 x 01
4.3752  1 08 t 05
4.4648  1 08 t 03
4.5254  1 08 t 02
4.5942  7 08 t 01
4.6833  2 08 t 01
4.7880  2 08 x 01
4.9992  1 08 x 02
6.3238  1 08 t 01
6.3252  1 08 x 01
Timings By Test Type:
0.6227  0 32 t 03    0.6226  0 31 x 03    0.4201  0 31 x 03    0.4200  0 31 x 03
0.6228  0 31 x 03    0.6227  0 32 t 03    0.4202  0 32 x 03    0.4202  0 32 t 03
0.6229  0 32 x 03    0.6231  0 32 x 03    0.4203  0 32 t 03    0.4203  0 32 x 03
0.6236  0 31 x 08    0.6236  0 31 x 08    0.4218  0 30 x 04    0.4218  0 30 x 04
0.6239  0 32 t 08    0.6239  0 32 t 08    0.4222  0 31 x 08    0.4222  0 31 x 08
0.6239  0 32 x 08    0.6240  0 32 x 08    0.4225  0 32 t 08    0.4224  0 32 t 08
0.6241  0 30 x 04    0.6251  0 30 x 04    0.4226  0 32 x 08    0.4225  0 32 x 08
0.6263  0 30 x 07    0.6261  0 30 x 07    0.4234  0 28 x 04    0.4233  0 28 x 04
0.6270  0 28 x 04    0.6271  0 28 x 04    0.4246  0 28 x 03    0.4243  0 28 x 03
0.6283  0 28 x 03    0.6283  0 28 x 03    0.4247  0 30 x 07    0.4247  0 29 x 04
0.6295  0 31 x 06    0.6297  0 29 x 04    0.4248  0 29 x 04    0.4248  0 30 x 07
0.6296  0 29 x 04    0.6302  0 31 x 06    0.4256  0 32 x 06    0.4255  0 32 t 06
0.6308  0 32 x 06    0.6308  0 32 x 06    0.4256  0 31 x 06    0.4259  0 31 x 06
0.6318  0 32 x 04    0.6317  0 31 x 04    0.4265  0 31 x 04    0.4265  0 32 t 04
0.6319  0 31 x 04    0.6318  0 32 t 06    0.4265  0 32 x 04    0.4265  0 31 x 04
0.6319  0 32 t 06    0.6319  0 32 t 04    0.4266  0 32 t 04    0.4265  0 32 x 04
0.6319  0 32 t 04    0.6319  0 32 x 04    0.4272  0 29 x 06    0.4272  0 32 x 06
0.6323  0 29 x 07    0.6323  0 29 x 07    0.4275  0 29 x 07    0.4272  0 29 x 06
0.6335  0 29 x 06    0.6333  0 29 x 06    0.4280  0 31 x 05    0.4274  0 29 x 07
0.6337  0 32 t 10    0.6337  0 31 x 05    0.4281  0 32 x 05    0.4279  0 31 x 05
0.6338  0 32 t 05    0.6337  0 32 x 05    0.4281  0 32 t 05    0.4280  0 32 t 05
0.6338  0 31 x 05    0.6337  0 32 t 05    0.4285  0 32 t 06    0.4281  0 32 x 05
0.6338  0 32 x 05    0.6337  0 32 t 10    0.4288  0 29 x 03    0.4289  0 29 x 03
0.6339  0 31 x 10    0.6339  0 31 x 10    0.4292  0 28 x 05    0.4290  0 29 x 05
0.6340  0 32 x 10    0.6339  0 32 x 10    0.4292  0 29 x 05    0.4292  0 28 x 05
0.6350  0 28 x 07    0.6350  0 28 x 07    0.4293  0 31 x 10    0.4293  0 32 x 10
0.6355  0 28 x 05    0.6352  0 28 x 05    0.4293  0 32 t 10    0.4293  0 32 t 10
0.6356  0 30 x 05    0.6355  0 30 x 05    0.4293  0 32 x 10    0.4294  0 31 x 10
0.6362  0 32 t 12    0.6362  0 31 x 12    0.4294  0 28 x 07    0.4295  0 28 x 07
0.6362  0 32 x 12    0.6363  0 29 x 05    0.4298  0 30 x 05    0.4296  0 30 x 05
0.6363  0 29 x 05    0.6364  0 32 t 12    0.4300  0 30 x 03    0.4301  0 30 x 03
0.6366  0 30 x 10    0.6367  0 30 x 10    0.4307  0 31 x 12    0.4309  0 32 x 12
0.6369  0 29 x 03    0.6370  0 29 x 03    0.4309  0 32 x 12    0.4309  0 31 x 12
0.6373  0 31 x 12    0.6375  0 32 x 12    0.4313  0 32 t 12    0.4311  0 32 t 12
0.6379  0 30 x 03    0.6379  0 30 x 03    0.4319  0 32 t 07    0.4319  0 30 x 10
0.6392  0 29 x 08    0.6390  0 29 x 08    0.4320  0 30 x 10    0.4319  0 32 t 07
0.6397  0 32 t 07    0.6399  0 32 t 07    0.4320  0 31 x 07    0.4319  0 32 x 07
0.6400  0 31 x 07    0.6399  0 32 x 07    0.4321  0 32 x 07    0.4319  0 31 x 07
0.6401  0 30 x 08    0.6401  0 30 x 08    0.4323  0 27 x 03    0.4323  0 27 x 03
0.6402  0 28 x 12    0.6401  0 31 x 07    0.4325  0 29 x 08    0.4325  0 29 x 08
0.6403  0 32 x 07    0.6402  0 28 x 12    0.4328  0 30 x 06    0.4330  0 30 x 06
0.6404  0 30 x 06    0.6403  0 30 x 06    0.4339  0 29 x 10    0.4338  0 29 x 10
0.6414  0 27 x 03    0.6413  0 27 x 03    0.4342  0 27 x 05    0.4341  0 27 x 05
0.6415  0 28 x 08    0.6415  0 29 x 10    0.4342  0 28 x 12    0.4342  0 28 x 08
0.6416  0 29 x 10    0.6415  0 28 x 08    0.4342  0 28 x 08    0.4342  0 28 x 12
0.6432  0 28 x 06    0.6431  0 27 x 05    0.4344  0 27 x 07    0.4344  0 30 x 08
0.6432  0 27 x 05    0.6431  0 29 x 12    0.4344  0 30 x 08    0.4346  0 27 x 07
0.6433  0 29 x 12    0.6432  0 28 x 06    0.4348  0 28 x 06    0.4347  0 28 x 06
0.6434  0 27 x 07    0.6437  0 27 x 07    0.4348  0 29 x 12    0.4353  0 29 x 12
0.6439  0 30 x 12    0.6439  0 30 x 12    0.4368  0 30 x 12    0.4368  0 30 x 12
0.6472  0 27 x 10    0.6472  0 27 x 10    0.4372  0 27 x 10    0.4371  0 27 x 10
0.6482  0 27 x 08    0.6483  0 27 x 08    0.4374  0 27 x 08    0.4375  0 27 x 08
0.6493  0 28 x 10    0.6492  0 28 x 10    0.4398  0 28 x 10    0.4397  0 28 x 10
0.6553  0 27 x 12    0.6554  0 27 x 12    0.4427  0 27 x 12    0.4425  0 27 x 12
0.6565  0 31 t 07    0.6563  0 31 t 07    0.4430  0 29 t 06    0.4430  0 29 t 06
0.6572  0 29 t 06    0.6571  0 29 t 06    0.4433  0 31 t 07    0.4433  0 31 t 07
0.6595  0 27 x 06    0.6595  0 27 x 06    0.4446  0 31 t 05    0.4444  0 31 t 05
0.6599  0 31 t 05    0.6597  0 31 t 06    0.4447  0 27 x 06    0.4446  0 27 x 06
0.6600  0 31 t 06    0.6599  0 31 t 05    0.4453  0 29 t 05    0.4451  0 29 t 05
0.6602  0 29 t 05    0.6600  0 29 t 05    0.4458  0 31 t 06    0.4462  0 31 t 06
0.6607  0 29 t 12    0.6606  0 29 t 12    0.4469  0 29 t 12    0.4469  0 29 t 12
0.6660  0 27 x 04    0.6660  0 27 x 04    0.4489  0 27 x 04    0.4489  0 27 x 04
0.6710  0 30 t 06    0.6710  0 30 t 06    0.4533  0 29 t 08    0.4532  0 29 t 08
0.6711  0 28 t 04    0.6716  0 28 t 04    0.4536  0 28 t 04    0.4536  0 28 t 04
0.6721  0 29 t 08    0.6721  0 29 t 08    0.4537  0 30 t 06    0.4536  0 30 t 06
0.6738  0 29 t 03    0.6739  0 29 t 03    0.4538  0 29 t 03    0.4537  0 29 t 03
0.6744  0 30 t 05    0.6743  0 30 t 05    0.4559  0 30 t 05    0.4558  0 30 t 05
0.6753  0 31 t 08    0.6754  0 31 t 08    0.4560  0 31 t 08    0.4560  0 31 t 08
0.6766  0 31 t 10    0.6766  0 31 t 10    0.4568  0 29 t 07    0.4569  0 29 t 07
0.6778  0 29 t 07    0.6778  0 29 t 07    0.4570  0 31 t 10    0.4570  0 31 t 10
0.6785  0 27 t 10    0.6784  0 29 t 10    0.4571  0 27 t 04    0.4570  0 27 t 04
0.6786  0 29 t 10    0.6788  0 28 t 05    0.4572  0 01 x 06    0.4576  0 01 x 06
0.6789  0 28 t 05    0.6789  0 27 t 10    0.4580  0 29 t 10    0.4579  0 29 t 10
0.6792  0 01 x 06    0.6793  0 06 x 08    0.4581  0 28 t 05    0.4580  0 28 t 05
0.6793  0 27 t 04    0.6793  0 27 t 04    0.4583  0 27 t 10    0.4588  0 28 t 03
0.6794  0 06 x 08    0.6802  0 01 x 06    0.4590  0 28 t 03    0.4590  0 27 t 10
0.6807  0 30 t 07    0.6802  0 28 t 03    0.4594  0 05 x 04    0.4592  0 05 x 04
0.6810  0 06 x 04    0.6806  0 30 t 07    0.4597  0 05 x 08    0.4597  0 27 t 05
0.6813  0 31 t 12    0.6810  0 06 x 04    0.4598  0 27 t 05    0.4598  0 05 x 08
0.6814  0 28 t 03    0.6812  0 31 t 12    0.4602  0 30 t 07    0.4600  0 31 t 12
0.6820  0 28 t 06    0.6817  0 28 t 06    0.4603  0 31 t 12    0.4602  0 30 t 07
0.6823  0 30 t 08    0.6824  0 30 t 08    0.4604  0 28 t 06    0.4607  0 01 x 05
0.6828  0 27 t 05    0.6828  0 27 t 05    0.4609  0 01 x 05    0.4608  0 28 t 06
0.6834  0 06 x 05    0.6834  0 06 x 05    0.4612  0 01 x 04    0.4612  0 01 x 04
0.6840  0 06 x 06    0.6838  0 06 x 06    0.4616  0 30 t 08    0.4617  0 05 x 03
0.6841  0 27 t 12    0.6839  0 28 t 07    0.4617  0 05 x 03    0.4617  0 30 t 08
0.6841  0 28 t 07    0.6841  0 27 t 12    0.4618  0 27 t 12    0.4618  0 27 t 06
0.6843  0 28 t 08    0.6842  0 28 t 08    0.4619  0 27 t 06    0.4618  0 27 t 03
0.6848  0 06 x 03    0.6847  0 06 x 03    0.4619  0 27 t 03    0.4619  0 27 t 12
0.6852  0 05 x 04    0.6849  0 27 t 06    0.4621  0 27 t 07    0.4621  0 27 t 07
0.6854  0 27 t 06    0.6850  0 05 x 04    0.4621  0 01 x 03    0.4622  0 01 x 03
0.6856  0 01 x 05    0.6855  0 01 x 05    0.4622  0 28 t 07    0.4623  0 28 t 07
0.6857  0 05 x 08    0.6859  0 05 x 08    0.4625  0 05 x 06    0.4624  0 05 x 05
0.6859  0 27 t 07    0.6859  0 27 t 07    0.4626  0 05 x 05    0.4626  0 28 t 08
0.6865  0 27 t 03    0.6865  0 01 x 04    0.4627  0 28 t 08    0.4627  0 05 x 06
0.6868  0 01 x 04    0.6866  0 27 t 03    0.4633  0 06 x 04    0.4632  0 06 x 08
0.6875  0 30 t 10    0.6876  0 30 t 10    0.4634  0 06 x 08    0.4637  0 06 x 04
0.6878  0 28 t 10    0.6878  0 28 t 10    0.4641  0 04 x 04    0.4643  0 28 t 10
0.6883  0 05 x 03    0.6883  0 06 x 07    0.4644  0 29 t 04    0.4644  0 29 t 04
0.6883  0 06 x 07    0.6884  0 05 x 03    0.4648  0 04 x 08    0.4645  0 04 x 04
0.6888  0 01 x 03    0.6890  0 01 x 03    0.4648  0 01 x 08    0.4647  0 04 x 08
0.6893  0 28 t 12    0.6892  0 28 t 12    0.4649  0 06 x 05    0.4649  0 01 x 08
0.6896  0 05 x 06    0.6896  0 05 x 05    0.4650  0 28 t 10    0.4649  0 06 x 05
0.6897  0 05 x 05    0.6896  0 05 x 06    0.4654  0 30 t 10    0.4653  0 30 t 10
0.6900  0 29 t 04    0.6899  0 29 t 04    0.4656  0 31 t 04    0.4654  0 06 x 03
0.6902  0 01 x 08    0.6906  0 01 x 08    0.4657  0 06 x 03    0.4662  0 28 t 12
0.6912  0 30 t 04    0.6911  0 04 x 08    0.4660  0 27 t 08    0.4665  0 05 x 07
0.6913  0 04 x 08    0.6912  0 30 t 04    0.4662  0 28 t 12    0.4667  0 30 t 04
0.6915  0 27 t 08    0.6917  0 04 x 04    0.4665  0 05 x 07    0.4667  0 29 x 02
0.6917  0 04 x 04    0.6921  0 27 t 08    0.4666  0 30 t 04    0.4672  0 31 x 02
0.6923  0 30 t 12    0.6924  0 30 t 12    0.4668  0 29 x 02    0.4672  0 27 t 08
0.6943  0 31 t 04    0.6944  0 31 t 04    0.4672  0 31 x 02    0.4673  0 32 t 02
0.6953  0 29 x 02    0.6953  0 29 x 02    0.4673  0 32 x 02    0.4673  0 32 x 02
0.6958  0 05 x 07    0.6958  0 32 t 02    0.4673  0 32 t 02    0.4673  0 06 x 06
0.6958  0 32 x 02    0.6958  0 31 x 02    0.4673  0 06 x 06    0.4677  0 31 t 04
0.6958  0 32 t 02    0.6958  0 32 x 02    0.4684  0 30 t 12    0.4680  0 30 t 12
0.6958  0 31 x 02    0.6958  0 05 x 07    0.4684  0 30 x 02    0.4684  0 30 x 02
0.6959  0 06 x 10    0.6960  0 06 x 10    0.4686  0 04 x 07    0.4687  0 04 x 07
0.6959  0 01 x 10    0.6961  0 30 x 02    0.4688  0 01 x 10    0.4688  0 06 x 07
0.6961  0 30 x 02    0.6964  0 01 x 10    0.4688  0 06 x 07    0.4690  0 04 x 05
0.6965  0 04 x 07    0.6966  0 04 x 07    0.4690  0 04 x 05    0.4690  0 01 x 10
0.6974  0 01 x 07    0.6976  0 01 x 07    0.4697  0 01 x 07    0.4697  0 01 x 07
0.6986  0 30 t 03    0.6985  0 30 t 03    0.4700  0 30 t 03    0.4700  0 30 t 03
0.6993  0 01 x 12    0.6989  0 01 x 12    0.4703  0 01 x 12    0.4706  0 01 x 12
0.6994  0 04 x 05    0.6990  0 04 x 05    0.4707  0 28 x 02    0.4707  0 28 x 02
0.6996  0 28 x 02    0.6997  0 28 x 02    0.4722  0 04 x 03    0.4722  0 04 x 03
0.6999  0 07 x 06    0.6998  0 07 x 06    0.4728  0 00 x 06    0.4728  0 05 x 12
0.7007  0 07 x 08    0.7004  0 07 x 08    0.4728  0 05 x 12    0.4729  0 00 x 06
0.7012  0 06 x 12    0.7012  0 06 x 12    0.4740  0 04 x 06    0.4736  0 04 x 06
0.7019  0 07 x 04    0.7019  0 07 x 04    0.4745  0 06 x 10    0.4746  0 06 x 10
0.7036  0 07 x 05    0.7024  0 00 x 06    0.4745  0 05 x 10    0.4746  0 05 x 10
0.7037  0 07 x 03    0.7036  0 07 x 05    0.4770  0 00 x 05    0.4770  0 00 x 05
0.7039  0 00 x 06    0.7047  0 07 x 03    0.4786  0 00 x 04    0.4784  0 31 t 03
0.7050  0 04 x 03    0.7050  0 04 x 03    0.4787  0 31 t 03    0.4787  0 04 x 10
0.7051  0 05 x 12    0.7051  0 05 x 12    0.4790  0 00 x 08    0.4792  0 00 x 08
0.7058  0 05 x 10    0.7058  0 05 x 10    0.4793  0 04 x 10    0.4793  0 00 x 04
0.7060  0 04 x 06    0.7061  0 04 x 06    0.4796  0 06 x 12    0.4797  0 06 x 12
0.7095  0 00 x 05    0.7095  0 00 x 05    0.4800  0 04 x 12    0.4800  0 04 x 12
0.7107  0 04 x 10    0.7104  0 04 x 10    0.4808  0 27 x 02    0.4808  0 27 x 02
0.7112  0 31 t 03    0.7116  0 31 t 03    0.4811  0 29 t 02    0.4811  0 29 t 02
0.7120  0 00 x 08    0.7120  0 00 x 08    0.4815  0 00 x 03    0.4815  0 00 x 03
0.7126  0 00 x 04    0.7122  0 00 x 04    0.4828  0 00 x 07    0.4827  0 00 x 07
0.7129  0 04 x 12    0.7129  0 04 x 12    0.4840  0 07 x 06    0.4839  0 07 x 06
0.7150  0 07 x 07    0.7148  0 07 x 07    0.4847  0 07 x 04    0.4846  0 07 x 08
0.7161  0 29 t 02    0.7159  0 29 t 02    0.4847  0 07 x 08    0.4847  0 07 x 04
0.7170  0 00 x 03    0.7170  0 00 x 03    0.4855  0 01 t 07    0.4856  0 01 t 07
0.7170  0 27 x 02    0.7172  0 27 x 02    0.4863  0 00 x 10    0.4859  0 00 x 12
0.7178  0 00 x 07    0.7177  0 00 x 07    0.4863  0 00 x 12    0.4864  0 07 x 05
0.7213  0 06 t 08    0.7211  0 06 t 08    0.4864  0 07 x 03    0.4864  0 00 x 10
0.7218  0 01 t 07    0.7219  0 01 t 07    0.4864  0 07 x 05    0.4864  0 07 x 03
0.7223  0 00 x 12    0.7223  0 00 x 12    0.4892  0 30 t 02    0.4892  0 30 t 02
0.7238  0 00 x 10    0.7225  0 00 x 10    0.4900  0 06 t 08    0.4899  0 06 t 08
0.7249  5 08 x 08    0.7250  5 08 x 08    0.4905  0 01 t 12    0.4902  0 01 t 12
0.7273  0 30 t 02    0.7274  0 30 t 02    0.4910  0 05 t 12    0.4910  0 05 t 12
0.7286  0 07 x 12    0.7285  0 07 x 12    0.4914  0 01 t 04    0.4915  0 01 t 04
0.7288  0 01 t 12    0.7286  0 01 t 12    0.4918  0 03 x 04    0.4919  0 03 x 04
0.7315  0 06 t 06    0.7314  0 06 t 07    0.4921  0 05 t 08    0.4921  0 05 t 08
0.7316  0 06 t 07    0.7320  0 06 t 05    0.4923  0 01 t 03    0.4924  0 27 t 02
0.7322  0 06 t 05    0.7321  0 06 t 06    0.4924  0 27 t 02    0.4924  0 01 t 03
0.7335  0 01 t 04    0.7333  0 01 t 04    0.4930  0 05 t 06    0.4931  0 05 t 06
0.7336  0 07 x 10    0.7334  0 07 x 10    0.4956  0 05 t 05    0.4956  0 05 t 05
0.7343  0 03 x 04    0.7345  0 05 t 12    0.4960  0 06 t 05    0.4961  0 06 t 05
0.7343  0 05 t 12    0.7345  0 03 x 04    0.4961  0 07 x 07    0.4962  0 07 x 07
0.7350  0 27 t 02    0.7351  0 27 t 02    0.4962  0 04 t 08    0.4962  0 31 t 02
0.7358  0 01 t 03    0.7362  0 01 t 03    0.4963  0 31 t 02    0.4963  0 04 t 08
0.7376  0 06 t 10    0.7376  0 06 t 10    0.4964  0 06 t 07    0.4963  0 06 t 06
0.7382  0 06 t 12    0.7381  0 05 t 08    0.4965  0 06 t 06    0.4965  0 06 t 07
0.7382  0 05 t 08    0.7383  0 06 t 12    0.4967  0 05 t 07    0.4969  0 05 t 07
0.7386  0 04 t 08    0.7388  6 08 x 08    0.4972  0 01 t 06    0.4970  0 01 t 06
0.7389  6 08 x 08    0.7388  0 04 t 08    0.4973  0 01 t 08    0.4972  0 01 t 08
0.7389  0 31 t 02    0.7389  0 31 t 02    0.4977  0 05 t 10    0.4977  0 05 t 10
0.7395  0 01 t 08    0.7396  0 01 t 08    0.4985  0 03 x 03    0.4985  0 03 x 03
0.7396  0 05 t 06    0.7397  0 05 t 06    0.5000  0 04 t 12    0.5000  0 04 t 12
0.7397  0 01 t 06    0.7400  0 01 t 06    0.5001  0 01 t 05    0.5000  0 01 t 05
0.7405  5 08 x 06    0.7406  5 08 x 06    0.5005  0 05 t 04    0.5013  0 05 x 02
0.7419  5 08 x 07    0.7420  5 08 x 07    0.5010  5 08 x 08    0.5013  5 08 x 08
0.7429  0 05 t 05    0.7427  0 05 t 05    0.5013  0 05 x 02    0.5015  0 06 t 10
0.7432  0 04 t 12    0.7434  0 04 t 12    0.5015  0 06 t 10    0.5018  0 04 t 05
0.7439  0 06 t 04    0.7441  0 06 t 04    0.5018  0 06 t 12    0.5019  0 06 t 12
0.7442  0 03 x 03    0.7442  0 03 x 03    0.5019  0 04 t 05    0.5019  0 05 t 04
0.7443  5 08 x 03    0.7442  5 08 x 03    0.5022  0 04 t 06    0.5021  0 04 t 06
0.7445  5 08 x 12    0.7444  5 08 x 12    0.5031  0 01 x 02    0.5031  0 01 x 02
0.7451  0 05 t 07    0.7450  0 05 t 07    0.5039  0 06 t 04    0.5043  0 04 x 02
0.7451  5 08 x 10    0.7452  5 08 x 10    0.5045  0 04 x 02    0.5043  0 06 t 04
0.7458  0 05 t 10    0.7457  0 05 t 10    0.5050  0 06 x 02    0.5051  0 06 x 02
0.7458  0 01 t 05    0.7457  0 01 t 05    0.5059  0 04 t 10    0.5060  0 04 t 10
0.7464  4 08 x 08    0.7458  4 08 x 08    0.5060  0 06 t 03    0.5067  0 00 t 06
0.7473  0 07 t 08    0.7462  0 06 t 03    0.5067  0 07 x 12    0.5068  0 04 t 07
0.7474  0 05 x 02    0.7473  0 07 t 08    0.5067  0 05 t 03    0.5068  0 07 x 12
0.7475  0 06 x 02    0.7474  0 05 x 02    0.5067  0 04 t 07    0.5068  0 05 t 03
0.7486  5 08 x 05    0.7474  0 06 x 02    0.5068  0 00 t 06    0.5075  0 06 t 03
0.7486  0 04 t 06    0.7485  5 08 x 05    0.5081  4 08 x 08    0.5084  4 08 x 08
0.7488  0 04 t 05    0.7487  0 04 t 06    0.5086  0 05 t 02    0.5085  0 05 t 02
0.7490  0 06 t 03    0.7487  0 04 t 05    0.5089  0 00 t 12    0.5089  0 00 t 12
0.7500  6 08 x 10    0.7498  0 07 t 07    0.5098  0 00 t 07    0.5095  0 00 t 07
0.7501  0 07 t 07    0.7501  6 08 x 10    0.5102  0 04 t 03    0.5102  0 04 t 03
0.7502  5 08 x 04    0.7505  5 08 x 04    0.5107  0 06 t 02    0.5106  0 06 t 02
0.7508  0 07 t 06    0.7511  0 07 t 06    0.5109  0 00 t 08    0.5110  5 08 x 03
0.7514  0 05 t 04    0.7515  0 05 t 04    0.5110  0 01 t 10    0.5110  0 00 t 05
0.7523  0 04 t 10    0.7522  0 04 t 10    0.5110  0 00 t 05    0.5112  0 04 t 04
0.7523  6 08 x 07    0.7524  6 08 x 07    0.5110  5 08 x 03    0.5113  0 00 t 08
0.7526  6 08 x 06    0.7526  6 08 x 06    0.5114  5 08 x 06    0.5114  5 08 x 06
0.7531  0 04 x 02    0.7531  0 04 x 02    0.5116  0 04 t 04    0.5117  0 01 t 10
0.7534  0 01 x 02    0.7534  0 01 x 02    0.5119  0 07 x 10    0.5120  0 07 x 10
0.7536  6 08 x 12    0.7535  6 08 x 12    0.5125  5 08 x 07    0.5124  5 08 x 07
0.7544  6 08 x 03    0.7544  6 08 x 03    0.5141  5 08 x 12    0.5142  5 08 x 12
0.7544  0 00 t 06    0.7545  0 00 t 06    0.5143  5 08 x 10    0.5142  5 08 x 10
0.7549  0 04 t 07    0.7549  0 04 t 07    0.5146  0 04 t 02    0.5146  0 04 t 02
0.7550  0 07 t 05    0.7551  0 07 t 05    0.5157  4 08 x 10    0.5155  4 08 x 10
0.7556  0 01 t 10    0.7558  0 06 t 02    0.5162  5 08 x 05    0.5161  5 08 x 05
0.7558  0 06 t 02    0.7562  4 08 x 10    0.5163  0 00 t 10    0.5162  0 00 t 10
0.7561  4 08 x 10    0.7563  0 01 t 10    0.5167  4 08 x 07    0.5167  4 08 x 07
0.7566  0 00 t 12    0.7565  0 00 t 12    0.5170  0 07 t 08    0.5169  0 07 t 08
0.7574  5 08 t 08    0.7576  6 08 x 05    0.5172  0 00 x 02    0.5171  5 08 x 04
0.7578  6 08 x 05    0.7582  0 00 t 07    0.5172  5 08 x 04    0.5171  0 00 x 02
0.7583  4 08 x 07    0.7586  4 08 x 07    0.5179  0 07 t 06    0.5178  0 07 t 06
0.7583  0 00 t 07    0.7596  0 05 t 02    0.5193  0 07 t 07    0.5191  0 07 t 07
0.7594  0 05 t 02    0.7597  5 08 t 08    0.5194  0 07 t 05    0.5194  0 07 t 05
0.7602  0 05 t 03    0.7603  0 05 t 03    0.5197  4 08 x 06    0.5200  4 08 x 06
0.7609  0 00 t 08    0.7608  0 00 t 08    0.5208  4 08 x 05    0.5206  4 08 x 05
0.7619  0 00 t 05    0.7617  0 00 t 05    0.5217  4 08 x 12    0.5217  4 08 x 12
0.7621  0 04 t 03    0.7622  0 04 t 03    0.5218  0 00 t 04    0.5218  0 00 t 04
0.7625  0 07 x 02    0.7624  0 07 x 02    0.5221  0 07 x 02    0.5221  4 08 x 04
0.7637  4 08 x 06    0.7638  4 08 x 06    0.5224  4 08 x 04    0.5221  0 07 x 02
0.7639  0 04 t 04    0.7641  6 08 x 04    0.5228  0 03 x 02    0.5228  0 03 x 02
0.7643  6 08 x 04    0.7641  0 04 t 04    0.5228  5 08 t 08    0.5229  6 08 x 08
0.7648  4 08 x 05    0.7647  4 08 x 05    0.5229  6 08 x 08    0.5231  4 08 x 03
0.7650  4 08 x 12    0.7649  4 08 x 12    0.5232  4 08 x 03    0.5236  0 00 t 03
0.7677  0 07 t 12    0.7676  0 07 t 12    0.5237  0 00 t 03    0.5242  5 08 t 08
0.7684  4 08 x 04    0.7689  4 08 x 04    0.5257  0 03 x 05    0.5255  0 03 x 05
0.7693  0 00 t 10    0.7692  0 00 t 10    0.5262  0 00 t 02    0.5261  0 00 t 02
0.7698  6 08 t 08    0.7702  6 08 t 08    0.5279  0 01 t 02    0.5279  0 01 t 02
0.7702  0 07 t 04    0.7703  0 04 t 02    0.5284  4 08 t 08    0.5281  0 07 t 04
0.7702  0 04 t 02    0.7703  5 08 t 04    0.5284  0 07 t 04    0.5285  4 08 t 08
0.7704  5 08 t 04    0.7703  0 07 t 04    0.5297  4 08 t 04    0.5298  4 08 t 04
0.7712  4 08 x 03    0.7712  4 08 x 03    0.5299  6 08 x 10    0.5299  6 08 x 10
0.7722  0 07 t 10    0.7723  0 07 t 10    0.5300  0 07 t 03    0.5301  0 07 t 03
0.7729  0 00 x 02    0.7729  0 00 x 02    0.5303  5 08 t 04    0.5303  5 08 t 04
0.7747  0 07 t 03    0.7748  0 07 t 03    0.5316  6 08 x 03    0.5315  6 08 x 03
0.7759  5 08 t 07    0.7759  5 08 t 07    0.5318  6 08 x 12    0.5318  6 08 x 12
0.7761  4 08 t 08    0.7761  4 08 t 08    0.5319  0 07 t 02    0.5320  0 07 t 02
0.7769  0 07 t 02    0.7768  0 07 t 02    0.5326  6 08 x 07    0.5326  6 08 x 07
0.7779  0 00 t 04    0.7776  0 00 t 04    0.5331  6 08 x 06    0.5331  6 08 x 06
0.7784  5 08 t 10    0.7783  5 08 t 10    0.5342  0 07 t 12    0.5342  0 07 t 12
0.7796  4 08 t 04    0.7803  5 08 t 05    0.5355  5 08 t 07    0.5351  5 08 t 07
0.7804  5 08 t 05    0.7805  4 08 t 04    0.5360  6 08 x 05    0.5359  6 08 x 05
0.7821  0 00 t 03    0.7819  0 00 t 03    0.5366  5 08 t 10    0.5367  5 08 t 10
0.7831  0 03 x 02    0.7831  0 03 x 02    0.5371  5 08 x 02    0.5371  5 08 x 02
0.7836  0 03 x 05    0.7835  0 03 x 05    0.5371  0 28 t 02    0.5372  0 28 t 02
0.7837  5 08 x 02    0.7836  5 08 x 02    0.5373  5 08 t 05    0.5377  5 08 t 05
0.7838  5 08 t 03    0.7841  5 08 t 03    0.5376  0 07 t 10    0.5377  0 07 t 10
0.7841  5 08 t 12    0.7841  5 08 t 12    0.5382  5 08 t 03    0.5380  5 08 t 03
0.7853  5 08 t 06    0.7848  5 08 t 06    0.5385  3 08 x 08    0.5380  3 08 x 08
0.7859  0 00 t 02    0.7859  0 00 t 02    0.5398  6 08 x 04    0.5405  6 08 x 04
0.7887  6 08 t 10    0.7885  6 08 t 07    0.5408  5 08 t 12    0.5407  5 08 t 12
0.7890  6 08 t 07    0.7887  6 08 t 10    0.5411  5 08 t 06    0.5411  5 08 t 06
0.7894  0 01 t 02    0.7893  0 01 t 02    0.5422  4 08 t 03    0.5425  4 08 t 03
0.7897  6 08 t 04    0.7900  6 08 t 04    0.5427  6 08 t 08    0.5425  6 08 t 08
0.7906  6 08 t 03    0.7904  6 08 t 03    0.5427  0 03 x 06    0.5427  0 03 x 06
0.7955  6 08 t 05    0.7953  6 08 t 05    0.5436  4 08 x 02    0.5436  4 08 x 02
0.7960  6 08 t 12    0.7960  6 08 t 12    0.5443  4 08 t 10    0.5443  4 08 t 10
0.7979  3 08 x 08    0.7985  6 08 t 06    0.5446  4 08 t 07    0.5444  4 08 t 07
0.7987  6 08 t 06    0.7986  3 08 x 08    0.5466  4 08 t 05    0.5467  4 08 t 05
0.7987  0 28 t 02    0.7990  4 08 t 10    0.5470  4 08 t 06    0.5469  4 08 t 06
0.7990  4 08 t 10    0.7990  0 28 t 02    0.5492  3 08 x 10    0.5492  3 08 x 10
0.7997  4 08 t 03    0.7999  4 08 t 03    0.5497  3 08 x 07    0.5498  3 08 x 07
0.7999  4 08 t 07    0.7999  4 08 t 07    0.5509  4 08 t 12    0.5509  4 08 t 12
0.8036  4 08 x 02    0.8035  4 08 t 05    0.5509  3 08 x 06    0.5509  3 08 x 06
0.8037  4 08 t 06    0.8035  4 08 x 02    0.5523  3 08 t 03    0.5527  3 08 t 03
0.8037  4 08 t 05    0.8036  4 08 t 06    0.5535  3 08 x 04    0.5534  3 08 x 04
0.8044  6 08 x 02    0.8044  6 08 x 02    0.5539  3 08 x 12    0.5539  3 08 x 12
0.8084  4 08 t 12    0.8082  4 08 t 12    0.5549  6 08 t 10    0.5549  6 08 t 10
0.8086  0 03 x 06    0.8086  0 03 x 06    0.5552  3 08 x 05    0.5552  3 08 x 05
0.8104  7 08 x 03    0.8104  7 08 x 03    0.5555  6 08 t 03    0.5555  6 08 t 03
0.8149  3 08 x 07    0.8150  3 08 x 07    0.5569  6 08 t 07    0.5569  0 03 x 07
0.8150  3 08 x 10    0.8153  3 08 x 10    0.5572  6 08 t 04    0.5570  6 08 t 07
0.8172  3 08 x 06    0.8173  3 08 x 06    0.5579  0 03 x 07    0.5570  6 08 t 04
0.8211  3 08 x 04    0.8206  3 08 x 04    0.5594  3 08 x 03    0.5594  3 08 x 03
0.8217  3 08 t 03    0.8216  3 08 t 03    0.5596  6 08 t 12    0.5597  6 08 t 12
0.8225  7 08 x 05    0.8223  7 08 x 05    0.5610  6 08 t 05    0.5610  6 08 t 05
0.8228  3 08 x 12    0.8227  3 08 x 12    0.5636  6 08 t 06    0.5636  6 08 t 06
0.8239  3 08 x 05    0.8238  3 08 x 05    0.5649  6 08 x 02    0.5648  6 08 x 02
0.8284  7 08 x 04    0.8281  7 08 x 04    0.5670  0 03 x 08    0.5669  0 03 x 08
0.8304  0 03 x 07    0.8314  0 03 x 07    0.5686  3 08 t 08    0.5686  3 08 t 08
0.8342  3 08 x 03    0.8342  3 08 x 03    0.5691  3 08 t 04    0.5691  3 08 t 04
0.8437  3 08 t 08    0.8436  3 08 t 08    0.5732  3 08 t 02    0.5732  3 08 t 02
0.8441  0 03 x 08    0.8440  0 03 x 08    0.5773  3 08 t 05    0.5772  3 08 t 05
0.8447  3 08 t 04    0.8447  3 08 t 04    0.5810  0 03 x 10    0.5810  0 03 x 10
0.8491  7 08 t 03    0.8492  7 08 t 03    0.5814  3 08 t 06    0.5813  3 08 t 06
0.8528  7 08 t 04    0.8528  7 08 t 04    0.5853  3 08 t 07    0.5854  3 08 t 07
0.8540  7 08 t 05    0.8539  7 08 t 05    0.5882  3 08 t 12    0.5884  3 08 t 12
0.8547  3 08 t 02    0.8546  3 08 t 02    0.5884  5 08 t 02    0.5886  5 08 t 02
0.8567  3 08 t 05    0.8569  3 08 t 05    0.5907  0 03 x 12    0.5907  0 03 x 12
0.8592  5 08 t 02    0.8603  5 08 t 02    0.5920  3 08 t 10    0.5921  3 08 t 10
0.8627  3 08 t 06    0.8627  3 08 t 06    0.5966  7 08 x 03    0.5965  7 08 x 03
0.8635  7 08 x 02    0.8634  7 08 x 02    0.6050  7 08 x 05    0.6049  7 08 x 05
0.8647  0 03 x 10    0.8648  0 03 x 10    0.6070  6 08 t 02    0.6070  6 08 t 02
0.8682  3 08 t 07    0.8683  3 08 t 07    0.6095  7 08 x 04    0.6098  7 08 x 04
0.8683  6 08 t 02    0.8683  6 08 t 02    0.6125  0 02 x 08    0.6122  0 02 x 08
0.8734  3 08 t 12    0.8736  3 08 t 12    0.6132  2 08 t 04    0.6133  2 08 t 04
0.8791  0 03 x 12    0.8791  0 03 x 12    0.6204  0 02 x 05    0.6203  0 02 x 05
0.8794  3 08 t 10    0.8793  3 08 t 10    0.6209  2 08 x 04    0.6209  7 08 t 03
0.9121  0 02 x 08    0.9121  0 02 x 08    0.6210  7 08 t 03    0.6210  2 08 x 04
0.9129  2 08 t 04    0.9129  2 08 t 04    0.6221  2 08 x 03    0.6210  2 08 x 03
0.9244  2 08 x 04    0.9244  2 08 x 04    0.6234  4 08 t 02    0.6234  4 08 t 02
0.9249  0 02 x 05    0.9247  0 02 x 05    0.6253  7 08 t 05    0.6251  7 08 t 05
0.9259  4 08 t 02    0.9258  4 08 t 02    0.6255  7 08 t 04    0.6254  0 02 x 12
0.9279  2 08 x 03    0.9268  2 08 x 03    0.6257  0 02 x 04    0.6255  7 08 t 04
0.9281  0 02 x 12    0.9269  0 02 x 12    0.6265  0 02 x 12    0.6258  0 02 x 04
0.9312  7 08 t 02    0.9312  7 08 t 02    0.6285  3 08 x 02    0.6285  3 08 x 02
0.9340  0 02 x 04    0.9340  0 02 x 04    0.6318  0 02 x 06    0.6319  0 02 x 06
0.9381  3 08 x 02    0.9381  3 08 x 02    0.6327  7 08 x 02    0.6325  7 08 x 02
0.9415  0 02 x 06    0.9412  0 02 x 06    0.6375  2 08 t 05    0.6371  2 08 t 05
0.9477  2 08 t 05    0.9477  2 08 t 05    0.6382  0 02 x 07    0.6381  0 02 x 07
0.9506  0 02 x 10    0.9506  0 02 x 10    0.6387  0 02 x 10    0.6387  0 02 x 10
0.9507  0 02 x 07    0.9509  0 02 x 07    0.6406  2 08 x 05    0.6406  2 08 x 05
0.9532  2 08 x 05    0.9531  2 08 x 05    0.6422  0 02 x 03    0.6422  2 08 t 03
0.9582  2 08 t 03    0.9583  2 08 t 03    0.6422  2 08 t 03    0.6422  0 02 x 03
0.9596  0 02 x 03    0.9597  0 02 x 03    0.6440  0 02 x 02    0.6440  0 02 x 02
0.9639  0 02 x 02    0.9638  0 02 x 02    0.6494  2 08 x 02    0.6493  2 08 x 02
0.9714  2 08 x 02    0.9713  2 08 x 02    0.6699  2 08 t 02    0.6700  2 08 t 02
1.0023  2 08 t 02    1.0023  2 08 t 02    0.6758  7 08 t 02    0.6758  7 08 t 02
1.0409  0 06 x 01    1.0410  0 06 x 01    0.6936  0 29 x 01    0.6936  0 29 x 01
1.0439  0 32 x 01    1.0439  0 32 x 01    0.6959  0 30 x 01    0.6959  0 30 x 01
1.0439  0 32 t 01    1.0440  0 32 t 01    0.6962  0 06 x 01    0.6962  0 06 x 01
1.0441  0 31 x 01    1.0440  0 31 x 01    0.6967  0 32 x 01    0.6967  0 32 x 01
1.0442  0 29 x 01    1.0442  0 29 x 01    0.6967  0 32 t 01    0.6968  0 32 t 01
1.0451  0 30 x 01    1.0443  0 06 t 01    0.6969  0 31 x 01    0.6969  0 31 x 01
1.0479  0 05 x 01    1.0450  0 30 x 01    0.6973  0 05 x 01    0.6973  0 05 x 01
1.0604  0 04 x 01    1.0478  0 05 x 01    0.7027  0 04 x 01    0.6981  0 06 t 01
1.0605  0 01 x 01    1.0559  0 05 t 01    0.7030  0 01 x 01    0.7022  0 05 t 01
1.0615  0 28 x 01    1.0603  0 04 x 01    0.7074  0 28 x 01    0.7028  0 04 x 01
1.0671  0 07 x 01    1.0604  0 01 x 01    0.7115  0 27 x 01    0.7029  0 01 x 01
1.0716  0 27 x 01    1.0615  0 28 x 01    0.7208  0 00 x 01    0.7052  0 01 t 01
1.0857  0 00 x 01    1.0637  0 01 t 01    0.7227  0 07 x 01    0.7074  0 28 x 01
1.1095  0 03 x 01    1.0657  0 29 t 01    0.7363  0 03 x 01    0.7083  0 29 t 01
1.1151  0 02 x 01    1.0670  0 07 x 01    0.7411  0 02 x 01    0.7115  0 27 x 01
1.1463  5 08 t 01    1.0681  0 07 t 01    0.7756  5 08 t 01    0.7115  0 30 t 01
1.1688  6 08 t 01    1.0691  0 30 t 01    0.7780  0 05 t 01    0.7129  0 28 t 01
1.1701  0 06 t 01    1.0703  0 28 t 01    0.7781  0 06 t 01    0.7132  0 04 t 01
1.1708  4 08 t 01    1.0716  0 27 x 01    0.7784  0 29 t 01    0.7147  0 31 t 01
1.1713  5 08 x 01    1.0722  0 31 t 01    0.7809  4 08 t 01    0.7156  0 27 t 01
1.1739  0 05 t 01    1.0756  0 04 t 01    0.7816  0 31 t 01    0.7208  0 00 x 01
1.1742  0 29 t 01    1.0780  0 27 t 01    0.7819  0 30 t 01    0.7227  0 07 x 01
1.1747  0 31 t 01    1.0857  0 00 x 01    0.7852  0 28 t 01    0.7229  0 00 t 01
1.1773  0 30 t 01    1.0883  0 00 t 01    0.7859  0 01 t 01    0.7245  0 07 t 01
1.1816  0 28 t 01    1.1095  0 03 x 01    0.7893  0 04 t 01    0.7362  0 03 x 01
1.1913  0 01 t 01    1.1151  0 02 x 01    0.7916  5 08 x 01    0.7411  0 02 x 01
1.1918  0 07 t 01    1.1462  5 08 t 01    0.7918  0 27 t 01    0.7755  5 08 t 01
1.1926  0 04 t 01    1.1688  6 08 t 01    0.7963  0 00 t 01    0.7809  4 08 t 01
1.1951  6 08 x 01    1.1709  4 08 t 01    0.7968  4 08 x 01    0.7916  5 08 x 01
1.1952  4 08 x 01    1.1714  5 08 x 01    0.8015  0 07 t 01    0.7968  4 08 x 01
1.1959  0 27 t 01    1.1952  6 08 x 01    0.8092  6 08 t 01    0.8092  6 08 t 01
1.2011  0 00 t 01    1.1953  4 08 x 01    0.8173  1 08 x 04    0.8173  1 08 x 04
1.2213  1 08 x 04    1.2213  1 08 x 04    0.8224  1 08 t 04    0.8224  1 08 t 04
1.2291  1 08 t 04    1.2294  1 08 t 04    0.8249  3 08 t 01    0.8248  3 08 t 01
1.2437  3 08 t 01    1.2437  3 08 t 01    0.8262  6 08 x 01    0.8262  6 08 x 01
1.2631  7 08 x 01    1.2630  7 08 x 01    0.8395  3 08 x 01    0.8393  3 08 x 01
1.2657  3 08 x 01    1.2657  3 08 x 01    0.8465  1 08 x 05    0.8476  1 08 x 05
1.2689  1 08 x 05    1.2689  1 08 x 05    0.8682  1 08 x 03    0.8682  1 08 x 03
1.2966  1 08 x 03    1.2828  7 08 t 01    0.8774  1 08 t 05    0.8773  1 08 t 05
1.3102  1 08 t 05    1.3026  1 08 x 03    0.8939  1 08 t 03    0.8938  1 08 t 03
1.3387  1 08 t 03    1.3102  1 08 t 05    0.9045  1 08 t 02    0.9048  1 08 t 02
1.3581  1 08 t 02    1.3385  1 08 t 03    0.9073  7 08 x 01    0.9076  7 08 x 01
1.3962  7 08 t 01    1.3580  1 08 t 02    0.9334  2 08 t 01    0.9205  7 08 t 01
1.4082  2 08 t 01    1.4084  2 08 t 01    0.9539  2 08 x 01    0.9333  2 08 t 01
1.4400  2 08 x 01    1.4401  2 08 x 01    0.9947  7 08 t 01    0.9540  2 08 x 01
1.5009  1 08 x 02    1.5007  1 08 x 02    0.9987  1 08 x 02    0.9988  1 08 x 02
1.9030  1 08 t 01    1.9030  1 08 t 01    1.2589  1 08 t 01    1.2589  1 08 t 01
1.9035  1 08 x 01    1.9034  1 08 x 01    1.2592  1 08 x 01    1.2591  1 08 x 01
---Benchmark Program Finished---
