
./testbench.sh g++ O3 MontgomeryFull __uint128_t 191 8 40 -DTEST_ARRAY -DHURCHALLA_MONTGOMERY_TWO_POW_USE_CSELECT_ON_BIT -DHURCHALLA_ALLOW_INLINE_ASM_ALL

compilation finished, now executing:
---Running Program---

begin benchmarks - array two_pow
(ignore)332163741205411267698489818326060553048

OVERALL BEST:
1.8271  0 31 x 05
1.8273  0 32 x 05
1.8273  0 32 t 05
1.8386  0 32 t 04
1.8386  0 31 x 04
1.8389  0 32 x 04
1.8528  0 32 t 06
1.8528  0 31 x 06
1.8531  0 32 x 06
1.8565  0 31 x 03
1.8573  0 32 t 03
1.8576  0 32 x 03
1.8588  0 29 x 04
1.8635  0 29 x 06
1.8658  0 29 x 05
1.8725  0 32 x 07
1.8730  0 31 x 07
1.8744  0 32 t 08
1.8758  0 31 x 08
1.8762  0 32 x 08
1.8768  0 32 t 07
1.8819  0 29 x 07
1.8843  0 29 x 03
1.8904  0 29 x 08
1.8941  0 32 x 10
1.8966  0 32 t 10
1.8980  0 31 x 10
1.9071  0 30 x 04
1.9099  0 32 t 12
1.9103  0 32 x 12
1.9110  0 31 x 12
1.9170  0 29 x 12
1.9187  0 29 x 10
1.9338  0 28 x 04
1.9555  0 30 x 03
1.9672  0 31 t 04
1.9724  0 28 x 03
1.9786  0 29 t 04
1.9985  0 31 t 05
2.0003  0 31 t 03
2.0027  0 28 x 08
2.0068  0 28 x 07
2.0137  0 05 x 04
2.0191  0 31 t 06
2.0197  0 29 t 07
2.0231  0 28 x 10
2.0242  0 29 t 05
2.0306  0 30 x 08
2.0309  0 29 t 06
2.0335  0 30 x 07
2.0339  0 29 t 03
2.0343  0 01 x 05
2.0351  0 04 x 04
2.0353  0 31 t 07
2.0411  0 29 t 08
2.0417  0 29 t 10
2.0472  0 28 x 06
2.0511  0 04 x 06
2.0537  0 31 t 08
2.0555  0 30 x 06
2.0576  0 04 x 08
2.0603  0 29 t 12
2.0605  0 31 t 12
2.0611  0 04 x 05
2.0617  0 31 t 10
2.0622  0 01 x 10
2.0633  0 05 x 06
2.0645  0 01 x 04
2.0684  0 05 x 08
2.0703  0 05 x 05
2.0707  0 28 x 05
2.0722  0 05 x 12
2.0734  0 01 x 06
2.0742  0 01 x 12
2.0748  0 27 x 07
2.0758  0 30 x 05
2.0761  0 04 x 10
2.0774  0 01 x 07
2.0780  0 01 x 08
2.0792  0 05 x 10
2.0792  0 06 x 04
2.0795  0 05 x 03
2.0799  0 27 x 06
2.0833  0 05 x 07
2.0838  0 04 x 07
2.0846  0 27 x 08
2.0847  0 28 t 03
2.0860  0 30 x 10
2.0866  0 06 x 05
2.0879  0 04 x 12
2.0883  0 30 t 03
2.0909  0 27 x 10
2.0920  0 04 x 03
2.0933  0 27 x 05
2.0935  0 28 t 04
2.0986  0 06 x 03
2.1004  0 06 x 10
2.1008  0 27 x 12
2.1110  0 01 x 03
2.1203  0 06 x 06
2.1225  0 00 x 04
2.1229  0 30 t 04
2.1247  0 30 x 12
2.1250  0 05 t 03
2.1281  0 27 x 03
2.1308  0 00 x 05
2.1361  0 05 t 04
2.1408  0 00 x 06
2.1419  0 01 t 03
2.1420  0 06 x 08
2.1422  0 00 x 10
2.1455  0 27 x 04
2.1473  0 00 x 03
2.1503  0 06 t 03
2.1508  0 00 x 08
2.1524  0 31 t 02
2.1525  0 00 x 12
2.1528  0 06 x 07
2.1533  0 00 x 07
2.1541  0 06 x 12
2.1570  0 04 t 04
2.1597  0 01 t 04
2.1610  0 04 t 03
2.1631  0 30 t 05
2.1655  0 30 t 06
2.1655  0 28 t 06
2.1673  0 06 t 04
2.1696  0 28 x 12
2.1727  0 05 t 05
2.1732  0 27 t 03
2.1733  0 01 t 07
2.1748  0 04 t 08
2.1760  0 30 t 07
2.1839  0 28 t 07
2.1849  0 30 t 02
2.1862  0 28 t 08
2.1894  0 30 t 08
2.1919  0 30 t 10
2.1935  0 01 t 06
2.1938  0 29 t 02
2.1951  0 05 t 06
2.1978  0 05 t 08
2.1985  0 04 t 06
2.1985  0 04 t 05
2.2007  0 01 t 08
2.2009  0 01 t 05
2.2016  0 28 t 05
2.2030  0 00 t 03
2.2064  0 06 t 05
2.2077  0 31 x 02
2.2081  0 32 x 02
2.2095  0 32 t 02
2.2108  0 28 t 02
2.2114  0 06 t 10
2.2117  0 04 t 07
2.2121  0 28 t 10
2.2122  0 05 t 07
2.2144  0 01 t 10
2.2183  0 04 t 10
2.2257  0 01 t 12
2.2381  0 04 t 12
2.2423  0 07 x 03
2.2431  0 00 t 04
2.2431  0 06 t 06
2.2448  0 29 x 02
2.2468  0 05 t 10
2.2489  0 06 t 12
2.2535  0 07 x 06
2.2539  0 07 x 05
2.2578  0 00 t 06
2.2600  0 00 t 05
2.2637  0 28 t 12
2.2698  0 27 t 05
2.2701  0 06 t 08
2.2741  0 00 t 08
2.2769  0 00 t 07
2.2782  0 27 t 06
2.2887  0 07 x 07
2.2887  0 07 t 03
2.2947  0 07 x 04
2.2982  0 00 t 10
2.2992  0 06 t 07
2.3018  0 00 t 12
2.3059  0 07 x 10
2.3065  0 07 x 08
2.3087  0 05 t 02
2.3105  0 05 t 12
2.3121  0 27 t 07
2.3175  5 08 x 03
2.3184  0 27 t 02
2.3199  0 01 t 02
2.3231  0 04 t 02
2.3235  0 06 t 02
2.3258  0 27 t 04
2.3284  0 27 t 12
2.3291  0 30 x 02
2.3373  0 28 x 02
2.3392  0 27 t 08
2.3429  0 07 t 06
2.3446  0 27 t 10
2.3605  0 06 x 02
2.3621  0 07 x 12
2.3730  6 08 x 03
2.3757  0 07 t 05
2.3796  0 27 x 02
2.3840  0 04 x 02
2.3907  0 05 x 02
2.3917  0 07 t 07
2.3941  0 00 t 02
2.3998  0 00 x 02
2.4029  0 07 t 04
2.4061  0 30 t 12
2.4084  0 01 x 02
2.4123  0 07 t 08
2.4511  0 07 t 02
2.4548  4 08 x 03
2.4556  5 08 t 03
2.4658  0 07 t 12
2.4709  0 07 t 10
2.4993  5 08 x 04
2.5056  0 07 x 02
2.5292  6 08 x 04
2.5533  5 08 x 02
2.5772  6 08 t 03
2.5874  5 08 t 02
2.5893  5 08 x 05
2.6042  4 08 x 06
2.6112  6 08 x 05
2.6154  0 03 x 12
2.6157  0 03 x 10
2.6212  4 08 t 02
2.6219  5 08 x 06
2.6252  4 08 x 02
2.6449  7 08 x 03
2.6460  4 08 x 04
2.6526  6 08 x 02
2.6575  0 03 x 08
2.6631  0 03 x 07
2.6830  5 08 x 07
2.6861  4 08 t 03
2.6871  6 08 t 04
2.6917  4 08 x 07
2.6966  7 08 x 04
2.7079  5 08 t 04
2.7116  5 08 t 05
2.7251  6 08 t 02
2.7306  5 08 x 08
2.7335  4 08 x 05
2.7475  4 08 x 10
2.7544  0 03 x 06
2.7662  6 08 t 05
2.7679  0 03 x 03
2.7689  4 08 x 08
2.7733  5 08 t 06
2.7862  4 08 x 12
2.7866  0 03 x 02
2.8000  6 08 x 06
2.8079  4 08 t 05
2.8099  5 08 x 10
2.8104  4 08 t 06
2.8136  4 08 t 07
2.8141  7 08 t 03
2.8432  3 08 x 06
2.8442  3 08 t 02
2.8478  5 08 t 07
2.8511  4 08 t 08
2.8512  3 08 x 03
2.8630  3 08 x 08
2.8675  3 08 x 07
2.8718  3 08 x 10
2.8720  5 08 t 08
2.8780  7 08 t 04
2.8785  5 08 x 12
2.8943  6 08 x 07
2.8966  3 08 x 12
2.9212  3 08 x 02
2.9273  4 08 t 04
2.9279  7 08 x 02
2.9290  7 08 x 05
2.9538  4 08 t 10
2.9703  0 03 x 04
2.9748  5 08 t 10
2.9751  4 08 t 12
2.9813  0 03 x 05
2.9924  6 08 t 06
3.0251  0 06 t 01
3.0395  6 08 t 07
3.0435  5 08 t 12
3.0456  0 05 t 01
3.0528  6 08 x 08
3.0637  3 08 t 03
3.0689  0 04 t 01
3.0964  0 31 t 01
3.0967  3 08 t 07
3.1019  7 08 t 02
3.1102  0 00 t 01
3.1103  3 08 t 08
3.1175  7 08 t 05
3.1291  3 08 x 04
3.1293  0 29 t 01
3.1325  3 08 x 05
3.1336  3 08 t 04
3.1346  3 08 t 06
3.1471  2 08 x 02
3.1639  0 28 t 01
3.1724  0 27 t 01
3.2228  3 08 t 10
3.2273  3 08 t 12
3.2293  6 08 x 10
3.2307  2 08 t 02
3.2325  2 08 t 04
3.2337  3 08 t 05
3.2376  6 08 t 08
3.2523  0 01 t 01
3.2590  0 07 t 01
3.2698  0 30 t 01
3.2735  2 08 t 03
3.2981  2 08 t 05
3.3153  6 08 x 12
3.3425  2 08 x 03
3.3625  6 08 t 10
3.3649  0 05 x 01
3.3794  0 31 x 01
3.3816  0 29 x 01
3.3820  0 32 t 01
3.3825  0 32 x 01
3.3877  0 06 x 01
3.4074  0 04 x 01
3.4379  0 01 x 01
3.4546  0 00 x 01
3.4562  0 28 x 01
3.4595  0 27 x 01
3.4780  0 30 x 01
3.4829  6 08 t 12
3.5306  0 07 x 01
3.6024  4 08 t 01
3.6295  2 08 x 05
3.6404  2 08 x 04
3.6405  6 08 t 01
3.7199  5 08 t 01
3.7366  5 08 x 01
3.8038  4 08 x 01
3.8423  3 08 t 01
3.8827  7 08 t 01
3.8880  6 08 x 01
3.9637  0 02 x 01
3.9840  0 02 x 02
4.0171  3 08 x 01
4.0437  0 02 x 12
4.0799  0 02 x 03
4.1761  0 02 x 10
4.2066  0 02 x 08
4.2383  7 08 x 01
4.2671  0 02 x 05
4.2677  0 02 x 07
4.2938  0 02 x 06
4.3155  0 02 x 04
4.3701  2 08 t 01
4.4444  2 08 x 01
4.4603  0 03 x 01
4.4723  1 08 t 02
4.4741  1 08 x 02
4.4742  1 08 t 03
4.4755  1 08 x 03
4.6490  1 08 x 05
4.6601  1 08 x 04
4.6800  1 08 t 04
4.7248  1 08 t 05
6.1241  1 08 t 01
6.1249  1 08 x 01
Timings By Test Type:
0.5447  0 31 x 05    0.5447  0 32 t 05    0.3689  0 31 x 05    0.3688  0 32 t 05
0.5447  0 32 x 05    0.5447  0 31 x 05    0.3690  0 32 t 05    0.3688  0 32 x 05
0.5449  0 32 t 05    0.5447  0 32 x 05    0.3690  0 32 x 05    0.3688  0 31 x 05
0.5483  0 32 t 04    0.5484  0 31 x 04    0.3709  0 32 t 04    0.3709  0 32 x 04
0.5484  0 31 x 04    0.5484  0 32 t 04    0.3709  0 31 x 04    0.3709  0 32 t 04
0.5485  0 32 x 04    0.5485  0 32 x 04    0.3710  0 32 x 04    0.3709  0 31 x 04
0.5520  0 32 t 06    0.5521  0 32 x 06    0.3743  0 31 x 06    0.3743  0 31 x 03
0.5521  0 31 x 06    0.5521  0 31 x 06    0.3743  0 32 t 06    0.3743  0 31 x 06
0.5522  0 32 x 06    0.5521  0 32 t 06    0.3744  0 32 x 06    0.3743  0 32 t 06
0.5539  0 31 x 03    0.5539  0 32 t 03    0.3744  0 31 x 03    0.3744  0 32 x 06
0.5540  0 32 t 03    0.5539  0 31 x 03    0.3747  0 32 t 03    0.3747  0 32 t 03
0.5541  0 32 x 03    0.5540  0 32 x 03    0.3747  0 32 x 03    0.3747  0 32 x 03
0.5543  0 29 x 04    0.5541  0 29 x 04    0.3752  0 29 x 04    0.3752  0 29 x 04
0.5556  0 29 x 06    0.5556  0 29 x 06    0.3761  0 29 x 06    0.3761  0 29 x 06
0.5564  0 29 x 05    0.5564  0 29 x 05    0.3765  0 29 x 05    0.3764  0 29 x 05
0.5580  0 31 x 07    0.5579  0 31 x 07    0.3783  0 32 x 07    0.3784  0 32 x 07
0.5580  0 32 t 08    0.5579  0 32 x 07    0.3785  0 31 x 07    0.3787  0 31 x 07
0.5580  0 32 x 07    0.5579  0 31 x 08    0.3792  0 32 t 08    0.3793  0 32 t 08
0.5581  0 31 x 08    0.5579  0 32 t 08    0.3793  0 32 t 07    0.3794  0 32 t 07
0.5583  0 32 x 08    0.5581  0 32 x 08    0.3799  0 31 x 08    0.3798  0 32 x 08
0.5590  0 32 t 07    0.5590  0 32 t 07    0.3800  0 32 x 08    0.3799  0 31 x 08
0.5605  0 29 x 07    0.5606  0 29 x 07    0.3800  0 29 x 03    0.3799  0 29 x 03
0.5621  0 29 x 03    0.5622  0 29 x 03    0.3804  0 29 x 07    0.3804  0 29 x 07
0.5634  0 29 x 08    0.5632  0 32 x 10    0.3818  0 29 x 08    0.3818  0 29 x 08
0.5639  0 32 t 10    0.5634  0 29 x 08    0.3833  0 32 x 10    0.3837  0 32 x 10
0.5639  0 32 x 10    0.5641  0 31 x 10    0.3840  0 32 t 10    0.3840  0 32 t 10
0.5653  0 31 x 10    0.5647  0 32 t 10    0.3844  0 31 x 10    0.3842  0 31 x 10
0.5658  0 30 x 04    0.5656  0 30 x 04    0.3868  0 32 t 12    0.3869  0 32 t 12
0.5680  0 32 x 12    0.5680  0 32 x 12    0.3872  0 32 x 12    0.3872  0 32 x 12
0.5681  0 32 t 12    0.5681  0 32 t 12    0.3873  0 31 x 12    0.3872  0 31 x 12
0.5683  0 31 x 12    0.5682  0 31 x 12    0.3877  0 29 x 12    0.3878  0 30 x 04
0.5709  0 29 x 12    0.5704  0 29 x 12    0.3878  0 30 x 04    0.3880  0 29 x 12
0.5712  0 29 x 10    0.5711  0 29 x 10    0.3882  0 29 x 10    0.3882  0 29 x 10
0.5750  0 28 x 04    0.5750  0 28 x 04    0.3918  0 28 x 04    0.3919  0 28 x 04
0.5825  0 30 x 03    0.5826  0 30 x 03    0.3952  0 30 x 03    0.3951  0 30 x 03
0.5874  0 31 t 04    0.5873  0 31 t 04    0.3963  0 31 t 04    0.3963  0 31 t 04
0.5884  0 28 x 03    0.5885  0 28 x 03    0.3977  0 28 x 03    0.3977  0 28 x 03
0.5905  0 29 t 04    0.5904  0 29 t 04    0.3989  0 29 t 04    0.3988  0 29 t 04
0.5965  0 31 t 05    0.5965  0 31 t 05    0.4027  0 31 t 05    0.4027  0 31 t 05
0.5967  0 28 x 08    0.5966  0 28 x 08    0.4031  0 31 t 03    0.4032  0 31 t 03
0.5970  0 31 t 03    0.5970  0 31 t 03    0.4047  0 28 x 08    0.4047  0 28 x 08
0.5978  0 28 x 07    0.5978  0 28 x 07    0.4050  0 05 x 04    0.4051  0 05 x 04
0.6016  0 29 t 07    0.6016  0 29 t 07    0.4055  0 28 x 07    0.4057  0 28 x 07
0.6019  0 05 x 04    0.6017  0 05 x 04    0.4071  0 31 t 06    0.4073  0 31 t 06
0.6024  0 31 t 06    0.6022  0 28 x 10    0.4081  0 29 t 05    0.4080  0 29 t 05
0.6029  0 28 x 10    0.6023  0 31 t 06    0.4084  0 29 t 07    0.4082  0 29 t 07
0.6041  0 29 t 05    0.6041  0 29 t 05    0.4088  0 04 x 04    0.4088  0 04 x 04
0.6050  0 30 x 08    0.6050  0 30 x 08    0.4089  0 28 x 10    0.4091  0 29 t 03
0.6061  0 29 t 06    0.6059  0 29 t 06    0.4092  0 29 t 03    0.4091  0 28 x 10
0.6068  0 31 t 07    0.6068  0 30 x 07    0.4094  0 29 t 06    0.4095  0 29 t 06
0.6069  0 30 x 07    0.6069  0 31 t 07    0.4096  0 01 x 05    0.4096  0 01 x 05
0.6075  0 01 x 05    0.6076  0 29 t 10    0.4099  0 30 x 07    0.4099  0 30 x 07
0.6076  0 29 t 10    0.6076  0 01 x 05    0.4105  0 30 x 08    0.4100  0 30 x 08
0.6078  0 29 t 03    0.6078  0 29 t 03    0.4108  0 31 t 07    0.4107  0 31 t 07
0.6083  0 29 t 08    0.6082  0 28 x 06    0.4122  0 29 t 08    0.4121  0 29 t 08
0.6084  0 28 x 06    0.6084  0 29 t 08    0.4125  0 04 x 06    0.4124  0 04 x 06
0.6088  0 04 x 04    0.6087  0 04 x 04    0.4133  0 29 t 10    0.4132  0 29 t 10
0.6122  0 31 t 08    0.6123  0 31 t 08    0.4139  0 04 x 08    0.4139  0 04 x 08
0.6122  0 30 x 06    0.6127  0 30 x 06    0.4141  0 04 x 05    0.4141  0 04 x 05
0.6129  0 29 t 12    0.6130  0 29 t 12    0.4146  0 31 t 08    0.4146  0 31 t 08
0.6130  0 31 t 12    0.6131  0 31 t 12    0.4149  0 05 x 06    0.4149  0 01 x 04
0.6130  0 04 x 06    0.6131  0 04 x 06    0.4150  0 01 x 04    0.4149  0 05 x 06
0.6136  0 30 x 05    0.6131  0 31 t 10    0.4154  0 30 x 06    0.4151  0 28 x 06
0.6136  0 31 t 10    0.6143  0 30 x 05    0.4154  0 28 x 06    0.4153  0 30 x 06
0.6149  0 04 x 08    0.6149  0 04 x 08    0.4158  0 01 x 10    0.4158  0 01 x 10
0.6150  0 28 t 03    0.6152  0 28 t 03    0.4159  0 05 x 05    0.4159  0 05 x 05
0.6154  0 01 x 10    0.6152  0 01 x 10    0.4172  0 29 t 12    0.4168  0 05 x 08
0.6159  0 06 x 04    0.6159  0 06 x 04    0.4172  0 31 t 12    0.4172  0 29 t 12
0.6164  0 04 x 05    0.6159  0 28 x 05    0.4172  0 05 x 08    0.4172  0 31 t 12
0.6168  0 05 x 06    0.6164  0 04 x 05    0.4173  0 28 t 04    0.4173  0 05 x 12
0.6169  0 28 x 05    0.6168  0 05 x 06    0.4173  0 05 x 12    0.4173  0 28 t 04
0.6172  0 05 x 08    0.6171  0 05 x 08    0.4175  0 01 x 06    0.4174  0 31 t 10
0.6176  0 01 x 04    0.6171  0 01 x 04    0.4176  0 31 t 10    0.4174  0 01 x 06
0.6180  0 06 x 05    0.6180  0 30 t 03    0.4178  0 27 x 07    0.4178  0 27 x 07
0.6180  0 30 t 03    0.6180  0 06 x 05    0.4181  0 05 x 03    0.4181  0 04 x 10
0.6188  0 05 x 12    0.6188  0 05 x 12    0.4181  0 04 x 10    0.4182  0 05 x 03
0.6188  0 01 x 12    0.6189  0 01 x 12    0.4181  0 01 x 07    0.4183  0 01 x 12
0.6192  0 05 x 05    0.6190  0 01 x 06    0.4182  0 01 x 12    0.4183  0 01 x 07
0.6194  0 01 x 06    0.6193  0 05 x 05    0.4188  0 01 x 08    0.4187  0 28 x 05
0.6196  0 27 x 07    0.6196  0 27 x 07    0.4190  0 05 x 10    0.4188  0 05 x 10
0.6199  0 04 x 10    0.6197  0 27 x 05    0.4192  0 28 x 05    0.4189  0 01 x 08
0.6200  0 27 x 05    0.6199  0 01 x 08    0.4192  0 27 x 06    0.4192  0 27 x 06
0.6202  0 30 x 10    0.6200  0 04 x 10    0.4192  0 27 x 10    0.4193  0 04 x 07
0.6203  0 01 x 08    0.6202  0 30 x 10    0.4193  0 04 x 07    0.4194  0 27 x 10
0.6206  0 01 x 07    0.6204  0 01 x 07    0.4195  0 27 x 08    0.4195  0 27 x 08
0.6207  0 27 x 06    0.6207  0 05 x 10    0.4196  0 30 t 05    0.4198  0 30 t 05
0.6207  0 05 x 10    0.6209  0 27 x 06    0.4198  0 05 x 07    0.4199  0 05 x 07
0.6213  0 06 x 10    0.6210  0 06 x 10    0.4201  0 04 x 03    0.4201  0 04 x 03
0.6216  0 05 x 03    0.6216  0 05 x 03    0.4208  0 04 x 12    0.4207  0 04 x 12
0.6218  0 05 x 07    0.6219  0 05 x 07    0.4210  0 30 t 04    0.4208  0 30 t 04
0.6225  0 04 x 07    0.6227  0 04 x 07    0.4213  0 27 x 12    0.4213  0 27 x 12
0.6225  0 27 x 08    0.6228  0 06 x 03    0.4226  0 30 x 10    0.4229  0 30 x 10
0.6233  0 06 x 03    0.6231  0 27 x 08    0.4238  0 01 x 03    0.4236  0 06 x 04
0.6233  0 04 x 12    0.6232  0 04 x 12    0.4238  0 06 x 04    0.4238  0 01 x 03
0.6259  0 04 x 03    0.6258  0 04 x 03    0.4240  0 30 x 05    0.4238  0 30 x 05
0.6263  0 06 x 06    0.6259  0 27 x 10    0.4252  0 06 x 05    0.4254  0 06 x 05
0.6263  0 27 x 10    0.6262  0 06 x 06    0.4261  0 06 x 03    0.4261  0 30 t 03
0.6290  0 27 x 12    0.6293  0 27 x 12    0.4262  0 30 t 03    0.4265  0 06 x 03
0.6296  0 28 t 04    0.6293  0 28 t 04    0.4265  0 00 x 04    0.4265  0 00 x 04
0.6314  0 06 x 08    0.6310  0 06 x 08    0.4268  0 27 x 05    0.4268  0 27 x 05
0.6317  0 01 x 03    0.6317  0 01 x 03    0.4268  0 05 t 03    0.4268  0 05 t 03
0.6340  0 27 x 03    0.6332  0 30 x 12    0.4272  0 28 t 03    0.4272  0 28 t 03
0.6342  0 30 x 12    0.6340  0 27 x 03    0.4288  0 05 t 04    0.4282  0 30 x 12
0.6343  0 00 x 04    0.6344  0 06 x 12    0.4290  0 00 x 05    0.4289  0 00 x 05
0.6345  0 06 x 12    0.6348  0 06 x 07    0.4290  0 30 x 12    0.4290  0 05 t 04
0.6348  0 06 x 07    0.6351  0 00 x 04    0.4290  0 06 x 10    0.4291  0 06 x 10
0.6357  0 05 t 03    0.6356  0 05 t 03    0.4292  0 30 t 06    0.4292  0 30 t 06
0.6365  0 00 x 05    0.6364  0 00 x 05    0.4300  0 27 x 03    0.4300  0 01 t 03
0.6383  0 06 t 03    0.6387  0 00 x 10    0.4301  0 01 t 03    0.4302  0 27 x 03
0.6387  0 00 x 10    0.6388  0 06 t 03    0.4311  0 00 x 06    0.4311  0 00 x 06
0.6392  0 00 x 06    0.6390  0 05 t 04    0.4319  0 00 x 03    0.4319  0 00 x 03
0.6392  0 05 t 04    0.6394  0 00 x 06    0.4322  0 00 x 10    0.4324  0 28 t 06
0.6401  0 27 x 04    0.6398  0 27 x 04    0.4326  0 28 t 06    0.4325  0 00 x 10
0.6406  0 30 t 04    0.6406  0 30 t 04    0.4329  0 27 x 04    0.4327  0 27 x 04
0.6409  0 01 t 03    0.6409  0 01 t 03    0.4329  0 00 x 08    0.4329  0 31 t 02
0.6418  0 00 x 03    0.6417  0 00 x 03    0.4329  0 31 t 02    0.4331  0 04 t 04
0.6420  0 00 x 12    0.6418  0 00 x 12    0.4331  0 04 t 04    0.4332  0 00 x 08
0.6424  0 00 x 08    0.6423  0 00 x 08    0.4337  0 04 t 03    0.4335  0 04 t 03
0.6427  0 00 x 07    0.6429  0 00 x 07    0.4338  0 00 x 07    0.4338  0 00 x 07
0.6433  0 31 t 02    0.6431  0 06 t 04    0.4339  0 06 x 06    0.4339  0 06 x 06
0.6434  0 06 t 04    0.6433  0 31 t 02    0.4341  0 30 t 07    0.4341  0 30 t 07
0.6442  0 28 x 12    0.6444  0 28 x 12    0.4345  0 00 x 12    0.4342  0 00 x 12
0.6454  0 04 t 04    0.6453  0 04 t 04    0.4345  0 01 t 04    0.4344  0 01 t 04
0.6454  0 01 t 04    0.6454  0 01 t 04    0.4346  0 28 t 05    0.4346  0 28 t 05
0.6470  0 04 t 03    0.6469  0 04 t 03    0.4352  0 05 t 05    0.4355  0 05 t 05
0.6472  0 27 t 03    0.6472  0 27 t 03    0.4366  0 06 t 03    0.4365  0 06 t 03
0.6490  0 01 t 07    0.6488  0 01 t 07    0.4367  0 28 t 07    0.4365  0 28 t 07
0.6501  0 04 t 08    0.6499  0 04 t 08    0.4373  0 04 t 08    0.4374  0 04 t 08
0.6502  0 28 t 06    0.6503  0 28 t 06    0.4378  0 01 t 07    0.4377  0 01 t 07
0.6510  0 05 t 05    0.6510  0 05 t 05    0.4393  0 27 t 03    0.4391  0 06 x 08
0.6516  0 30 t 02    0.6517  0 30 t 02    0.4402  0 29 t 02    0.4394  0 27 t 03
0.6524  0 28 t 08    0.6521  0 28 t 08    0.4404  0 06 t 04    0.4401  0 29 t 02
0.6528  0 30 t 08    0.6529  0 30 t 08    0.4405  0 28 x 12    0.4404  0 28 x 12
0.6532  0 30 t 10    0.6531  0 30 t 10    0.4405  0 06 x 08    0.4404  0 06 t 04
0.6535  0 30 t 06    0.6535  0 30 t 06    0.4408  0 28 t 08    0.4407  0 30 t 02
0.6539  0 30 t 07    0.6540  0 30 t 07    0.4408  0 05 t 06    0.4408  0 05 t 06
0.6545  0 06 t 05    0.6548  0 06 t 05    0.4409  0 30 t 02    0.4408  0 28 t 08
0.6551  0 06 t 10    0.6551  0 06 t 10    0.4413  0 01 t 06    0.4412  0 01 t 06
0.6554  0 28 t 07    0.6553  0 28 t 07    0.4414  0 04 t 05    0.4413  0 04 t 05
0.6554  0 01 t 06    0.6555  0 01 t 06    0.4415  0 04 t 06    0.4415  0 04 t 06
0.6560  0 05 t 08    0.6558  0 05 t 08    0.4417  0 06 x 07    0.4415  0 06 x 07
0.6566  0 01 t 08    0.6566  0 01 t 08    0.4420  0 30 t 08    0.4417  0 30 t 08
0.6567  0 05 t 06    0.6568  0 05 t 06    0.4426  0 06 x 12    0.4426  0 01 t 05
0.6568  0 29 t 02    0.6568  0 29 t 02    0.4428  0 30 t 10    0.4426  0 06 x 12
0.6577  0 04 t 06    0.6570  0 01 t 05    0.4428  0 00 t 03    0.4428  0 30 t 10
0.6579  0 04 t 05    0.6578  0 04 t 06    0.4430  0 01 t 05    0.4428  0 00 t 03
0.6583  0 01 t 05    0.6579  0 04 t 05    0.4430  0 05 t 08    0.4430  0 05 t 08
0.6587  0 00 t 03    0.6586  0 00 t 03    0.4438  0 01 t 08    0.4437  0 01 t 08
0.6588  0 07 x 03    0.6587  0 07 x 03    0.4441  0 32 x 02    0.4441  0 32 x 02
0.6591  0 07 x 06    0.6592  0 07 x 06    0.4442  0 31 x 02    0.4441  0 31 x 02
0.6596  0 31 x 02    0.6595  0 07 x 05    0.4443  0 27 t 05    0.4443  0 27 t 05
0.6598  0 07 x 05    0.6597  0 31 x 02    0.4444  0 32 t 02    0.4443  0 32 t 02
0.6599  0 28 t 10    0.6600  0 32 x 02    0.4446  0 05 t 07    0.4445  0 05 t 07
0.6599  0 32 x 02    0.6600  0 28 t 10    0.4450  0 28 t 02    0.4449  0 28 t 02
0.6603  0 01 t 10    0.6602  0 01 t 10    0.4450  0 04 t 07    0.4450  0 04 t 07
0.6604  0 32 t 02    0.6603  0 32 t 02    0.4458  0 28 t 10    0.4463  0 28 t 10
0.6605  0 28 t 02    0.6604  0 28 t 02    0.4468  0 04 t 10    0.4469  0 04 t 10
0.6608  0 04 t 07    0.6609  0 04 t 07    0.4469  0 01 t 10    0.4470  0 01 t 10
0.6617  0 05 t 07    0.6614  0 05 t 07    0.4485  0 06 t 05    0.4486  0 06 t 05
0.6619  0 30 t 05    0.6618  0 30 t 05    0.4498  0 01 t 12    0.4491  0 01 t 12
0.6623  0 04 t 10    0.6623  0 04 t 10    0.4505  0 06 t 10    0.4507  0 06 t 10
0.6636  0 01 t 12    0.6632  0 01 t 12    0.4511  0 29 x 02    0.4511  0 29 x 02
0.6640  0 06 t 06    0.6639  0 06 t 06    0.4514  0 04 t 12    0.4512  0 04 t 12
0.6656  0 06 t 12    0.6652  0 06 t 12    0.4518  0 00 t 04    0.4518  0 00 t 04
0.6663  0 28 t 05    0.6661  0 28 t 05    0.4520  0 27 t 06    0.4519  0 27 t 06
0.6677  0 04 t 12    0.6678  0 04 t 12    0.4539  0 00 t 06    0.4537  0 05 t 10
0.6686  0 07 x 07    0.6688  0 07 x 07    0.4539  0 00 t 05    0.4538  0 00 t 05
0.6690  0 06 t 08    0.6688  0 07 x 04    0.4539  0 05 t 10    0.4539  0 00 t 06
0.6694  0 07 x 04    0.6690  0 06 t 08    0.4550  0 28 t 12    0.4552  0 28 t 12
0.6696  0 05 t 10    0.6696  0 05 t 10    0.4572  0 00 t 07    0.4573  0 00 t 07
0.6697  0 00 t 04    0.6698  0 00 t 04    0.4573  0 00 t 08    0.4577  0 06 t 06
0.6713  0 29 x 02    0.6713  0 29 x 02    0.4575  0 06 t 06    0.4578  0 00 t 08
0.6718  0 07 x 10    0.6716  0 07 x 10    0.4591  0 06 t 12    0.4591  0 06 t 12
0.6730  0 07 x 08    0.6729  0 07 x 08    0.4621  0 05 t 12    0.4621  0 05 t 12
0.6730  0 07 t 03    0.6731  0 07 t 03    0.4624  0 07 x 03    0.4624  0 07 x 03
0.6750  0 00 t 06    0.6750  0 00 t 06    0.4632  0 27 t 07    0.4631  0 27 t 07
0.6761  0 28 t 12    0.6760  0 00 t 05    0.4636  0 00 t 10    0.4635  0 00 t 10
0.6762  0 00 t 05    0.6774  0 28 t 12    0.4636  0 05 t 02    0.4636  0 05 t 02
0.6778  0 06 t 07    0.6777  0 06 t 07    0.4639  0 00 t 12    0.4641  0 00 t 12
0.6779  5 08 x 03    0.6779  5 08 x 03    0.4650  0 01 t 02    0.4649  0 01 t 02
0.6797  0 00 t 08    0.6793  0 00 t 08    0.4658  0 04 t 02    0.4659  0 06 t 08
0.6811  0 00 t 07    0.6813  0 00 t 07    0.4661  0 06 t 08    0.4659  0 04 t 02
0.6852  0 00 t 10    0.6859  0 00 t 10    0.4665  0 27 t 02    0.4664  0 27 t 04
0.6866  0 00 t 12    0.6871  0 00 t 12    0.4666  0 27 t 04    0.4664  0 27 t 02
0.6871  0 07 x 12    0.6872  0 27 t 06    0.4674  0 07 x 05    0.4672  0 07 x 05
0.6871  0 27 t 06    0.6873  0 07 x 12    0.4676  0 27 t 12    0.4675  0 07 x 06
0.6875  0 07 t 06    0.6873  0 07 t 06    0.4677  0 07 x 06    0.4675  0 27 t 12
0.6902  6 08 x 03    0.6902  6 08 x 03    0.4697  0 06 t 02    0.4696  0 06 t 02
0.6906  0 27 t 05    0.6905  0 27 t 05    0.4699  0 30 x 02    0.4699  0 30 x 02
0.6908  0 05 t 02    0.6908  0 05 t 02    0.4714  0 27 t 08    0.4711  0 07 t 03
0.6923  0 06 t 02    0.6918  0 06 t 02    0.4714  0 28 x 02    0.4714  0 27 t 08
0.6929  0 27 t 02    0.6927  0 27 t 02    0.4715  0 07 t 03    0.4715  0 28 x 02
0.6929  0 27 t 07    0.6928  0 27 t 07    0.4719  0 06 t 07    0.4719  0 06 t 07
0.6932  0 05 t 12    0.6931  0 05 t 12    0.4721  0 27 t 10    0.4720  0 27 t 10
0.6947  0 30 x 02    0.6946  0 30 x 02    0.4755  0 07 x 07    0.4757  0 07 x 07
0.6950  0 01 t 02    0.6950  0 01 t 02    0.4770  0 06 x 02    0.4770  0 06 x 02
0.6957  0 04 t 02    0.6957  0 04 t 02    0.4776  0 04 x 02    0.4774  0 04 x 02
0.6965  0 07 t 05    0.6957  0 27 t 04    0.4785  0 07 x 04    0.4780  0 07 x 04
0.6966  0 27 t 12    0.6965  0 07 t 05    0.4790  0 05 x 02    0.4790  0 05 x 02
0.6971  0 27 t 04    0.6967  0 27 t 12    0.4795  0 27 x 02    0.4793  0 27 x 02
0.6973  0 28 x 02    0.6971  0 28 x 02    0.4801  0 00 t 02    0.4799  0 00 t 02
0.6982  0 27 t 08    0.6982  0 27 t 08    0.4802  0 07 x 08    0.4803  0 07 x 08
0.6998  0 07 t 07    0.6993  0 07 t 07    0.4809  5 08 x 03    0.4809  5 08 x 03
0.7002  0 27 t 10    0.7003  0 27 t 10    0.4811  0 07 x 10    0.4811  0 00 x 02
0.7016  0 07 t 04    0.7019  0 07 t 04    0.4811  0 00 x 02    0.4814  0 07 x 10
0.7033  0 06 x 02    0.7033  0 06 x 02    0.4822  0 01 x 02    0.4823  0 01 x 02
0.7039  0 07 t 08    0.7040  0 07 t 08    0.4828  0 30 t 12    0.4828  0 30 t 12
0.7104  0 27 x 02    0.7104  0 27 x 02    0.4840  0 07 t 06    0.4841  0 07 t 06
0.7145  0 04 x 02    0.7145  0 04 x 02    0.4849  4 08 x 03    0.4849  4 08 x 03
0.7164  0 05 x 02    0.7164  0 05 x 02    0.4914  0 07 t 05    0.4913  0 07 t 05
0.7169  0 00 t 02    0.7172  0 00 t 02    0.4939  0 07 x 12    0.4939  0 07 x 12
0.7188  0 00 x 02    0.7188  0 00 x 02    0.4954  5 08 t 03    0.4955  5 08 t 03
0.7196  0 07 t 10    0.7195  0 07 t 10    0.4963  0 07 t 07    0.4962  6 08 x 03
0.7201  0 07 t 12    0.7201  0 07 t 12    0.4964  6 08 x 03    0.4963  0 07 t 07
0.7203  0 30 t 12    0.7201  0 30 t 12    0.4997  0 07 t 04    0.4997  0 07 t 04
0.7220  0 01 x 02    0.7220  0 01 x 02    0.5013  0 07 t 02    0.5013  0 07 t 02
0.7243  0 07 t 02    0.7243  0 07 t 02    0.5022  0 07 t 08    0.5022  0 07 t 08
0.7323  5 08 t 03    0.7324  5 08 t 03    0.5091  5 08 x 04    0.5093  5 08 x 04
0.7366  6 08 x 04    0.7364  6 08 x 04    0.5128  0 07 t 12    0.5128  0 07 t 12
0.7388  0 07 x 02    0.7388  0 07 x 02    0.5137  0 07 x 02    0.5143  0 07 x 02
0.7403  5 08 x 04    0.7405  5 08 x 04    0.5157  4 08 t 03    0.5157  4 08 t 03
0.7425  4 08 x 03    0.7425  4 08 x 03    0.5158  0 07 t 10    0.5160  0 07 t 10
0.7507  5 08 t 02    0.7507  5 08 t 02    0.5202  5 08 x 02    0.5201  5 08 x 02
0.7565  5 08 x 02    0.7566  5 08 x 02    0.5271  6 08 x 04    0.5287  0 03 x 10
0.7567  6 08 t 03    0.7567  6 08 t 03    0.5288  0 03 x 10    0.5290  0 03 x 12
0.7593  7 08 x 03    0.7593  6 08 x 05    0.5292  0 03 x 12    0.5291  6 08 x 04
0.7597  6 08 x 05    0.7595  7 08 x 03    0.5313  4 08 x 02    0.5315  4 08 x 02
0.7636  5 08 x 05    0.7612  5 08 x 05    0.5319  6 08 t 03    0.5315  5 08 x 05
0.7685  4 08 x 06    0.7685  5 08 x 06    0.5330  5 08 x 05    0.5319  6 08 t 03
0.7692  5 08 x 06    0.7689  4 08 x 06    0.5332  4 08 x 06    0.5337  4 08 x 06
0.7696  4 08 t 02    0.7697  4 08 t 02    0.5355  0 03 x 08    0.5354  0 03 x 08
0.7756  7 08 x 04    0.7762  6 08 x 02    0.5366  0 03 x 07    0.5364  0 03 x 07
0.7765  6 08 x 02    0.7762  7 08 x 04    0.5372  4 08 x 04    0.5366  4 08 x 04
0.7786  0 03 x 12    0.7786  0 03 x 12    0.5409  4 08 t 02    0.5409  4 08 t 02
0.7790  0 03 x 10    0.7792  0 03 x 10    0.5428  5 08 x 06    0.5415  5 08 x 06
0.7791  5 08 x 07    0.7808  5 08 x 07    0.5431  5 08 t 02    0.5429  5 08 t 02
0.7812  4 08 x 02    0.7812  4 08 x 02    0.5450  5 08 t 04    0.5436  5 08 t 04
0.7871  4 08 x 04    0.7852  4 08 x 04    0.5460  6 08 x 05    0.5461  6 08 x 05
0.7915  4 08 x 07    0.7919  5 08 x 08    0.5482  6 08 t 04    0.5481  6 08 t 04
0.7921  5 08 x 08    0.7923  4 08 x 07    0.5494  0 03 x 06    0.5494  0 03 x 06
0.7933  0 03 x 08    0.7934  0 03 x 08    0.5499  6 08 x 02    0.5501  6 08 x 02
0.7954  0 03 x 07    0.7947  0 03 x 07    0.5538  4 08 x 07    0.5540  5 08 t 05
0.7956  6 08 t 04    0.7952  6 08 t 04    0.5547  0 03 x 03    0.5540  4 08 x 07
0.7993  6 08 t 02    0.7993  6 08 t 02    0.5547  5 08 t 05    0.5551  0 03 x 03
0.8018  5 08 t 05    0.8011  5 08 t 05    0.5569  4 08 x 05    0.5575  4 08 x 05
0.8032  6 08 x 06    0.8035  6 08 x 06    0.5602  0 03 x 02    0.5603  0 03 x 02
0.8083  7 08 t 03    0.8074  4 08 x 10    0.5604  5 08 x 07    0.5617  3 08 x 03
0.8087  4 08 x 10    0.8085  7 08 t 03    0.5618  3 08 x 03    0.5628  5 08 x 07
0.8095  4 08 x 05    0.8089  5 08 t 04    0.5630  7 08 x 03    0.5631  7 08 x 03
0.8104  5 08 t 04    0.8095  4 08 x 05    0.5632  6 08 t 02    0.5632  6 08 t 02
0.8107  6 08 t 05    0.8105  4 08 x 08    0.5660  4 08 x 10    0.5654  4 08 x 10
0.8107  4 08 x 08    0.8106  6 08 t 05    0.5685  3 08 t 02    0.5686  3 08 t 02
0.8130  5 08 x 10    0.8128  5 08 x 10    0.5706  4 08 t 05    0.5705  4 08 t 05
0.8131  5 08 t 06    0.8129  5 08 t 06    0.5724  6 08 t 05    0.5721  7 08 x 04
0.8164  4 08 x 12    0.8161  4 08 x 12    0.5726  7 08 x 04    0.5725  6 08 t 05
0.8274  4 08 t 03    0.8274  4 08 t 03    0.5729  3 08 x 06    0.5730  3 08 x 06
0.8278  0 03 x 06    0.8278  0 03 x 06    0.5730  5 08 x 08    0.5731  4 08 t 06
0.8281  6 08 x 07    0.8280  6 08 x 07    0.5731  4 08 t 06    0.5735  5 08 t 06
0.8292  0 03 x 03    0.8290  0 03 x 03    0.5737  5 08 t 06    0.5735  5 08 x 08
0.8305  5 08 x 12    0.8309  5 08 x 12    0.5740  4 08 x 08    0.5737  4 08 x 08
0.8306  5 08 t 07    0.8312  5 08 t 07    0.5757  4 08 t 07    0.5755  4 08 t 07
0.8311  4 08 t 07    0.8313  4 08 t 07    0.5768  4 08 x 12    0.5769  4 08 x 12
0.8321  4 08 t 06    0.8317  7 08 t 04    0.5815  3 08 x 08    0.5815  3 08 x 08
0.8324  7 08 t 04    0.8322  4 08 t 06    0.5830  3 08 x 07    0.5830  3 08 x 07
0.8329  0 03 x 02    0.8331  0 03 x 02    0.5835  3 08 x 10    0.5837  3 08 x 10
0.8334  4 08 t 05    0.8334  4 08 t 05    0.5854  4 08 t 08    0.5846  4 08 t 08
0.8358  7 08 x 05    0.8356  7 08 x 05    0.5887  3 08 x 12    0.5889  3 08 x 12
0.8369  5 08 t 08    0.8369  5 08 t 08    0.5909  4 08 t 04    0.5909  4 08 t 04
0.8401  4 08 t 08    0.8409  4 08 t 08    0.5920  5 08 x 10    0.5920  5 08 x 10
0.8439  7 08 x 02    0.8437  7 08 x 02    0.5932  5 08 t 07    0.5928  5 08 t 07
0.8484  3 08 x 06    0.8490  3 08 x 06    0.5933  3 08 x 02    0.5932  3 08 x 02
0.8499  3 08 x 08    0.8501  3 08 x 08    0.5938  0 03 x 05    0.5938  0 03 x 05
0.8502  3 08 x 07    0.8514  3 08 x 07    0.5944  0 03 x 04    0.5943  0 03 x 04
0.8523  3 08 x 10    0.8524  3 08 x 10    0.5966  6 08 x 06    0.5967  6 08 x 06
0.8535  3 08 t 02    0.8535  3 08 t 02    0.5987  7 08 t 03    0.5986  7 08 t 03
0.8595  3 08 x 12    0.8594  3 08 x 12    0.5991  5 08 t 08    0.5991  5 08 t 08
0.8624  6 08 t 06    0.8623  6 08 t 06    0.6069  7 08 t 04    0.6070  7 08 t 04
0.8632  5 08 t 10    0.8634  5 08 t 10    0.6078  0 06 t 01    0.6079  0 06 t 01
0.8638  3 08 x 03    0.8638  3 08 x 03    0.6084  4 08 t 10    0.6084  4 08 t 10
0.8674  3 08 x 02    0.8672  6 08 x 08    0.6086  0 05 t 01    0.6084  5 08 x 12
0.8674  6 08 x 08    0.8674  3 08 x 02    0.6087  5 08 x 12    0.6086  0 05 t 01
0.8685  4 08 t 10    0.8685  4 08 t 10    0.6099  3 08 t 03    0.6099  3 08 t 03
0.8726  4 08 t 04    0.8728  4 08 t 04    0.6130  4 08 t 12    0.6130  4 08 t 12
0.8737  6 08 t 07    0.8738  6 08 t 07    0.6135  0 04 t 01    0.6134  0 04 t 01
0.8747  4 08 t 12    0.8743  4 08 t 12    0.6184  0 28 t 01    0.6183  0 28 t 01
0.8816  5 08 t 12    0.8817  5 08 t 12    0.6192  6 08 x 07    0.6190  6 08 x 07
0.8908  0 03 x 04    0.8908  0 03 x 04    0.6193  0 31 t 01    0.6193  0 31 t 01
0.8969  0 03 x 05    0.8967  0 03 x 05    0.6202  7 08 x 02    0.6201  7 08 x 02
0.8972  7 08 t 05    0.8969  7 08 t 05    0.6218  0 00 t 01    0.6218  0 00 t 01
0.8993  7 08 t 02    0.8990  7 08 t 02    0.6241  5 08 t 10    0.6241  5 08 t 10
0.9047  0 06 t 01    0.9047  0 06 t 01    0.6248  0 29 t 01    0.6248  0 29 t 01
0.9125  6 08 x 10    0.9126  6 08 x 10    0.6256  3 08 t 07    0.6260  3 08 t 07
0.9140  0 05 t 01    0.9142  0 05 t 01    0.6271  2 08 t 04    0.6266  2 08 t 04
0.9211  0 04 t 01    0.9210  0 04 t 01    0.6289  7 08 x 05    0.6287  7 08 x 05
0.9220  3 08 t 03    0.9219  3 08 t 03    0.6294  3 08 t 08    0.6299  2 08 x 02
0.9227  3 08 t 07    0.9224  3 08 t 07    0.6299  2 08 x 02    0.6304  0 27 t 01
0.9231  6 08 t 08    0.9229  6 08 t 08    0.6304  0 27 t 01    0.6315  3 08 t 08
0.9255  3 08 t 08    0.9239  3 08 t 08    0.6317  3 08 t 04    0.6317  3 08 t 04
0.9289  0 31 t 01    0.9290  0 31 t 01    0.6321  3 08 t 06    0.6322  3 08 t 06
0.9294  3 08 x 04    0.9295  3 08 x 04    0.6338  6 08 t 06    0.6338  6 08 t 06
0.9314  3 08 x 05    0.9308  3 08 x 05    0.6345  3 08 x 05    0.6351  3 08 x 04
0.9333  0 00 t 01    0.9333  0 00 t 01    0.6351  3 08 x 04    0.6359  3 08 x 05
0.9343  6 08 x 12    0.9343  6 08 x 12    0.6401  5 08 t 12    0.6401  5 08 t 12
0.9352  3 08 t 04    0.9350  3 08 t 04    0.6454  2 08 t 02    0.6450  2 08 t 02
0.9352  3 08 t 06    0.9351  3 08 t 06    0.6459  6 08 t 07    0.6460  6 08 t 07
0.9399  0 29 t 01    0.9399  0 29 t 01    0.6485  0 01 t 01    0.6485  0 01 t 01
0.9437  2 08 x 02    0.9436  2 08 x 02    0.6518  7 08 t 02    0.6517  7 08 t 02
0.9549  6 08 t 10    0.9549  6 08 t 10    0.6518  3 08 t 10    0.6519  3 08 t 10
0.9558  0 27 t 01    0.9558  0 27 t 01    0.6519  3 08 t 12    0.6522  3 08 t 12
0.9596  3 08 t 10    0.9595  3 08 t 10    0.6527  3 08 t 05    0.6528  3 08 t 05
0.9613  3 08 t 12    0.9619  3 08 t 12    0.6535  0 30 t 01    0.6535  0 30 t 01
0.9636  0 28 t 01    0.9636  0 28 t 01    0.6550  2 08 t 03    0.6551  2 08 t 03
0.9637  3 08 t 05    0.9645  3 08 t 05    0.6591  6 08 x 08    0.6591  6 08 x 08
0.9701  2 08 t 02    0.9702  2 08 t 02    0.6593  0 07 t 01    0.6593  0 07 t 01
0.9702  0 07 t 01    0.9702  0 07 t 01    0.6619  7 08 t 05    0.6615  7 08 t 05
0.9777  0 01 t 01    0.9777  0 01 t 01    0.6647  2 08 t 05    0.6645  2 08 t 05
0.9814  0 30 t 01    0.9815  0 30 t 01    0.6702  2 08 x 03    0.6702  2 08 x 03
0.9815  2 08 t 03    0.9819  2 08 t 03    0.6711  0 05 x 01    0.6712  0 05 x 01
0.9843  2 08 t 05    0.9845  2 08 t 05    0.6747  0 31 x 01    0.6747  0 29 x 01
0.9855  6 08 t 12    0.9858  6 08 t 12    0.6748  0 29 x 01    0.6748  0 31 x 01
0.9894  2 08 t 04    0.9893  2 08 t 04    0.6751  0 32 t 01    0.6752  0 32 t 01
1.0011  2 08 x 03    1.0010  2 08 x 03    0.6753  0 32 x 01    0.6753  0 32 x 01
1.0113  0 05 x 01    1.0113  0 05 x 01    0.6783  0 06 x 01    0.6783  0 06 x 01
1.0150  0 31 x 01    1.0149  0 31 x 01    0.6795  0 04 x 01    0.6795  0 04 x 01
1.0155  0 06 x 01    1.0156  0 06 x 01    0.6853  0 01 x 01    0.6853  0 01 x 01
1.0159  0 32 t 01    1.0158  0 32 t 01    0.6858  0 27 x 01    0.6858  0 27 x 01
1.0159  0 32 x 01    1.0160  0 29 x 01    0.6888  0 00 x 01    0.6888  0 00 x 01
1.0161  0 29 x 01    1.0160  0 32 x 01    0.6919  0 28 x 01    0.6919  0 28 x 01
1.0242  0 04 x 01    1.0242  0 04 x 01    0.6939  0 30 x 01    0.6940  0 30 x 01
1.0337  0 01 x 01    1.0336  0 01 x 01    0.6958  6 08 t 08    0.6959  6 08 t 08
1.0362  0 28 x 01    1.0362  0 28 x 01    0.7020  6 08 x 10    0.7022  6 08 x 10
1.0385  0 00 x 01    1.0386  0 00 x 01    0.7146  0 07 x 01    0.7146  0 07 x 01
1.0438  0 27 x 01    1.0440  0 27 x 01    0.7155  2 08 x 05    0.7151  2 08 x 05
1.0451  0 30 x 01    1.0451  0 30 x 01    0.7203  4 08 t 01    0.7202  4 08 t 01
1.0507  0 07 x 01    1.0507  0 07 x 01    0.7233  6 08 x 12    0.7233  6 08 x 12
1.0758  6 08 t 01    1.0763  6 08 t 01    0.7263  6 08 t 10    0.7264  6 08 t 10
1.0809  4 08 t 01    1.0810  4 08 t 01    0.7285  5 08 t 01    0.7286  5 08 t 01
1.0890  2 08 x 04    1.0903  2 08 x 04    0.7313  2 08 x 04    0.7298  2 08 x 04
1.0994  2 08 x 05    1.0995  2 08 x 05    0.7442  6 08 t 01    0.7441  6 08 t 01
1.1136  5 08 x 01    1.1136  5 08 x 01    0.7547  5 08 x 01    0.7547  5 08 x 01
1.1293  7 08 t 01    1.1293  7 08 t 01    0.7559  6 08 t 12    0.7558  6 08 t 12
1.1314  5 08 t 01    1.1314  5 08 t 01    0.7603  4 08 x 01    0.7598  4 08 x 01
1.1418  4 08 x 01    1.1418  4 08 x 01    0.7660  3 08 t 01    0.7662  3 08 t 01
1.1479  6 08 x 01    1.1480  6 08 x 01    0.7911  0 02 x 01    0.7909  0 02 x 01
1.1551  3 08 t 01    1.1551  3 08 t 01    0.7960  6 08 x 01    0.7961  6 08 x 01
1.1909  0 02 x 01    1.1909  0 02 x 01    0.7965  0 02 x 02    0.7971  0 02 x 02
1.1964  0 02 x 02    1.1939  0 02 x 02    0.8012  3 08 x 01    0.8014  3 08 x 01
1.2072  3 08 x 01    1.2072  3 08 x 01    0.8087  0 02 x 12    0.8087  0 02 x 12
1.2131  0 02 x 12    1.2132  0 02 x 12    0.8121  7 08 t 01    0.8120  7 08 t 01
1.2242  0 02 x 03    1.2242  0 02 x 03    0.8160  0 02 x 03    0.8154  0 02 x 03
1.2367  7 08 x 01    1.2367  7 08 x 01    0.8359  0 02 x 10    0.8358  0 02 x 10
1.2522  0 02 x 10    1.2521  0 02 x 10    0.8412  0 02 x 08    0.8413  0 02 x 08
1.2620  0 02 x 08    1.2621  0 02 x 08    0.8491  0 02 x 05    0.8488  0 02 x 05
1.2809  0 02 x 07    1.2817  0 02 x 07    0.8525  0 02 x 07    0.8525  0 02 x 07
1.2848  0 02 x 05    1.2844  0 02 x 05    0.8555  0 02 x 06    0.8556  0 02 x 06
1.2914  0 02 x 06    1.2913  0 02 x 06    0.8590  0 02 x 04    0.8592  0 02 x 04
1.2983  0 02 x 04    1.2990  0 02 x 04    0.8640  0 03 x 01    0.8657  0 03 x 01
1.3134  2 08 t 01    1.3134  2 08 t 01    0.8716  2 08 t 01    0.8716  2 08 t 01
1.3352  2 08 x 01    1.3350  2 08 x 01    0.8824  7 08 x 01    0.8824  7 08 x 01
1.3405  1 08 t 03    1.3402  1 08 t 03    0.8869  2 08 x 01    0.8873  2 08 x 01
1.3405  1 08 x 03    1.3405  1 08 x 03    0.8944  1 08 t 02    0.8945  1 08 t 02
1.3418  1 08 t 02    1.3417  1 08 t 02    0.8948  1 08 x 02    0.8947  1 08 x 02
1.3425  1 08 x 02    1.3422  1 08 x 02    0.8967  1 08 t 03    0.8968  1 08 t 03
1.3646  0 03 x 01    1.3660  0 03 x 01    0.8973  1 08 x 03    0.8972  1 08 x 03
1.4008  1 08 x 04    1.4009  1 08 x 04    0.9135  1 08 x 05    0.9135  1 08 x 05
1.4073  1 08 t 04    1.4072  1 08 t 04    0.9293  1 08 x 04    0.9292  1 08 x 04
1.4111  1 08 x 05    1.4108  1 08 x 05    0.9327  1 08 t 04    0.9328  1 08 t 04
1.4176  1 08 t 05    1.4174  1 08 t 05    0.9450  1 08 t 05    0.9448  1 08 t 05
1.8452  1 08 t 01    1.8453  1 08 t 01    1.2166  1 08 t 01    1.2169  1 08 t 01
1.8457  1 08 x 01    1.8455  1 08 x 01    1.2168  1 08 x 01    1.2169  1 08 x 01
---Benchmark Program Finished---
