
./testbench.sh g++ O3 MontgomeryFull __uint128_t 191 8 40 -DTEST_ARRAY

compilation finished, now executing:
---Running Program---

begin benchmarks - array two_pow
(ignore)332163741205411267698489818326060553048

OVERALL BEST:
3.3980  0 32 t 03
3.3993  0 32 x 03
3.3997  0 31 x 02
3.3998  0 31 x 03
3.4031  0 32 x 02
3.4032  0 32 t 02
3.4090  0 31 x 04
3.4090  0 32 t 04
3.4091  0 32 x 04
3.4111  0 29 x 05
3.4263  0 32 t 05
3.4265  0 29 x 04
3.4266  0 32 x 05
3.4294  0 32 t 08
3.4302  0 32 x 08
3.4365  0 31 x 05
3.4443  0 31 x 08
3.4476  0 29 x 06
3.4478  0 32 t 06
3.4485  0 32 x 06
3.4611  0 29 x 03
3.4624  0 31 x 06
3.4826  0 29 x 07
3.4895  0 31 x 10
3.4899  0 32 x 10
3.4903  0 32 t 10
3.5001  0 29 x 08
3.5067  0 32 x 12
3.5068  0 32 t 12
3.5171  0 29 x 02
3.5184  0 29 x 10
3.5200  0 31 x 12
3.5358  0 31 x 07
3.5365  0 29 x 12
3.5380  0 32 x 07
3.5407  0 32 t 07
3.5601  0 31 t 02
3.5892  0 29 t 02
3.6151  0 30 x 02
3.6468  0 05 x 03
3.6494  0 28 x 02
3.6743  0 30 x 03
3.6767  0 30 x 04
3.6777  0 28 x 04
3.6798  0 05 x 02
3.6921  0 30 t 02
3.6933  0 28 x 03
3.6992  0 04 x 02
3.7121  0 30 x 05
3.7137  0 06 x 02
3.7149  0 30 x 07
3.7168  0 31 t 03
3.7309  0 30 x 08
3.7345  0 28 x 05
3.7351  0 30 x 06
3.7352  0 28 t 02
3.7371  0 04 t 02
3.7393  0 05 x 04
3.7449  0 06 x 03
3.7494  0 30 t 03
3.7495  0 28 x 07
3.7586  0 30 x 12
3.7624  0 28 x 08
3.7656  0 30 x 10
3.7719  0 29 t 03
3.7720  0 28 t 03
3.7734  0 28 x 12
3.7781  0 28 x 06
3.7781  0 28 x 10
3.7808  0 05 x 05
3.7881  0 06 x 04
3.8064  0 04 x 06
3.8076  0 04 x 05
3.8079  0 05 x 06
3.8257  0 04 t 03
3.8342  0 06 x 05
3.8503  0 00 t 03
3.8522  0 31 t 07
3.8545  0 30 t 04
3.8581  0 04 x 03
3.8585  0 00 x 02
3.8592  0 31 t 04
3.8670  0 06 t 03
3.8678  0 04 x 08
3.8693  0 28 t 04
3.8702  0 01 t 03
3.8703  0 05 x 07
3.8728  0 01 x 03
3.8751  0 05 t 03
3.8766  0 04 x 04
3.8772  0 04 x 07
3.8812  0 29 t 04
3.8815  0 06 x 06
3.8819  0 29 t 07
3.8928  0 05 x 10
3.8948  0 00 x 06
3.8953  0 05 x 08
3.9111  0 31 t 08
3.9115  0 00 x 03
3.9127  0 31 t 05
3.9179  0 00 x 07
3.9194  0 27 t 02
3.9244  0 04 x 10
3.9266  0 00 x 04
3.9285  0 01 x 05
3.9358  0 01 x 04
3.9371  0 01 x 06
3.9401  0 29 t 08
3.9424  0 01 x 02
3.9461  0 29 t 05
3.9507  0 27 x 02
3.9528  0 06 x 07
3.9557  0 05 t 02
3.9601  0 00 x 08
3.9611  0 07 x 02
3.9619  0 07 x 03
3.9643  0 00 t 02
3.9697  0 06 x 08
3.9781  0 01 x 07
3.9817  0 00 x 05
3.9917  0 05 x 12
3.9926  0 06 t 02
4.0080  0 00 t 04
4.0176  0 30 t 05
4.0221  0 28 t 05
4.0344  0 01 t 02
4.0419  0 01 x 08
4.0425  0 04 x 12
4.0428  0 06 x 10
4.0462  0 31 t 06
4.0608  0 31 t 10
4.0632  0 28 t 06
4.0641  0 00 x 12
4.0663  0 07 x 04
4.0695  0 00 x 10
4.0718  0 29 t 06
4.0745  0 30 t 06
4.0786  0 29 t 10
4.0798  0 27 x 03
4.0917  0 27 x 04
4.0970  0 01 t 04
4.1027  0 07 x 05
4.1123  0 27 x 08
4.1134  0 27 x 12
4.1205  0 27 x 07
4.1245  0 27 x 10
4.1271  0 28 t 07
4.1276  0 27 x 06
4.1340  0 30 t 07
4.1516  0 06 x 12
4.1547  0 27 x 05
4.1625  0 01 x 10
4.1636  0 07 t 03
4.1785  0 07 x 06
4.1883  0 28 t 08
4.1903  0 30 t 08
4.2033  0 05 t 04
4.2068  0 31 t 12
4.2175  0 07 t 02
4.2343  0 06 t 04
4.2449  0 04 t 04
4.2635  0 29 t 12
4.2701  0 01 x 12
4.2778  0 28 t 10
4.2806  0 07 x 08
4.3298  0 07 x 07
4.3338  0 04 t 08
4.3346  0 04 t 07
4.3626  0 28 t 12
4.3667  0 05 t 05
4.3770  0 00 t 07
4.3787  0 31 t 01
4.3809  0 04 t 05
4.3819  0 06 t 05
4.3921  0 00 t 05
4.3953  0 30 t 12
4.4134  0 07 x 10
4.4436  0 29 t 01
4.4440  0 05 t 06
4.4451  0 27 t 06
4.4636  0 07 x 12
4.4677  0 06 t 06
4.4773  0 01 t 07
4.4836  0 01 t 05
4.4846  0 04 t 06
4.4887  0 27 t 07
4.5020  0 05 t 07
4.5048  5 08 x 02
4.5295  0 05 t 01
4.5307  0 00 t 06
4.5313  0 01 t 08
4.5356  0 00 t 08
4.5406  0 07 t 04
4.5443  5 08 x 03
4.5517  4 08 x 03
4.5560  0 27 t 08
4.5607  0 05 t 08
4.5686  0 06 t 07
4.5754  0 06 t 01
4.5755  0 30 t 01
4.5833  0 28 t 01
4.5890  0 04 t 10
4.6185  0 30 t 10
4.6190  0 32 t 01
4.6196  0 32 x 01
4.6202  0 00 t 10
4.6207  0 31 x 01
4.6221  5 08 t 02
4.6320  0 29 x 01
4.6353  0 05 t 10
4.6370  0 06 t 08
4.6372  0 07 t 05
4.6424  5 08 x 04
4.6429  0 27 t 10
4.6438  5 08 x 05
4.6444  4 08 x 05
4.6594  0 01 t 06
4.6712  4 08 x 04
4.6751  0 04 t 01
4.6826  0 04 t 12
4.6894  0 05 x 01
4.7009  0 27 t 12
4.7220  4 08 x 06
4.7320  5 08 x 06
4.7366  0 06 x 01
4.7387  0 27 t 03
4.7435  0 30 x 01
4.7565  4 08 x 02
4.7654  0 28 x 01
4.7684  0 07 t 01
4.7737  0 27 t 04
4.7774  5 08 t 03
4.7797  0 00 t 01
4.7816  0 06 t 10
4.7834  0 27 t 01
4.7914  0 00 x 01
4.7991  3 08 x 04
4.8033  0 01 t 10
4.8111  4 08 x 07
4.8162  5 08 x 07
4.8236  5 08 t 04
4.8255  5 08 x 08
4.8264  4 08 t 04
4.8285  0 27 t 05
4.8288  4 08 x 08
4.8294  0 04 x 01
4.8317  0 01 t 01
4.8599  6 08 t 02
4.8604  0 07 t 06
4.8711  0 00 t 12
4.8787  6 08 x 02
4.8826  0 06 t 12
4.8856  0 07 t 07
4.8977  4 08 x 10
4.9049  0 07 x 01
4.9052  0 01 t 12
4.9058  4 08 t 03
4.9113  5 08 x 10
4.9159  6 08 x 03
4.9170  3 08 x 03
4.9196  4 08 x 12
4.9392  6 08 x 04
4.9396  0 01 x 01
4.9419  5 08 x 12
4.9535  3 08 x 05
4.9695  0 27 x 01
4.9744  3 08 x 02
4.9826  6 08 x 05
4.9987  3 08 t 02
5.0098  5 08 t 05
5.0235  3 08 x 06
5.0244  4 08 t 06
5.0374  4 08 t 05
5.0405  0 07 t 08
5.0684  0 05 t 12
5.0724  6 08 x 06
5.0774  5 08 t 06
5.1038  0 07 t 12
5.1198  0 07 t 10
5.1313  3 08 x 08
5.1533  6 08 x 07
5.1692  4 08 t 07
5.1722  3 08 t 03
5.1906  3 08 x 07
5.1931  5 08 t 07
5.2063  4 08 t 08
5.2119  6 08 x 08
5.2233  3 08 x 12
5.2250  3 08 x 10
5.2265  6 08 t 03
5.2472  5 08 t 08
5.2656  6 08 t 04
5.2818  3 08 t 04
5.3000  6 08 x 10
5.3160  4 08 t 10
5.3522  3 08 t 05
5.3628  2 08 t 02
5.3736  6 08 x 12
5.3744  5 08 t 10
5.3789  4 08 t 12
5.3893  3 08 t 06
5.3953  4 08 t 01
5.4004  5 08 t 01
5.4065  6 08 t 05
5.4277  3 08 t 08
5.4373  5 08 t 12
5.4430  2 08 x 02
5.4496  6 08 t 06
5.4806  3 08 t 07
5.4989  4 08 x 01
5.5330  5 08 x 01
5.5534  6 08 t 07
5.6031  3 08 t 01
5.6313  2 08 x 04
5.6383  6 08 t 01
5.6429  2 08 x 05
5.6555  6 08 t 08
5.6890  7 08 x 02
5.7008  3 08 t 10
5.7022  3 08 t 12
5.7492  2 08 t 03
5.7562  2 08 x 03
5.8064  6 08 t 10
5.8161  3 08 x 01
5.8206  2 08 t 05
5.8273  7 08 x 03
5.8366  6 08 x 01
5.8370  7 08 x 04
5.8485  2 08 t 04
5.8671  7 08 x 05
5.8914  4 08 t 02
5.9603  6 08 t 12
6.0119  0 02 x 12
6.1009  0 02 x 10
6.1511  7 08 t 04
6.2059  7 08 t 03
6.2192  0 02 x 08
6.2493  2 08 t 01
6.3104  0 02 x 07
6.3342  7 08 t 05
6.3775  2 08 x 01
6.3798  0 02 x 06
6.4793  0 02 x 02
6.4876  7 08 t 02
6.5693  7 08 t 01
6.6227  0 02 x 03
6.6949  0 02 x 01
6.7248  0 02 x 04
6.7405  7 08 x 01
6.8350  0 02 x 05
7.2104  1 08 x 02
7.2115  1 08 t 02
7.4341  0 03 x 01
7.6118  1 08 x 03
7.6205  0 03 x 02
7.6287  1 08 t 03
7.6396  1 08 x 04
7.6571  1 08 t 04
7.6769  1 08 x 05
7.6772  1 08 t 05
7.7523  0 03 x 03
7.8317  0 03 x 04
8.1102  0 03 x 05
8.1567  1 08 x 01
8.1655  1 08 t 01
8.7431  0 03 x 12
8.8552  0 03 x 10
9.0141  0 03 x 08
9.1745  0 03 x 07
9.3364  0 03 x 06
Timings By Test Type:
1.1801  0 31 t 02    0.8114  0 32 t 03    0.7918  0 31 t 02    0.5473  0 32 t 03
1.2010  0 29 t 02    0.8116  0 32 x 03    0.8051  0 29 t 02    0.5474  0 32 x 03
1.2019  0 31 t 03    0.8117  0 31 x 03    0.8085  0 31 t 03    0.5479  0 31 x 03
1.2083  0 31 x 02    0.8169  0 32 t 08    0.8095  0 31 x 02    0.5516  0 32 t 04
1.2101  0 32 t 02    0.8170  0 32 x 08    0.8109  0 32 t 02    0.5517  0 32 x 04
1.2103  0 32 x 02    0.8172  0 32 x 04    0.8110  0 32 x 02    0.5529  0 31 x 04
1.2113  0 29 t 03    0.8175  0 32 t 04    0.8160  0 29 t 03    0.5543  0 29 x 05
1.2150  0 29 x 05    0.8184  0 31 x 04    0.8191  0 29 x 02    0.5543  0 29 x 04
1.2158  0 31 t 04    0.8203  0 29 x 05    0.8201  0 32 t 03    0.5554  0 31 x 02
1.2166  0 31 x 04    0.8212  0 29 x 04    0.8204  0 32 x 03    0.5555  0 32 x 02
1.2181  0 32 t 04    0.8230  0 31 x 08    0.8205  0 31 x 03    0.5556  0 32 t 02
1.2184  0 32 x 04    0.8252  0 32 t 05    0.8210  0 31 x 04    0.5560  0 32 t 08
1.2187  0 32 t 05    0.8252  0 32 x 05    0.8215  0 29 x 05    0.5561  0 32 x 08
1.2188  0 32 x 05    0.8252  0 29 x 06    0.8218  0 32 x 04    0.5571  0 31 x 05
1.2191  0 32 t 03    0.8258  0 31 x 05    0.8218  0 32 t 04    0.5583  0 32 x 05
1.2197  0 31 x 03    0.8263  0 32 x 02    0.8221  0 31 t 04    0.5584  0 32 t 05
1.2200  0 32 x 03    0.8265  0 31 x 02    0.8241  0 32 t 05    0.5600  0 31 x 08
1.2206  0 31 t 07    0.8267  0 32 t 02    0.8243  0 32 x 05    0.5602  0 29 x 06
1.2210  0 29 x 02    0.8312  0 32 t 06    0.8263  0 29 x 04    0.5633  0 29 x 03
1.2222  0 32 t 06    0.8314  0 32 x 06    0.8285  0 31 x 05    0.5648  0 32 t 06
1.2225  0 32 x 06    0.8326  0 29 x 07    0.8292  0 29 x 03    0.5648  0 32 x 06
1.2247  0 29 x 04    0.8328  0 31 x 06    0.8294  0 29 t 04    0.5655  0 29 x 07
1.2251  0 31 x 05    0.8347  0 32 x 12    0.8296  0 32 t 06    0.5665  0 31 x 06
1.2254  0 32 t 08    0.8348  0 32 t 12    0.8298  0 32 x 06    0.5688  0 29 x 08
1.2262  0 32 x 08    0.8350  0 31 x 12    0.8301  0 31 t 07    0.5695  0 32 x 12
1.2263  0 31 t 05    0.8354  0 29 x 03    0.8308  0 32 x 08    0.5698  0 32 t 12
1.2273  0 29 t 04    0.8358  0 32 x 10    0.8311  0 32 t 08    0.5700  0 31 x 12
1.2282  0 31 x 08    0.8360  0 32 t 10    0.8320  0 31 t 05    0.5701  0 32 x 10
1.2290  0 29 x 06    0.8361  0 31 x 10    0.8332  0 31 x 08    0.5704  0 31 x 10
1.2291  0 31 x 06    0.8370  0 29 x 08    0.8332  0 29 x 06    0.5704  0 32 t 10
1.2297  0 29 t 07    0.8403  0 29 x 10    0.8332  0 30 t 02    0.5723  0 31 x 07
1.2331  0 29 x 03    0.8414  0 31 x 07    0.8341  0 31 x 06    0.5724  0 29 x 10
1.2344  0 29 t 05    0.8414  0 32 x 07    0.8353  0 29 t 07    0.5725  0 32 x 07
1.2396  0 31 x 10    0.8422  0 32 t 07    0.8363  0 29 t 05    0.5732  0 32 t 07
1.2403  0 32 t 10    0.8458  0 29 x 12    0.8423  0 29 x 07    0.5757  0 29 x 12
1.2404  0 32 x 10    0.8652  0 05 x 03    0.8433  0 31 x 10    0.5832  0 05 x 03
1.2422  0 29 x 07    0.8694  0 30 x 03    0.8436  0 28 t 02    0.5882  0 30 x 02
1.2453  0 31 t 08    0.8726  0 30 x 02    0.8436  0 32 x 10    0.5891  0 30 x 04
1.2484  0 29 x 08    0.8755  0 30 x 04    0.8437  0 32 t 10    0.5900  0 28 x 04
1.2517  0 32 t 12    0.8769  0 06 x 03    0.8457  0 31 t 08    0.5933  0 29 x 02
1.2517  0 32 x 12    0.8774  0 28 x 04    0.8459  0 29 x 08    0.5997  0 30 x 05
1.2521  0 29 t 08    0.8784  0 28 x 03    0.8497  0 29 t 08    0.6003  0 04 x 02
1.2548  0 29 x 10    0.8837  0 29 x 02    0.8505  0 32 t 12    0.6004  0 05 x 02
1.2594  0 31 x 12    0.8847  0 28 x 02    0.8507  0 32 x 12    0.6005  0 28 x 02
1.2602  0 31 t 06    0.8871  0 30 x 05    0.8509  0 29 x 10    0.6016  0 06 x 03
1.2602  0 29 x 12    0.8904  0 28 x 07    0.8548  0 29 x 12    0.6022  0 30 x 03
1.2647  0 29 t 06    0.8917  0 30 x 06    0.8550  0 31 t 06    0.6041  0 28 x 07
1.2652  0 31 x 07    0.8918  0 30 x 07    0.8556  0 31 x 12    0.6044  0 30 x 06
1.2665  0 32 x 07    0.8934  0 05 x 02    0.8570  0 31 x 07    0.6048  0 28 x 03
1.2671  0 32 t 07    0.8946  0 28 x 05    0.8576  0 32 x 07    0.6054  0 05 x 04
1.2720  0 30 t 02    0.8954  0 30 x 08    0.8577  0 29 t 06    0.6060  0 28 x 05
1.2740  0 31 t 10    0.8974  0 04 x 02    0.8582  0 32 t 07    0.6061  0 30 x 07
1.2768  0 29 t 10    0.8974  0 28 x 08    0.8587  0 04 t 02    0.6066  0 28 x 08
1.2813  0 28 t 02    0.8978  0 05 x 04    0.8610  0 30 x 02    0.6090  0 28 x 10
1.2824  0 04 t 02    0.8987  0 28 x 10    0.8619  0 30 t 03    0.6093  0 28 x 12
1.2844  0 30 t 03    0.8993  0 06 x 04    0.8654  0 31 t 10    0.6095  0 30 x 08
1.2933  0 30 x 02    0.9006  0 28 x 12    0.8655  0 28 x 02    0.6107  0 28 x 06
1.2938  0 28 t 03    0.9013  0 28 x 06    0.8661  0 28 t 03    0.6156  0 05 x 05
1.2971  0 30 t 04    0.9033  0 30 x 12    0.8671  0 29 t 10    0.6163  0 06 x 02
1.2987  0 28 x 02    0.9051  0 06 x 02    0.8725  0 30 t 04    0.6169  0 30 x 10
1.3037  0 28 t 04    0.9072  0 30 x 10    0.8742  0 27 t 02    0.6179  0 06 x 04
1.3047  0 06 x 02    0.9082  0 05 x 05    0.8757  0 28 t 04    0.6192  0 04 x 06
1.3083  0 05 x 02    0.9159  0 05 x 06    0.8777  0 05 x 02    0.6194  0 30 x 12
1.3104  0 06 t 03    0.9166  0 06 x 05    0.8803  0 04 t 03    0.6211  0 04 x 05
1.3127  0 04 t 03    0.9192  0 04 x 06    0.8814  0 04 x 02    0.6220  0 05 x 06
1.3130  0 05 x 03    0.9220  0 05 x 07    0.8828  0 30 x 03    0.6260  0 05 x 07
1.3141  0 00 t 03    0.9230  0 06 x 06    0.8828  0 00 t 03    0.6286  0 04 x 08
1.3166  0 01 t 03    0.9236  0 04 x 05    0.8844  0 01 t 03    0.6327  0 04 x 03
1.3200  0 30 x 03    0.9301  0 04 x 08    0.8847  0 28 x 03    0.6335  0 01 x 03
1.3200  0 04 x 02    0.9316  0 07 x 03    0.8856  0 05 x 03    0.6338  0 06 x 05
1.3216  0 28 x 04    0.9351  0 06 x 07    0.8876  0 06 x 02    0.6347  0 04 x 07
1.3220  0 30 x 04    0.9377  0 05 x 10    0.8886  0 28 x 04    0.6353  0 30 t 03
1.3221  0 31 t 12    0.9395  0 00 x 06    0.8900  0 30 x 04    0.6353  0 29 t 02
1.3222  0 30 x 07    0.9402  0 04 x 10    0.8918  0 05 t 02    0.6353  0 00 x 06
1.3254  0 28 x 03    0.9408  0 05 x 08    0.8948  0 00 t 02    0.6365  0 04 x 10
1.3272  0 05 t 03    0.9429  0 05 x 12    0.8948  0 30 x 07    0.6367  0 28 t 03
1.3276  0 30 x 08    0.9435  0 04 x 07    0.8953  0 05 t 03    0.6368  0 31 t 02
1.3290  0 30 x 05    0.9437  0 01 x 03    0.8958  0 30 t 05    0.6369  0 05 x 10
1.3296  0 30 t 05    0.9438  0 04 x 03    0.8963  0 28 t 05    0.6374  0 04 x 04
1.3304  0 05 t 02    0.9460  0 30 t 02    0.8963  0 30 x 05    0.6375  0 05 x 08
1.3315  0 28 t 05    0.9479  0 29 t 02    0.8967  0 31 t 12    0.6387  0 06 x 06
1.3323  0 27 t 02    0.9508  0 00 x 07    0.8983  0 06 t 03    0.6393  0 04 t 02
1.3329  0 05 x 04    0.9512  0 04 x 04    0.8984  0 30 x 08    0.6404  0 05 x 12
1.3349  0 28 x 05    0.9514  0 31 t 02    0.8989  0 28 x 05    0.6409  0 30 t 02
1.3353  0 28 t 06    0.9531  0 07 x 02    0.9000  0 30 x 12    0.6429  0 00 x 02
1.3359  0 30 x 12    0.9535  0 00 x 08    0.9010  0 30 t 06    0.6437  0 00 x 07
1.3367  0 30 x 06    0.9566  0 04 t 02    0.9013  0 28 t 06    0.6447  0 00 x 03
1.3376  0 29 t 12    0.9573  0 06 x 08    0.9023  0 30 x 06    0.6454  0 00 x 08
1.3377  0 05 t 04    0.9583  0 00 x 02    0.9028  0 30 x 10    0.6475  0 00 x 04
1.3384  0 30 t 06    0.9608  0 28 t 02    0.9029  0 00 t 04    0.6483  0 01 x 05
1.3387  0 30 x 10    0.9619  0 01 x 05    0.9031  0 05 x 04    0.6496  0 01 x 04
1.3387  0 00 t 02    0.9619  0 00 x 03    0.9047  0 28 t 07    0.6496  0 28 t 02
1.3395  0 00 t 04    0.9634  0 00 x 04    0.9051  0 00 x 02    0.6506  0 06 x 07
1.3411  0 28 t 07    0.9644  0 07 x 04    0.9056  0 01 t 02    0.6532  0 01 x 06
1.3444  0 30 t 07    0.9660  0 01 x 04    0.9057  0 05 t 04    0.6544  0 04 t 03
1.3457  0 05 x 05    0.9672  0 01 x 06    0.9065  0 29 t 12    0.6556  0 07 x 03
1.3460  0 06 x 03    0.9679  0 30 t 03    0.9076  0 28 x 07    0.6559  0 01 x 07
1.3461  0 06 x 04    0.9698  0 01 x 07    0.9080  0 30 t 07    0.6561  0 04 x 12
1.3473  0 28 x 07    0.9704  0 06 x 10    0.9099  0 28 x 08    0.6567  0 27 x 02
1.3475  0 06 t 04    0.9713  0 00 x 12    0.9102  0 04 x 05    0.6581  0 00 x 12
1.3485  0 28 x 08    0.9729  0 04 x 12    0.9113  0 05 x 05    0.6589  0 01 x 02
1.3492  0 28 x 12    0.9752  0 07 x 05    0.9122  0 04 x 06    0.6613  0 05 t 03
1.3509  0 06 t 02    0.9754  0 28 t 03    0.9126  0 04 t 04    0.6618  0 01 x 08
1.3523  0 00 x 02    0.9763  0 01 x 08    0.9126  0 28 x 06    0.6619  0 00 x 10
1.3528  0 04 x 05    0.9771  0 06 x 12    0.9127  0 28 t 08    0.6632  0 00 t 03
1.3529  0 06 x 05    0.9781  0 00 x 10    0.9143  0 28 x 12    0.6641  0 00 x 05
1.3532  0 28 t 08    0.9782  0 04 t 03    0.9147  0 30 t 08    0.6644  0 07 x 02
1.3536  0 28 x 06    0.9803  0 27 x 02    0.9155  0 04 x 03    0.6654  0 06 x 08
1.3537  0 01 t 02    0.9823  0 01 x 02    0.9160  0 28 x 10    0.6702  0 01 t 03
1.3538  0 05 x 06    0.9863  0 06 t 03    0.9161  0 05 x 06    0.6720  0 06 t 03
1.3544  0 30 t 08    0.9883  0 00 x 05    0.9174  0 06 t 02    0.6731  0 27 x 03
1.3545  0 28 x 10    0.9902  0 00 t 03    0.9188  0 01 t 04    0.6765  0 30 t 04
1.3558  0 04 x 06    0.9910  0 07 x 06    0.9194  0 04 x 04    0.6769  0 27 x 04
1.3562  0 04 t 04    0.9913  0 05 t 03    0.9203  0 06 x 03    0.6773  0 28 t 04
1.3657  0 01 t 04    0.9990  0 01 t 03    0.9214  0 01 x 03    0.6790  0 07 x 04
1.3660  0 04 x 03    1.0051  0 27 x 04    0.9223  0 01 x 02    0.6812  0 27 x 12
1.3686  0 04 x 04    1.0058  0 27 x 07    0.9244  0 00 x 03    0.6812  0 06 x 10
1.3727  0 28 t 10    1.0061  0 27 x 12    0.9244  0 31 t 01    0.6840  0 27 x 07
1.3728  0 06 x 06    1.0065  0 27 x 08    0.9247  0 06 x 04    0.6843  0 01 x 10
1.3739  0 04 x 07    1.0065  0 27 x 10    0.9250  0 04 x 07    0.6848  0 31 t 03
1.3742  0 01 x 03    1.0084  0 30 t 04    0.9254  0 06 t 04    0.6848  0 27 x 08
1.3789  0 01 x 02    1.0085  0 27 x 03    0.9265  0 27 x 02    0.6851  0 27 x 10
1.3796  0 04 x 08    1.0098  0 27 x 06    0.9267  0 28 t 10    0.6852  0 27 x 06
1.3805  0 00 x 03    1.0125  0 01 x 10    0.9295  0 04 x 08    0.6862  0 27 x 05
1.3819  0 05 x 10    1.0126  0 28 t 04    0.9308  0 00 x 04    0.6891  0 27 t 02
1.3819  0 07 x 02    1.0216  0 31 t 03    0.9309  0 06 x 05    0.6891  0 06 x 12
1.3821  0 05 x 08    1.0233  0 07 x 08    0.9324  0 01 x 06    0.6906  0 07 x 05
1.3843  0 01 x 06    1.0239  0 27 t 02    0.9325  0 01 x 04    0.6936  0 05 t 02
1.3849  0 00 x 04    1.0262  0 07 x 07    0.9327  0 01 x 05    0.6936  0 00 t 02
1.3850  0 00 x 06    1.0265  0 27 x 05    0.9349  0 05 x 08    0.6945  0 06 t 02
1.3856  0 01 x 05    1.0298  0 06 t 02    0.9350  0 00 x 06    0.7003  0 29 t 03
1.3857  0 05 x 07    1.0372  0 00 t 02    0.9360  0 00 x 07    0.7009  0 01 x 12
1.3872  0 27 x 02    1.0382  0 01 x 12    0.9363  0 05 x 10    0.7081  0 00 t 04
1.3873  0 00 x 07    1.0398  0 05 t 02    0.9367  0 05 x 07    0.7082  0 07 x 06
1.3873  0 31 t 01    1.0443  0 29 t 03    0.9376  0 05 t 05    0.7117  0 01 t 02
1.3877  0 28 t 12    1.0512  0 07 t 03    0.9380  0 29 t 01    0.7211  0 30 t 05
1.3877  0 30 t 12    1.0554  0 07 x 12    0.9381  0 00 x 05    0.7215  0 28 t 05
1.3877  0 01 x 04    1.0573  0 07 x 10    0.9381  0 30 t 12    0.7249  0 31 t 07
1.3889  0 06 x 08    1.0576  0 00 t 04    0.9388  0 28 t 12    0.7281  0 01 t 04
1.3897  0 05 t 05    1.0623  5 08 x 02    0.9420  0 04 t 05    0.7300  0 07 x 08
1.3906  0 06 t 05    1.0634  0 01 t 02    0.9440  0 04 t 07    0.7305  0 31 t 04
1.3912  0 00 x 05    1.0711  0 30 t 05    0.9445  0 00 t 05    0.7308  0 29 t 07
1.3955  0 07 t 03    1.0728  0 28 t 05    0.9450  0 04 x 10    0.7318  0 31 t 08
1.3975  0 07 x 03    1.0766  0 31 t 07    0.9464  0 04 t 08    0.7319  0 29 t 04
1.4006  0 06 x 07    1.0845  0 01 t 04    0.9470  0 06 x 06    0.7342  0 28 t 06
1.4013  0 04 t 05    1.0859  0 07 t 02    0.9473  0 01 x 07    0.7378  0 07 t 03
1.4014  0 00 t 05    1.0861  0 29 t 07    0.9497  0 00 x 08    0.7380  0 30 t 06
1.4028  0 04 t 07    1.0883  0 31 t 08    0.9527  0 06 t 05    0.7386  0 29 t 08
1.4028  0 04 x 10    1.0898  5 08 x 03    0.9552  0 05 t 06    0.7426  0 07 x 07
1.4051  0 01 x 07    1.0908  0 31 t 04    0.9568  0 27 x 03    0.7442  4 08 x 03
1.4063  0 29 t 01    1.0920  5 08 x 04    0.9581  0 06 x 08    0.7443  0 31 t 05
1.4076  0 04 t 08    1.0924  0 28 t 06    0.9587  0 00 t 07    0.7468  0 07 t 02
1.4077  0 07 t 02    1.0926  0 29 t 04    0.9590  0 04 t 06    0.7493  5 08 x 03
1.4115  0 00 x 08    1.0946  5 08 x 05    0.9603  0 01 t 05    0.7517  0 29 t 05
1.4116  0 06 x 10    1.0971  0 30 t 06    0.9617  0 07 x 02    0.7561  0 28 t 07
1.4170  0 06 t 06    1.0995  4 08 x 05    0.9657  0 05 t 07    0.7563  0 30 t 07
1.4193  0 05 t 06    1.0996  0 29 t 08    0.9665  0 06 x 07    0.7565  0 07 x 10
1.4231  0 00 t 07    1.1052  4 08 x 04    0.9665  0 27 x 04    0.7599  0 07 x 12
1.4267  0 07 x 04    1.1061  4 08 x 03    0.9670  0 27 t 07    0.7630  4 08 x 05
1.4269  0 04 t 06    1.1101  0 31 t 05    0.9674  0 01 x 08    0.7655  4 08 x 04
1.4279  0 01 t 05    1.1237  0 29 t 05    0.9696  0 05 x 12    0.7689  5 08 x 02
1.4307  0 07 x 05    1.1252  0 28 t 07    0.9698  0 06 t 06    0.7722  0 30 t 08
1.4347  0 05 t 07    1.1253  0 30 t 07    0.9700  0 27 t 06    0.7723  0 31 t 10
1.4355  0 07 t 04    1.1289  4 08 x 06    0.9704  0 04 x 12    0.7724  0 28 t 08
1.4364  0 01 x 08    1.1310  5 08 x 06    0.9720  0 27 t 08    0.7747  0 31 t 06
1.4388  0 05 x 12    1.1456  5 08 x 07    0.9720  0 05 t 01    0.7772  0 29 t 10
1.4413  0 27 x 03    1.1467  5 08 x 08    0.9721  0 00 t 08    0.7793  5 08 x 04
1.4414  0 27 t 07    1.1467  4 08 x 07    0.9763  0 00 t 06    0.7806  0 05 t 04
1.4431  0 04 x 12    1.1490  0 30 t 08    0.9765  0 00 x 10    0.7819  0 29 t 06
1.4432  0 27 x 04    1.1492  0 31 t 10    0.9768  0 27 x 08    0.7825  4 08 x 06
1.4442  0 27 x 08    1.1500  0 28 t 08    0.9772  0 07 t 02    0.7826  5 08 x 05
1.4455  0 27 t 06    1.1551  4 08 x 08    0.9772  0 07 x 03    0.7905  0 06 t 04
1.4458  0 00 t 08    1.1564  0 31 t 06    0.9779  0 05 t 08    0.7908  3 08 x 04
1.4461  0 27 x 12    1.1574  0 29 t 10    0.9781  0 27 t 10    0.7913  0 04 t 04
1.4477  0 06 t 07    1.1624  3 08 x 04    0.9787  0 27 x 05    0.7950  0 28 t 10
1.4493  0 27 x 07    1.1675  0 29 t 06    0.9788  0 01 t 07    0.7965  0 04 t 08
1.4495  0 27 x 10    1.1685  5 08 t 02    0.9788  0 00 x 12    0.7986  0 04 t 07
1.4502  0 00 t 06    1.1694  6 08 x 02    0.9791  0 07 t 03    0.7986  0 31 t 12
1.4511  0 27 t 08    1.1700  6 08 x 04    0.9795  0 06 x 10    0.8009  0 00 t 07
1.4515  0 27 x 06    1.1708  0 06 t 04    0.9800  0 27 x 12    0.8019  4 08 x 07
1.4526  0 05 t 08    1.1740  5 08 x 10    0.9808  0 01 t 08    0.8042  0 27 t 06
1.4530  0 00 x 10    1.1784  4 08 x 10    0.9811  0 27 x 06    0.8043  5 08 x 06
1.4539  0 07 x 06    1.1793  0 05 t 04    0.9814  0 27 x 07    0.8094  4 08 x 02
1.4549  0 30 t 10    1.1800  6 08 x 03    0.9819  0 04 t 10    0.8103  4 08 x 08
1.4558  0 00 x 12    1.1833  0 04 t 08    0.9826  0 30 t 10    0.8106  3 08 x 05
1.4560  0 01 t 07    1.1834  0 28 t 10    0.9829  0 27 t 12    0.8107  0 29 t 12
1.4576  0 05 t 01    1.1838  5 08 x 12    0.9833  0 27 x 10    0.8123  0 05 t 05
1.4581  0 06 t 08    1.1849  0 04 t 04    0.9835  0 30 t 01    0.8166  0 04 t 05
1.4594  0 27 t 10    1.1876  6 08 x 05    0.9864  0 28 t 01    0.8183  0 00 t 05
1.4598  0 01 t 08    1.1892  0 04 t 07    0.9875  0 05 t 10    0.8184  0 28 t 12
1.4605  0 04 t 10    1.1894  0 31 t 12    0.9899  0 06 t 01    0.8191  5 08 t 02
1.4633  0 27 x 05    1.1894  3 08 x 05    0.9915  0 32 t 01    0.8214  0 01 t 07
1.4677  0 07 t 05    1.1912  4 08 x 12    0.9917  0 01 x 10    0.8220  0 06 t 05
1.4689  0 06 x 12    1.1942  0 00 t 07    0.9919  0 32 x 01    0.8221  4 08 x 10
1.4689  0 06 t 01    1.1952  4 08 x 02    0.9922  0 31 x 01    0.8235  0 27 t 07
1.4692  0 27 t 12    1.2045  6 08 t 02    0.9950  0 06 t 07    0.8235  5 08 x 07
1.4709  0 05 t 10    1.2077  6 08 x 06    0.9962  0 07 x 04    0.8239  0 05 t 06
1.4741  0 01 x 10    1.2088  0 29 t 12    0.9980  0 01 t 06    0.8253  0 31 t 01
1.4757  0 30 t 01    1.2166  0 06 t 05    0.9989  0 04 t 01    0.8258  5 08 x 08
1.4791  0 28 t 01    1.2177  0 28 t 12    1.0004  0 00 t 10    0.8302  3 08 x 06
1.4828  0 07 x 08    1.2199  3 08 x 06    1.0006  0 06 t 08    0.8309  3 08 x 02
1.4852  0 01 t 06    1.2210  0 04 t 05    1.0017  0 04 t 12    0.8315  4 08 x 12
1.4873  0 00 t 10    1.2212  0 01 t 07    1.0020  0 29 x 01    0.8318  0 30 t 12
1.4903  0 32 t 01    1.2254  0 27 t 06    1.0021  0 27 t 03    0.8364  0 05 t 07
1.4905  0 32 x 01    1.2255  5 08 t 03    1.0043  0 27 t 04    0.8379  0 29 t 01
1.4908  0 31 x 01    1.2271  4 08 t 04    1.0057  0 07 t 04    0.8394  0 06 t 06
1.4908  0 04 t 12    1.2272  0 05 t 05    1.0061  0 07 x 05    0.8395  0 05 t 01
1.4913  0 06 t 10    1.2279  0 00 t 05    1.0134  0 00 t 01    0.8403  0 01 t 05
1.4975  0 07 x 07    1.2284  6 08 x 07    1.0140  0 27 t 05    0.8406  0 01 t 08
1.4999  0 04 t 01    1.2336  5 08 t 04    1.0166  0 06 x 12    0.8409  5 08 x 10
1.5022  0 27 t 04    1.2376  0 30 t 12    1.0176  0 01 x 12    0.8416  0 04 t 06
1.5042  0 27 t 03    1.2400  0 07 t 04    1.0208  0 05 x 01    0.8432  0 00 t 06
1.5049  0 29 x 01    1.2412  6 08 x 08    1.0242  0 30 x 01    0.8436  0 27 t 08
1.5125  0 27 t 05    1.2416  0 06 t 06    1.0244  0 07 t 05    0.8469  5 08 t 03
1.5133  0 01 x 12    1.2416  0 31 t 01    1.0254  0 07 x 06    0.8470  4 08 t 04
1.5185  0 07 t 06    1.2458  0 05 t 06    1.0265  0 01 t 10    0.8478  0 05 t 08
1.5225  0 00 t 01    1.2482  3 08 x 08    1.0266  0 27 t 01    0.8482  3 08 x 03
1.5233  0 07 x 10    1.2501  0 01 t 08    1.0267  0 28 x 01    0.8486  0 29 x 01
1.5251  0 06 t 12    1.2550  0 01 t 05    1.0269  0 01 t 01    0.8489  0 00 t 08
1.5253  0 01 t 10    1.2551  3 08 x 07    1.0275  0 06 t 10    0.8497  0 06 t 01
1.5256  0 07 t 01    1.2557  3 08 x 02    1.0348  0 00 x 01    0.8507  5 08 x 12
1.5270  0 07 t 07    1.2567  0 27 t 07    1.0389  0 06 x 01    0.8520  0 28 t 01
1.5290  0 05 x 01    1.2571  0 04 t 06    1.0435  0 04 x 01    0.8526  0 32 t 01
1.5415  0 01 t 01    1.2602  3 08 x 03    1.0446  0 07 x 08    0.8527  0 32 x 01
1.5445  0 06 x 01    1.2603  0 05 t 01    1.0447  0 01 t 12    0.8527  0 30 t 01
1.5468  0 27 t 01    1.2611  0 00 t 06    1.0467  0 00 t 12    0.8528  0 31 x 01
1.5481  0 30 x 01    1.2614  0 29 t 01    1.0506  0 07 t 01    0.8543  0 05 x 01
1.5497  0 00 t 12    1.2636  0 30 t 01    1.0515  0 06 t 12    0.8544  3 08 x 08
1.5512  0 07 x 12    1.2653  0 05 t 07    1.0611  0 05 t 12    0.8563  0 00 t 10
1.5542  0 00 x 01    1.2653  0 06 t 07    1.0635  0 07 x 07    0.8576  3 08 x 07
1.5545  0 01 t 12    1.2659  0 28 t 01    1.0684  0 27 x 01    0.8595  0 07 t 04
1.5551  0 28 x 01    1.2659  6 08 x 10    1.0702  0 07 t 06    0.8606  0 06 t 07
1.5552  5 08 t 02    1.2669  0 06 t 01    1.0731  0 01 x 01    0.8618  0 04 t 10
1.5594  0 07 t 08    1.2688  0 00 t 08    1.0749  0 07 t 07    0.8635  0 06 x 01
1.5685  0 04 x 01    1.2689  0 07 t 05    1.0762  0 07 x 10    0.8645  0 05 t 10
1.5759  0 07 t 10    1.2762  0 00 t 10    1.0793  5 08 t 02    0.8663  6 08 x 02
1.5807  0 07 t 12    1.2763  3 08 x 10    1.0854  5 08 x 02    0.8671  6 08 x 04
1.5873  0 05 t 12    1.2765  0 29 x 01    1.0888  0 07 x 01    0.8679  0 04 t 01
1.5881  5 08 x 02    1.2824  0 05 t 08    1.0907  4 08 x 03    0.8699  5 08 t 04
1.5907  0 07 x 01    1.2835  3 08 x 12    1.0971  0 07 x 12    0.8708  0 30 x 01
1.5963  5 08 x 03    1.2845  0 32 x 01    1.0996  0 07 t 08    0.8722  0 28 x 01
1.5964  5 08 t 03    1.2845  0 32 t 01    1.1016  4 08 t 03    0.8735  0 01 t 06
1.6017  6 08 t 02    1.2847  0 04 t 10    1.1052  4 08 x 02    0.8737  6 08 x 03
1.6067  5 08 t 04    1.2850  0 31 x 01    1.1086  5 08 t 03    0.8745  3 08 x 10
1.6108  4 08 x 03    1.2853  0 05 x 01    1.1089  5 08 x 03    0.8755  0 27 t 10
1.6116  0 01 x 01    1.2881  6 08 x 12    1.1120  4 08 t 04    0.8762  0 07 t 05
1.6141  0 27 x 01    1.2893  0 27 t 08    1.1134  5 08 t 04    0.8765  0 30 t 10
1.6259  5 08 x 05    1.2897  0 06 x 01    1.1141  0 07 t 12    0.8777  4 08 t 03
1.6273  4 08 t 03    1.2987  0 06 t 08    1.1158  0 07 t 10    0.8784  3 08 x 12
1.6295  5 08 x 04    1.2992  4 08 t 03    1.1241  3 08 x 03    0.8792  0 04 t 12
1.6403  4 08 t 04    1.3004  4 08 t 06    1.1265  3 08 t 02    0.8797  0 06 t 08
1.6466  4 08 x 02    1.3005  0 30 x 01    1.1306  4 08 x 05    0.8804  0 00 x 01
1.6475  5 08 x 06    1.3027  0 01 t 06    1.1378  4 08 x 04    0.8826  6 08 x 05
1.6513  4 08 x 05    1.3042  0 07 t 01    1.1407  5 08 x 05    0.8827  0 27 t 01
1.6558  5 08 t 05    1.3044  0 30 t 10    1.1416  5 08 x 04    0.8838  0 04 x 01
1.6586  6 08 x 02    1.3085  0 04 t 01    1.1420  5 08 t 05    0.8851  3 08 t 02
1.6618  5 08 t 06    1.3100  5 08 t 05    1.1429  4 08 t 05    0.8880  0 07 t 01
1.6626  4 08 x 04    1.3105  3 08 t 02    1.1439  4 08 x 06    0.8891  4 08 t 05
1.6661  6 08 x 03    1.3109  0 04 t 12    1.1445  3 08 x 04    0.8918  0 27 t 12
1.6667  4 08 x 06    1.3114  0 28 x 01    1.1451  6 08 t 02    0.8930  0 27 t 03
1.6712  5 08 x 07    1.3125  0 05 t 10    1.1458  4 08 t 06    0.8953  0 00 t 01
1.6729  5 08 x 08    1.3139  4 08 t 05    1.1492  5 08 x 06    0.8969  4 08 t 06
1.6766  3 08 t 02    1.3220  0 00 x 01    1.1538  3 08 x 02    0.8993  0 07 x 01
1.6814  4 08 t 06    1.3230  5 08 t 06    1.1580  5 08 t 06    0.8996  0 01 x 01
1.6829  6 08 x 04    1.3260  0 07 x 01    1.1683  3 08 t 03    0.9020  5 08 t 05
1.6830  5 08 t 07    1.3273  0 27 t 01    1.1686  4 08 x 07    0.9028  0 01 t 01
1.6846  3 08 x 03    1.3298  0 27 t 10    1.1704  4 08 x 08    0.9031  3 08 t 03
1.6868  6 08 x 05    1.3336  0 04 x 01    1.1734  4 08 t 07    0.9042  6 08 x 06
1.6893  6 08 t 03    1.3359  0 07 t 06    1.1736  5 08 t 07    0.9050  0 01 t 10
1.6913  5 08 t 08    1.3394  0 27 t 03    1.1741  4 08 t 01    0.9062  0 27 t 04
1.6915  4 08 t 05    1.3408  0 07 t 07    1.1758  5 08 x 07    0.9085  6 08 t 02
1.6930  4 08 x 08    1.3422  0 06 t 10    1.1776  4 08 t 08    0.9145  0 00 t 12
1.6939  4 08 x 07    1.3432  6 08 t 03    1.1800  5 08 x 08    0.9153  0 27 x 01
1.6998  5 08 x 10    1.3448  4 08 t 07    1.1815  4 08 x 12    0.9178  2 08 x 02
1.7015  3 08 x 04    1.3465  0 01 t 10    1.1816  4 08 x 10    0.9200  0 27 t 05
1.7048  6 08 t 04    1.3485  0 00 t 01    1.1827  5 08 t 08    0.9205  0 06 t 10
1.7050  5 08 x 12    1.3520  3 08 t 03    1.1844  6 08 x 02    0.9230  6 08 x 07
1.7154  4 08 x 12    1.3553  0 01 x 01    1.1854  3 08 t 04    0.9260  0 01 t 12
1.7156  4 08 x 10    1.3569  0 27 t 12    1.1887  5 08 t 01    0.9306  2 08 t 02
1.7163  6 08 x 06    1.3602  0 00 t 12    1.1902  3 08 x 05    0.9336  4 08 t 07
1.7173  4 08 t 07    1.3605  0 01 t 01    1.1948  4 08 t 10    0.9347  5 08 t 06
1.7175  4 08 t 08    1.3610  0 27 t 04    1.1960  6 08 x 03    0.9358  0 07 t 06
1.7182  5 08 t 10    1.3633  6 08 t 04    1.1967  5 08 x 10    0.9368  6 08 x 08
1.7228  5 08 t 12    1.3640  4 08 t 08    1.1996  3 08 t 05    0.9373  0 06 t 12
1.7270  6 08 t 05    1.3669  7 08 x 02    1.2000  3 08 x 06    0.9389  3 08 t 04
1.7287  5 08 t 01    1.3676  5 08 t 07    1.2014  4 08 t 12    0.9429  0 07 t 07
1.7317  6 08 t 06    1.3687  0 06 t 12    1.2025  5 08 x 12    0.9472  4 08 t 08
1.7340  3 08 x 02    1.3717  0 27 x 01    1.2055  4 08 x 01    0.9526  6 08 x 10
1.7380  6 08 x 07    1.3800  0 01 t 12    1.2055  5 08 t 10    0.9538  3 08 t 05
1.7422  4 08 t 10    1.3821  0 27 t 05    1.2102  5 08 t 12    0.9545  3 08 t 06
1.7451  4 08 t 01    1.3844  3 08 t 04    1.2131  6 08 t 03    0.9589  0 05 t 12
1.7470  4 08 t 12    1.3885  2 08 x 02    1.2140  2 08 t 02    0.9649  3 08 t 08
1.7488  3 08 t 03    1.3894  5 08 t 08    1.2147  3 08 t 06    0.9689  5 08 t 07
1.7495  6 08 t 07    1.3980  0 07 t 08    1.2191  6 08 x 04    0.9692  2 08 x 04
1.7546  6 08 x 08    1.3982  7 08 x 04    1.2195  3 08 t 01    0.9723  6 08 x 12
1.7633  3 08 x 05    1.3985  7 08 x 03    1.2198  5 08 x 01    0.9737  3 08 t 07
1.7655  6 08 t 08    1.4038  2 08 t 02    1.2206  6 08 t 04    0.9747  4 08 t 10
1.7731  3 08 t 04    1.4043  4 08 t 10    1.2256  6 08 x 05    0.9763  2 08 x 05
1.7735  3 08 x 06    1.4055  3 08 t 05    1.2261  3 08 x 08    0.9769  6 08 t 04
1.7749  6 08 t 01    1.4096  7 08 x 05    1.2316  3 08 t 08    0.9809  6 08 t 03
1.7804  6 08 x 10    1.4097  3 08 t 06    1.2358  6 08 t 05    0.9836  0 07 t 08
1.7933  3 08 t 05    1.4115  0 07 t 12    1.2386  3 08 x 12    0.9838  5 08 t 08
1.7967  6 08 x 12    1.4117  3 08 t 08    1.2418  3 08 t 07    0.9838  2 08 x 03
1.8001  5 08 x 01    1.4210  0 07 t 10    1.2431  3 08 x 10    0.9960  4 08 t 12
1.8010  6 08 t 10    1.4218  6 08 t 06    1.2437  3 08 x 07    0.9975  0 07 t 12
1.8027  3 08 x 08    1.4229  3 08 t 07    1.2443  6 08 x 06    0.9988  4 08 x 01
1.8104  3 08 t 06    1.4234  6 08 t 05    1.2519  6 08 t 06    1.0072  0 07 t 10
1.8143  2 08 t 02    1.4320  5 08 t 10    1.2538  2 08 x 02    1.0109  4 08 t 01
1.8185  4 08 x 01    1.4345  4 08 t 12    1.2627  6 08 t 07    1.0145  3 08 t 10
1.8196  3 08 t 08    1.4387  2 08 x 04    1.2638  6 08 x 07    1.0188  5 08 t 10
1.8226  4 08 t 02    1.4506  2 08 x 05    1.2644  6 08 t 01    1.0202  6 08 t 05
1.8229  3 08 x 12    1.4607  5 08 t 01    1.2725  3 08 x 01    1.0222  5 08 t 01
1.8301  3 08 t 01    1.4611  0 05 t 12    1.2740  3 08 t 12    1.0257  3 08 t 12
1.8312  3 08 x 10    1.4640  5 08 t 12    1.2794  6 08 x 08    1.0264  2 08 t 03
1.8332  6 08 t 12    1.4649  6 08 t 07    1.2822  3 08 t 10    1.0269  3 08 t 01
1.8342  3 08 x 07    1.4653  4 08 t 01    1.2844  6 08 t 08    1.0282  5 08 x 01
1.8422  3 08 t 07    1.4762  4 08 x 01    1.2867  2 08 x 05    1.0304  2 08 t 04
1.8470  7 08 x 02    1.4832  2 08 x 03    1.2872  2 08 t 03    1.0359  2 08 t 05
1.8709  6 08 x 01    1.4850  5 08 x 01    1.2881  4 08 t 02    1.0403  5 08 t 12
1.8829  2 08 x 02    1.4962  3 08 t 10    1.2887  2 08 x 04    1.0442  6 08 t 06
1.8920  3 08 t 12    1.5008  6 08 t 08    1.3004  6 08 x 01    1.0535  3 08 x 01
1.8940  7 08 x 04    1.5105  3 08 t 12    1.3011  6 08 x 10    1.0762  6 08 t 07
1.8958  7 08 x 03    1.5122  6 08 t 01    1.3041  2 08 t 04    1.0803  7 08 x 02
1.8976  7 08 x 05    1.5191  2 08 t 03    1.3051  2 08 t 05    1.0869  6 08 t 01
1.9079  3 08 t 10    1.5266  3 08 t 01    1.3079  6 08 t 10    1.1001  0 02 x 12
1.9083  7 08 t 04    1.5391  2 08 t 05    1.3152  2 08 x 03    1.1012  7 08 x 04
1.9164  2 08 t 03    1.5544  2 08 t 04    1.3165  6 08 x 12    1.1048  6 08 t 08
1.9183  3 08 x 01    1.5555  6 08 t 10    1.3206  0 02 x 12    1.1059  6 08 x 01
1.9210  7 08 t 03    1.5595  6 08 x 01    1.3342  6 08 t 12    1.1074  7 08 x 03
1.9293  2 08 x 05    1.5718  3 08 x 01    1.3377  0 02 x 10    1.1153  7 08 x 05
1.9348  2 08 x 04    1.5953  7 08 t 04    1.3574  2 08 t 01    1.1153  0 02 x 10
1.9404  2 08 t 05    1.5954  4 08 t 02    1.3589  0 02 x 08    1.1316  2 08 x 01
1.9473  7 08 t 05    1.6110  6 08 t 12    1.3769  0 02 x 02    1.1366  2 08 t 01
1.9596  2 08 t 04    1.6203  7 08 t 03    1.3824  0 02 x 07    1.1374  0 02 x 08
1.9635  0 02 x 12    1.6277  0 02 x 12    1.3948  7 08 x 02    1.1420  6 08 t 10
1.9737  7 08 t 02    1.6546  0 02 x 10    1.3958  0 02 x 06    1.1581  0 02 x 07
1.9740  2 08 x 03    1.6660  7 08 t 05    1.4058  2 08 x 01    1.1667  0 02 x 06
1.9933  0 02 x 10    1.6917  0 02 x 08    1.4089  0 02 x 03    1.1818  6 08 t 12
1.9990  7 08 t 01    1.7072  2 08 t 01    1.4187  0 02 x 01    1.1854  4 08 t 02
2.0311  0 02 x 08    1.7084  2 08 x 01    1.4256  7 08 x 03    1.1989  0 02 x 02
2.0481  2 08 t 01    1.7144  0 02 x 07    1.4317  0 02 x 04    1.2107  7 08 t 04
2.0555  0 02 x 07    1.7318  7 08 t 02    1.4367  7 08 t 04    1.2245  7 08 t 03
2.0828  0 02 x 06    1.7344  0 02 x 06    1.4401  7 08 t 03    1.2350  0 02 x 03
2.0828  7 08 x 01    1.7452  7 08 t 01    1.4436  7 08 x 04    1.2521  0 02 x 04
2.0893  0 02 x 02    1.7853  7 08 x 01    1.4446  7 08 x 05    1.2593  7 08 t 05
2.1237  0 02 x 03    1.8141  0 02 x 02    1.4604  0 02 x 05    1.2633  1 08 t 02
2.1306  0 02 x 01    1.8551  0 02 x 03    1.4616  7 08 t 05    1.2641  1 08 x 02
2.1317  2 08 x 01    1.8809  0 02 x 01    1.4661  7 08 t 02    1.2647  0 02 x 01
2.1574  0 02 x 04    1.8835  0 02 x 04    1.4950  7 08 t 01    1.2783  0 02 x 05
2.1857  0 02 x 05    1.9106  0 02 x 05    1.5251  7 08 x 01    1.3160  7 08 t 02
2.3337  0 03 x 01    1.9124  1 08 x 02    1.5268  0 03 x 01    1.3301  7 08 t 01
2.3929  0 03 x 02    1.9136  1 08 t 02    1.5881  0 03 x 02    1.3473  7 08 x 01
2.4237  1 08 x 02    2.0370  1 08 x 03    1.6096  1 08 t 02    1.3484  1 08 x 03
2.4250  1 08 t 02    2.0428  1 08 t 03    1.6102  1 08 x 02    1.3515  1 08 t 03
2.4306  0 03 x 03    2.0444  1 08 x 04    1.6169  0 03 x 03    1.3650  1 08 x 04
2.4584  0 03 x 04    2.0502  1 08 t 04    1.6322  0 03 x 04    1.3700  1 08 t 04
2.5343  1 08 x 04    2.0521  1 08 t 05    1.6884  1 08 x 03    1.3751  1 08 t 05
2.5350  0 03 x 05    2.0521  1 08 x 05    1.6920  1 08 t 03    1.3752  1 08 x 05
2.5379  1 08 x 03    2.1575  0 03 x 01    1.6959  1 08 x 04    1.4160  0 03 x 01
2.5382  1 08 t 04    2.1839  0 03 x 02    1.6985  0 03 x 05    1.4556  0 03 x 02
2.5423  1 08 t 03    2.2141  1 08 x 01    1.6987  1 08 t 04    1.4652  1 08 t 01
2.5453  1 08 x 05    2.2199  1 08 t 01    1.7040  1 08 t 05    1.4654  1 08 x 01
2.5459  1 08 t 05    2.2203  0 03 x 03    1.7043  1 08 x 05    1.4845  0 03 x 03
2.6995  1 08 x 01    2.2445  0 03 x 04    1.7776  1 08 x 01    1.4966  0 03 x 04
2.7009  1 08 t 01    2.3200  0 03 x 05    1.7794  1 08 t 01    1.5568  0 03 x 05
2.7476  0 03 x 12    2.5210  0 03 x 12    1.8119  0 03 x 12    1.6625  0 03 x 12
2.7836  0 03 x 10    2.5430  0 03 x 10    1.8493  0 03 x 10    1.6793  0 03 x 10
2.8351  0 03 x 08    2.6047  0 03 x 08    1.8666  0 03 x 08    1.7077  0 03 x 08
2.8929  0 03 x 07    2.6579  0 03 x 07    1.8964  0 03 x 07    1.7272  0 03 x 07
2.9566  0 03 x 06    2.7136  0 03 x 06    1.9191  0 03 x 06    1.7471  0 03 x 06
---Benchmark Program Finished---
