
./testbench.sh g++ O3 MontgomeryHalf __uint128_t 191 8 40 -DTEST_ARRAY

compilation finished, now executing:
---Running Program---

begin benchmarks - array two_pow
(ignore)304583630284728281743452880583364600384

OVERALL BEST:
3.1329  0 28 x 06
3.1341  0 30 x 08
3.1413  0 28 x 08
3.1465  0 28 x 07
3.1511  0 30 x 07
3.1600  0 30 x 10
3.1707  0 28 x 10
3.1737  0 27 x 06
3.1752  0 28 x 12
3.1834  0 30 x 06
3.1858  0 32 x 04
3.1867  0 27 x 07
3.1880  0 31 x 04
3.1942  0 30 x 12
3.2018  0 27 x 08
3.2204  0 27 x 10
3.2412  0 27 x 12
3.2592  0 05 x 02
3.2891  0 06 x 02
3.2942  0 04 x 02
3.3016  0 05 x 04
3.3321  0 00 x 02
3.3980  0 01 x 02
3.4002  0 32 x 05
3.4039  0 31 x 05
3.4095  0 05 x 03
3.4196  0 04 x 03
3.4339  0 04 x 05
3.4414  0 29 x 03
3.4414  0 06 x 04
3.4467  0 00 x 05
3.4536  0 05 x 05
3.4598  0 00 x 03
3.4633  0 31 x 03
3.4636  0 32 x 03
3.5034  0 01 x 04
3.5045  0 06 x 03
3.5191  0 01 x 03
3.5230  0 04 x 04
3.5436  0 30 x 03
3.5501  0 28 x 02
3.5639  0 31 x 06
3.5659  0 32 x 06
3.5750  0 07 x 02
3.5765  0 00 x 04
3.5846  0 29 x 06
3.5885  0 30 x 02
3.5922  0 27 x 02
3.6185  0 31 x 07
3.6248  0 32 x 07
3.6595  0 29 x 07
3.6673  0 00 x 06
3.6968  0 30 x 04
3.7079  0 28 x 04
3.7235  0 31 x 02
3.7250  0 32 x 02
3.7295  0 29 x 04
3.7388  0 32 x 08
3.7411  0 31 x 08
3.7564  0 07 x 03
3.7755  0 00 x 07
3.7775  0 29 x 08
3.7790  0 29 x 02
3.7821  0 01 x 06
3.7838  0 07 x 04
3.8007  0 29 x 05
3.8153  0 05 x 07
3.8163  0 04 x 07
3.8348  0 30 x 05
3.8399  0 28 x 05
3.8454  0 27 x 04
3.8638  0 32 x 10
3.8639  0 31 x 10
3.8677  0 29 x 10
3.8735  0 06 x 05
3.8840  0 04 x 08
3.8909  0 05 x 08
3.9302  0 00 x 08
3.9320  0 30 x 01
3.9340  0 32 x 01
3.9354  0 31 x 01
3.9396  0 05 x 06
3.9408  0 32 x 12
3.9411  0 31 x 12
3.9435  0 01 x 05
3.9446  0 27 x 05
3.9485  0 28 x 01
3.9648  0 27 x 01
3.9679  0 04 x 06
3.9748  0 06 x 07
4.0131  0 29 x 01
4.0239  0 06 x 08
4.0358  0 06 x 06
4.0719  0 04 x 01
4.0893  0 04 x 10
4.1182  0 05 x 01
4.1357  0 00 x 10
4.1375  5 08 x 02
4.1425  0 29 x 12
4.1514  0 06 x 01
4.1816  0 01 x 01
4.1977  0 05 x 10
4.2093  0 01 x 07
4.2420  0 07 x 01
4.2507  0 00 x 12
4.2664  0 05 x 12
4.2664  0 01 x 08
4.2811  0 07 x 05
4.3172  5 08 x 04
4.3246  0 00 x 01
4.3737  0 04 x 12
4.3842  6 08 x 02
4.3936  4 08 x 04
4.3973  0 28 x 03
4.4131  5 08 x 03
4.4284  0 01 x 10
4.4391  4 08 x 02
4.4616  5 08 x 10
4.4710  5 08 x 08
4.4772  5 08 x 12
4.4833  5 08 x 06
4.4873  5 08 x 05
4.4940  0 07 x 07
4.5038  6 08 x 03
4.5213  0 06 x 12
4.5234  0 07 x 06
4.5310  0 27 x 03
4.5359  5 08 x 07
4.5442  0 06 x 10
4.5556  4 08 x 10
4.5596  0 07 x 08
4.5613  0 01 x 12
4.5740  4 08 x 03
4.6083  4 08 x 08
4.6324  4 08 x 06
4.6354  6 08 x 04
4.6552  6 08 x 05
4.6587  4 08 x 05
4.6687  6 08 x 06
4.6692  4 08 x 12
4.6874  6 08 x 08
4.7201  6 08 x 10
4.7230  4 08 x 07
4.7813  6 08 x 12
4.7992  6 08 x 07
4.8153  5 08 x 01
4.8530  4 08 x 01
4.9048  0 07 x 10
4.9964  0 02 x 12
5.0491  3 08 x 02
5.0534  3 08 x 08
5.0709  3 08 x 01
5.0981  3 08 x 10
5.1243  3 08 x 04
5.1551  0 07 x 12
5.1784  3 08 x 03
5.2068  7 08 x 02
5.2079  3 08 x 12
5.2489  3 08 x 07
5.2599  3 08 x 06
5.2628  6 08 x 01
5.2748  0 03 x 12
5.2789  7 08 x 03
5.4074  0 03 x 10
5.4160  3 08 x 05
5.4289  0 02 x 10
5.5064  0 02 x 08
5.5251  7 08 x 04
5.5315  0 02 x 02
5.5341  0 02 x 06
5.5532  0 02 x 04
5.5537  0 02 x 07
5.5557  7 08 x 05
5.5629  0 02 x 05
5.6363  0 02 x 03
5.6530  0 03 x 08
5.6586  0 03 x 04
5.6800  0 03 x 02
5.6897  0 03 x 05
5.7109  0 03 x 06
5.7319  0 03 x 03
5.7618  0 03 x 07
5.7944  0 03 x 01
5.8283  2 08 x 02
5.8779  2 08 x 01
5.9922  0 02 x 01
6.0346  2 08 x 03
6.2467  7 08 x 01
6.2737  2 08 x 04
7.2081  2 08 x 05
8.4208  1 08 x 04
8.5270  1 08 x 02
8.8336  1 08 x 03
8.9147  1 08 x 01
9.1611  1 08 x 05
Timings By Test Type:
0.9357  0 28 x 06    0.9219  0 30 x 08    0.6417  0 28 x 06    0.6325  0 28 x 06
0.9363  0 30 x 08    0.9228  0 28 x 08    0.6428  0 30 x 08    0.6331  0 30 x 08
0.9368  0 28 x 08    0.9230  0 28 x 06    0.6457  0 30 x 07    0.6349  0 30 x 07
0.9396  0 28 x 07    0.9242  0 28 x 07    0.6459  0 27 x 06    0.6357  0 28 x 08
0.9423  0 30 x 07    0.9267  0 30 x 10    0.6460  0 28 x 08    0.6363  0 28 x 07
0.9436  0 30 x 10    0.9282  0 30 x 07    0.6464  0 28 x 07    0.6369  0 27 x 06
0.9449  0 28 x 12    0.9295  0 28 x 12    0.6504  0 27 x 07    0.6392  0 30 x 10
0.9461  0 28 x 10    0.9298  0 28 x 10    0.6506  0 30 x 10    0.6400  0 27 x 07
0.9519  0 27 x 06    0.9370  0 30 x 06    0.6507  0 32 x 04    0.6412  0 30 x 06
0.9527  0 30 x 06    0.9390  0 32 x 04    0.6509  0 31 x 04    0.6413  0 28 x 10
0.9529  0 32 x 04    0.9391  0 27 x 06    0.6525  0 30 x 06    0.6418  0 31 x 04
0.9536  0 31 x 04    0.9400  0 30 x 12    0.6534  0 28 x 10    0.6431  0 32 x 04
0.9553  0 30 x 12    0.9404  0 27 x 07    0.6541  0 27 x 08    0.6435  0 27 x 08
0.9560  0 27 x 07    0.9417  0 31 x 04    0.6548  0 30 x 12    0.6441  0 30 x 12
0.9600  0 27 x 08    0.9441  0 27 x 08    0.6555  0 28 x 12    0.6453  0 28 x 12
0.9632  0 27 x 10    0.9458  0 27 x 10    0.6615  0 27 x 10    0.6499  0 27 x 10
0.9695  0 27 x 12    0.9527  0 27 x 12    0.6650  0 27 x 12    0.6515  0 05 x 02
0.9796  0 05 x 02    0.9614  0 06 x 02    0.6653  0 05 x 02    0.6540  0 27 x 12
0.9885  0 06 x 02    0.9628  0 05 x 02    0.6698  0 04 x 02    0.6575  0 04 x 02
0.9907  0 05 x 04    0.9680  0 05 x 04    0.6777  0 00 x 02    0.6590  0 06 x 02
0.9919  0 04 x 02    0.9749  0 04 x 02    0.6802  0 06 x 02    0.6611  0 05 x 04
1.0007  0 00 x 02    0.9867  0 00 x 02    0.6818  0 05 x 04    0.6669  0 00 x 02
1.0172  0 32 x 05    1.0002  0 06 x 04    0.6899  0 01 x 02    0.6791  0 01 x 02
1.0173  0 31 x 05    1.0052  0 32 x 05    0.6934  0 32 x 05    0.6804  0 05 x 03
1.0221  0 01 x 02    1.0061  0 31 x 05    0.6942  0 31 x 05    0.6832  0 04 x 03
1.0241  0 06 x 04    1.0064  0 05 x 03    0.6950  0 04 x 03    0.6844  0 32 x 05
1.0255  0 05 x 03    1.0069  0 01 x 02    0.6972  0 05 x 03    0.6846  0 04 x 05
1.0291  0 04 x 03    1.0116  0 05 x 05    0.6992  0 29 x 03    0.6863  0 31 x 05
1.0293  0 05 x 05    1.0124  0 04 x 03    0.6994  0 04 x 05    0.6915  0 29 x 03
1.0309  0 29 x 03    1.0152  0 04 x 05    0.7022  0 31 x 03    0.6924  0 00 x 05
1.0329  0 00 x 05    1.0163  0 00 x 05    0.7025  0 32 x 03    0.6926  0 00 x 03
1.0347  0 04 x 05    1.0193  0 06 x 03    0.7049  0 00 x 03    0.6977  0 31 x 03
1.0352  0 31 x 03    1.0197  0 29 x 03    0.7051  0 00 x 05    0.6978  0 32 x 03
1.0353  0 32 x 03    1.0230  0 00 x 03    0.7135  0 01 x 04    0.6985  0 06 x 04
1.0393  0 00 x 03    1.0240  0 07 x 02    0.7140  0 05 x 05    0.6988  0 05 x 05
1.0508  0 06 x 03    1.0281  0 32 x 03    0.7159  0 01 x 03    0.6996  0 01 x 04
1.0549  0 01 x 04    1.0282  0 31 x 03    0.7168  0 04 x 04    0.7037  0 04 x 04
1.0577  0 01 x 03    1.0354  0 01 x 04    0.7174  0 28 x 02    0.7041  0 01 x 03
1.0603  0 30 x 02    1.0415  0 01 x 03    0.7186  0 06 x 04    0.7046  0 06 x 03
1.0605  0 04 x 04    1.0420  0 04 x 04    0.7220  0 30 x 03    0.7084  0 28 x 02
1.0608  0 30 x 03    1.0463  0 30 x 02    0.7262  0 31 x 06    0.7139  0 30 x 03
1.0631  0 27 x 02    1.0469  0 30 x 03    0.7268  0 32 x 06    0.7157  0 00 x 04
1.0634  0 31 x 06    1.0483  0 27 x 02    0.7291  0 29 x 06    0.7190  0 31 x 06
1.0638  0 32 x 06    1.0553  0 28 x 02    0.7299  0 06 x 03    0.7196  0 32 x 06
1.0689  0 29 x 06    1.0554  0 31 x 06    0.7301  0 00 x 04    0.7203  0 07 x 02
1.0691  0 28 x 02    1.0557  0 32 x 06    0.7377  0 31 x 07    0.7235  0 29 x 06
1.0709  0 07 x 02    1.0557  0 00 x 04    0.7388  0 32 x 07    0.7294  0 31 x 07
1.0749  0 00 x 04    1.0630  0 29 x 06    0.7436  0 29 x 07    0.7306  0 32 x 07
1.0812  0 31 x 07    1.0701  0 31 x 07    0.7453  0 27 x 02    0.7355  0 27 x 02
1.0831  0 32 x 07    1.0724  0 32 x 07    0.7460  0 30 x 02    0.7360  0 30 x 02
1.0910  0 29 x 07    1.0776  0 07 x 04    0.7512  0 00 x 06    0.7363  0 00 x 06
1.0998  0 00 x 06    1.0782  0 07 x 03    0.7538  0 30 x 04    0.7393  0 29 x 07
1.1050  0 30 x 04    1.0801  0 00 x 06    0.7539  0 31 x 02    0.7448  0 31 x 02
1.1083  0 28 x 04    1.0855  0 29 x 07    0.7545  0 32 x 02    0.7451  0 32 x 02
1.1131  0 29 x 04    1.0929  0 30 x 04    0.7547  0 29 x 04    0.7451  0 30 x 04
1.1153  0 07 x 04    1.0976  0 28 x 04    0.7547  0 28 x 04    0.7473  0 28 x 04
1.1162  0 32 x 08    1.1054  0 32 x 08    0.7598  0 07 x 02    0.7520  0 29 x 04
1.1168  0 31 x 08    1.1064  0 31 x 08    0.7628  0 32 x 08    0.7545  0 32 x 08
1.1182  0 31 x 02    1.1064  0 32 x 02    0.7633  0 31 x 08    0.7546  0 31 x 08
1.1190  0 32 x 02    1.1067  0 31 x 02    0.7643  0 29 x 02    0.7552  0 01 x 06
1.1193  0 07 x 03    1.1096  0 29 x 04    0.7686  0 29 x 08    0.7576  0 00 x 07
1.1272  0 29 x 08    1.1137  0 00 x 07    0.7687  0 01 x 06    0.7583  0 29 x 02
1.1321  0 00 x 07    1.1188  0 29 x 08    0.7708  0 29 x 05    0.7622  0 07 x 03
1.1327  0 29 x 02    1.1200  0 01 x 06    0.7721  0 00 x 07    0.7623  0 04 x 07
1.1349  0 29 x 05    1.1217  0 05 x 07    0.7749  0 04 x 07    0.7629  0 29 x 08
1.1382  0 01 x 06    1.1236  0 29 x 02    0.7818  0 30 x 05    0.7654  0 29 x 05
1.1428  0 05 x 07    1.1296  0 29 x 05    0.7820  0 28 x 05    0.7659  0 05 x 07
1.1474  0 04 x 07    1.1317  0 04 x 07    0.7837  0 27 x 04    0.7716  0 30 x 05
1.1484  0 30 x 05    1.1318  0 06 x 05    0.7848  0 05 x 07    0.7733  0 28 x 05
1.1487  0 28 x 05    1.1329  0 30 x 05    0.7856  0 29 x 10    0.7750  0 04 x 08
1.1497  0 27 x 04    1.1359  0 28 x 05    0.7887  0 04 x 08    0.7753  0 27 x 04
1.1509  0 29 x 10    1.1366  0 27 x 04    0.7887  0 32 x 10    0.7791  0 31 x 10
1.1548  0 31 x 10    1.1409  0 32 x 10    0.7888  0 31 x 10    0.7791  0 32 x 10
1.1550  0 32 x 10    1.1411  0 31 x 10    0.7930  0 32 x 01    0.7807  0 07 x 04
1.1573  0 06 x 05    1.1422  0 05 x 08    0.7936  0 31 x 01    0.7816  0 06 x 05
1.1660  0 05 x 08    1.1493  0 29 x 10    0.7968  0 07 x 03    0.7818  0 05 x 08
1.1684  0 04 x 08    1.1519  0 04 x 08    0.8006  0 01 x 05    0.7820  0 29 x 10
1.1758  0 30 x 01    1.1571  0 06 x 07    0.8008  0 05 x 08    0.7856  0 32 x 01
1.1780  0 00 x 08    1.1594  0 00 x 08    0.8021  0 30 x 01    0.7858  0 31 x 01
1.1788  0 32 x 12    1.1603  0 30 x 01    0.8029  0 06 x 05    0.7894  0 01 x 05
1.1792  0 31 x 12    1.1623  0 05 x 06    0.8030  0 27 x 05    0.7897  0 00 x 08
1.1800  0 06 x 07    1.1634  0 32 x 12    0.8032  0 00 x 08    0.7916  0 05 x 06
1.1802  0 28 x 01    1.1635  0 31 x 12    0.8046  0 28 x 01    0.7920  0 27 x 05
1.1802  0 05 x 06    1.1661  0 28 x 01    0.8046  0 31 x 12    0.7938  0 31 x 12
1.1819  0 27 x 05    1.1677  0 27 x 05    0.8047  0 04 x 06    0.7939  0 30 x 01
1.1829  0 32 x 01    1.1690  0 01 x 05    0.8047  0 32 x 12    0.7939  0 32 x 12
1.1840  0 31 x 01    1.1706  0 06 x 08    0.8055  0 05 x 06    0.7940  0 04 x 06
1.1844  0 01 x 05    1.1710  0 27 x 01    0.8076  0 27 x 01    0.7976  0 28 x 01
1.1875  0 27 x 01    1.1720  0 31 x 01    0.8102  0 07 x 04    0.7986  0 27 x 01
1.1922  0 04 x 06    1.1725  0 32 x 01    0.8105  0 29 x 01    0.8025  0 29 x 01
1.1979  0 06 x 08    1.1770  0 04 x 06    0.8218  0 04 x 01    0.8089  0 06 x 07
1.2052  0 06 x 06    1.1785  0 06 x 06    0.8288  0 06 x 07    0.8120  0 04 x 01
1.2058  0 29 x 01    1.1903  5 08 x 02    0.8309  0 04 x 10    0.8146  0 06 x 06
1.2272  0 04 x 01    1.1944  0 29 x 01    0.8330  0 05 x 01    0.8162  0 06 x 08
1.2317  0 04 x 10    1.2099  0 04 x 10    0.8376  0 06 x 06    0.8167  0 04 x 10
1.2360  0 29 x 12    1.2109  0 04 x 01    0.8392  0 06 x 08    0.8215  0 05 x 01
1.2385  5 08 x 02    1.2198  0 00 x 10    0.8411  0 28 x 03    0.8286  0 06 x 01
1.2410  0 05 x 01    1.2227  0 05 x 01    0.8432  0 29 x 12    0.8292  0 00 x 10
1.2415  0 00 x 10    1.2255  0 06 x 01    0.8448  0 01 x 01    0.8345  0 01 x 01
1.2516  0 06 x 01    1.2270  0 29 x 12    0.8451  0 00 x 10    0.8353  0 28 x 03
1.2531  0 05 x 10    1.2271  0 07 x 05    0.8457  0 06 x 01    0.8363  0 29 x 12
1.2585  0 01 x 01    1.2319  0 05 x 10    0.8558  0 01 x 07    0.8406  5 08 x 02
1.2628  0 01 x 07    1.2391  0 07 x 01    0.8648  0 05 x 10    0.8437  0 01 x 07
1.2676  0 07 x 05    1.2394  6 08 x 02    0.8675  0 00 x 12    0.8480  0 05 x 10
1.2715  0 07 x 01    1.2438  0 01 x 01    0.8680  0 01 x 08    0.8521  0 00 x 12
1.2756  6 08 x 02    1.2445  5 08 x 04    0.8681  5 08 x 02    0.8528  0 07 x 01
1.2761  0 00 x 12    1.2470  0 01 x 07    0.8720  0 00 x 01    0.8553  0 01 x 08
1.2769  0 05 x 12    1.2546  0 05 x 12    0.8761  0 05 x 12    0.8588  0 05 x 12
1.2811  0 01 x 08    1.2549  0 00 x 12    0.8786  0 07 x 01    0.8624  0 00 x 01
1.2822  5 08 x 04    1.2620  0 01 x 08    0.8879  0 04 x 12    0.8654  4 08 x 02
1.3031  0 00 x 01    1.2736  4 08 x 04    0.9014  0 01 x 10    0.8717  0 04 x 12
1.3124  0 07 x 07    1.2778  5 08 x 10    0.9038  4 08 x 02    0.8760  0 07 x 05
1.3141  5 08 x 10    1.2793  5 08 x 12    0.9079  5 08 x 04    0.8827  5 08 x 04
1.3179  5 08 x 08    1.2795  5 08 x 03    0.9103  0 07 x 05    0.8860  4 08 x 04
1.3180  5 08 x 12    1.2862  0 07 x 07    0.9152  4 08 x 04    0.8880  0 01 x 10
1.3183  0 04 x 12    1.2870  5 08 x 08    0.9220  5 08 x 03    0.8928  5 08 x 03
1.3188  5 08 x 03    1.2871  0 00 x 01    0.9273  0 01 x 12    0.9097  5 08 x 06
1.3188  4 08 x 04    1.2904  6 08 x 03    0.9360  5 08 x 05    0.9120  5 08 x 05
1.3196  0 27 x 03    1.2931  5 08 x 06    0.9397  5 08 x 06    0.9129  0 01 x 12
1.3247  6 08 x 03    1.2958  0 04 x 12    0.9439  6 08 x 02    0.9204  5 08 x 08
1.3288  0 07 x 06    1.2995  0 07 x 06    0.9441  0 06 x 12    0.9207  4 08 x 06
1.3302  0 01 x 10    1.2996  5 08 x 05    0.9457  5 08 x 08    0.9222  5 08 x 10
1.3336  0 06 x 12    1.3055  0 07 x 08    0.9466  0 06 x 10    0.9222  4 08 x 08
1.3342  0 07 x 08    1.3078  0 27 x 03    0.9474  5 08 x 10    0.9252  4 08 x 03
1.3372  5 08 x 07    1.3088  4 08 x 02    0.9532  5 08 x 12    0.9253  6 08 x 02
1.3397  5 08 x 05    1.3088  0 01 x 10    0.9539  0 27 x 03    0.9261  6 08 x 03
1.3408  5 08 x 06    1.3098  5 08 x 07    0.9551  4 08 x 10    0.9262  4 08 x 10
1.3437  0 06 x 10    1.3145  0 06 x 12    0.9551  5 08 x 07    0.9266  5 08 x 12
1.3507  6 08 x 04    1.3155  4 08 x 10    0.9565  4 08 x 06    0.9283  4 08 x 05
1.3574  6 08 x 08    1.3196  4 08 x 03    0.9587  0 07 x 07    0.9291  0 06 x 12
1.3587  4 08 x 10    1.3197  6 08 x 04    0.9593  0 07 x 06    0.9315  0 06 x 10
1.3612  4 08 x 02    1.3217  6 08 x 05    0.9607  4 08 x 05    0.9337  5 08 x 07
1.3633  6 08 x 06    1.3224  0 06 x 10    0.9609  4 08 x 03    0.9358  0 07 x 06
1.3636  6 08 x 10    1.3257  6 08 x 08    0.9616  4 08 x 08    0.9366  0 07 x 07
1.3652  0 28 x 03    1.3268  6 08 x 06    0.9625  6 08 x 03    0.9368  4 08 x 12
1.3684  4 08 x 03    1.3327  6 08 x 10    0.9717  4 08 x 07    0.9461  4 08 x 07
1.3713  0 01 x 12    1.3397  4 08 x 08    0.9726  0 07 x 08    0.9472  0 07 x 08
1.3717  6 08 x 05    1.3465  6 08 x 12    0.9730  4 08 x 12    0.9498  0 27 x 03
1.3786  6 08 x 12    1.3496  0 01 x 12    0.9937  6 08 x 05    0.9681  6 08 x 05
1.3848  4 08 x 08    1.3512  4 08 x 12    0.9945  6 08 x 04    0.9705  6 08 x 04
1.3954  6 08 x 07    1.3512  4 08 x 06    1.0009  6 08 x 06    0.9776  6 08 x 06
1.4040  4 08 x 06    1.3555  4 08 x 05    1.0089  5 08 x 01    0.9869  4 08 x 01
1.4083  4 08 x 12    1.3556  0 28 x 03    1.0113  4 08 x 01    0.9893  3 08 x 02
1.4143  4 08 x 05    1.3780  6 08 x 07    1.0135  6 08 x 08    0.9908  6 08 x 08
1.4161  4 08 x 07    1.3890  4 08 x 07    1.0232  6 08 x 07    0.9951  5 08 x 01
1.4205  5 08 x 01    1.3908  5 08 x 01    1.0236  6 08 x 10    0.9960  0 02 x 12
1.4279  0 07 x 10    1.4036  0 07 x 10    1.0307  3 08 x 02    0.9976  3 08 x 08
1.4482  4 08 x 01    1.4066  4 08 x 01    1.0323  0 02 x 12    1.0003  6 08 x 10
1.4763  7 08 x 02    1.4456  7 08 x 02    1.0391  6 08 x 12    1.0026  6 08 x 07
1.5008  0 07 x 12    1.4573  0 02 x 12    1.0430  3 08 x 08    1.0089  3 08 x 10
1.5108  0 02 x 12    1.4672  3 08 x 01    1.0457  0 07 x 10    1.0112  3 08 x 03
1.5143  7 08 x 03    1.4673  3 08 x 04    1.0470  3 08 x 03    1.0113  0 03 x 12
1.5254  3 08 x 01    1.4730  7 08 x 03    1.0556  3 08 x 10    1.0172  6 08 x 12
1.5338  3 08 x 04    1.4752  3 08 x 08    1.0559  3 08 x 01    1.0200  3 08 x 12
1.5376  3 08 x 08    1.4760  0 07 x 12    1.0714  3 08 x 12    1.0223  3 08 x 01
1.5465  6 08 x 01    1.4807  3 08 x 10    1.0762  3 08 x 07    1.0248  3 08 x 07
1.5474  3 08 x 02    1.4817  3 08 x 02    1.0842  3 08 x 04    1.0276  0 07 x 10
1.5528  3 08 x 10    1.5017  0 03 x 12    1.0905  3 08 x 06    1.0365  3 08 x 06
1.5698  7 08 x 04    1.5213  3 08 x 12    1.0995  0 07 x 12    1.0390  3 08 x 04
1.5741  7 08 x 05    1.5241  6 08 x 01    1.1032  6 08 x 01    1.0398  0 03 x 10
1.5895  3 08 x 03    1.5306  3 08 x 03    1.1104  0 03 x 12    1.0765  3 08 x 05
1.5952  3 08 x 12    1.5310  3 08 x 06    1.1241  3 08 x 05    1.0788  0 07 x 12
1.6019  3 08 x 06    1.5371  0 03 x 10    1.1263  0 02 x 02    1.0889  6 08 x 01
1.6062  3 08 x 07    1.5417  3 08 x 07    1.1308  0 02 x 10    1.0901  0 03 x 08
1.6265  0 02 x 10    1.5438  7 08 x 04    1.1370  0 02 x 04    1.0946  0 03 x 06
1.6369  3 08 x 05    1.5531  7 08 x 05    1.1396  0 02 x 05    1.0953  0 02 x 06
1.6514  0 03 x 12    1.5750  0 02 x 10    1.1409  0 03 x 10    1.0966  0 02 x 10
1.6540  0 02 x 08    1.5784  3 08 x 05    1.1435  0 02 x 08    1.0970  0 02 x 02
1.6756  0 02 x 07    1.6025  0 02 x 08    1.1467  0 02 x 06    1.0993  0 03 x 05
1.6762  0 02 x 02    1.6084  0 03 x 08    1.1497  7 08 x 02    1.1024  0 02 x 05
1.6771  0 02 x 04    1.6114  0 02 x 06    1.1510  0 02 x 03    1.1037  0 03 x 04
1.6807  0 02 x 06    1.6163  0 02 x 07    1.1526  0 02 x 07    1.1061  0 03 x 02
1.6889  0 02 x 05    1.6208  0 03 x 06    1.1601  7 08 x 03    1.1063  0 02 x 08
1.6896  0 03 x 10    1.6284  0 03 x 05    1.1768  0 03 x 04    1.1069  0 02 x 04
1.7043  0 02 x 03    1.6321  0 02 x 05    1.1787  0 03 x 02    1.1093  0 02 x 07
1.7438  0 03 x 04    1.6321  0 02 x 02    1.1882  0 03 x 03    1.1138  0 03 x 07
1.7519  0 03 x 02    1.6323  0 02 x 04    1.1931  0 03 x 08    1.1158  0 03 x 03
1.7614  0 03 x 08    1.6339  0 03 x 07    1.1932  0 03 x 05    1.1214  0 02 x 03
1.7683  0 03 x 03    1.6342  0 03 x 04    1.1947  0 03 x 01    1.1228  0 03 x 01
1.7688  0 03 x 05    1.6433  0 03 x 02    1.1970  2 08 x 02    1.1315  7 08 x 03
1.7813  7 08 x 01    1.6595  0 02 x 03    1.2081  0 03 x 06    1.1347  2 08 x 02
1.7820  2 08 x 01    1.6597  0 03 x 03    1.2123  2 08 x 01    1.1352  7 08 x 02
1.7874  0 03 x 06    1.6841  0 03 x 01    1.2156  7 08 x 04    1.1700  2 08 x 01
1.7929  0 03 x 01    1.7034  2 08 x 02    1.2198  0 03 x 07    1.1830  2 08 x 03
1.7932  2 08 x 02    1.7136  2 08 x 01    1.2209  7 08 x 05    1.1899  0 02 x 01
1.7943  0 03 x 07    1.7582  7 08 x 01    1.2269  0 02 x 01    1.1959  7 08 x 04
1.8139  0 02 x 01    1.7609  2 08 x 03    1.2448  2 08 x 03    1.2075  7 08 x 05
1.8459  2 08 x 03    1.7615  0 02 x 01    1.2590  2 08 x 04    1.2108  2 08 x 04
1.9350  2 08 x 04    1.8688  2 08 x 04    1.3600  7 08 x 01    1.3472  7 08 x 01
2.1905  2 08 x 05    2.1411  2 08 x 05    1.4557  2 08 x 05    1.4208  2 08 x 05
2.6129  1 08 x 04    2.4180  1 08 x 04    1.7627  1 08 x 04    1.6161  1 08 x 02
2.6879  1 08 x 02    2.4211  1 08 x 02    1.8019  1 08 x 02    1.6272  1 08 x 04
2.7778  1 08 x 03    2.5112  1 08 x 03    1.8302  1 08 x 01    1.6805  1 08 x 03
2.7813  1 08 x 01    2.5669  1 08 x 05    1.8642  1 08 x 03    1.6983  1 08 x 01
2.9364  1 08 x 05    2.6049  1 08 x 01    1.9425  1 08 x 05    1.7152  1 08 x 05
---Benchmark Program Finished---
