
./testbench.sh g++ O3 MontgomeryHalf __uint128_t 191 8 40 -DTEST_ARRAY -DHURCHALLA_MONTGOMERY_TWO_POW_USE_CSELECT_ON_BIT -DHURCHALLA_ALLOW_INLINE_ASM_ALL

compilation finished, now executing:
---Running Program---

begin benchmarks - array two_pow
(ignore)304583630284728281743452880583364600384

OVERALL BEST:
1.7899  0 32 x 10
1.7899  0 31 x 08
1.7902  0 32 x 08
1.7903  0 31 x 10
1.8072  0 29 x 08
1.8093  0 31 x 12
1.8105  0 32 x 12
1.8106  0 29 x 06
1.8169  0 31 x 06
1.8173  0 32 x 06
1.8200  0 32 x 07
1.8203  0 31 x 07
1.8207  0 31 x 04
1.8212  0 32 x 04
1.8286  0 32 x 05
1.8286  0 31 x 05
1.8322  0 31 x 03
1.8333  0 32 x 03
1.8334  0 29 x 05
1.8367  0 29 x 07
1.8378  0 30 x 03
1.8421  0 30 x 04
1.8511  0 28 x 03
1.8569  0 29 x 03
1.8650  0 29 x 04
1.8733  0 29 x 10
1.8776  0 29 x 12
1.8817  0 28 x 04
1.8908  0 27 x 03
1.9066  0 27 x 04
1.9444  0 30 x 08
1.9482  0 28 x 10
1.9551  0 04 x 08
1.9635  0 05 x 08
1.9694  0 28 x 08
1.9747  0 27 x 12
1.9753  0 28 x 12
1.9897  0 01 x 08
1.9937  0 28 x 06
1.9975  0 01 x 03
1.9979  0 04 x 05
1.9987  0 27 x 10
1.9999  0 27 x 05
2.0023  0 05 x 06
2.0024  0 27 x 08
2.0029  0 30 x 07
2.0050  0 27 x 06
2.0067  0 05 x 03
2.0129  0 05 x 04
2.0155  0 01 x 06
2.0215  0 27 x 07
2.0226  0 04 x 03
2.0270  0 01 x 07
2.0312  0 01 x 10
2.0334  0 04 x 04
2.0342  0 01 x 05
2.0365  0 05 x 05
2.0374  0 01 x 12
2.0382  0 01 x 04
2.0398  0 30 x 10
2.0416  0 00 x 03
2.0425  0 28 x 07
2.0449  0 05 x 12
2.0457  0 04 x 12
2.0475  0 30 x 02
2.0483  0 06 x 04
2.0487  0 06 x 03
2.0515  0 05 x 10
2.0538  0 30 x 06
2.0557  0 30 x 05
2.0603  0 06 x 08
2.0611  0 30 x 12
2.0637  0 31 x 02
2.0643  0 32 x 02
2.0671  0 04 x 06
2.0680  0 00 x 06
2.0695  0 28 x 05
2.0698  0 06 x 06
2.0727  0 00 x 05
2.0760  0 06 x 10
2.0783  0 05 x 07
2.0816  0 06 x 05
2.0884  0 04 x 10
2.0887  0 04 x 07
2.0894  0 29 x 02
2.0992  0 00 x 08
2.1034  0 27 x 02
2.1093  0 00 x 04
2.1103  0 00 x 07
2.1213  0 28 x 02
2.1233  0 00 x 12
2.1241  0 06 x 12
2.1242  0 00 x 10
2.1386  5 08 x 03
2.1572  0 00 x 02
2.1590  0 05 x 02
2.1813  0 04 x 02
2.1821  0 06 x 07
2.1892  0 06 x 02
2.1946  6 08 x 03
2.1999  0 01 x 02
2.2003  0 07 x 03
2.2139  4 08 x 03
2.2217  0 07 x 06
2.2586  0 07 x 02
2.2594  0 07 x 05
2.2602  0 07 x 08
2.2680  0 07 x 04
2.2699  0 07 x 07
2.2925  0 07 x 10
2.3254  0 07 x 12
2.3338  5 08 x 02
2.4188  6 08 x 02
2.4252  7 08 x 03
2.4396  0 03 x 10
2.4449  6 08 x 06
2.4572  4 08 x 06
2.4642  4 08 x 02
2.4727  5 08 x 06
2.4829  0 03 x 03
2.5166  0 03 x 02
2.5288  0 03 x 12
2.5378  0 03 x 08
2.5380  4 08 x 08
2.5441  0 03 x 07
2.5477  5 08 x 05
2.5539  3 08 x 02
2.5551  7 08 x 02
2.5613  6 08 x 05
2.5987  5 08 x 08
2.6107  4 08 x 10
2.6241  5 08 x 07
2.6399  5 08 x 10
2.6466  6 08 x 04
2.6527  4 08 x 12
2.6547  0 03 x 06
2.6556  4 08 x 07
2.6940  7 08 x 05
2.7044  3 08 x 03
2.7105  3 08 x 08
2.7174  5 08 x 12
2.7252  5 08 x 04
2.7274  6 08 x 07
2.7692  4 08 x 05
2.7705  7 08 x 04
2.8000  3 08 x 12
2.8005  3 08 x 06
2.8168  0 01 x 01
2.8185  6 08 x 08
2.8258  3 08 x 10
2.8378  0 03 x 05
2.8500  0 29 x 01
2.8573  0 30 x 01
2.8608  0 03 x 04
2.8677  4 08 x 04
2.8714  3 08 x 07
2.8890  0 06 x 01
2.8981  0 05 x 01
2.9056  0 04 x 01
2.9198  0 28 x 01
2.9425  0 32 x 01
2.9449  0 31 x 01
2.9483  2 08 x 02
2.9615  6 08 x 10
2.9864  0 00 x 01
2.9950  0 07 x 01
3.0544  0 27 x 01
3.1023  6 08 x 12
3.1509  5 08 x 01
3.1901  3 08 x 04
3.1909  0 03 x 01
3.2025  4 08 x 01
3.2166  3 08 x 05
3.2447  2 08 x 03
3.2785  6 08 x 01
3.3653  2 08 x 04
3.3698  3 08 x 01
3.5753  7 08 x 01
3.5884  2 08 x 05
3.6819  0 02 x 01
3.7472  0 02 x 03
3.8016  0 02 x 12
3.8181  2 08 x 01
3.8233  0 02 x 10
3.8427  0 02 x 02
3.8966  0 02 x 08
3.9585  0 02 x 07
3.9751  0 02 x 05
3.9942  0 02 x 06
4.0222  0 02 x 04
4.1682  1 08 x 02
4.1898  1 08 x 03
4.3691  1 08 x 04
4.5278  1 08 x 05
5.1636  1 08 x 01
Timings By Test Type:
0.5306  0 32 x 10    0.5301  0 32 x 10    0.3638  0 31 x 08    0.3638  0 31 x 08
0.5310  0 31 x 10    0.5303  0 31 x 10    0.3639  0 32 x 08    0.3639  0 32 x 08
0.5312  0 31 x 08    0.5312  0 31 x 08    0.3645  0 31 x 10    0.3645  0 31 x 10
0.5312  0 32 x 08    0.5312  0 32 x 08    0.3645  0 32 x 10    0.3646  0 32 x 10
0.5361  0 29 x 08    0.5359  0 29 x 08    0.3676  0 29 x 06    0.3672  0 29 x 08
0.5364  0 32 x 12    0.5364  0 31 x 12    0.3680  0 29 x 08    0.3676  0 29 x 06
0.5365  0 31 x 12    0.5366  0 32 x 12    0.3681  0 31 x 12    0.3683  0 31 x 12
0.5377  0 29 x 06    0.5377  0 29 x 06    0.3687  0 32 x 12    0.3687  0 32 x 12
0.5396  0 31 x 06    0.5394  0 31 x 06    0.3689  0 31 x 06    0.3690  0 31 x 06
0.5397  0 32 x 06    0.5396  0 32 x 06    0.3689  0 32 x 06    0.3691  0 32 x 06
0.5400  0 32 x 07    0.5398  0 32 x 07    0.3692  0 31 x 04    0.3694  0 31 x 04
0.5400  0 31 x 07    0.5399  0 31 x 07    0.3693  0 32 x 04    0.3694  0 32 x 04
0.5410  0 31 x 04    0.5411  0 31 x 04    0.3701  0 32 x 07    0.3702  0 32 x 07
0.5413  0 32 x 04    0.5412  0 32 x 04    0.3701  0 31 x 07    0.3702  0 31 x 07
0.5429  0 32 x 05    0.5430  0 31 x 05    0.3713  0 31 x 03    0.3712  0 32 x 05
0.5429  0 31 x 05    0.5430  0 32 x 05    0.3714  0 32 x 05    0.3713  0 31 x 05
0.5445  0 29 x 05    0.5440  0 29 x 05    0.3714  0 31 x 05    0.3715  0 31 x 03
0.5447  0 31 x 03    0.5446  0 31 x 03    0.3715  0 32 x 03    0.3719  0 32 x 03
0.5448  0 32 x 03    0.5451  0 32 x 03    0.3723  0 29 x 05    0.3726  0 29 x 07
0.5456  0 29 x 07    0.5459  0 29 x 07    0.3726  0 29 x 07    0.3726  0 29 x 05
0.5459  0 30 x 03    0.5460  0 30 x 03    0.3728  0 30 x 03    0.3731  0 30 x 03
0.5462  0 30 x 04    0.5462  0 30 x 04    0.3744  0 28 x 03    0.3745  0 28 x 03
0.5510  0 28 x 03    0.5511  0 28 x 03    0.3748  0 30 x 04    0.3749  0 30 x 04
0.5524  0 29 x 03    0.5525  0 29 x 03    0.3759  0 29 x 03    0.3760  0 29 x 03
0.5543  0 29 x 04    0.5542  0 29 x 04    0.3782  0 29 x 04    0.3784  0 29 x 04
0.5566  0 29 x 10    0.5566  0 29 x 10    0.3800  0 29 x 10    0.3800  0 29 x 10
0.5574  0 29 x 12    0.5574  0 29 x 12    0.3814  0 29 x 12    0.3814  0 29 x 12
0.5588  0 28 x 04    0.5587  0 28 x 04    0.3822  0 28 x 04    0.3820  0 28 x 04
0.5623  0 27 x 03    0.5625  0 27 x 03    0.3828  0 27 x 03    0.3831  0 27 x 03
0.5671  0 27 x 04    0.5671  0 27 x 04    0.3862  0 27 x 04    0.3862  0 27 x 04
0.5756  0 28 x 10    0.5774  0 28 x 10    0.3927  0 30 x 08    0.3937  0 04 x 08
0.5781  0 30 x 08    0.5789  0 30 x 08    0.3940  0 04 x 08    0.3947  0 30 x 08
0.5831  0 04 x 08    0.5829  0 05 x 08    0.3973  0 28 x 10    0.3980  0 05 x 08
0.5838  0 28 x 08    0.5841  0 28 x 08    0.3977  0 05 x 08    0.3980  0 28 x 10
0.5849  0 05 x 08    0.5842  0 04 x 08    0.4006  0 27 x 12    0.4003  0 28 x 08
0.5855  0 28 x 12    0.5864  0 28 x 12    0.4010  0 28 x 06    0.4007  0 27 x 12
0.5868  0 27 x 12    0.5866  0 27 x 12    0.4012  0 28 x 08    0.4012  0 28 x 06
0.5929  0 27 x 05    0.5927  0 27 x 05    0.4017  0 28 x 12    0.4017  0 28 x 12
0.5930  0 01 x 08    0.5931  0 01 x 08    0.4018  0 01 x 08    0.4018  0 01 x 08
0.5944  0 27 x 08    0.5942  0 27 x 08    0.4026  0 01 x 03    0.4027  0 01 x 03
0.5951  0 27 x 10    0.5951  0 04 x 05    0.4033  0 04 x 05    0.4033  0 30 x 07
0.5955  0 28 x 06    0.5954  0 27 x 10    0.4040  0 27 x 10    0.4033  0 04 x 05
0.5957  0 05 x 06    0.5957  0 27 x 06    0.4043  0 30 x 07    0.4042  0 27 x 10
0.5959  0 27 x 06    0.5959  0 05 x 06    0.4054  0 05 x 06    0.4054  0 05 x 06
0.5962  0 01 x 03    0.5959  0 28 x 06    0.4061  0 05 x 03    0.4061  0 05 x 03
0.5963  0 04 x 05    0.5960  0 01 x 03    0.4066  0 27 x 06    0.4069  0 27 x 06
0.5972  0 05 x 03    0.5969  0 30 x 07    0.4068  0 27 x 08    0.4070  0 27 x 08
0.5981  0 27 x 07    0.5973  0 05 x 03    0.4072  0 27 x 05    0.4072  0 27 x 05
0.5984  0 30 x 07    0.5982  0 27 x 07    0.4074  0 01 x 06    0.4074  0 01 x 06
0.5990  0 05 x 04    0.5991  0 05 x 04    0.4074  0 05 x 04    0.4074  0 05 x 04
0.6004  0 01 x 06    0.6004  0 01 x 06    0.4077  0 04 x 03    0.4078  0 04 x 03
0.6033  0 01 x 07    0.6035  0 01 x 07    0.4098  0 01 x 10    0.4099  0 01 x 10
0.6036  0 04 x 03    0.6035  0 04 x 03    0.4101  0 04 x 04    0.4102  0 01 x 07
0.6055  0 06 x 04    0.6055  0 06 x 04    0.4101  0 01 x 07    0.4103  0 01 x 05
0.6057  0 01 x 10    0.6057  0 01 x 10    0.4102  0 01 x 05    0.4104  0 04 x 04
0.6058  0 06 x 08    0.6057  0 06 x 08    0.4112  0 01 x 12    0.4113  0 01 x 12
0.6060  0 30 x 10    0.6058  0 28 x 07    0.4113  0 05 x 05    0.4113  0 05 x 05
0.6062  0 06 x 03    0.6062  0 06 x 03    0.4115  0 01 x 04    0.4115  0 01 x 04
0.6063  0 28 x 07    0.6064  0 04 x 04    0.4126  0 27 x 07    0.4126  0 27 x 07
0.6065  0 04 x 04    0.6065  0 30 x 10    0.4127  0 00 x 03    0.4127  0 00 x 03
0.6068  0 01 x 05    0.6069  0 05 x 05    0.4132  0 05 x 12    0.4130  0 30 x 10
0.6070  0 05 x 05    0.6069  0 01 x 05    0.4135  0 04 x 12    0.4134  0 04 x 12
0.6075  0 01 x 12    0.6074  0 01 x 12    0.4143  0 30 x 10    0.4137  0 05 x 12
0.6076  0 01 x 04    0.6077  0 01 x 04    0.4148  0 30 x 02    0.4150  0 30 x 02
0.6082  0 00 x 03    0.6081  0 00 x 03    0.4150  0 28 x 07    0.4154  0 28 x 07
0.6089  0 30 x 02    0.6088  0 30 x 02    0.4158  0 30 x 06    0.4154  0 30 x 12
0.6091  0 05 x 10    0.6089  0 05 x 12    0.4159  0 30 x 12    0.4160  0 30 x 06
0.6092  0 05 x 12    0.6090  0 05 x 10    0.4167  0 05 x 10    0.4167  0 05 x 10
0.6092  0 06 x 06    0.6093  0 06 x 06    0.4168  0 31 x 02    0.4168  0 31 x 02
0.6094  0 04 x 12    0.6095  0 04 x 12    0.4172  0 28 x 05    0.4172  0 30 x 05
0.6107  0 30 x 05    0.6099  0 30 x 06    0.4172  0 32 x 02    0.4172  0 32 x 02
0.6121  0 30 x 06    0.6106  0 30 x 05    0.4173  0 30 x 05    0.4174  0 04 x 06
0.6128  0 06 x 10    0.6126  0 06 x 10    0.4176  0 04 x 06    0.4177  0 28 x 05
0.6148  0 30 x 12    0.6150  0 32 x 02    0.4180  0 06 x 03    0.4183  0 06 x 03
0.6149  0 32 x 02    0.6150  0 30 x 12    0.4184  0 00 x 06    0.4187  0 06 x 04
0.6150  0 31 x 02    0.6151  0 31 x 02    0.4187  0 06 x 04    0.4189  0 00 x 06
0.6151  0 06 x 05    0.6151  0 06 x 05    0.4193  0 00 x 05    0.4193  0 00 x 05
0.6152  0 00 x 06    0.6154  0 00 x 06    0.4208  0 05 x 07    0.4208  0 05 x 07
0.6160  0 04 x 06    0.6161  0 04 x 06    0.4216  0 04 x 10    0.4216  0 04 x 10
0.6170  0 00 x 05    0.6164  0 28 x 05    0.4217  0 04 x 07    0.4218  0 04 x 07
0.6183  0 28 x 05    0.6171  0 00 x 05    0.4219  0 29 x 02    0.4220  0 29 x 02
0.6183  0 05 x 07    0.6184  0 05 x 07    0.4226  0 27 x 02    0.4227  0 27 x 02
0.6225  0 04 x 07    0.6225  0 04 x 10    0.4243  0 06 x 08    0.4241  0 00 x 08
0.6227  0 04 x 10    0.6226  0 04 x 07    0.4244  0 00 x 08    0.4244  0 06 x 08
0.6227  0 29 x 02    0.6228  0 29 x 02    0.4252  0 06 x 10    0.4254  0 06 x 10
0.6249  0 06 x 12    0.6249  0 06 x 12    0.4255  0 06 x 06    0.4257  0 06 x 06
0.6249  0 00 x 08    0.6257  0 00 x 08    0.4256  0 06 x 05    0.4257  0 06 x 05
0.6266  5 08 x 03    0.6267  5 08 x 03    0.4270  0 00 x 07    0.4260  0 00 x 04
0.6276  0 00 x 04    0.6275  0 00 x 04    0.4282  0 00 x 04    0.4270  0 00 x 07
0.6281  0 00 x 07    0.6282  0 00 x 07    0.4288  0 28 x 02    0.4290  0 28 x 02
0.6291  0 27 x 02    0.6291  0 27 x 02    0.4297  0 00 x 12    0.4296  0 00 x 12
0.6317  0 28 x 02    0.6318  0 28 x 02    0.4297  0 00 x 10    0.4296  0 00 x 10
0.6320  0 00 x 12    0.6321  0 00 x 12    0.4354  0 00 x 02    0.4356  0 00 x 02
0.6323  0 00 x 10    0.6326  0 00 x 10    0.4361  0 05 x 02    0.4361  0 05 x 02
0.6420  6 08 x 03    0.6422  6 08 x 03    0.4372  0 06 x 12    0.4372  0 06 x 12
0.6426  0 06 x 07    0.6425  0 00 x 02    0.4394  0 04 x 02    0.4393  0 04 x 02
0.6428  0 05 x 02    0.6425  0 06 x 07    0.4426  5 08 x 03    0.4427  0 01 x 02
0.6433  0 07 x 03    0.6434  0 07 x 03    0.4427  0 01 x 02    0.4427  5 08 x 03
0.6437  0 00 x 02    0.6440  0 05 x 02    0.4455  0 06 x 02    0.4455  0 06 x 02
0.6478  0 07 x 06    0.6480  0 07 x 06    0.4485  0 06 x 07    0.4485  0 06 x 07
0.6490  0 06 x 02    0.6491  0 06 x 02    0.4552  6 08 x 03    0.4553  6 08 x 03
0.6512  4 08 x 03    0.6512  4 08 x 03    0.4557  4 08 x 03    0.4557  4 08 x 03
0.6514  0 04 x 02    0.6513  0 04 x 02    0.4568  0 07 x 03    0.4568  0 07 x 03
0.6551  0 07 x 08    0.6553  0 07 x 08    0.4630  0 07 x 06    0.4629  0 07 x 06
0.6572  0 01 x 02    0.6573  0 01 x 02    0.4677  0 07 x 02    0.4678  0 07 x 02
0.6600  0 07 x 05    0.6601  0 07 x 05    0.4697  0 07 x 05    0.4696  0 07 x 05
0.6609  0 07 x 04    0.6610  0 07 x 04    0.4731  0 07 x 04    0.4731  0 07 x 04
0.6616  0 07 x 02    0.6616  0 07 x 02    0.4733  0 07 x 07    0.4732  0 07 x 07
0.6616  0 07 x 07    0.6618  0 07 x 07    0.4750  0 07 x 08    0.4749  0 07 x 08
0.6663  0 07 x 10    0.6665  0 07 x 10    0.4774  5 08 x 02    0.4776  5 08 x 02
0.6753  0 07 x 12    0.6754  0 07 x 12    0.4798  0 07 x 10    0.4798  0 07 x 10
0.6892  5 08 x 02    0.6896  5 08 x 02    0.4874  0 07 x 12    0.4874  0 07 x 12
0.6977  7 08 x 03    0.6977  7 08 x 03    0.4921  0 03 x 10    0.4924  0 03 x 10
0.7110  6 08 x 02    0.7110  6 08 x 02    0.4984  6 08 x 02    0.4984  6 08 x 02
0.7124  6 08 x 06    0.7124  6 08 x 06    0.5014  0 03 x 03    0.5016  0 03 x 03
0.7171  4 08 x 02    0.7172  4 08 x 02    0.5029  4 08 x 06    0.5028  4 08 x 06
0.7259  4 08 x 06    0.7256  4 08 x 06    0.5063  0 03 x 02    0.5065  0 03 x 02
0.7277  0 03 x 10    0.7274  0 03 x 10    0.5067  0 03 x 12    0.5068  0 03 x 12
0.7281  5 08 x 06    0.7274  5 08 x 06    0.5083  5 08 x 05    0.5087  5 08 x 06
0.7398  0 03 x 03    0.7401  0 03 x 03    0.5085  5 08 x 06    0.5088  5 08 x 05
0.7413  7 08 x 02    0.7412  3 08 x 02    0.5087  0 03 x 08    0.5092  0 03 x 08
0.7413  3 08 x 02    0.7413  7 08 x 02    0.5100  6 08 x 06    0.5102  6 08 x 06
0.7458  4 08 x 08    0.7455  4 08 x 08    0.5112  0 03 x 07    0.5113  0 03 x 07
0.7519  0 03 x 02    0.7511  6 08 x 05    0.5148  7 08 x 03    0.5149  7 08 x 03
0.7530  5 08 x 08    0.7519  0 03 x 02    0.5149  4 08 x 02    0.5150  4 08 x 02
0.7531  6 08 x 05    0.7538  5 08 x 08    0.5232  4 08 x 08    0.5235  4 08 x 08
0.7545  5 08 x 07    0.7548  5 08 x 07    0.5284  6 08 x 05    0.5287  6 08 x 05
0.7572  0 03 x 12    0.7581  0 03 x 12    0.5350  0 03 x 06    0.5351  0 03 x 06
0.7593  0 03 x 08    0.7606  0 03 x 08    0.5357  3 08 x 02    0.5357  3 08 x 02
0.7607  0 03 x 07    0.7608  0 03 x 07    0.5363  7 08 x 02    0.5363  7 08 x 02
0.7647  5 08 x 05    0.7647  5 08 x 10    0.5394  4 08 x 10    0.5396  4 08 x 10
0.7648  5 08 x 10    0.7658  5 08 x 05    0.5423  3 08 x 03    0.5424  3 08 x 03
0.7658  4 08 x 10    0.7659  4 08 x 10    0.5456  5 08 x 08    0.5464  5 08 x 08
0.7683  4 08 x 07    0.7684  4 08 x 07    0.5502  4 08 x 05    0.5502  4 08 x 05
0.7709  6 08 x 04    0.7706  6 08 x 04    0.5523  4 08 x 12    0.5521  4 08 x 12
0.7739  4 08 x 12    0.7743  4 08 x 12    0.5529  6 08 x 04    0.5523  6 08 x 04
0.7799  6 08 x 07    0.7790  6 08 x 07    0.5553  5 08 x 10    0.5551  5 08 x 10
0.7817  7 08 x 05    0.7814  7 08 x 05    0.5561  3 08 x 08    0.5555  3 08 x 08
0.7841  5 08 x 12    0.7843  5 08 x 12    0.5562  5 08 x 04    0.5565  5 08 x 04
0.7923  0 03 x 06    0.7923  0 03 x 06    0.5575  5 08 x 07    0.5574  5 08 x 07
0.7988  3 08 x 08    0.8000  7 08 x 04    0.5590  4 08 x 07    0.5599  4 08 x 07
0.8000  7 08 x 04    0.8001  3 08 x 08    0.5646  0 01 x 01    0.5647  0 01 x 01
0.8046  6 08 x 08    0.8051  6 08 x 08    0.5654  7 08 x 05    0.5655  7 08 x 05
0.8060  5 08 x 04    0.8065  5 08 x 04    0.5710  0 03 x 05    0.5711  0 03 x 05
0.8098  3 08 x 03    0.8099  3 08 x 03    0.5712  0 29 x 01    0.5714  0 29 x 01
0.8239  3 08 x 12    0.8244  3 08 x 12    0.5724  3 08 x 06    0.5717  3 08 x 06
0.8258  3 08 x 06    0.8298  3 08 x 10    0.5724  0 30 x 01    0.5725  0 30 x 01
0.8300  3 08 x 10    0.8305  3 08 x 06    0.5745  5 08 x 12    0.5745  5 08 x 12
0.8348  4 08 x 05    0.8340  4 08 x 05    0.5755  3 08 x 12    0.5759  0 03 x 04
0.8354  3 08 x 07    0.8359  3 08 x 07    0.5758  0 03 x 04    0.5762  3 08 x 12
0.8404  6 08 x 10    0.8404  6 08 x 10    0.5799  4 08 x 04    0.5802  4 08 x 04
0.8437  0 01 x 01    0.8438  0 01 x 01    0.5821  0 04 x 01    0.5823  0 04 x 01
0.8478  0 03 x 05    0.8479  0 03 x 05    0.5821  0 05 x 01    0.5823  0 05 x 01
0.8532  4 08 x 04    0.8537  0 29 x 01    0.5825  0 06 x 01    0.5826  0 06 x 01
0.8536  0 29 x 01    0.8543  4 08 x 04    0.5829  3 08 x 10    0.5831  3 08 x 10
0.8545  0 03 x 04    0.8545  0 03 x 04    0.5840  6 08 x 07    0.5845  6 08 x 07
0.8562  0 30 x 01    0.8563  0 30 x 01    0.5850  7 08 x 04    0.5855  0 28 x 01
0.8619  0 06 x 01    0.8620  0 06 x 01    0.5853  0 28 x 01    0.5855  7 08 x 04
0.8668  0 05 x 01    0.8669  0 05 x 01    0.5899  0 32 x 01    0.5900  0 32 x 01
0.8706  0 04 x 01    0.8707  0 04 x 01    0.5903  0 31 x 01    0.5905  0 31 x 01
0.8745  0 28 x 01    0.8746  0 28 x 01    0.5944  2 08 x 02    0.5947  2 08 x 02
0.8760  6 08 x 12    0.8760  6 08 x 12    0.5988  0 00 x 01    0.5989  0 00 x 01
0.8795  2 08 x 02    0.8797  2 08 x 02    0.6005  3 08 x 07    0.5997  3 08 x 07
0.8813  0 32 x 01    0.8814  0 32 x 01    0.6050  6 08 x 08    0.6038  6 08 x 08
0.8820  0 31 x 01    0.8821  0 31 x 01    0.6103  0 07 x 01    0.6105  0 07 x 01
0.8870  0 07 x 01    0.8872  0 07 x 01    0.6135  0 27 x 01    0.6136  0 27 x 01
0.8943  0 00 x 01    0.8944  0 00 x 01    0.6395  5 08 x 01    0.6396  5 08 x 01
0.9136  0 27 x 01    0.9137  0 27 x 01    0.6396  0 03 x 01    0.6398  0 03 x 01
0.9359  5 08 x 01    0.9359  5 08 x 01    0.6404  6 08 x 10    0.6403  6 08 x 10
0.9500  3 08 x 04    0.9496  3 08 x 04    0.6423  3 08 x 05    0.6434  3 08 x 05
0.9557  0 03 x 01    0.9559  0 03 x 01    0.6449  4 08 x 01    0.6451  4 08 x 01
0.9562  4 08 x 01    0.9563  4 08 x 01    0.6452  3 08 x 04    0.6453  3 08 x 04
0.9587  2 08 x 03    0.9588  2 08 x 03    0.6636  2 08 x 03    0.6637  2 08 x 03
0.9645  3 08 x 05    0.9654  6 08 x 01    0.6738  6 08 x 01    0.6740  6 08 x 01
0.9653  6 08 x 01    0.9665  3 08 x 05    0.6751  3 08 x 01    0.6751  6 08 x 12
1.0060  2 08 x 04    1.0052  2 08 x 04    0.6751  6 08 x 12    0.6753  3 08 x 01
1.0096  3 08 x 01    1.0098  3 08 x 01    0.6769  2 08 x 04    0.6772  2 08 x 04
1.0365  7 08 x 01    1.0367  7 08 x 01    0.7381  0 02 x 01    0.7366  2 08 x 05
1.0591  2 08 x 05    1.0539  2 08 x 05    0.7388  2 08 x 05    0.7384  0 02 x 01
1.1026  0 02 x 01    1.1027  0 02 x 01    0.7509  7 08 x 01    0.7511  7 08 x 01
1.1178  0 02 x 03    1.1180  0 02 x 03    0.7555  0 02 x 03    0.7558  0 02 x 03
1.1317  0 02 x 12    1.1321  0 02 x 12    0.7644  2 08 x 01    0.7646  2 08 x 01
1.1392  0 02 x 10    1.1389  0 02 x 10    0.7690  0 02 x 12    0.7688  0 02 x 12
1.1444  2 08 x 01    1.1447  2 08 x 01    0.7719  0 02 x 02    0.7720  0 02 x 02
1.1492  0 02 x 02    1.1495  0 02 x 02    0.7724  0 02 x 10    0.7727  0 02 x 10
1.1645  0 02 x 08    1.1641  0 02 x 08    0.7840  0 02 x 08    0.7839  0 02 x 08
1.1847  0 02 x 07    1.1846  0 02 x 07    0.7945  0 02 x 07    0.7947  0 02 x 07
1.1890  0 02 x 05    1.1896  0 02 x 05    0.7981  0 02 x 05    0.7983  0 02 x 05
1.1965  0 02 x 06    1.1965  0 02 x 06    0.8005  0 02 x 06    0.8007  0 02 x 06
1.2042  0 02 x 04    1.2056  0 02 x 04    0.8058  0 02 x 04    0.8066  0 02 x 04
1.2473  1 08 x 02    1.2464  1 08 x 02    0.8373  1 08 x 02    0.8372  1 08 x 02
1.2498  1 08 x 03    1.2499  1 08 x 03    0.8449  1 08 x 03    0.8452  1 08 x 03
1.3044  1 08 x 04    1.3045  1 08 x 04    0.8815  1 08 x 04    0.8787  1 08 x 04
1.3534  1 08 x 05    1.3536  1 08 x 05    0.9103  1 08 x 05    0.9105  1 08 x 05
1.5494  1 08 x 01    1.5497  1 08 x 01    1.0321  1 08 x 01    1.0324  1 08 x 01
---Benchmark Program Finished---
