
./testbench.sh clang++ O3 MontgomeryQuarter __uint128_t 191 8 40 -DTEST_ARRAY

compilation finished, now executing:
---Running Program---

begin benchmarks - array two_pow
(ignore)5349058770945686463884924119731073391

OVERALL BEST:
1.8123  0 30 x 03
1.8136  0 32 x 03
1.8136  0 31 x 03
1.8142  0 29 x 04
1.8164  0 32 x 05
1.8164  0 31 x 05
1.8171  0 29 x 07
1.8259  0 28 x 03
1.8273  0 32 x 12
1.8281  0 31 x 12
1.8332  0 30 x 08
1.8358  0 32 x 08
1.8359  0 31 x 08
1.8374  0 29 x 08
1.8410  0 29 x 03
1.8417  0 30 x 04
1.8442  0 30 x 07
1.8474  0 30 x 12
1.8482  0 30 x 10
1.8490  0 28 x 12
1.8500  0 28 x 08
1.8521  0 31 x 10
1.8525  0 28 x 07
1.8531  0 28 x 05
1.8545  0 32 x 10
1.8557  0 28 x 10
1.8576  0 29 x 05
1.8586  0 28 x 06
1.8604  0 29 x 12
1.8625  0 32 x 06
1.8626  0 31 x 06
1.8656  0 32 x 07
1.8656  0 31 x 07
1.8672  0 30 x 05
1.8674  0 28 x 04
1.8685  0 30 x 06
1.8685  0 31 x 04
1.8686  0 32 x 04
1.8852  0 29 x 10
1.8871  0 27 x 04
1.8910  0 27 x 03
1.8918  0 29 x 06
1.8924  0 27 x 12
1.8925  0 27 x 07
1.8928  0 27 x 08
1.8963  0 27 x 10
1.9052  0 27 x 05
1.9294  0 27 x 06
1.9440  0 30 x 02
1.9737  0 28 x 02
1.9792  0 31 x 02
1.9792  0 32 x 02
1.9824  0 05 x 08
1.9949  0 29 x 02
2.0010  0 06 x 08
2.0020  0 01 x 07
2.0085  0 05 x 07
2.0101  0 01 x 10
2.0141  0 05 x 10
2.0198  0 05 x 03
2.0207  0 01 x 03
2.0217  0 06 x 10
2.0233  0 05 x 12
2.0250  0 04 x 08
2.0274  0 06 x 07
2.0290  0 06 x 03
2.0347  0 01 x 08
2.0433  0 06 x 12
2.0545  0 04 x 07
2.0585  0 04 x 12
2.0617  0 00 x 10
2.0689  0 05 x 04
2.0728  0 00 x 08
2.0778  0 06 x 04
2.0779  0 00 x 12
2.0788  0 01 x 05
2.0814  0 04 x 03
2.0826  0 01 x 04
2.0844  0 27 x 02
2.0872  0 01 x 12
2.0887  0 00 x 03
2.0931  0 04 x 10
2.0936  0 07 x 08
2.0985  0 00 x 07
2.1014  0 05 x 02
2.1048  0 05 x 06
2.1075  0 05 x 05
2.1156  0 07 x 03
2.1171  0 07 x 07
2.1172  0 06 x 05
2.1222  0 04 x 04
2.1239  0 03 x 04
2.1255  0 06 x 06
2.1309  0 01 x 06
2.1321  0 06 x 02
2.1352  0 03 x 03
2.1455  0 00 x 06
2.1495  0 07 x 10
2.1537  0 04 x 05
2.1548  5 08 x 03
2.1586  0 04 x 02
2.1589  5 08 x 08
2.1591  5 08 x 10
2.1614  0 00 x 05
2.1623  0 07 x 12
2.1647  0 00 x 04
2.1659  0 01 x 02
2.1667  0 07 x 04
2.1678  0 04 x 06
2.1773  4 08 x 03
2.1790  5 08 x 07
2.1842  5 08 x 04
2.1891  0 07 x 06
2.1909  5 08 x 12
2.1939  4 08 x 08
2.1971  0 07 x 05
2.2044  0 07 x 02
2.2077  4 08 x 10
2.2185  5 08 x 05
2.2217  4 08 x 07
2.2241  4 08 x 04
2.2282  4 08 x 12
2.2344  6 08 x 03
2.2384  6 08 x 08
2.2447  6 08 x 10
2.2485  5 08 x 06
2.2523  0 00 x 02
2.2579  4 08 x 05
2.2633  6 08 x 12
2.2661  6 08 x 07
2.2766  6 08 x 04
2.2857  4 08 x 06
2.2941  6 08 x 05
2.3032  0 03 x 05
2.3122  5 08 x 02
2.3312  0 03 x 02
2.3344  3 08 x 08
2.3459  6 08 x 06
2.3538  3 08 x 03
2.3546  4 08 x 02
2.3608  3 08 x 07
2.3636  3 08 x 10
2.3699  3 08 x 12
2.3827  3 08 x 04
2.4072  0 03 x 06
2.4198  3 08 x 05
2.4317  6 08 x 02
2.4446  3 08 x 06
2.4714  0 03 x 07
2.4939  7 08 x 03
2.5086  3 08 x 02
2.5216  0 03 x 08
2.5434  7 08 x 04
2.5494  7 08 x 05
2.5820  0 03 x 10
2.6401  0 03 x 12
2.6433  0 02 x 12
2.7209  0 02 x 07
2.7312  2 08 x 04
2.7352  0 02 x 02
2.7470  0 02 x 05
2.7484  0 02 x 08
2.7827  0 02 x 10
2.7933  7 08 x 02
2.7980  0 02 x 03
2.8184  2 08 x 02
2.8192  0 02 x 04
2.8344  0 02 x 06
2.8444  2 08 x 05
2.8846  2 08 x 03
2.9181  0 05 x 01
2.9308  0 06 x 01
2.9360  0 01 x 01
2.9375  0 30 x 01
2.9451  0 04 x 01
2.9683  0 29 x 01
2.9808  0 28 x 01
2.9828  0 00 x 01
3.0054  0 32 x 01
3.0073  0 31 x 01
3.0135  0 07 x 01
3.0338  0 27 x 01
3.2640  4 08 x 01
3.2773  5 08 x 01
3.3215  0 03 x 01
3.3694  0 02 x 01
3.4211  6 08 x 01
3.4390  3 08 x 01
3.5373  1 08 x 04
3.6279  1 08 x 05
3.6808  1 08 x 03
3.7892  7 08 x 01
3.8671  2 08 x 01
3.9289  1 08 x 02
5.1729  1 08 x 01
Timings By Test Type:
0.5364  0 30 x 03    0.5359  0 29 x 07    0.3699  0 30 x 03    0.3696  0 30 x 03
0.5367  0 29 x 04    0.5365  0 30 x 03    0.3700  0 32 x 03    0.3700  0 32 x 03
0.5367  0 31 x 03    0.5367  0 31 x 03    0.3701  0 31 x 03    0.3701  0 31 x 03
0.5367  0 32 x 05    0.5367  0 32 x 05    0.3703  0 29 x 04    0.3704  0 29 x 04
0.5368  0 31 x 05    0.5368  0 29 x 04    0.3713  0 31 x 05    0.3709  0 29 x 07
0.5368  0 32 x 03    0.5368  0 32 x 03    0.3714  0 32 x 05    0.3714  0 31 x 05
0.5379  0 29 x 07    0.5369  0 31 x 05    0.3722  0 28 x 03    0.3715  0 32 x 05
0.5386  0 31 x 12    0.5382  0 32 x 12    0.3725  0 29 x 07    0.3722  0 28 x 03
0.5387  0 32 x 12    0.5386  0 31 x 12    0.3751  0 32 x 12    0.3752  0 32 x 12
0.5407  0 28 x 03    0.5407  0 28 x 03    0.3752  0 31 x 12    0.3754  0 29 x 03
0.5412  0 30 x 08    0.5412  0 30 x 08    0.3754  0 30 x 08    0.3755  0 30 x 08
0.5417  0 32 x 08    0.5417  0 31 x 08    0.3755  0 29 x 03    0.3757  0 31 x 12
0.5417  0 31 x 08    0.5418  0 32 x 08    0.3760  0 29 x 08    0.3760  0 30 x 04
0.5425  0 29 x 08    0.5425  0 29 x 08    0.3760  0 30 x 04    0.3762  0 32 x 08
0.5443  0 30 x 12    0.5442  0 30 x 12    0.3762  0 32 x 08    0.3762  0 31 x 08
0.5443  0 30 x 10    0.5443  0 28 x 12    0.3762  0 31 x 08    0.3764  0 29 x 08
0.5448  0 30 x 04    0.5448  0 30 x 04    0.3771  0 30 x 07    0.3772  0 30 x 07
0.5450  0 30 x 07    0.5450  0 30 x 07    0.3775  0 28 x 05    0.3781  0 28 x 05
0.5451  0 29 x 03    0.5450  0 29 x 03    0.3786  0 28 x 08    0.3786  0 28 x 08
0.5452  0 28 x 12    0.5452  0 30 x 10    0.3789  0 28 x 07    0.3790  0 28 x 07
0.5462  0 31 x 10    0.5464  0 28 x 08    0.3791  0 30 x 10    0.3793  0 28 x 12
0.5464  0 28 x 08    0.5465  0 31 x 10    0.3794  0 30 x 12    0.3794  0 29 x 05
0.5473  0 28 x 07    0.5466  0 32 x 10    0.3795  0 29 x 05    0.3794  0 31 x 10
0.5474  0 28 x 10    0.5473  0 28 x 07    0.3800  0 31 x 10    0.3794  0 30 x 12
0.5475  0 32 x 10    0.5475  0 28 x 10    0.3800  0 28 x 06    0.3795  0 30 x 10
0.5487  0 28 x 05    0.5487  0 29 x 12    0.3802  0 28 x 12    0.3799  0 32 x 10
0.5487  0 29 x 12    0.5489  0 28 x 05    0.3804  0 32 x 10    0.3800  0 28 x 06
0.5492  0 28 x 06    0.5493  0 28 x 06    0.3805  0 28 x 10    0.3804  0 28 x 10
0.5494  0 29 x 05    0.5494  0 29 x 05    0.3811  0 28 x 04    0.3811  0 28 x 04
0.5501  0 31 x 06    0.5501  0 32 x 06    0.3812  0 32 x 06    0.3812  0 32 x 06
0.5501  0 32 x 06    0.5501  0 31 x 06    0.3812  0 31 x 06    0.3812  0 31 x 06
0.5507  0 32 x 07    0.5508  0 32 x 07    0.3813  0 31 x 04    0.3813  0 31 x 04
0.5510  0 31 x 07    0.5510  0 31 x 07    0.3814  0 32 x 04    0.3814  0 32 x 04
0.5519  0 30 x 06    0.5520  0 30 x 06    0.3815  0 29 x 12    0.3814  0 29 x 12
0.5519  0 30 x 05    0.5520  0 30 x 05    0.3816  0 30 x 05    0.3817  0 30 x 05
0.5526  0 28 x 04    0.5526  0 28 x 04    0.3818  0 31 x 07    0.3819  0 31 x 07
0.5529  0 31 x 04    0.5529  0 32 x 04    0.3820  0 32 x 07    0.3820  0 32 x 07
0.5529  0 32 x 04    0.5529  0 31 x 04    0.3823  0 30 x 06    0.3823  0 30 x 06
0.5565  0 29 x 10    0.5564  0 29 x 10    0.3850  0 27 x 04    0.3850  0 27 x 04
0.5581  0 27 x 12    0.5585  0 27 x 12    0.3855  0 27 x 03    0.3855  0 27 x 03
0.5586  0 27 x 04    0.5585  0 27 x 04    0.3862  0 29 x 10    0.3861  0 29 x 10
0.5591  0 29 x 06    0.5591  0 29 x 06    0.3868  0 29 x 06    0.3868  0 29 x 06
0.5591  0 27 x 07    0.5592  0 27 x 07    0.3871  0 27 x 07    0.3870  0 27 x 07
0.5592  0 27 x 08    0.5592  0 27 x 08    0.3872  0 27 x 08    0.3871  0 27 x 08
0.5599  0 27 x 03    0.5599  0 27 x 10    0.3882  0 27 x 12    0.3876  0 27 x 12
0.5599  0 27 x 10    0.5602  0 27 x 03    0.3883  0 27 x 10    0.3882  0 27 x 10
0.5634  0 27 x 05    0.5634  0 27 x 05    0.3888  0 27 x 05    0.3896  0 27 x 05
0.5705  0 27 x 06    0.5705  0 27 x 06    0.3942  0 27 x 06    0.3942  0 27 x 06
0.5755  0 30 x 02    0.5755  0 30 x 02    0.3966  0 30 x 02    0.3964  0 30 x 02
0.5863  0 28 x 02    0.5868  0 28 x 02    0.4003  0 28 x 02    0.4004  0 28 x 02
0.5873  0 05 x 08    0.5873  0 05 x 08    0.4021  0 32 x 02    0.4021  0 32 x 02
0.5874  0 31 x 02    0.5874  0 31 x 02    0.4022  0 31 x 02    0.4022  0 31 x 02
0.5875  0 32 x 02    0.5876  0 32 x 02    0.4039  0 05 x 08    0.4039  0 05 x 08
0.5912  0 06 x 08    0.5913  0 06 x 08    0.4045  0 29 x 02    0.4044  0 29 x 02
0.5934  0 29 x 02    0.5925  0 29 x 02    0.4060  0 01 x 07    0.4061  0 01 x 07
0.5948  0 05 x 07    0.5948  0 05 x 07    0.4078  0 01 x 10    0.4078  0 01 x 10
0.5950  0 01 x 07    0.5950  0 01 x 07    0.4092  0 01 x 03    0.4091  0 01 x 03
0.5960  0 05 x 10    0.5963  0 05 x 10    0.4092  0 06 x 08    0.4092  0 06 x 08
0.5971  0 06 x 10    0.5972  0 06 x 10    0.4094  0 05 x 07    0.4095  0 05 x 07
0.5972  0 01 x 10    0.5973  0 01 x 10    0.4103  0 04 x 08    0.4103  0 04 x 08
0.5986  0 05 x 12    0.5985  0 05 x 12    0.4110  0 05 x 10    0.4108  0 05 x 10
0.5987  0 05 x 03    0.5990  0 05 x 03    0.4111  0 05 x 03    0.4110  0 05 x 03
0.5993  0 06 x 07    0.5999  0 06 x 07    0.4128  0 01 x 08    0.4127  0 01 x 08
0.6005  0 06 x 03    0.6005  0 06 x 03    0.4130  0 05 x 12    0.4132  0 05 x 12
0.6012  0 01 x 03    0.6012  0 01 x 03    0.4136  0 06 x 10    0.4137  0 06 x 10
0.6022  0 04 x 08    0.6021  0 04 x 08    0.4139  0 06 x 03    0.4140  0 06 x 03
0.6035  0 06 x 12    0.6040  0 06 x 12    0.4140  0 06 x 07    0.4142  0 06 x 07
0.6046  0 01 x 08    0.6046  0 01 x 08    0.4164  0 04 x 07    0.4164  0 04 x 07
0.6102  0 00 x 10    0.6096  0 00 x 10    0.4174  0 04 x 12    0.4174  0 04 x 12
0.6109  0 04 x 07    0.6109  0 04 x 07    0.4182  0 06 x 12    0.4176  0 06 x 12
0.6120  0 04 x 12    0.6117  0 04 x 12    0.4205  0 05 x 04    0.4208  0 05 x 04
0.6134  0 05 x 04    0.6135  0 00 x 08    0.4209  0 00 x 10    0.4210  0 04 x 03
0.6136  0 00 x 08    0.6142  0 05 x 04    0.4210  0 04 x 03    0.4210  0 00 x 10
0.6144  0 00 x 12    0.6144  0 00 x 12    0.4212  0 01 x 05    0.4211  0 01 x 05
0.6149  0 06 x 04    0.6148  0 07 x 08    0.4218  0 01 x 04    0.4219  0 01 x 04
0.6150  0 07 x 08    0.6156  0 06 x 04    0.4228  0 00 x 08    0.4228  0 01 x 12
0.6183  0 01 x 05    0.6182  0 01 x 05    0.4231  0 01 x 12    0.4229  0 00 x 08
0.6191  0 27 x 02    0.6190  0 00 x 03    0.4231  0 27 x 02    0.4232  0 27 x 02
0.6191  0 00 x 03    0.6190  0 27 x 02    0.4236  0 06 x 04    0.4237  0 06 x 04
0.6195  0 01 x 04    0.6194  0 01 x 04    0.4245  0 04 x 10    0.4244  0 00 x 12
0.6197  0 04 x 03    0.6197  0 04 x 03    0.4245  0 00 x 12    0.4245  0 04 x 10
0.6205  0 01 x 12    0.6208  0 01 x 12    0.4252  0 00 x 03    0.4254  0 00 x 03
0.6213  0 00 x 07    0.6214  0 00 x 07    0.4274  0 05 x 02    0.4274  0 05 x 02
0.6220  0 07 x 07    0.6220  0 07 x 07    0.4279  0 00 x 07    0.4279  0 00 x 07
0.6220  0 04 x 10    0.6221  0 04 x 10    0.4286  0 05 x 06    0.4285  0 05 x 06
0.6224  0 07 x 03    0.6224  0 07 x 03    0.4289  0 05 x 05    0.4290  0 05 x 05
0.6233  0 05 x 02    0.6233  0 05 x 02    0.4294  0 04 x 04    0.4294  0 04 x 04
0.6239  0 05 x 06    0.6239  0 05 x 06    0.4306  0 03 x 04    0.4307  0 03 x 04
0.6249  0 05 x 05    0.6248  0 05 x 05    0.4317  0 06 x 05    0.4318  0 06 x 05
0.6268  0 06 x 05    0.6269  0 06 x 05    0.4319  0 07 x 08    0.4319  0 01 x 06
0.6294  0 06 x 06    0.6294  0 06 x 06    0.4319  0 01 x 06    0.4319  0 07 x 08
0.6297  0 07 x 10    0.6298  0 07 x 10    0.4325  0 03 x 03    0.4325  0 03 x 03
0.6307  0 06 x 02    0.6307  0 06 x 02    0.4334  0 06 x 06    0.4334  0 06 x 06
0.6313  0 03 x 04    0.6313  0 03 x 04    0.4354  0 06 x 02    0.4354  0 06 x 02
0.6318  0 04 x 04    0.6317  0 04 x 04    0.4354  0 07 x 03    0.4355  0 07 x 03
0.6326  5 08 x 03    0.6326  5 08 x 03    0.4363  0 04 x 05    0.4363  0 04 x 05
0.6328  5 08 x 10    0.6328  5 08 x 10    0.4365  0 04 x 02    0.4364  0 04 x 02
0.6330  5 08 x 08    0.6332  5 08 x 08    0.4366  0 07 x 07    0.4366  0 07 x 07
0.6333  0 07 x 12    0.6332  0 07 x 12    0.4382  0 00 x 06    0.4383  0 01 x 02
0.6337  0 01 x 06    0.6335  0 01 x 06    0.4383  0 01 x 02    0.4389  0 04 x 06
0.6342  0 00 x 06    0.6338  0 00 x 06    0.4389  0 04 x 06    0.4393  0 00 x 06
0.6351  0 03 x 03    0.6351  0 03 x 03    0.4399  0 00 x 05    0.4399  0 00 x 05
0.6379  0 07 x 04    0.6379  0 07 x 04    0.4404  0 00 x 04    0.4405  0 00 x 04
0.6388  5 08 x 07    0.6384  5 08 x 07    0.4449  5 08 x 03    0.4448  5 08 x 03
0.6405  5 08 x 04    0.6406  0 04 x 05    0.4451  0 07 x 10    0.4450  0 07 x 10
0.6405  0 04 x 05    0.6408  0 00 x 05    0.4455  4 08 x 03    0.4455  0 07 x 04
0.6408  0 00 x 05    0.6412  5 08 x 04    0.4455  0 07 x 04    0.4455  4 08 x 03
0.6418  5 08 x 12    0.6420  0 00 x 04    0.4464  5 08 x 08    0.4464  5 08 x 08
0.6419  0 00 x 04    0.6422  5 08 x 12    0.4466  5 08 x 10    0.4469  5 08 x 10
0.6428  0 04 x 02    0.6428  0 04 x 02    0.4480  0 07 x 12    0.4479  0 07 x 12
0.6433  4 08 x 03    0.6431  4 08 x 03    0.4496  4 08 x 08    0.4498  4 08 x 08
0.6440  0 07 x 06    0.6440  0 07 x 06    0.4505  0 07 x 06    0.4505  0 07 x 06
0.6448  0 01 x 02    0.6446  0 01 x 02    0.4509  5 08 x 07    0.4509  5 08 x 07
0.6450  0 04 x 06    0.6450  0 04 x 06    0.4512  5 08 x 04    0.4512  5 08 x 04
0.6466  0 07 x 05    0.6466  0 07 x 05    0.4520  0 07 x 05    0.4519  0 07 x 05
0.6473  4 08 x 08    0.6472  4 08 x 08    0.4530  4 08 x 10    0.4530  4 08 x 10
0.6489  0 07 x 02    0.6489  0 07 x 02    0.4532  0 07 x 02    0.4533  0 07 x 02
0.6489  6 08 x 03    0.6490  6 08 x 03    0.4535  5 08 x 12    0.4534  5 08 x 12
0.6498  6 08 x 08    0.6494  6 08 x 08    0.4552  4 08 x 04    0.4553  4 08 x 07
0.6508  4 08 x 10    0.6509  4 08 x 10    0.4555  4 08 x 07    0.4554  4 08 x 04
0.6511  5 08 x 05    0.6511  5 08 x 05    0.4569  0 00 x 02    0.4568  0 00 x 02
0.6513  6 08 x 10    0.6512  6 08 x 10    0.4573  4 08 x 12    0.4572  4 08 x 12
0.6554  4 08 x 07    0.6555  4 08 x 07    0.4582  5 08 x 05    0.4582  5 08 x 05
0.6567  6 08 x 12    0.6567  4 08 x 12    0.4622  4 08 x 05    0.4623  4 08 x 05
0.6568  6 08 x 07    0.6567  4 08 x 04    0.4648  5 08 x 06    0.4647  5 08 x 06
0.6568  4 08 x 04    0.6568  6 08 x 12    0.4671  0 03 x 05    0.4673  0 03 x 05
0.6570  4 08 x 12    0.6569  6 08 x 07    0.4681  4 08 x 06    0.4682  4 08 x 06
0.6595  5 08 x 06    0.6595  5 08 x 06    0.4681  6 08 x 03    0.4683  6 08 x 03
0.6607  6 08 x 04    0.6606  6 08 x 04    0.4695  6 08 x 08    0.4697  6 08 x 08
0.6658  6 08 x 05    0.6658  6 08 x 05    0.4711  6 08 x 10    0.4711  0 03 x 02
0.6667  4 08 x 05    0.6667  4 08 x 05    0.4712  0 03 x 02    0.4711  6 08 x 10
0.6693  0 00 x 02    0.6692  0 00 x 02    0.4749  6 08 x 12    0.4749  6 08 x 12
0.6747  4 08 x 06    0.6746  4 08 x 06    0.4751  3 08 x 08    0.4750  3 08 x 08
0.6785  5 08 x 02    0.6785  5 08 x 02    0.4763  6 08 x 07    0.4762  6 08 x 07
0.6806  6 08 x 06    0.6806  6 08 x 06    0.4775  5 08 x 02    0.4775  5 08 x 02
0.6844  0 03 x 05    0.6844  0 03 x 05    0.4776  6 08 x 04    0.4776  6 08 x 04
0.6922  3 08 x 08    0.6921  3 08 x 08    0.4785  3 08 x 03    0.4779  3 08 x 03
0.6945  0 03 x 02    0.6944  0 03 x 02    0.4807  3 08 x 07    0.4806  3 08 x 07
0.6966  4 08 x 02    0.6966  4 08 x 02    0.4808  4 08 x 02    0.4807  4 08 x 02
0.6968  3 08 x 03    0.6997  3 08 x 07    0.4808  3 08 x 10    0.4809  3 08 x 10
0.6998  3 08 x 07    0.7005  3 08 x 03    0.4812  6 08 x 05    0.4813  6 08 x 05
0.7010  3 08 x 10    0.7009  3 08 x 10    0.4817  3 08 x 12    0.4817  3 08 x 12
0.7036  3 08 x 12    0.7029  3 08 x 12    0.4851  3 08 x 04    0.4844  3 08 x 04
0.7045  6 08 x 02    0.7044  6 08 x 02    0.4884  0 03 x 06    0.4883  0 03 x 06
0.7080  3 08 x 04    0.7052  3 08 x 04    0.4922  3 08 x 05    0.4923  3 08 x 05
0.7122  7 08 x 03    0.7110  7 08 x 03    0.4923  6 08 x 06    0.4924  6 08 x 06
0.7152  0 03 x 06    0.7153  0 03 x 06    0.4973  3 08 x 06    0.4975  3 08 x 06
0.7176  3 08 x 05    0.7177  3 08 x 05    0.5014  0 03 x 07    0.5015  0 03 x 07
0.7239  7 08 x 04    0.7239  7 08 x 04    0.5088  3 08 x 02    0.5086  3 08 x 02
0.7250  3 08 x 06    0.7248  3 08 x 06    0.5114  6 08 x 02    0.5114  6 08 x 02
0.7261  7 08 x 05    0.7260  7 08 x 05    0.5117  0 03 x 08    0.5117  0 03 x 08
0.7342  0 03 x 07    0.7342  0 03 x 07    0.5241  0 03 x 10    0.5241  0 03 x 10
0.7456  3 08 x 02    0.7456  3 08 x 02    0.5351  7 08 x 03    0.5356  7 08 x 03
0.7490  0 03 x 08    0.7491  0 03 x 08    0.5360  0 03 x 12    0.5360  0 03 x 12
0.7669  0 03 x 10    0.7669  0 03 x 10    0.5368  0 02 x 12    0.5368  0 02 x 12
0.7841  0 03 x 12    0.7840  0 03 x 12    0.5479  7 08 x 04    0.5476  7 08 x 04
0.7849  0 02 x 12    0.7848  0 02 x 12    0.5487  7 08 x 05    0.5487  7 08 x 05
0.7918  7 08 x 02    0.7920  7 08 x 02    0.5518  0 02 x 07    0.5519  0 02 x 07
0.8086  0 02 x 07    0.8085  0 02 x 07    0.5533  0 02 x 02    0.5534  0 02 x 02
0.8112  2 08 x 04    0.8114  2 08 x 04    0.5545  2 08 x 04    0.5541  2 08 x 04
0.8142  0 02 x 02    0.8143  0 02 x 02    0.5569  0 02 x 05    0.5570  0 02 x 05
0.8166  0 02 x 05    0.8161  0 02 x 08    0.5576  0 02 x 08    0.5579  0 02 x 08
0.8168  0 02 x 08    0.8166  0 02 x 05    0.5649  0 02 x 10    0.5649  0 02 x 10
0.8265  0 02 x 10    0.8264  0 02 x 10    0.5667  0 02 x 03    0.5668  0 02 x 03
0.8323  0 02 x 03    0.8322  0 02 x 03    0.5707  2 08 x 02    0.5706  2 08 x 02
0.8382  0 02 x 04    0.8383  0 02 x 04    0.5714  0 02 x 04    0.5713  0 02 x 04
0.8385  2 08 x 02    0.8386  2 08 x 02    0.5748  0 02 x 06    0.5749  0 02 x 06
0.8424  0 02 x 06    0.8423  0 02 x 06    0.5774  2 08 x 05    0.5775  2 08 x 05
0.8447  2 08 x 05    0.8448  2 08 x 05    0.5842  2 08 x 03    0.5842  2 08 x 03
0.8583  2 08 x 03    0.8579  2 08 x 03    0.5898  0 05 x 01    0.5899  0 05 x 01
0.8692  0 05 x 01    0.8692  0 05 x 01    0.5916  0 01 x 01    0.5916  0 01 x 01
0.8714  0 06 x 01    0.8714  0 06 x 01    0.5929  0 30 x 01    0.5929  0 30 x 01
0.8759  0 30 x 01    0.8759  0 30 x 01    0.5940  0 04 x 01    0.5940  0 06 x 01
0.8764  0 01 x 01    0.8764  0 01 x 01    0.5940  0 06 x 01    0.5940  0 04 x 01
0.8785  0 04 x 01    0.8786  0 04 x 01    0.6000  0 29 x 01    0.6000  0 29 x 01
0.8841  0 29 x 01    0.8841  0 29 x 01    0.6014  0 28 x 01    0.6014  0 28 x 01
0.8890  0 28 x 01    0.8890  0 28 x 01    0.6018  0 00 x 01    0.6018  0 00 x 01
0.8896  0 00 x 01    0.8896  0 00 x 01    0.6046  7 08 x 02    0.6050  7 08 x 02
0.8919  0 07 x 01    0.8919  0 07 x 01    0.6080  0 32 x 01    0.6080  0 32 x 01
0.8946  0 32 x 01    0.8947  0 32 x 01    0.6083  0 31 x 01    0.6083  0 31 x 01
0.8953  0 31 x 01    0.8953  0 31 x 01    0.6115  0 27 x 01    0.6115  0 27 x 01
0.9054  0 27 x 01    0.9054  0 27 x 01    0.6149  0 07 x 01    0.6149  0 07 x 01
0.9695  5 08 x 01    0.9696  5 08 x 01    0.6601  4 08 x 01    0.6601  4 08 x 01
0.9719  4 08 x 01    0.9720  4 08 x 01    0.6691  5 08 x 01    0.6691  5 08 x 01
0.9915  0 03 x 01    0.9915  0 03 x 01    0.6692  0 03 x 01    0.6693  0 03 x 01
1.0017  6 08 x 01    1.0017  6 08 x 01    0.6793  0 02 x 01    0.6794  0 02 x 01
1.0054  0 02 x 01    1.0054  0 02 x 01    0.6931  3 08 x 01    0.6931  3 08 x 01
1.0264  3 08 x 01    1.0264  3 08 x 01    0.7088  6 08 x 01    0.7089  6 08 x 01
1.0521  1 08 x 04    1.0522  1 08 x 04    0.7164  1 08 x 04    0.7166  1 08 x 04
1.0787  1 08 x 05    1.0784  1 08 x 05    0.7353  1 08 x 05    0.7355  1 08 x 05
1.0904  7 08 x 01    1.0906  7 08 x 01    0.7447  1 08 x 03    0.7448  1 08 x 03
1.0956  1 08 x 03    1.0957  1 08 x 03    0.7788  2 08 x 01    0.7788  2 08 x 01
1.1548  2 08 x 01    1.1547  2 08 x 01    0.7935  1 08 x 02    0.7935  1 08 x 02
1.1710  1 08 x 02    1.1710  1 08 x 02    0.8044  7 08 x 01    0.8038  7 08 x 01
1.5457  1 08 x 01    1.5458  1 08 x 01    1.0407  1 08 x 01    1.0407  1 08 x 01
---Benchmark Program Finished---
