
./testbench.sh clang++ O3 MontgomeryHalf __uint128_t 191 8 40 -DTEST_ARRAY -DHURCHALLA_MONTGOMERY_TWO_POW_USE_CSELECT_ON_BIT -DHURCHALLA_ALLOW_INLINE_ASM_ALL

compilation finished, now executing:
---Running Program---

begin benchmarks - array two_pow
(ignore)304583630284728281743452880583364600384

OVERALL BEST:
1.7201  0 28 x 03
1.7235  0 30 x 03
1.7273  0 29 x 03
1.7306  0 30 x 05
1.7420  0 30 x 10
1.7444  0 31 x 06
1.7452  0 31 x 04
1.7454  0 32 x 06
1.7454  0 30 x 04
1.7457  0 32 x 04
1.7502  0 31 x 07
1.7505  0 32 x 07
1.7535  0 31 x 03
1.7537  0 32 x 03
1.7538  0 31 x 12
1.7543  0 29 x 06
1.7564  0 30 x 06
1.7567  0 28 x 04
1.7568  0 32 x 12
1.7573  0 28 x 12
1.7594  0 29 x 04
1.7598  0 30 x 07
1.7601  0 31 x 08
1.7601  0 32 x 08
1.7606  0 29 x 10
1.7611  0 29 x 05
1.7617  0 30 x 12
1.7640  0 32 x 05
1.7641  0 31 x 05
1.7657  0 28 x 05
1.7672  0 29 x 12
1.7689  0 31 x 10
1.7693  0 32 x 10
1.7721  0 29 x 07
1.7756  0 30 x 08
1.7803  0 28 x 07
1.7843  0 28 x 10
1.7875  0 27 x 04
1.7876  0 28 x 06
1.7887  0 27 x 08
1.7903  0 27 x 05
1.7918  0 27 x 03
1.7951  0 29 x 08
1.7965  0 27 x 12
1.8039  0 28 x 08
1.8039  0 27 x 10
1.8108  0 27 x 07
1.8149  0 27 x 06
1.8967  0 01 x 08
1.9035  0 05 x 06
1.9091  0 05 x 07
1.9101  0 05 x 05
1.9113  0 05 x 08
1.9177  0 01 x 07
1.9190  0 05 x 04
1.9211  0 01 x 10
1.9257  0 06 x 07
1.9259  0 05 x 03
1.9275  0 04 x 08
1.9285  0 01 x 12
1.9297  0 01 x 06
1.9297  0 06 x 04
1.9299  0 06 x 08
1.9302  0 01 x 05
1.9307  0 04 x 06
1.9314  0 05 x 10
1.9338  0 01 x 03
1.9341  0 04 x 04
1.9358  0 04 x 07
1.9365  0 06 x 10
1.9372  0 04 x 05
1.9374  0 06 x 05
1.9421  0 06 x 06
1.9422  0 05 x 12
1.9437  0 06 x 12
1.9445  0 06 x 03
1.9510  0 28 x 02
1.9512  0 30 x 02
1.9541  0 00 x 03
1.9578  0 31 x 02
1.9582  0 32 x 02
1.9609  0 01 x 04
1.9632  0 04 x 12
1.9634  0 29 x 02
1.9653  0 03 x 03
1.9698  0 00 x 05
1.9731  0 04 x 03
1.9731  0 00 x 12
1.9786  0 00 x 10
1.9827  0 00 x 08
1.9932  0 04 x 10
1.9952  0 00 x 06
1.9999  0 07 x 08
1.9999  0 00 x 07
2.0072  0 03 x 05
2.0225  0 27 x 02
2.0247  0 00 x 04
2.0254  0 07 x 04
2.0323  0 07 x 07
2.0350  0 03 x 07
2.0377  0 07 x 03
2.0401  5 08 x 04
2.0446  0 03 x 04
2.0448  0 07 x 05
2.0536  4 08 x 04
2.0568  0 07 x 06
2.0620  0 07 x 12
2.0635  0 03 x 06
2.0684  0 03 x 08
2.0691  0 03 x 12
2.0805  0 01 x 02
2.0821  5 08 x 08
2.0827  0 06 x 02
2.0839  0 03 x 10
2.0944  5 08 x 10
2.0945  0 05 x 02
2.0980  0 07 x 10
2.0981  5 08 x 03
2.1012  5 08 x 12
2.1061  5 08 x 06
2.1172  4 08 x 05
2.1211  0 04 x 02
2.1234  5 08 x 05
2.1309  5 08 x 07
2.1460  4 08 x 03
2.1471  4 08 x 12
2.1475  4 08 x 10
2.1493  4 08 x 06
2.1565  4 08 x 08
2.1609  6 08 x 12
2.1652  6 08 x 10
2.1656  6 08 x 08
2.1677  0 07 x 02
2.1692  0 03 x 02
2.1727  6 08 x 03
2.1838  6 08 x 06
2.1864  6 08 x 07
2.1866  6 08 x 05
2.1877  6 08 x 04
2.1908  4 08 x 07
2.2012  0 00 x 02
2.2165  3 08 x 04
2.2261  5 08 x 02
2.2528  4 08 x 02
2.2724  3 08 x 02
2.2740  3 08 x 06
2.2770  6 08 x 02
2.2909  3 08 x 03
2.3053  3 08 x 05
2.3108  3 08 x 07
2.3190  3 08 x 10
2.3221  3 08 x 12
2.3457  3 08 x 08
2.3867  7 08 x 03
2.4194  7 08 x 05
2.4371  7 08 x 04
2.5474  7 08 x 02
2.5783  2 08 x 05
2.6382  2 08 x 03
2.6668  2 08 x 04
2.7854  2 08 x 02
2.7873  0 02 x 03
2.8327  0 02 x 12
2.8530  0 05 x 01
2.8535  0 29 x 01
2.8546  0 06 x 01
2.8577  0 31 x 01
2.8587  0 32 x 01
2.8671  0 30 x 01
2.8762  0 28 x 01
2.8783  0 04 x 01
2.8869  0 02 x 10
2.8893  0 02 x 02
2.8930  0 02 x 04
2.8950  0 01 x 01
2.9115  0 00 x 01
2.9125  0 02 x 07
2.9222  0 02 x 05
2.9264  0 02 x 08
2.9342  0 02 x 06
2.9393  0 27 x 01
2.9418  0 07 x 01
3.1244  5 08 x 01
3.1425  0 03 x 01
3.1599  6 08 x 01
3.1843  4 08 x 01
3.2556  0 02 x 01
3.3843  3 08 x 01
3.3911  7 08 x 01
3.7001  1 08 x 04
3.7833  1 08 x 05
3.7840  1 08 x 03
3.8662  2 08 x 01
3.8761  1 08 x 02
5.1994  1 08 x 01
Timings By Test Type:
0.5111  0 28 x 03    0.5112  0 28 x 03    0.3488  0 28 x 03    0.3490  0 28 x 03
0.5122  0 30 x 03    0.5122  0 30 x 03    0.3496  0 30 x 03    0.3495  0 30 x 03
0.5133  0 29 x 03    0.5133  0 29 x 03    0.3503  0 29 x 03    0.3504  0 29 x 03
0.5137  0 30 x 05    0.5141  0 30 x 05    0.3514  0 30 x 05    0.3514  0 30 x 05
0.5169  0 30 x 10    0.5168  0 30 x 10    0.3540  0 31 x 04    0.3539  0 30 x 04
0.5175  0 31 x 06    0.5177  0 31 x 06    0.3541  0 30 x 04    0.3540  0 31 x 04
0.5176  0 32 x 06    0.5178  0 32 x 06    0.3542  0 30 x 10    0.3541  0 30 x 10
0.5182  0 30 x 04    0.5185  0 32 x 04    0.3543  0 32 x 04    0.3544  0 32 x 04
0.5185  0 32 x 04    0.5186  0 31 x 04    0.3545  0 31 x 06    0.3547  0 31 x 06
0.5186  0 31 x 04    0.5192  0 30 x 04    0.3549  0 32 x 06    0.3550  0 32 x 06
0.5189  0 31 x 07    0.5196  0 31 x 07    0.3555  0 31 x 03    0.3556  0 31 x 03
0.5196  0 32 x 07    0.5197  0 32 x 07    0.3555  0 32 x 03    0.3556  0 32 x 03
0.5203  0 32 x 12    0.5209  0 31 x 12    0.3556  0 32 x 07    0.3556  0 32 x 07
0.5205  0 31 x 12    0.5209  0 29 x 06    0.3557  0 30 x 06    0.3558  0 31 x 07
0.5208  0 29 x 06    0.5209  0 30 x 07    0.3558  0 31 x 07    0.3561  0 28 x 04
0.5212  0 31 x 03    0.5212  0 32 x 12    0.3561  0 28 x 04    0.3562  0 31 x 12
0.5213  0 32 x 03    0.5212  0 31 x 03    0.3562  0 31 x 12    0.3563  0 29 x 06
0.5214  0 30 x 06    0.5214  0 32 x 03    0.3564  0 29 x 06    0.3564  0 30 x 07
0.5220  0 28 x 12    0.5216  0 30 x 12    0.3566  0 28 x 12    0.3566  0 28 x 12
0.5222  0 32 x 08    0.5220  0 28 x 12    0.3568  0 29 x 04    0.3567  0 30 x 06
0.5222  0 31 x 08    0.5222  0 28 x 04    0.3574  0 29 x 05    0.3570  0 29 x 04
0.5223  0 28 x 04    0.5223  0 31 x 08    0.3574  0 32 x 12    0.3572  0 29 x 05
0.5226  0 29 x 10    0.5223  0 32 x 08    0.3577  0 31 x 08    0.3577  0 29 x 10
0.5231  0 29 x 04    0.5225  0 30 x 06    0.3578  0 30 x 07    0.3578  0 32 x 08
0.5234  0 29 x 05    0.5225  0 29 x 04    0.3578  0 29 x 10    0.3578  0 31 x 08
0.5237  0 30 x 12    0.5226  0 29 x 10    0.3578  0 32 x 08    0.3578  0 32 x 12
0.5240  0 32 x 05    0.5231  0 29 x 05    0.3580  0 32 x 05    0.3581  0 32 x 05
0.5240  0 31 x 05    0.5240  0 32 x 05    0.3580  0 31 x 05    0.3581  0 31 x 05
0.5243  0 28 x 05    0.5240  0 31 x 05    0.3582  0 30 x 12    0.3582  0 30 x 12
0.5247  0 30 x 07    0.5243  0 29 x 12    0.3584  0 28 x 05    0.3585  0 28 x 05
0.5252  0 31 x 10    0.5244  0 28 x 05    0.3585  0 29 x 12    0.3587  0 29 x 12
0.5253  0 32 x 10    0.5252  0 31 x 10    0.3593  0 32 x 10    0.3592  0 31 x 10
0.5256  0 29 x 07    0.5252  0 32 x 10    0.3594  0 31 x 10    0.3595  0 32 x 10
0.5257  0 29 x 12    0.5264  0 29 x 07    0.3603  0 29 x 07    0.3598  0 29 x 07
0.5271  0 30 x 08    0.5272  0 30 x 08    0.3605  0 30 x 08    0.3607  0 30 x 08
0.5287  0 28 x 07    0.5288  0 28 x 07    0.3613  0 28 x 07    0.3614  0 28 x 07
0.5294  0 28 x 06    0.5299  0 28 x 10    0.3616  0 27 x 04    0.3617  0 27 x 04
0.5298  0 28 x 10    0.5315  0 27 x 08    0.3623  0 28 x 10    0.3623  0 28 x 10
0.5314  0 27 x 08    0.5319  0 28 x 06    0.3625  0 27 x 03    0.3627  0 27 x 03
0.5322  0 27 x 05    0.5319  0 27 x 04    0.3628  0 27 x 08    0.3629  0 27 x 05
0.5322  0 27 x 04    0.5321  0 27 x 05    0.3630  0 27 x 05    0.3630  0 27 x 08
0.5332  0 27 x 03    0.5327  0 29 x 08    0.3631  0 28 x 06    0.3632  0 28 x 06
0.5334  0 29 x 08    0.5333  0 27 x 03    0.3644  0 29 x 08    0.3646  0 27 x 12
0.5337  0 27 x 12    0.5338  0 27 x 12    0.3644  0 27 x 12    0.3646  0 29 x 08
0.5359  0 27 x 10    0.5358  0 28 x 08    0.3657  0 28 x 08    0.3662  0 27 x 10
0.5361  0 28 x 08    0.5359  0 27 x 10    0.3660  0 27 x 10    0.3663  0 28 x 08
0.5382  0 27 x 07    0.5383  0 27 x 07    0.3672  0 27 x 07    0.3671  0 27 x 07
0.5387  0 27 x 06    0.5411  0 27 x 06    0.3674  0 27 x 06    0.3677  0 27 x 06
0.5641  0 01 x 08    0.5643  0 01 x 08    0.3852  0 01 x 08    0.3831  0 01 x 08
0.5666  0 05 x 06    0.5666  0 05 x 06    0.3852  0 05 x 06    0.3852  0 05 x 06
0.5683  0 05 x 07    0.5681  0 05 x 07    0.3863  0 05 x 07    0.3864  0 05 x 07
0.5684  0 05 x 05    0.5684  0 05 x 05    0.3867  0 05 x 05    0.3866  0 05 x 05
0.5686  0 05 x 08    0.5689  0 05 x 08    0.3868  0 05 x 08    0.3869  0 05 x 08
0.5698  0 06 x 07    0.5698  0 06 x 07    0.3872  0 01 x 07    0.3872  0 01 x 07
0.5711  0 06 x 08    0.5712  0 06 x 08    0.3876  0 05 x 04    0.3876  0 05 x 04
0.5717  0 01 x 07    0.5717  0 01 x 07    0.3885  0 01 x 10    0.3877  0 01 x 10
0.5717  0 05 x 04    0.5718  0 06 x 04    0.3889  0 05 x 03    0.3891  0 05 x 03
0.5719  0 06 x 04    0.5720  0 05 x 04    0.3892  0 04 x 08    0.3892  0 04 x 08
0.5723  0 01 x 10    0.5726  0 06 x 10    0.3895  0 01 x 12    0.3894  0 01 x 12
0.5726  0 06 x 10    0.5726  0 01 x 10    0.3897  0 01 x 06    0.3897  0 01 x 06
0.5737  0 06 x 05    0.5740  0 05 x 03    0.3898  0 01 x 05    0.3898  0 04 x 06
0.5739  0 05 x 03    0.5742  0 06 x 05    0.3898  0 01 x 03    0.3898  0 01 x 05
0.5739  0 05 x 10    0.5746  0 04 x 08    0.3899  0 04 x 06    0.3899  0 01 x 03
0.5745  0 06 x 12    0.5746  0 06 x 06    0.3904  0 04 x 04    0.3905  0 04 x 04
0.5746  0 04 x 08    0.5747  0 06 x 12    0.3909  0 04 x 07    0.3906  0 05 x 10
0.5748  0 01 x 12    0.5749  0 01 x 12    0.3909  0 05 x 10    0.3910  0 04 x 07
0.5750  0 01 x 06    0.5753  0 01 x 05    0.3911  0 04 x 05    0.3911  0 04 x 05
0.5750  0 06 x 06    0.5753  0 01 x 06    0.3929  0 06 x 04    0.3931  0 06 x 07
0.5752  0 01 x 05    0.5754  0 04 x 06    0.3930  0 06 x 07    0.3931  0 06 x 04
0.5756  0 04 x 06    0.5760  0 05 x 10    0.3934  0 05 x 12    0.3932  0 05 x 12
0.5767  0 04 x 04    0.5765  0 04 x 04    0.3937  0 06 x 08    0.3938  0 06 x 08
0.5769  0 06 x 03    0.5769  0 01 x 03    0.3946  0 06 x 05    0.3946  0 30 x 02
0.5769  0 04 x 07    0.5770  0 04 x 07    0.3946  0 30 x 02    0.3948  0 28 x 02
0.5771  0 01 x 03    0.5770  0 06 x 03    0.3947  0 28 x 02    0.3949  0 06 x 05
0.5774  0 04 x 05    0.5775  0 05 x 12    0.3951  0 00 x 03    0.3952  0 00 x 03
0.5781  0 05 x 12    0.5776  0 04 x 05    0.3954  0 06 x 03    0.3953  0 06 x 03
0.5808  0 28 x 02    0.5808  0 28 x 02    0.3955  0 06 x 10    0.3957  0 01 x 04
0.5810  0 30 x 02    0.5810  0 30 x 02    0.3956  0 01 x 04    0.3957  0 06 x 10
0.5819  0 00 x 03    0.5820  0 00 x 03    0.3961  0 03 x 03    0.3961  0 04 x 12
0.5826  0 31 x 02    0.5826  0 31 x 02    0.3961  0 04 x 12    0.3962  0 06 x 06
0.5827  0 32 x 02    0.5827  0 32 x 02    0.3963  0 31 x 02    0.3962  0 03 x 03
0.5843  0 29 x 02    0.5843  0 29 x 02    0.3963  0 06 x 06    0.3963  0 31 x 02
0.5847  0 01 x 04    0.5848  0 01 x 04    0.3963  0 32 x 02    0.3964  0 32 x 02
0.5848  0 04 x 12    0.5862  0 04 x 12    0.3972  0 04 x 03    0.3972  0 06 x 12
0.5863  0 00 x 05    0.5864  0 00 x 05    0.3973  0 06 x 12    0.3973  0 04 x 03
0.5866  0 03 x 03    0.5865  0 03 x 03    0.3974  0 29 x 02    0.3974  0 29 x 02
0.5868  0 07 x 08    0.5867  0 07 x 08    0.3986  0 00 x 05    0.3986  0 00 x 05
0.5871  0 00 x 12    0.5873  0 00 x 12    0.3994  0 00 x 12    0.3994  0 00 x 12
0.5888  0 00 x 10    0.5888  0 00 x 10    0.4005  0 00 x 10    0.4005  0 00 x 10
0.5892  0 04 x 03    0.5893  0 04 x 03    0.4014  0 00 x 08    0.4015  0 00 x 08
0.5899  0 00 x 08    0.5899  0 00 x 08    0.4028  0 04 x 10    0.4026  0 04 x 10
0.5939  0 00 x 06    0.5939  0 04 x 10    0.4040  0 00 x 06    0.4034  0 00 x 06
0.5939  0 04 x 10    0.5940  0 00 x 06    0.4045  0 00 x 07    0.4047  0 00 x 07
0.5951  0 07 x 04    0.5949  0 07 x 04    0.4051  0 03 x 05    0.4052  0 03 x 05
0.5954  0 00 x 07    0.5954  0 00 x 07    0.4086  0 27 x 02    0.4087  0 00 x 04
0.5965  0 07 x 07    0.5968  0 07 x 07    0.4094  0 00 x 04    0.4087  0 27 x 02
0.5981  0 03 x 05    0.5988  0 03 x 05    0.4111  0 03 x 07    0.4112  0 03 x 07
0.5997  0 07 x 03    0.5997  0 07 x 03    0.4133  0 07 x 08    0.4130  0 07 x 08
0.5998  5 08 x 04    0.5998  5 08 x 04    0.4133  0 03 x 04    0.4133  0 03 x 04
0.6001  0 07 x 05    0.6006  0 07 x 05    0.4166  0 03 x 06    0.4166  0 03 x 06
0.6026  0 27 x 02    0.6026  0 27 x 02    0.4178  0 07 x 04    0.4176  0 07 x 04
0.6034  0 00 x 04    0.6032  0 00 x 04    0.4179  0 03 x 08    0.4179  0 03 x 08
0.6038  0 07 x 12    0.6037  0 07 x 12    0.4184  0 03 x 12    0.4183  0 03 x 12
0.6044  0 07 x 06    0.6044  0 07 x 06    0.4188  4 08 x 04    0.4188  4 08 x 04
0.6064  0 03 x 07    0.6064  0 03 x 07    0.4192  0 07 x 03    0.4191  0 07 x 03
0.6080  4 08 x 04    0.6080  4 08 x 04    0.4193  0 07 x 07    0.4196  0 01 x 02
0.6090  0 03 x 04    0.6090  0 03 x 04    0.4195  0 01 x 02    0.4196  0 07 x 07
0.6119  5 08 x 08    0.6118  5 08 x 08    0.4202  5 08 x 04    0.4202  5 08 x 04
0.6134  0 07 x 10    0.6134  0 07 x 10    0.4212  0 03 x 10    0.4212  0 03 x 10
0.6149  5 08 x 10    0.6148  5 08 x 10    0.4221  0 07 x 05    0.4221  0 07 x 05
0.6151  0 03 x 06    0.6152  0 03 x 06    0.4231  0 05 x 02    0.4224  0 05 x 02
0.6162  0 03 x 12    0.6162  0 03 x 12    0.4231  0 06 x 02    0.4232  0 06 x 02
0.6164  0 03 x 08    0.6163  0 03 x 08    0.4240  0 07 x 06    0.4240  0 07 x 06
0.6167  5 08 x 12    0.6167  5 08 x 12    0.4269  0 04 x 02    0.4270  0 04 x 02
0.6173  5 08 x 03    0.6172  5 08 x 03    0.4272  0 07 x 12    0.4273  0 07 x 12
0.6182  0 06 x 02    0.6182  0 06 x 02    0.4290  5 08 x 08    0.4294  5 08 x 08
0.6192  5 08 x 06    0.6197  5 08 x 06    0.4317  5 08 x 03    0.4318  5 08 x 03
0.6206  0 01 x 02    0.6207  0 03 x 10    0.4319  4 08 x 05    0.4319  4 08 x 05
0.6207  0 03 x 10    0.6208  0 01 x 02    0.4323  5 08 x 10    0.4323  5 08 x 10
0.6245  0 05 x 02    0.6246  0 05 x 02    0.4336  5 08 x 06    0.4336  5 08 x 06
0.6246  5 08 x 05    0.6250  5 08 x 05    0.4339  5 08 x 12    0.4338  5 08 x 12
0.6266  4 08 x 05    0.6262  5 08 x 07    0.4356  0 07 x 10    0.4356  0 07 x 10
0.6266  5 08 x 07    0.6269  4 08 x 05    0.4359  4 08 x 03    0.4366  0 03 x 02
0.6276  6 08 x 12    0.6279  6 08 x 12    0.4365  0 03 x 02    0.4369  5 08 x 05
0.6290  6 08 x 10    0.6291  6 08 x 10    0.4369  5 08 x 05    0.4388  4 08 x 03
0.6298  6 08 x 08    0.6298  6 08 x 08    0.4388  5 08 x 07    0.4390  4 08 x 12
0.6318  4 08 x 03    0.6318  6 08 x 03    0.4391  4 08 x 06    0.4393  5 08 x 07
0.6318  6 08 x 03    0.6336  0 04 x 02    0.4393  4 08 x 10    0.4394  4 08 x 10
0.6336  0 04 x 02    0.6338  4 08 x 12    0.4398  4 08 x 08    0.4399  4 08 x 06
0.6339  4 08 x 06    0.6345  4 08 x 10    0.4398  4 08 x 12    0.4402  4 08 x 08
0.6344  4 08 x 10    0.6352  6 08 x 06    0.4436  0 00 x 02    0.4436  0 00 x 02
0.6345  4 08 x 12    0.6357  6 08 x 07    0.4450  0 07 x 02    0.4450  0 07 x 02
0.6350  6 08 x 06    0.6365  4 08 x 06    0.4470  4 08 x 07    0.4471  4 08 x 07
0.6360  6 08 x 07    0.6369  6 08 x 05    0.4488  3 08 x 04    0.4487  3 08 x 04
0.6367  6 08 x 05    0.6375  6 08 x 04    0.4528  6 08 x 12    0.4525  6 08 x 12
0.6376  6 08 x 04    0.6384  4 08 x 08    0.4530  6 08 x 08    0.4531  6 08 x 08
0.6381  4 08 x 08    0.6389  0 07 x 02    0.4536  6 08 x 10    0.4536  6 08 x 10
0.6389  0 07 x 02    0.6396  4 08 x 03    0.4545  6 08 x 03    0.4546  6 08 x 03
0.6480  0 03 x 02    0.6481  0 03 x 02    0.4556  5 08 x 02    0.4557  5 08 x 02
0.6484  4 08 x 07    0.6484  4 08 x 07    0.4562  6 08 x 04    0.4564  6 08 x 04
0.6570  0 00 x 02    0.6571  0 00 x 02    0.4564  6 08 x 05    0.4565  6 08 x 05
0.6574  5 08 x 02    0.6574  5 08 x 02    0.4567  6 08 x 06    0.4568  6 08 x 06
0.6595  3 08 x 04    0.6594  3 08 x 04    0.4569  6 08 x 07    0.4573  4 08 x 02
0.6666  6 08 x 02    0.6646  6 08 x 02    0.4574  4 08 x 02    0.4578  6 08 x 07
0.6690  4 08 x 02    0.6691  4 08 x 02    0.4591  3 08 x 02    0.4592  3 08 x 02
0.6762  3 08 x 06    0.6762  3 08 x 06    0.4608  3 08 x 06    0.4608  3 08 x 06
0.6779  3 08 x 02    0.6762  3 08 x 02    0.4636  3 08 x 03    0.4637  3 08 x 03
0.6801  7 08 x 03    0.6803  7 08 x 03    0.4671  3 08 x 05    0.4671  3 08 x 05
0.6819  3 08 x 03    0.6818  3 08 x 03    0.4684  3 08 x 07    0.4685  3 08 x 07
0.6856  3 08 x 05    0.6856  3 08 x 05    0.4705  3 08 x 10    0.4702  3 08 x 10
0.6865  3 08 x 07    0.6875  3 08 x 07    0.4708  3 08 x 12    0.4709  3 08 x 12
0.6892  3 08 x 10    0.6891  3 08 x 10    0.4729  6 08 x 02    0.4729  6 08 x 02
0.6901  3 08 x 12    0.6902  3 08 x 12    0.4753  3 08 x 08    0.4753  3 08 x 08
0.6922  7 08 x 05    0.6924  7 08 x 05    0.5131  7 08 x 03    0.5132  7 08 x 03
0.6975  3 08 x 08    0.6976  3 08 x 08    0.5174  7 08 x 05    0.5175  7 08 x 05
0.6986  7 08 x 04    0.6986  7 08 x 04    0.5200  7 08 x 04    0.5199  7 08 x 04
0.7317  7 08 x 02    0.7318  7 08 x 02    0.5220  2 08 x 05    0.5229  2 08 x 05
0.7670  2 08 x 05    0.7664  2 08 x 05    0.5322  2 08 x 03    0.5325  2 08 x 03
0.7867  2 08 x 03    0.7868  2 08 x 03    0.5389  2 08 x 04    0.5394  2 08 x 04
0.7944  2 08 x 04    0.7942  2 08 x 04    0.5419  7 08 x 02    0.5419  7 08 x 02
0.8314  2 08 x 02    0.8316  2 08 x 02    0.5611  2 08 x 02    0.5613  2 08 x 02
0.8320  0 02 x 03    0.8321  0 02 x 03    0.5615  0 02 x 03    0.5617  0 02 x 03
0.8442  0 02 x 12    0.8441  0 02 x 12    0.5722  0 02 x 12    0.5722  0 02 x 12
0.8516  0 06 x 01    0.8518  0 06 x 01    0.5723  0 29 x 01    0.5724  0 29 x 01
0.8527  0 05 x 01    0.8528  0 05 x 01    0.5733  0 31 x 01    0.5735  0 31 x 01
0.8543  0 29 x 01    0.8544  0 29 x 01    0.5736  0 32 x 01    0.5737  0 32 x 01
0.8554  0 31 x 01    0.8555  0 31 x 01    0.5737  0 05 x 01    0.5739  0 05 x 01
0.8556  0 32 x 01    0.8557  0 32 x 01    0.5755  0 06 x 01    0.5756  0 30 x 01
0.8579  0 30 x 01    0.8581  0 30 x 01    0.5755  0 30 x 01    0.5756  0 06 x 01
0.8608  0 28 x 01    0.8598  0 02 x 10    0.5772  0 28 x 01    0.5773  0 28 x 01
0.8609  0 02 x 10    0.8609  0 28 x 01    0.5773  0 04 x 01    0.5774  0 04 x 01
0.8617  0 04 x 01    0.8619  0 04 x 01    0.5800  0 01 x 01    0.5801  0 01 x 01
0.8631  0 02 x 02    0.8633  0 02 x 02    0.5814  0 02 x 02    0.5815  0 02 x 02
0.8633  0 02 x 04    0.8633  0 02 x 04    0.5831  0 02 x 04    0.5826  0 02 x 10
0.8674  0 01 x 01    0.8675  0 01 x 01    0.5836  0 02 x 10    0.5832  0 02 x 04
0.8686  0 02 x 07    0.8685  0 02 x 07    0.5846  0 00 x 01    0.5848  0 00 x 01
0.8710  0 00 x 01    0.8711  0 00 x 01    0.5877  0 02 x 07    0.5878  0 02 x 07
0.8716  0 02 x 05    0.8717  0 02 x 05    0.5892  0 27 x 01    0.5892  0 27 x 01
0.8725  0 02 x 08    0.8726  0 02 x 08    0.5894  0 02 x 05    0.5895  0 02 x 05
0.8735  0 07 x 01    0.8736  0 07 x 01    0.5907  0 02 x 08    0.5907  0 02 x 08
0.8751  0 02 x 06    0.8752  0 02 x 06    0.5919  0 02 x 06    0.5920  0 02 x 06
0.8804  0 27 x 01    0.8805  0 27 x 01    0.5973  0 07 x 01    0.5974  0 07 x 01
0.9293  5 08 x 01    0.9296  5 08 x 01    0.6293  0 03 x 01    0.6294  0 03 x 01
0.9326  6 08 x 01    0.9328  6 08 x 01    0.6327  5 08 x 01    0.6329  5 08 x 01
0.9418  0 03 x 01    0.9420  0 03 x 01    0.6406  4 08 x 01    0.6407  4 08 x 01
0.9514  4 08 x 01    0.9516  4 08 x 01    0.6472  6 08 x 01    0.6472  6 08 x 01
0.9744  0 02 x 01    0.9745  0 02 x 01    0.6533  0 02 x 01    0.6534  0 02 x 01
0.9877  7 08 x 01    0.9878  7 08 x 01    0.6790  3 08 x 01    0.6791  3 08 x 01
1.0131  3 08 x 01    1.0132  3 08 x 01    0.7077  7 08 x 01    0.7078  7 08 x 01
1.1063  1 08 x 04    1.1066  1 08 x 04    0.7438  1 08 x 04    0.7434  1 08 x 04
1.1291  1 08 x 05    1.1292  1 08 x 05    0.7614  1 08 x 03    0.7616  1 08 x 03
1.1305  1 08 x 03    1.1306  1 08 x 03    0.7624  1 08 x 05    0.7626  1 08 x 05
1.1583  2 08 x 01    1.1586  2 08 x 01    0.7746  2 08 x 01    0.7748  2 08 x 01
1.1594  1 08 x 02    1.1593  1 08 x 02    0.7786  1 08 x 02    0.7788  1 08 x 02
1.5589  1 08 x 01    1.5591  1 08 x 01    1.0406  1 08 x 01    1.0408  1 08 x 01
---Benchmark Program Finished---
