
./testbench.sh clang++ O3 MontgomeryQuarter __uint128_t 191 8 40 -DTEST_ARRAY -DHURCHALLA_MONTGOMERY_TWO_POW_USE_CSELECT_ON_BIT -DHURCHALLA_ALLOW_INLINE_ASM_ALL

compilation finished, now executing:
---Running Program---

begin benchmarks - array two_pow
(ignore)5349058770945686463884924119731073391

OVERALL BEST:
1.6894  0 28 x 05
1.6938  0 32 x 07
1.6939  0 31 x 07
1.6952  0 29 x 07
1.6992  0 30 x 08
1.7018  0 31 x 05
1.7019  0 32 x 05
1.7037  0 29 x 06
1.7107  0 29 x 08
1.7115  0 31 x 06
1.7115  0 32 x 12
1.7116  0 31 x 12
1.7119  0 28 x 08
1.7122  0 32 x 06
1.7159  0 30 x 07
1.7168  0 30 x 06
1.7194  0 28 x 06
1.7213  0 30 x 10
1.7236  0 31 x 08
1.7238  0 32 x 08
1.7295  0 28 x 10
1.7353  0 32 x 10
1.7356  0 31 x 10
1.7395  0 28 x 12
1.7434  0 30 x 05
1.7565  0 29 x 12
1.7607  0 29 x 10
1.7616  0 30 x 12
1.7627  0 27 x 07
1.7681  0 28 x 07
1.7720  0 29 x 05
1.7748  0 27 x 08
1.7893  0 27 x 05
1.7931  0 27 x 10
1.7944  0 30 x 04
1.8046  0 27 x 06
1.8055  0 31 x 04
1.8058  0 32 x 04
1.8074  0 27 x 12
1.8089  0 29 x 04
1.8119  0 27 x 03
1.8126  0 27 x 04
1.8151  0 31 x 03
1.8154  0 30 x 03
1.8157  0 32 x 03
1.8255  0 28 x 04
1.8286  0 28 x 03
1.8292  0 29 x 03
1.8640  0 06 x 06
1.8666  0 01 x 10
1.8730  0 01 x 12
1.8808  0 05 x 08
1.8821  0 06 x 12
1.8832  0 06 x 10
1.8853  0 01 x 03
1.8877  0 01 x 08
1.8964  0 06 x 08
1.8998  0 05 x 12
1.9068  0 04 x 12
1.9095  0 04 x 08
1.9165  0 05 x 06
1.9174  0 00 x 05
1.9189  0 06 x 07
1.9212  0 01 x 06
1.9247  0 00 x 08
1.9249  0 05 x 07
1.9356  0 00 x 10
1.9381  0 05 x 05
1.9403  0 01 x 05
1.9418  0 01 x 07
1.9532  0 03 x 04
1.9533  0 01 x 04
1.9535  0 07 x 05
1.9543  0 00 x 07
1.9626  0 04 x 07
1.9664  0 05 x 03
1.9679  0 00 x 12
1.9688  0 30 x 02
1.9704  0 06 x 05
1.9715  0 05 x 04
1.9740  0 04 x 05
1.9755  0 06 x 04
1.9813  0 04 x 04
1.9822  0 03 x 03
1.9829  0 00 x 06
1.9833  0 04 x 10
1.9915  0 07 x 08
1.9929  0 04 x 06
1.9934  0 06 x 03
1.9983  5 08 x 08
1.9999  0 05 x 10
2.0048  0 04 x 03
2.0079  0 07 x 06
2.0099  0 07 x 12
2.0100  0 03 x 07
2.0139  5 08 x 12
2.0144  0 07 x 07
2.0198  0 03 x 10
2.0220  0 07 x 10
2.0244  0 27 x 02
2.0253  0 29 x 02
2.0286  5 08 x 07
2.0320  0 00 x 04
2.0340  0 03 x 08
2.0359  0 03 x 05
2.0421  0 07 x 04
2.0425  4 08 x 08
2.0460  0 03 x 06
2.0465  0 03 x 02
2.0490  4 08 x 12
2.0504  0 03 x 12
2.0540  0 00 x 03
2.0565  0 31 x 02
2.0571  0 32 x 02
2.0631  5 08 x 10
2.0689  0 28 x 02
2.0703  4 08 x 07
2.0742  6 08 x 08
2.0800  6 08 x 12
2.0805  0 07 x 03
2.0852  5 08 x 06
2.0899  5 08 x 05
2.0937  6 08 x 07
2.0978  4 08 x 10
2.1005  5 08 x 04
2.1005  4 08 x 05
2.1209  0 04 x 02
2.1326  4 08 x 04
2.1345  6 08 x 10
2.1361  5 08 x 03
2.1396  4 08 x 06
2.1435  0 01 x 02
2.1507  6 08 x 05
2.1591  6 08 x 06
2.1605  0 06 x 02
2.1718  4 08 x 03
2.1799  0 05 x 02
2.1802  3 08 x 08
2.1829  6 08 x 04
2.1872  0 07 x 02
2.1946  3 08 x 12
2.2099  6 08 x 03
2.2277  3 08 x 07
2.2390  3 08 x 05
2.2404  3 08 x 10
2.2520  3 08 x 04
2.2611  4 08 x 02
2.2719  3 08 x 03
2.2870  3 08 x 06
2.2961  0 00 x 02
2.3233  5 08 x 02
2.3908  7 08 x 05
2.4031  6 08 x 02
2.4384  7 08 x 04
2.4663  3 08 x 02
2.4772  7 08 x 03
2.5413  2 08 x 04
2.5970  2 08 x 03
2.6288  0 02 x 12
2.6335  0 02 x 10
2.6421  2 08 x 05
2.6425  0 02 x 06
2.6434  7 08 x 02
2.6467  0 02 x 05
2.6470  0 02 x 07
2.6764  0 02 x 08
2.6937  0 02 x 03
2.7100  0 02 x 04
2.7597  0 02 x 02
2.8225  2 08 x 02
2.8773  0 06 x 01
2.9189  0 07 x 01
2.9223  0 05 x 01
2.9532  0 30 x 01
2.9673  0 04 x 01
2.9823  0 01 x 01
2.9846  0 29 x 01
2.9867  0 28 x 01
2.9881  0 31 x 01
2.9891  0 32 x 01
3.0036  0 00 x 01
3.0752  0 27 x 01
3.1613  0 02 x 01
3.1708  5 08 x 01
3.1978  0 03 x 01
3.2136  4 08 x 01
3.2579  6 08 x 01
3.3805  3 08 x 01
3.4439  1 08 x 04
3.4784  7 08 x 01
3.4868  1 08 x 05
3.6029  1 08 x 03
3.7705  2 08 x 01
4.1352  1 08 x 02
5.1581  1 08 x 01
Timings By Test Type:
0.4988  0 28 x 05    0.4989  0 28 x 05    0.3459  0 28 x 05    0.3459  0 28 x 05
0.4996  0 32 x 07    0.4995  0 32 x 07    0.3473  0 29 x 07    0.3473  0 31 x 07
0.4996  0 31 x 07    0.4996  0 31 x 07    0.3473  0 32 x 07    0.3473  0 32 x 07
0.5003  0 29 x 07    0.5003  0 29 x 07    0.3474  0 31 x 07    0.3473  0 29 x 07
0.5017  0 30 x 08    0.5011  0 30 x 08    0.3481  0 31 x 05    0.3479  0 30 x 08
0.5027  0 31 x 05    0.5027  0 31 x 05    0.3482  0 32 x 05    0.3482  0 32 x 05
0.5027  0 32 x 05    0.5028  0 32 x 05    0.3484  0 30 x 08    0.3482  0 31 x 05
0.5029  0 29 x 06    0.5028  0 29 x 06    0.3490  0 29 x 06    0.3490  0 29 x 06
0.5041  0 31 x 12    0.5041  0 31 x 12    0.3501  0 31 x 06    0.3502  0 31 x 06
0.5042  0 32 x 12    0.5041  0 32 x 12    0.3502  0 32 x 06    0.3506  0 32 x 06
0.5046  0 29 x 08    0.5047  0 29 x 08    0.3507  0 29 x 08    0.3507  0 29 x 08
0.5049  0 28 x 08    0.5047  0 28 x 08    0.3511  0 28 x 08    0.3512  0 28 x 08
0.5056  0 31 x 06    0.5056  0 31 x 06    0.3512  0 30 x 06    0.3512  0 30 x 06
0.5057  0 32 x 06    0.5057  0 32 x 06    0.3516  0 31 x 12    0.3515  0 32 x 12
0.5060  0 30 x 07    0.5062  0 30 x 07    0.3517  0 32 x 12    0.3516  0 28 x 06
0.5072  0 28 x 06    0.5072  0 30 x 06    0.3519  0 30 x 07    0.3517  0 31 x 12
0.5073  0 30 x 06    0.5072  0 28 x 06    0.3531  0 30 x 10    0.3519  0 30 x 07
0.5076  0 30 x 10    0.5076  0 30 x 10    0.3533  0 31 x 08    0.3530  0 30 x 10
0.5084  0 31 x 08    0.5084  0 31 x 08    0.3534  0 28 x 06    0.3534  0 31 x 08
0.5085  0 32 x 08    0.5085  0 32 x 08    0.3535  0 32 x 08    0.3534  0 32 x 08
0.5099  0 28 x 10    0.5094  0 28 x 10    0.3559  0 28 x 10    0.3543  0 28 x 10
0.5115  0 32 x 10    0.5116  0 32 x 10    0.3561  0 32 x 10    0.3560  0 32 x 10
0.5117  0 31 x 10    0.5117  0 31 x 10    0.3561  0 31 x 10    0.3561  0 31 x 10
0.5129  0 28 x 12    0.5128  0 28 x 12    0.3565  0 30 x 05    0.3564  0 30 x 05
0.5152  0 30 x 05    0.5151  0 30 x 05    0.3567  0 28 x 12    0.3571  0 28 x 12
0.5179  0 29 x 12    0.5180  0 29 x 12    0.3604  0 29 x 12    0.3604  0 29 x 12
0.5193  0 29 x 10    0.5193  0 29 x 10    0.3608  0 27 x 07    0.3608  0 27 x 07
0.5196  0 30 x 12    0.5196  0 30 x 12    0.3611  0 29 x 10    0.3610  0 29 x 10
0.5206  0 27 x 07    0.5206  0 27 x 07    0.3612  0 30 x 12    0.3613  0 30 x 12
0.5220  0 28 x 07    0.5221  0 28 x 07    0.3619  0 28 x 07    0.3621  0 28 x 07
0.5238  0 29 x 05    0.5238  0 29 x 05    0.3622  0 29 x 05    0.3622  0 29 x 05
0.5239  0 27 x 08    0.5239  0 27 x 08    0.3635  0 27 x 08    0.3635  0 27 x 08
0.5293  0 27 x 10    0.5293  0 27 x 10    0.3653  0 27 x 05    0.3649  0 27 x 05
0.5293  0 27 x 05    0.5297  0 27 x 05    0.3661  0 30 x 04    0.3660  0 30 x 04
0.5307  0 30 x 04    0.5316  0 30 x 04    0.3673  0 27 x 10    0.3672  0 27 x 10
0.5333  0 27 x 12    0.5333  0 27 x 12    0.3683  0 32 x 04    0.3683  0 31 x 04
0.5333  0 27 x 06    0.5334  0 27 x 06    0.3683  0 31 x 04    0.3683  0 32 x 04
0.5344  0 31 x 04    0.5345  0 31 x 04    0.3689  0 27 x 06    0.3690  0 27 x 06
0.5345  0 32 x 04    0.5347  0 32 x 04    0.3692  0 29 x 04    0.3692  0 29 x 04
0.5352  0 29 x 04    0.5353  0 29 x 04    0.3693  0 27 x 03    0.3693  0 27 x 03
0.5365  0 27 x 04    0.5365  0 27 x 04    0.3699  0 31 x 03    0.3696  0 27 x 04
0.5367  0 27 x 03    0.5367  0 27 x 03    0.3699  0 27 x 04    0.3700  0 31 x 03
0.5375  0 31 x 03    0.5376  0 30 x 03    0.3701  0 30 x 03    0.3701  0 30 x 03
0.5376  0 30 x 03    0.5376  0 31 x 03    0.3701  0 32 x 03    0.3702  0 32 x 03
0.5377  0 32 x 03    0.5377  0 32 x 03    0.3704  0 27 x 12    0.3704  0 27 x 12
0.5402  0 28 x 04    0.5402  0 28 x 04    0.3725  0 28 x 04    0.3726  0 28 x 04
0.5412  0 29 x 03    0.5413  0 29 x 03    0.3729  0 28 x 03    0.3729  0 28 x 03
0.5414  0 28 x 03    0.5414  0 28 x 03    0.3733  0 29 x 03    0.3733  0 29 x 03
0.5502  0 06 x 06    0.5504  0 06 x 06    0.3787  0 01 x 10    0.3788  0 01 x 10
0.5546  0 01 x 10    0.5546  0 01 x 10    0.3801  0 01 x 12    0.3801  0 01 x 12
0.5556  0 06 x 12    0.5555  0 06 x 12    0.3818  0 06 x 06    0.3816  0 06 x 06
0.5558  0 06 x 10    0.5557  0 06 x 10    0.3824  0 01 x 03    0.3818  0 01 x 03
0.5565  0 01 x 12    0.5564  0 01 x 12    0.3828  0 01 x 08    0.3827  0 01 x 08
0.5572  0 05 x 08    0.5572  0 05 x 08    0.3833  0 05 x 08    0.3832  0 05 x 08
0.5605  0 06 x 08    0.5605  0 06 x 08    0.3855  0 06 x 12    0.3855  0 06 x 12
0.5606  0 01 x 03    0.5606  0 01 x 03    0.3858  0 06 x 10    0.3859  0 06 x 10
0.5611  0 01 x 08    0.5611  0 01 x 08    0.3868  0 04 x 12    0.3868  0 04 x 12
0.5616  0 05 x 12    0.5616  0 05 x 12    0.3873  0 04 x 08    0.3873  0 04 x 08
0.5667  0 04 x 12    0.5665  0 04 x 12    0.3877  0 06 x 08    0.3876  0 06 x 08
0.5674  0 06 x 07    0.5675  0 04 x 08    0.3883  0 05 x 12    0.3883  0 05 x 12
0.5674  0 04 x 08    0.5675  0 06 x 07    0.3896  0 01 x 06    0.3896  0 01 x 06
0.5677  0 05 x 06    0.5678  0 05 x 06    0.3906  0 05 x 06    0.3904  0 05 x 06
0.5678  0 00 x 05    0.5679  0 00 x 05    0.3908  0 00 x 05    0.3909  0 00 x 05
0.5692  0 00 x 08    0.5689  0 00 x 08    0.3920  0 06 x 07    0.3919  0 06 x 07
0.5702  0 05 x 07    0.5703  0 05 x 07    0.3922  0 05 x 07    0.3922  0 05 x 07
0.5710  0 01 x 06    0.5710  0 01 x 06    0.3933  0 01 x 05    0.3932  0 00 x 08
0.5724  0 00 x 10    0.5724  0 00 x 10    0.3934  0 00 x 08    0.3933  0 01 x 05
0.5729  0 07 x 05    0.5732  0 07 x 05    0.3937  0 01 x 07    0.3937  0 01 x 07
0.5739  0 05 x 05    0.5739  0 05 x 05    0.3951  0 05 x 05    0.3951  0 05 x 05
0.5768  0 01 x 05    0.5769  0 01 x 05    0.3954  0 00 x 10    0.3954  0 00 x 10
0.5772  0 01 x 07    0.5772  0 01 x 07    0.3957  0 01 x 04    0.3957  0 01 x 04
0.5782  0 00 x 07    0.5783  0 00 x 07    0.3962  0 03 x 04    0.3962  0 03 x 04
0.5804  0 03 x 04    0.5804  0 03 x 04    0.3980  0 04 x 07    0.3980  0 04 x 07
0.5809  0 01 x 04    0.5810  0 01 x 04    0.3989  0 00 x 07    0.3989  0 00 x 07
0.5818  0 00 x 12    0.5819  0 00 x 12    0.4000  0 04 x 05    0.4000  0 04 x 05
0.5827  0 05 x 03    0.5827  0 05 x 03    0.4006  0 05 x 03    0.4005  0 05 x 03
0.5833  0 04 x 07    0.5833  0 04 x 07    0.4009  0 30 x 02    0.4010  0 30 x 02
0.5833  0 06 x 05    0.5835  0 06 x 05    0.4014  0 05 x 04    0.4013  0 05 x 04
0.5834  0 30 x 02    0.5835  0 30 x 02    0.4015  0 04 x 04    0.4015  0 04 x 04
0.5842  0 07 x 08    0.5840  0 07 x 08    0.4018  0 06 x 05    0.4018  0 06 x 05
0.5844  0 05 x 04    0.5844  0 05 x 04    0.4018  0 03 x 03    0.4019  0 03 x 03
0.5848  0 06 x 04    0.5849  0 06 x 04    0.4021  0 00 x 12    0.4021  0 00 x 12
0.5856  5 08 x 08    0.5855  5 08 x 08    0.4023  0 04 x 10    0.4023  0 04 x 10
0.5869  0 04 x 05    0.5871  0 00 x 06    0.4029  0 06 x 04    0.4030  0 06 x 04
0.5871  0 00 x 06    0.5872  0 04 x 05    0.4037  0 07 x 05    0.4038  0 07 x 05
0.5881  0 07 x 12    0.5879  0 07 x 12    0.4040  0 04 x 06    0.4040  0 04 x 06
0.5891  0 04 x 04    0.5891  0 04 x 04    0.4044  0 00 x 06    0.4043  0 00 x 06
0.5892  0 03 x 03    0.5892  0 07 x 06    0.4058  0 04 x 03    0.4058  0 04 x 03
0.5894  0 04 x 10    0.5892  0 03 x 03    0.4063  0 06 x 03    0.4069  0 06 x 03
0.5894  5 08 x 12    0.5894  0 04 x 10    0.4070  0 05 x 10    0.4070  0 05 x 10
0.5896  0 07 x 06    0.5895  5 08 x 12    0.4081  0 03 x 07    0.4082  0 03 x 07
0.5903  0 06 x 03    0.5898  0 06 x 03    0.4099  0 03 x 10    0.4084  0 03 x 10
0.5904  0 07 x 10    0.5905  0 07 x 10    0.4114  0 29 x 02    0.4114  0 27 x 02
0.5912  0 07 x 07    0.5912  0 07 x 07    0.4114  0 27 x 02    0.4115  0 29 x 02
0.5923  0 04 x 06    0.5924  0 04 x 06    0.4117  0 07 x 08    0.4117  0 07 x 08
0.5929  0 05 x 10    0.5929  0 05 x 10    0.4131  0 03 x 05    0.4131  0 03 x 08
0.5945  5 08 x 07    0.5947  5 08 x 07    0.4131  0 03 x 08    0.4131  0 03 x 05
0.5966  0 04 x 03    0.5966  0 04 x 03    0.4136  5 08 x 08    0.4137  5 08 x 08
0.5968  0 03 x 07    0.5969  0 03 x 07    0.4141  0 00 x 04    0.4139  0 03 x 06
0.5969  0 03 x 10    0.6001  0 07 x 04    0.4146  0 07 x 06    0.4141  0 00 x 04
0.6001  0 07 x 04    0.6008  0 27 x 02    0.4150  0 03 x 06    0.4144  0 03 x 02
0.6008  0 27 x 02    0.6010  6 08 x 08    0.4155  0 03 x 02    0.4145  0 07 x 06
0.6010  6 08 x 08    0.6012  0 29 x 02    0.4159  0 07 x 07    0.4160  0 07 x 07
0.6012  0 29 x 02    0.6020  0 00 x 04    0.4161  0 03 x 12    0.4167  0 03 x 12
0.6018  0 00 x 04    0.6024  4 08 x 08    0.4170  0 07 x 12    0.4170  0 07 x 12
0.6022  4 08 x 08    0.6025  6 08 x 12    0.4175  5 08 x 12    0.4174  5 08 x 12
0.6025  6 08 x 12    0.6036  4 08 x 12    0.4176  0 31 x 02    0.4176  0 31 x 02
0.6036  4 08 x 12    0.6040  0 03 x 08    0.4177  0 32 x 02    0.4177  0 32 x 02
0.6039  0 03 x 08    0.6043  5 08 x 10    0.4179  0 00 x 03    0.4178  0 00 x 03
0.6043  5 08 x 10    0.6046  0 03 x 10    0.4189  4 08 x 08    0.4191  4 08 x 08
0.6049  0 03 x 05    0.6049  0 03 x 05    0.4195  5 08 x 07    0.4199  5 08 x 07
0.6066  6 08 x 07    0.6076  6 08 x 07    0.4206  0 28 x 02    0.4206  0 07 x 10
0.6086  0 03 x 12    0.6080  0 03 x 06    0.4206  0 07 x 10    0.4206  0 28 x 02
0.6086  0 03 x 02    0.6080  0 03 x 02    0.4208  4 08 x 12    0.4209  4 08 x 12
0.6091  0 00 x 03    0.6091  0 03 x 12    0.4210  0 07 x 04    0.4210  0 07 x 04
0.6092  0 03 x 06    0.6092  0 00 x 03    0.4245  4 08 x 07    0.4245  4 08 x 07
0.6105  4 08 x 07    0.6107  0 31 x 02    0.4272  5 08 x 10    0.4272  5 08 x 10
0.6107  0 31 x 02    0.6107  4 08 x 07    0.4289  0 04 x 02    0.4288  0 07 x 03
0.6109  0 32 x 02    0.6109  0 32 x 02    0.4289  0 07 x 03    0.4289  0 04 x 02
0.6112  5 08 x 06    0.6113  0 07 x 03    0.4304  4 08 x 05    0.4304  4 08 x 10
0.6114  0 07 x 03    0.6114  5 08 x 06    0.4305  4 08 x 10    0.4305  4 08 x 05
0.6130  5 08 x 05    0.6131  5 08 x 05    0.4315  5 08 x 06    0.4311  5 08 x 06
0.6139  0 28 x 02    0.6139  0 28 x 02    0.4319  5 08 x 05    0.4319  5 08 x 05
0.6162  5 08 x 04    0.6162  5 08 x 04    0.4334  0 01 x 02    0.4334  0 01 x 02
0.6183  4 08 x 10    0.6185  4 08 x 10    0.4340  5 08 x 04    0.4340  5 08 x 04
0.6190  6 08 x 10    0.6189  6 08 x 10    0.4362  6 08 x 08    0.4361  6 08 x 08
0.6198  4 08 x 05    0.6198  4 08 x 05    0.4366  4 08 x 04    0.4367  4 08 x 04
0.6246  6 08 x 05    0.6246  6 08 x 05    0.4375  6 08 x 12    0.4375  6 08 x 12
0.6260  6 08 x 06    0.6260  6 08 x 06    0.4386  4 08 x 06    0.4385  4 08 x 06
0.6272  5 08 x 03    0.6273  5 08 x 03    0.4396  6 08 x 07    0.4394  0 06 x 02
0.6296  4 08 x 04    0.6298  4 08 x 04    0.4396  0 06 x 02    0.4399  6 08 x 07
0.6312  4 08 x 06    0.6313  4 08 x 06    0.4408  5 08 x 03    0.4407  5 08 x 03
0.6316  0 04 x 02    0.6315  0 04 x 02    0.4419  0 05 x 02    0.4419  0 05 x 02
0.6338  6 08 x 04    0.6339  6 08 x 04    0.4439  4 08 x 03    0.4435  3 08 x 08
0.6383  0 01 x 02    0.6383  0 01 x 02    0.4442  3 08 x 08    0.4440  4 08 x 03
0.6406  0 06 x 02    0.6409  0 06 x 02    0.4467  3 08 x 12    0.4467  3 08 x 12
0.6416  6 08 x 03    0.6416  6 08 x 03    0.4483  6 08 x 10    0.4483  6 08 x 10
0.6419  4 08 x 03    0.6419  4 08 x 03    0.4498  0 07 x 02    0.4498  0 07 x 02
0.6439  0 07 x 02    0.6438  0 07 x 02    0.4507  6 08 x 05    0.4507  6 08 x 05
0.6457  3 08 x 08    0.6467  3 08 x 08    0.4534  3 08 x 07    0.4534  3 08 x 07
0.6481  0 05 x 02    0.6481  0 05 x 02    0.4537  6 08 x 06    0.4535  6 08 x 06
0.6506  3 08 x 12    0.6506  3 08 x 12    0.4558  3 08 x 05    0.4558  3 08 x 05
0.6604  3 08 x 07    0.6604  3 08 x 07    0.4559  3 08 x 10    0.4560  3 08 x 10
0.6637  3 08 x 05    0.6638  3 08 x 05    0.4576  6 08 x 04    0.4576  6 08 x 04
0.6642  3 08 x 10    0.6642  3 08 x 10    0.4580  3 08 x 04    0.4581  3 08 x 04
0.6680  3 08 x 04    0.6681  3 08 x 04    0.4610  4 08 x 02    0.4610  4 08 x 02
0.6697  4 08 x 02    0.6695  4 08 x 02    0.4622  3 08 x 03    0.4613  3 08 x 03
0.6740  3 08 x 03    0.6744  3 08 x 03    0.4633  6 08 x 03    0.4634  6 08 x 03
0.6780  3 08 x 06    0.6780  3 08 x 06    0.4651  0 00 x 02    0.4651  0 00 x 02
0.6813  7 08 x 05    0.6815  7 08 x 05    0.4655  3 08 x 06    0.4655  3 08 x 06
0.6829  0 00 x 02    0.6829  0 00 x 02    0.4770  5 08 x 02    0.4770  5 08 x 02
0.6846  5 08 x 02    0.6846  5 08 x 02    0.5000  6 08 x 02    0.5000  6 08 x 02
0.6945  7 08 x 04    0.6945  7 08 x 04    0.5003  3 08 x 02    0.5004  3 08 x 02
0.7015  6 08 x 02    0.7015  6 08 x 02    0.5140  7 08 x 05    0.5140  7 08 x 05
0.7055  7 08 x 03    0.7057  7 08 x 03    0.5166  2 08 x 04    0.5166  2 08 x 04
0.7328  3 08 x 02    0.7328  3 08 x 02    0.5247  7 08 x 04    0.5247  7 08 x 04
0.7542  2 08 x 04    0.7538  2 08 x 04    0.5266  2 08 x 03    0.5266  2 08 x 03
0.7582  7 08 x 02    0.7584  7 08 x 02    0.5331  7 08 x 03    0.5330  7 08 x 03
0.7719  2 08 x 03    0.7719  2 08 x 03    0.5338  0 02 x 12    0.5340  0 02 x 12
0.7806  0 02 x 12    0.7804  0 02 x 12    0.5347  0 02 x 10    0.5347  0 02 x 10
0.7820  0 02 x 10    0.7820  0 02 x 10    0.5362  0 02 x 06    0.5360  0 02 x 06
0.7845  2 08 x 05    0.7846  2 08 x 05    0.5365  2 08 x 05    0.5365  2 08 x 05
0.7852  0 02 x 06    0.7851  0 02 x 06    0.5369  0 02 x 05    0.5367  0 02 x 05
0.7865  0 02 x 07    0.7864  0 02 x 07    0.5370  0 02 x 07    0.5371  0 02 x 07
0.7866  0 02 x 05    0.7866  0 02 x 05    0.5430  0 02 x 08    0.5431  0 02 x 08
0.7950  0 02 x 08    0.7953  0 02 x 08    0.5457  0 02 x 03    0.5456  0 02 x 03
0.8012  0 02 x 03    0.8012  0 02 x 03    0.5494  0 02 x 04    0.5493  0 02 x 04
0.8056  0 02 x 04    0.8056  0 02 x 04    0.5584  0 02 x 02    0.5585  0 02 x 02
0.8215  0 02 x 02    0.8214  0 02 x 02    0.5634  7 08 x 02    0.5634  7 08 x 02
0.8399  2 08 x 02    0.8400  2 08 x 02    0.5713  2 08 x 02    0.5713  2 08 x 02
0.8558  0 06 x 01    0.8559  0 06 x 01    0.5827  0 06 x 01    0.5828  0 06 x 01
0.8643  0 07 x 01    0.8642  0 07 x 01    0.5906  0 05 x 01    0.5906  0 05 x 01
0.8706  0 05 x 01    0.8706  0 05 x 01    0.5952  0 07 x 01    0.5952  0 07 x 01
0.8808  0 30 x 01    0.8808  0 30 x 01    0.5957  0 30 x 01    0.5958  0 30 x 01
0.8856  0 04 x 01    0.8857  0 04 x 01    0.5980  0 04 x 01    0.5980  0 04 x 01
0.8905  0 01 x 01    0.8906  0 01 x 01    0.6007  0 01 x 01    0.6006  0 01 x 01
0.8907  0 29 x 01    0.8907  0 29 x 01    0.6016  0 29 x 01    0.6016  0 29 x 01
0.8911  0 28 x 01    0.8912  0 28 x 01    0.6022  0 31 x 01    0.6022  0 31 x 01
0.8919  0 31 x 01    0.8919  0 31 x 01    0.6022  0 28 x 01    0.6022  0 28 x 01
0.8920  0 32 x 01    0.8921  0 32 x 01    0.6025  0 32 x 01    0.6025  0 32 x 01
0.8961  0 00 x 01    0.8962  0 00 x 01    0.6057  0 00 x 01    0.6056  0 00 x 01
0.9181  0 27 x 01    0.9180  0 27 x 01    0.6196  0 27 x 01    0.6196  0 27 x 01
0.9406  5 08 x 01    0.9405  5 08 x 01    0.6376  0 02 x 01    0.6377  0 02 x 01
0.9429  0 02 x 01    0.9430  0 02 x 01    0.6436  0 03 x 01    0.6436  0 03 x 01
0.9552  0 03 x 01    0.9553  0 03 x 01    0.6449  5 08 x 01    0.6448  5 08 x 01
0.9572  4 08 x 01    0.9573  4 08 x 01    0.6495  4 08 x 01    0.6496  4 08 x 01
0.9594  6 08 x 01    0.9595  6 08 x 01    0.6694  6 08 x 01    0.6695  6 08 x 01
1.0090  3 08 x 01    1.0089  3 08 x 01    0.6813  3 08 x 01    0.6813  3 08 x 01
1.0113  7 08 x 01    1.0114  7 08 x 01    0.6973  1 08 x 04    0.6975  1 08 x 04
1.0244  1 08 x 04    1.0246  1 08 x 04    0.7018  1 08 x 05    0.7121  1 08 x 05
1.0427  1 08 x 05    1.0302  1 08 x 05    0.7278  7 08 x 01    0.7278  7 08 x 01
1.0727  1 08 x 03    1.0727  1 08 x 03    0.7287  1 08 x 03    0.7288  1 08 x 03
1.1261  2 08 x 01    1.1261  2 08 x 01    0.7591  2 08 x 01    0.7592  2 08 x 01
1.2326  1 08 x 02    1.2327  1 08 x 02    0.8350  1 08 x 02    0.8350  1 08 x 02
1.5419  1 08 x 01    1.5419  1 08 x 01    1.0371  1 08 x 01    1.0371  1 08 x 01
---Benchmark Program Finished---
