
./testbench.sh clang++ O3 MontgomeryHalf __uint128_t 191 8 40 -DTEST_ARRAY

compilation finished, now executing:
---Running Program---

begin benchmarks - array two_pow
(ignore)304583630284728281743452880583364600384

OVERALL BEST:
1.8563  0 29 x 05
1.8653  0 30 x 05
1.8670  0 31 x 04
1.8671  0 28 x 05
1.8673  0 32 x 04
1.8695  0 30 x 03
1.8698  0 28 x 03
1.8715  0 32 x 06
1.8716  0 31 x 06
1.8729  0 29 x 07
1.8748  0 29 x 03
1.8784  0 31 x 10
1.8786  0 32 x 10
1.8821  0 32 x 03
1.8823  0 31 x 03
1.8847  0 31 x 05
1.8851  0 32 x 05
1.8856  0 29 x 06
1.8880  0 28 x 04
1.8886  0 30 x 06
1.8894  0 28 x 07
1.8928  0 29 x 04
1.8932  0 32 x 08
1.8938  0 30 x 10
1.8941  0 27 x 05
1.8943  0 31 x 08
1.8976  0 32 x 07
1.8978  0 31 x 07
1.8985  0 29 x 10
1.9011  0 32 x 12
1.9021  0 31 x 12
1.9039  0 27 x 07
1.9059  0 27 x 03
1.9090  0 29 x 08
1.9094  0 29 x 12
1.9133  0 28 x 08
1.9156  0 28 x 06
1.9199  0 28 x 12
1.9203  0 28 x 10
1.9241  0 30 x 04
1.9275  0 27 x 04
1.9275  0 30 x 08
1.9320  0 27 x 10
1.9367  0 27 x 06
1.9385  0 27 x 12
1.9386  0 30 x 07
1.9409  0 27 x 08
1.9738  0 30 x 12
2.0169  0 31 x 02
2.0170  0 28 x 02
2.0172  0 32 x 02
2.0173  0 30 x 02
2.0327  0 29 x 02
2.0388  0 05 x 05
2.0482  0 04 x 08
2.0530  0 05 x 04
2.0538  0 06 x 05
2.0554  0 05 x 08
2.0593  0 01 x 05
2.0610  0 05 x 06
2.0622  0 06 x 08
2.0654  0 04 x 05
2.0679  0 06 x 04
2.0700  0 05 x 07
2.0711  0 04 x 04
2.0736  0 05 x 10
2.0772  0 06 x 10
2.0801  0 01 x 07
2.0805  0 01 x 03
2.0810  0 01 x 08
2.0813  0 04 x 12
2.0815  0 06 x 07
2.0820  0 01 x 04
2.0825  0 05 x 12
2.0918  0 05 x 03
2.0923  0 06 x 03
2.0935  0 01 x 12
2.0955  0 01 x 06
2.0994  0 04 x 06
2.1008  0 27 x 02
2.1026  0 04 x 10
2.1033  0 04 x 07
2.1064  0 01 x 10
2.1145  0 06 x 12
2.1192  0 04 x 03
2.1328  0 00 x 05
2.1387  0 06 x 06
2.1455  0 00 x 06
2.1483  0 07 x 08
2.1483  0 00 x 10
2.1490  0 00 x 04
2.1492  0 00 x 07
2.1526  0 07 x 05
2.1558  0 05 x 02
2.1569  0 00 x 08
2.1571  0 00 x 03
2.1596  0 00 x 12
2.1639  0 07 x 04
2.1707  0 03 x 03
2.1748  0 07 x 06
2.1756  0 01 x 02
2.1772  0 06 x 02
2.1896  0 04 x 02
2.1911  0 03 x 04
2.1958  0 07 x 03
2.2087  0 00 x 02
2.2319  0 07 x 12
2.2434  0 07 x 10
2.2571  0 07 x 07
2.2609  5 08 x 03
2.2659  0 03 x 02
2.2664  5 08 x 04
2.2760  5 08 x 08
2.2808  5 08 x 05
2.2809  5 08 x 10
2.2820  0 07 x 02
2.2921  5 08 x 06
2.2959  0 03 x 05
2.3105  4 08 x 04
2.3158  5 08 x 07
2.3193  4 08 x 08
2.3204  4 08 x 03
2.3255  5 08 x 12
2.3324  4 08 x 10
2.3381  4 08 x 05
2.3392  6 08 x 10
2.3401  6 08 x 03
2.3443  6 08 x 08
2.3446  4 08 x 06
2.3475  6 08 x 04
2.3620  6 08 x 05
2.3643  6 08 x 06
2.3644  4 08 x 07
2.3806  6 08 x 07
2.3874  4 08 x 12
2.3936  6 08 x 12
2.4570  3 08 x 03
2.4743  0 03 x 06
2.4754  3 08 x 04
2.5062  3 08 x 08
2.5140  3 08 x 10
2.5178  3 08 x 06
2.5224  3 08 x 05
2.5229  3 08 x 02
2.5237  5 08 x 02
2.5319  3 08 x 07
2.5539  4 08 x 02
2.5609  3 08 x 12
2.5760  0 03 x 07
2.5979  7 08 x 03
2.6042  7 08 x 04
2.6281  7 08 x 05
2.6580  0 03 x 08
2.6593  6 08 x 02
2.7672  0 03 x 10
2.8417  0 03 x 12
2.8583  0 30 x 01
2.8722  0 02 x 12
2.8780  0 31 x 01
2.8781  0 32 x 01
2.8781  0 05 x 01
2.8791  0 01 x 01
2.8910  2 08 x 03
2.8911  0 06 x 01
2.9002  0 28 x 01
2.9113  0 04 x 01
2.9125  0 27 x 01
2.9160  0 29 x 01
2.9272  2 08 x 04
2.9441  2 08 x 02
2.9449  0 02 x 03
2.9481  0 00 x 01
2.9576  2 08 x 05
2.9686  0 07 x 01
2.9918  0 02 x 08
3.0000  0 02 x 02
3.0028  0 02 x 04
3.0131  0 02 x 05
3.0170  7 08 x 02
3.0204  0 02 x 06
3.0255  0 02 x 07
3.0316  0 02 x 10
3.1249  0 03 x 01
3.2029  4 08 x 01
3.2085  5 08 x 01
3.3274  6 08 x 01
3.4242  3 08 x 01
3.5178  0 02 x 01
3.6975  7 08 x 01
3.8346  2 08 x 01
4.0082  1 08 x 04
4.0229  1 08 x 03
4.0309  1 08 x 02
4.1631  1 08 x 05
5.3111  1 08 x 01
Timings By Test Type:
0.5513  0 29 x 05    0.5512  0 29 x 05    0.3772  0 29 x 05    0.3765  0 29 x 05
0.5539  0 30 x 05    0.5539  0 30 x 05    0.3786  0 30 x 03    0.3785  0 28 x 05
0.5544  0 32 x 04    0.5545  0 31 x 04    0.3786  0 30 x 05    0.3788  0 30 x 05
0.5545  0 31 x 04    0.5545  0 32 x 04    0.3787  0 28 x 05    0.3788  0 30 x 03
0.5549  0 28 x 05    0.5551  0 28 x 05    0.3790  0 31 x 04    0.3790  0 31 x 04
0.5557  0 31 x 06    0.5557  0 32 x 06    0.3791  0 28 x 03    0.3792  0 32 x 04
0.5557  0 28 x 03    0.5557  0 28 x 03    0.3791  0 32 x 04    0.3792  0 28 x 03
0.5557  0 32 x 06    0.5558  0 31 x 06    0.3792  0 29 x 07    0.3793  0 29 x 07
0.5560  0 30 x 03    0.5561  0 30 x 03    0.3800  0 31 x 06    0.3800  0 32 x 06
0.5569  0 29 x 03    0.5571  0 29 x 07    0.3801  0 32 x 06    0.3801  0 31 x 06
0.5573  0 29 x 07    0.5571  0 29 x 03    0.3804  0 29 x 03    0.3804  0 29 x 03
0.5578  0 32 x 10    0.5576  0 31 x 10    0.3811  0 32 x 03    0.3812  0 32 x 03
0.5578  0 31 x 10    0.5578  0 32 x 10    0.3812  0 31 x 03    0.3813  0 31 x 03
0.5597  0 31 x 05    0.5586  0 30 x 06    0.3813  0 31 x 10    0.3814  0 32 x 10
0.5598  0 32 x 05    0.5598  0 31 x 05    0.3816  0 32 x 10    0.3816  0 31 x 10
0.5599  0 32 x 03    0.5598  0 32 x 05    0.3826  0 32 x 05    0.3824  0 30 x 06
0.5599  0 31 x 03    0.5599  0 32 x 03    0.3827  0 31 x 05    0.3826  0 31 x 05
0.5601  0 29 x 06    0.5599  0 31 x 03    0.3827  0 29 x 06    0.3827  0 29 x 06
0.5608  0 28 x 07    0.5602  0 29 x 06    0.3829  0 28 x 04    0.3828  0 32 x 05
0.5615  0 28 x 04    0.5605  0 28 x 04    0.3836  0 29 x 04    0.3830  0 28 x 04
0.5617  0 31 x 08    0.5609  0 28 x 07    0.3838  0 28 x 07    0.3835  0 29 x 04
0.5618  0 32 x 08    0.5618  0 32 x 08    0.3840  0 27 x 05    0.3838  0 28 x 07
0.5621  0 30 x 10    0.5623  0 30 x 10    0.3842  0 30 x 06    0.3842  0 27 x 05
0.5629  0 29 x 04    0.5628  0 29 x 04    0.3843  0 32 x 08    0.3847  0 31 x 08
0.5629  0 27 x 05    0.5630  0 27 x 05    0.3844  0 31 x 08    0.3848  0 30 x 10
0.5633  0 30 x 06    0.5634  0 32 x 07    0.3847  0 30 x 10    0.3851  0 29 x 10
0.5634  0 31 x 07    0.5634  0 31 x 08    0.3850  0 29 x 10    0.3853  0 32 x 08
0.5634  0 32 x 07    0.5637  0 31 x 07    0.3853  0 31 x 07    0.3854  0 31 x 07
0.5641  0 29 x 10    0.5643  0 29 x 10    0.3853  0 32 x 07    0.3855  0 32 x 07
0.5642  0 32 x 12    0.5649  0 32 x 12    0.3857  0 27 x 03    0.3858  0 27 x 03
0.5644  0 31 x 12    0.5654  0 31 x 12    0.3859  0 32 x 12    0.3860  0 31 x 12
0.5658  0 27 x 07    0.5659  0 27 x 07    0.3861  0 27 x 07    0.3860  0 32 x 12
0.5666  0 29 x 08    0.5672  0 27 x 03    0.3863  0 31 x 12    0.3862  0 27 x 07
0.5672  0 27 x 03    0.5674  0 29 x 08    0.3870  0 29 x 12    0.3871  0 29 x 12
0.5677  0 29 x 12    0.5676  0 29 x 12    0.3877  0 29 x 08    0.3873  0 29 x 08
0.5686  0 28 x 08    0.5680  0 28 x 08    0.3884  0 28 x 06    0.3882  0 28 x 08
0.5693  0 28 x 06    0.5694  0 28 x 06    0.3885  0 28 x 08    0.3885  0 28 x 06
0.5702  0 28 x 12    0.5702  0 28 x 12    0.3894  0 28 x 12    0.3895  0 28 x 10
0.5705  0 28 x 10    0.5707  0 28 x 10    0.3896  0 28 x 10    0.3901  0 28 x 12
0.5717  0 30 x 04    0.5718  0 30 x 04    0.3905  0 30 x 04    0.3901  0 30 x 04
0.5726  0 30 x 08    0.5727  0 30 x 08    0.3908  0 27 x 04    0.3908  0 27 x 04
0.5728  0 27 x 04    0.5730  0 27 x 04    0.3911  0 30 x 08    0.3911  0 30 x 08
0.5744  0 27 x 10    0.5745  0 27 x 10    0.3917  0 27 x 10    0.3914  0 27 x 10
0.5755  0 27 x 06    0.5755  0 27 x 06    0.3929  0 27 x 12    0.3927  0 27 x 06
0.5759  0 30 x 07    0.5759  0 30 x 07    0.3929  0 27 x 06    0.3929  0 27 x 12
0.5763  0 27 x 12    0.5764  0 27 x 12    0.3932  0 27 x 08    0.3934  0 30 x 07
0.5765  0 27 x 08    0.5769  0 27 x 08    0.3934  0 30 x 07    0.3943  0 27 x 08
0.5865  0 30 x 12    0.5865  0 30 x 12    0.4004  0 30 x 12    0.4004  0 30 x 12
0.6006  0 28 x 02    0.6006  0 28 x 02    0.4070  0 31 x 02    0.4070  0 31 x 02
0.6010  0 30 x 02    0.6011  0 30 x 02    0.4070  0 32 x 02    0.4071  0 32 x 02
0.6015  0 31 x 02    0.6015  0 31 x 02    0.4076  0 30 x 02    0.4076  0 30 x 02
0.6015  0 32 x 02    0.6016  0 32 x 02    0.4079  0 28 x 02    0.4080  0 28 x 02
0.6061  0 29 x 02    0.6061  0 29 x 02    0.4102  0 29 x 02    0.4103  0 29 x 02
0.6067  0 05 x 05    0.6067  0 05 x 05    0.4127  0 05 x 05    0.4127  0 05 x 05
0.6082  0 06 x 05    0.6083  0 06 x 05    0.4136  0 04 x 08    0.4136  0 04 x 08
0.6105  0 04 x 08    0.6105  0 04 x 08    0.4146  0 05 x 08    0.4147  0 05 x 08
0.6110  0 06 x 08    0.6109  0 06 x 08    0.4150  0 05 x 04    0.4150  0 05 x 04
0.6115  0 05 x 04    0.6116  0 05 x 04    0.4155  0 01 x 05    0.4156  0 01 x 05
0.6124  0 06 x 04    0.6125  0 06 x 04    0.4168  0 04 x 05    0.4167  0 04 x 05
0.6129  0 05 x 08    0.6131  0 05 x 08    0.4168  0 05 x 06    0.4169  0 05 x 06
0.6137  0 05 x 06    0.6137  0 05 x 06    0.4179  0 04 x 04    0.4178  0 04 x 04
0.6141  0 01 x 05    0.6141  0 01 x 05    0.4183  0 05 x 07    0.4182  0 05 x 07
0.6148  0 06 x 10    0.6149  0 06 x 10    0.4186  0 06 x 05    0.4187  0 06 x 05
0.6160  0 04 x 05    0.6160  0 04 x 05    0.4192  0 01 x 03    0.4192  0 05 x 10
0.6165  0 06 x 07    0.6168  0 05 x 07    0.4197  0 05 x 10    0.4195  0 01 x 03
0.6167  0 05 x 07    0.6169  0 06 x 07    0.4198  0 01 x 08    0.4200  0 01 x 04
0.6173  0 05 x 10    0.6174  0 05 x 10    0.4201  0 06 x 08    0.4202  0 05 x 12
0.6177  0 04 x 04    0.6177  0 04 x 04    0.4201  0 01 x 04    0.4202  0 06 x 08
0.6198  0 01 x 07    0.6199  0 01 x 07    0.4201  0 01 x 07    0.4202  0 01 x 07
0.6201  0 04 x 12    0.6201  0 04 x 12    0.4202  0 05 x 12    0.4203  0 01 x 08
0.6202  0 06 x 03    0.6205  0 06 x 03    0.4204  0 04 x 12    0.4207  0 04 x 12
0.6204  0 01 x 08    0.6206  0 01 x 08    0.4216  0 06 x 04    0.4214  0 06 x 04
0.6209  0 01 x 03    0.6208  0 01 x 04    0.4228  0 01 x 12    0.4226  0 01 x 12
0.6210  0 05 x 12    0.6209  0 01 x 03    0.4230  0 01 x 06    0.4231  0 01 x 06
0.6212  0 01 x 04    0.6211  0 05 x 12    0.4231  0 05 x 03    0.4231  0 05 x 03
0.6228  0 05 x 03    0.6228  0 05 x 03    0.4236  0 27 x 02    0.4237  0 27 x 02
0.6244  0 01 x 12    0.6237  0 01 x 12    0.4237  0 04 x 06    0.4237  0 06 x 10
0.6245  0 06 x 12    0.6246  0 06 x 12    0.4239  0 06 x 10    0.4238  0 04 x 06
0.6246  0 01 x 06    0.6247  0 01 x 06    0.4240  0 06 x 07    0.4241  0 06 x 07
0.6260  0 04 x 06    0.6259  0 04 x 06    0.4242  0 04 x 07    0.4246  0 04 x 10
0.6266  0 04 x 10    0.6267  0 04 x 10    0.4247  0 04 x 10    0.4248  0 04 x 07
0.6267  0 27 x 02    0.6268  0 27 x 02    0.4258  0 06 x 03    0.4258  0 06 x 03
0.6273  0 04 x 07    0.6270  0 04 x 07    0.4258  0 01 x 10    0.4259  0 01 x 10
0.6273  0 01 x 10    0.6273  0 01 x 10    0.4270  0 04 x 03    0.4270  0 04 x 03
0.6312  0 06 x 06    0.6311  0 07 x 08    0.4311  0 00 x 05    0.4311  0 00 x 05
0.6313  0 07 x 08    0.6313  0 06 x 06    0.4327  0 06 x 12    0.4327  0 06 x 12
0.6326  0 04 x 03    0.6327  0 04 x 03    0.4339  0 00 x 06    0.4339  0 00 x 06
0.6329  0 07 x 05    0.6330  0 07 x 05    0.4343  0 00 x 10    0.4344  0 00 x 10
0.6353  0 00 x 05    0.6354  0 00 x 05    0.4344  0 00 x 04    0.4345  0 00 x 04
0.6361  0 07 x 04    0.6362  0 07 x 04    0.4347  0 00 x 07    0.4347  0 00 x 07
0.6389  0 00 x 06    0.6388  0 00 x 06    0.4355  0 05 x 02    0.4355  0 05 x 02
0.6395  0 07 x 06    0.6395  0 07 x 06    0.4360  0 00 x 03    0.4360  0 00 x 08
0.6398  0 00 x 10    0.6398  0 00 x 10    0.4360  0 00 x 08    0.4361  0 00 x 03
0.6399  0 00 x 07    0.6399  0 00 x 07    0.4365  0 00 x 12    0.4364  0 00 x 12
0.6401  0 00 x 04    0.6400  0 00 x 04    0.4373  0 03 x 03    0.4376  0 03 x 03
0.6423  0 05 x 02    0.6424  0 05 x 02    0.4381  0 06 x 06    0.4381  0 01 x 02
0.6424  0 00 x 08    0.6425  0 00 x 08    0.4381  0 01 x 02    0.4381  0 06 x 06
0.6425  0 00 x 03    0.6426  0 00 x 03    0.4409  0 04 x 02    0.4410  0 04 x 02
0.6431  0 00 x 12    0.6436  0 00 x 12    0.4415  0 03 x 04    0.4416  0 03 x 04
0.6463  0 06 x 02    0.6464  0 06 x 02    0.4422  0 06 x 02    0.4422  0 06 x 02
0.6463  0 07 x 03    0.6465  0 07 x 03    0.4430  0 07 x 08    0.4429  0 07 x 08
0.6478  0 03 x 03    0.6479  0 03 x 03    0.4433  0 07 x 05    0.4434  0 07 x 05
0.6497  0 01 x 02    0.6497  0 01 x 02    0.4457  0 00 x 02    0.4458  0 00 x 02
0.6538  0 04 x 02    0.6539  0 04 x 02    0.4458  0 07 x 04    0.4458  0 07 x 04
0.6540  0 03 x 04    0.6540  0 03 x 04    0.4478  0 07 x 06    0.4479  0 07 x 06
0.6544  0 07 x 12    0.6543  0 07 x 12    0.4514  0 07 x 03    0.4515  0 07 x 03
0.6567  0 07 x 10    0.6566  0 07 x 10    0.4562  0 03 x 02    0.4562  0 03 x 02
0.6586  0 00 x 02    0.6585  0 00 x 02    0.4616  0 07 x 12    0.4616  0 07 x 12
0.6644  0 07 x 07    0.6643  0 07 x 07    0.4632  0 03 x 05    0.4633  0 03 x 05
0.6665  5 08 x 03    0.6664  5 08 x 03    0.4641  5 08 x 03    0.4639  5 08 x 03
0.6674  5 08 x 04    0.6673  5 08 x 04    0.4642  0 07 x 07    0.4643  0 07 x 07
0.6695  5 08 x 08    0.6695  5 08 x 08    0.4650  0 07 x 10    0.4651  0 07 x 10
0.6705  5 08 x 10    0.6704  5 08 x 10    0.4657  5 08 x 04    0.4659  5 08 x 04
0.6712  5 08 x 05    0.6712  5 08 x 05    0.4681  0 07 x 02    0.4681  0 07 x 02
0.6728  0 07 x 02    0.6730  0 07 x 02    0.4683  5 08 x 08    0.4687  5 08 x 08
0.6742  5 08 x 06    0.6743  5 08 x 06    0.4691  5 08 x 05    0.4693  5 08 x 05
0.6768  0 03 x 02    0.6768  0 03 x 02    0.4700  5 08 x 10    0.4699  5 08 x 10
0.6809  6 08 x 10    0.6811  5 08 x 07    0.4709  4 08 x 04    0.4709  4 08 x 04
0.6810  5 08 x 07    0.6811  6 08 x 10    0.4718  4 08 x 03    0.4717  5 08 x 06
0.6818  6 08 x 03    0.6821  6 08 x 03    0.4719  5 08 x 06    0.4719  4 08 x 03
0.6829  6 08 x 08    0.6828  6 08 x 08    0.4726  4 08 x 08    0.4725  4 08 x 08
0.6829  6 08 x 04    0.6829  6 08 x 04    0.4765  4 08 x 05    0.4764  4 08 x 10
0.6834  5 08 x 12    0.6834  5 08 x 12    0.4766  4 08 x 10    0.4765  4 08 x 05
0.6843  4 08 x 04    0.6844  4 08 x 04    0.4768  5 08 x 07    0.4769  5 08 x 07
0.6847  0 03 x 05    0.6847  0 03 x 05    0.4785  4 08 x 06    0.4785  4 08 x 06
0.6869  4 08 x 08    0.6873  6 08 x 05    0.4794  5 08 x 12    0.4794  5 08 x 12
0.6875  6 08 x 06    0.6873  4 08 x 08    0.4824  4 08 x 07    0.4825  4 08 x 07
0.6878  6 08 x 05    0.6877  6 08 x 06    0.4880  4 08 x 12    0.4880  4 08 x 12
0.6884  4 08 x 03    0.6882  4 08 x 03    0.4880  6 08 x 03    0.4882  6 08 x 03
0.6898  4 08 x 10    0.6896  4 08 x 10    0.4886  6 08 x 10    0.4886  6 08 x 10
0.6920  4 08 x 05    0.6930  4 08 x 06    0.4892  6 08 x 08    0.4894  6 08 x 08
0.6928  6 08 x 07    0.6930  6 08 x 07    0.4909  6 08 x 04    0.4909  6 08 x 04
0.6946  4 08 x 06    0.6931  4 08 x 05    0.4935  6 08 x 05    0.4935  6 08 x 05
0.6970  6 08 x 12    0.6970  6 08 x 12    0.4947  6 08 x 06    0.4945  6 08 x 06
0.6997  4 08 x 07    0.6998  4 08 x 07    0.4974  3 08 x 03    0.4975  6 08 x 07
0.7058  4 08 x 12    0.7057  4 08 x 12    0.4974  6 08 x 07    0.4978  3 08 x 03
0.7310  3 08 x 03    0.7309  3 08 x 03    0.4993  0 03 x 06    0.4994  0 03 x 06
0.7367  3 08 x 04    0.7369  3 08 x 04    0.4997  6 08 x 12    0.4997  6 08 x 12
0.7377  0 03 x 06    0.7378  0 03 x 06    0.5011  3 08 x 04    0.5007  3 08 x 04
0.7430  7 08 x 04    0.7432  7 08 x 04    0.5079  3 08 x 08    0.5078  3 08 x 08
0.7432  5 08 x 02    0.7433  5 08 x 02    0.5095  3 08 x 10    0.5092  3 08 x 10
0.7436  7 08 x 03    0.7437  7 08 x 03    0.5095  3 08 x 02    0.5096  3 08 x 02
0.7453  3 08 x 08    0.7452  3 08 x 08    0.5100  3 08 x 06    0.5097  3 08 x 06
0.7475  3 08 x 10    0.7477  3 08 x 10    0.5113  3 08 x 05    0.5109  3 08 x 05
0.7486  3 08 x 06    0.7494  3 08 x 05    0.5132  3 08 x 07    0.5126  3 08 x 07
0.7508  3 08 x 05    0.7495  3 08 x 06    0.5186  5 08 x 02    0.5186  5 08 x 02
0.7519  3 08 x 02    0.7520  3 08 x 02    0.5190  4 08 x 02    0.5190  3 08 x 12
0.7524  7 08 x 05    0.7525  7 08 x 05    0.5190  3 08 x 12    0.5191  4 08 x 02
0.7532  3 08 x 07    0.7530  3 08 x 07    0.5199  0 03 x 07    0.5199  0 03 x 07
0.7579  4 08 x 02    0.7579  4 08 x 02    0.5365  0 03 x 08    0.5365  0 03 x 08
0.7614  3 08 x 12    0.7615  3 08 x 12    0.5554  7 08 x 03    0.5551  7 08 x 03
0.7681  0 03 x 07    0.7681  0 03 x 07    0.5559  6 08 x 02    0.5559  6 08 x 02
0.7737  6 08 x 02    0.7738  6 08 x 02    0.5586  0 03 x 10    0.5586  0 03 x 10
0.7925  0 03 x 08    0.7925  0 03 x 08    0.5592  7 08 x 04    0.5588  7 08 x 04
0.8250  0 03 x 10    0.8251  0 03 x 10    0.5616  7 08 x 05    0.5616  7 08 x 05
0.8471  0 03 x 12    0.8471  0 03 x 12    0.5735  0 30 x 01    0.5737  0 30 x 01
0.8555  0 30 x 01    0.8556  0 30 x 01    0.5737  0 03 x 12    0.5737  0 03 x 12
0.8566  0 02 x 12    0.8558  0 02 x 12    0.5769  0 01 x 01    0.5771  0 01 x 01
0.8594  7 08 x 02    0.8595  7 08 x 02    0.5793  0 31 x 01    0.5794  0 31 x 01
0.8594  0 32 x 01    0.8595  0 32 x 01    0.5793  0 05 x 01    0.5795  0 05 x 01
0.8596  0 31 x 01    0.8597  0 31 x 01    0.5795  0 32 x 01    0.5797  0 32 x 01
0.8596  0 05 x 01    0.8597  0 05 x 01    0.5800  0 02 x 12    0.5799  0 02 x 12
0.8620  0 06 x 01    0.8619  2 08 x 03    0.5814  0 28 x 01    0.5816  0 28 x 01
0.8623  2 08 x 03    0.8622  0 06 x 01    0.5833  2 08 x 03    0.5835  0 06 x 01
0.8625  0 01 x 01    0.8626  0 01 x 01    0.5834  0 06 x 01    0.5835  2 08 x 03
0.8685  0 28 x 01    0.8686  0 28 x 01    0.5839  0 27 x 01    0.5840  0 27 x 01
0.8713  0 04 x 01    0.8715  0 04 x 01    0.5842  0 04 x 01    0.5843  0 04 x 01
0.8715  0 29 x 01    0.8715  0 29 x 01    0.5864  0 29 x 01    0.5866  0 29 x 01
0.8722  0 27 x 01    0.8724  0 27 x 01    0.5909  2 08 x 04    0.5910  2 08 x 04
0.8727  2 08 x 04    0.8725  2 08 x 04    0.5911  0 00 x 01    0.5913  0 00 x 01
0.8781  2 08 x 02    0.8784  2 08 x 02    0.5933  0 02 x 03    0.5933  0 02 x 03
0.8792  0 02 x 03    0.8792  0 02 x 03    0.5937  2 08 x 02    0.5939  2 08 x 02
0.8805  0 07 x 01    0.8806  0 07 x 01    0.5977  2 08 x 05    0.5978  2 08 x 05
0.8810  2 08 x 05    0.8811  2 08 x 05    0.6036  0 07 x 01    0.6037  0 07 x 01
0.8828  0 00 x 01    0.8828  0 00 x 01    0.6038  0 02 x 08    0.6038  0 02 x 08
0.8919  0 02 x 08    0.8922  0 02 x 08    0.6039  0 02 x 02    0.6039  0 02 x 02
0.8960  0 02 x 04    0.8960  0 02 x 04    0.6053  0 02 x 04    0.6054  0 02 x 04
0.8960  0 02 x 02    0.8961  0 02 x 02    0.6076  0 02 x 05    0.6077  0 02 x 05
0.8989  0 02 x 05    0.8990  0 02 x 05    0.6093  0 02 x 06    0.6092  0 02 x 06
0.9008  0 02 x 06    0.9010  0 02 x 06    0.6106  0 02 x 07    0.6105  0 02 x 07
0.9022  0 02 x 07    0.9022  0 02 x 07    0.6121  0 02 x 10    0.6121  0 02 x 10
0.9037  0 02 x 10    0.9037  0 02 x 10    0.6268  0 03 x 01    0.6270  0 03 x 01
0.9355  0 03 x 01    0.9356  0 03 x 01    0.6451  4 08 x 01    0.6452  4 08 x 01
0.9516  5 08 x 01    0.9517  5 08 x 01    0.6490  7 08 x 02    0.6492  7 08 x 02
0.9561  4 08 x 01    0.9564  4 08 x 01    0.6525  5 08 x 01    0.6526  5 08 x 01
0.9763  6 08 x 01    0.9764  6 08 x 01    0.6870  3 08 x 01    0.6872  3 08 x 01
1.0249  3 08 x 01    1.0251  3 08 x 01    0.6872  6 08 x 01    0.6874  6 08 x 01
1.0532  0 02 x 01    1.0534  0 02 x 01    0.7055  0 02 x 01    0.7057  0 02 x 01
1.0656  7 08 x 01    1.0657  7 08 x 01    0.7686  2 08 x 01    0.7688  2 08 x 01
1.1485  2 08 x 01    1.1487  2 08 x 01    0.7830  7 08 x 01    0.7831  7 08 x 01
1.1994  1 08 x 04    1.1955  1 08 x 04    0.8062  1 08 x 04    0.8071  1 08 x 04
1.2019  1 08 x 03    1.2021  1 08 x 03    0.8094  1 08 x 03    0.8095  1 08 x 03
1.2053  1 08 x 02    1.2054  1 08 x 02    0.8100  1 08 x 02    0.8102  1 08 x 02
1.2426  1 08 x 05    1.2427  1 08 x 05    0.8389  1 08 x 05    0.8389  1 08 x 05
1.5923  1 08 x 01    1.5926  1 08 x 01    1.0630  1 08 x 01    1.0632  1 08 x 01
---Benchmark Program Finished---
