
./testbench.sh g++ O3 MontgomeryQuarter __uint128_t 191 8 40 -DTEST_ARRAY

compilation finished, now executing:
---Running Program---

begin benchmarks - array two_pow
(ignore)5349058770945686463884924119731073391

OVERALL BEST:
2.3867  0 31 x 02
2.3878  0 31 x 04
2.3965  0 31 x 05
2.4159  0 31 x 06
2.4217  0 29 x 05
2.4225  0 32 x 05
2.4314  0 29 x 04
2.4327  0 32 x 04
2.4392  0 31 x 07
2.4549  0 31 x 08
2.4631  0 32 x 06
2.4657  0 29 x 07
2.4685  0 29 x 06
2.4732  0 32 x 07
2.4785  0 31 x 03
2.4825  0 32 x 08
2.4831  0 29 x 08
2.5069  0 31 x 10
2.5139  0 29 x 03
2.5152  0 32 x 03
2.5286  0 32 x 10
2.5291  0 29 x 10
2.5306  0 31 x 12
2.5514  0 29 x 12
2.5537  0 32 x 12
2.6309  0 32 x 02
2.6350  0 29 x 02
2.6473  0 30 x 02
2.6510  0 05 x 03
2.6635  0 28 x 05
2.6669  0 28 x 03
2.6732  0 30 x 03
2.6739  0 30 x 04
2.6745  0 30 x 05
2.6801  0 04 x 03
2.6810  0 05 x 04
2.6854  0 28 x 04
2.6864  0 28 x 02
2.6878  0 05 x 05
2.6888  0 27 x 07
2.6902  0 00 x 03
2.6946  0 04 x 04
2.6946  0 27 x 02
2.6998  0 27 x 06
2.7002  0 04 x 05
2.7030  0 05 x 06
2.7120  0 05 x 08
2.7220  0 28 x 06
2.7225  0 30 x 10
2.7237  0 27 x 08
2.7255  0 05 x 02
2.7259  0 05 x 07
2.7294  0 00 x 05
2.7302  0 28 x 07
2.7328  0 28 x 08
2.7332  0 27 x 12
2.7335  0 00 x 08
2.7347  0 06 x 03
2.7351  0 04 x 06
2.7353  0 30 x 12
2.7398  0 04 x 08
2.7438  0 00 x 07
2.7451  0 04 x 07
2.7511  0 30 x 07
2.7518  0 28 x 10
2.7584  0 00 x 06
2.7597  0 00 x 04
2.7628  0 30 x 08
2.7633  0 27 x 03
2.7662  0 04 x 02
2.7665  0 06 x 04
2.7679  0 05 x 10
2.7686  0 27 x 10
2.7711  0 30 x 06
2.7715  0 06 x 05
2.7764  0 27 x 05
2.7788  0 06 x 02
2.7805  0 27 x 04
2.7995  0 28 x 12
2.7997  0 04 x 10
2.8018  0 01 x 03
2.8026  0 06 x 07
2.8041  0 00 x 10
2.8064  0 05 x 12
2.8078  0 06 x 08
2.8300  0 06 x 06
2.8459  0 00 x 02
2.8646  0 01 x 05
2.8664  0 04 x 12
2.8766  0 01 x 04
2.8833  0 01 x 07
2.8881  0 01 x 06
2.9035  0 01 x 08
2.9300  0 06 x 12
2.9450  0 01 x 02
2.9689  0 06 x 10
2.9763  0 00 x 12
2.9878  0 07 x 05
2.9924  0 07 x 03
2.9957  0 07 x 04
2.9984  0 07 x 02
3.0320  0 01 x 10
3.0436  0 07 x 06
3.0873  0 07 x 07
3.0960  0 07 x 08
3.1491  0 01 x 12
3.2198  0 07 x 10
3.2365  0 07 x 12
3.3120  5 08 x 03
3.3616  4 08 x 03
3.3629  4 08 x 05
3.3744  4 08 x 06
3.3834  5 08 x 02
3.3902  5 08 x 05
3.3950  5 08 x 04
3.4151  5 08 x 06
3.4294  4 08 x 04
3.5423  0 29 x 01
3.5441  0 32 x 01
3.5726  4 08 x 10
3.5738  0 31 x 01
3.5854  5 08 x 08
3.5921  4 08 x 08
3.5960  3 08 x 05
3.6089  3 08 x 06
3.6154  4 08 x 07
3.6162  5 08 x 10
3.6462  6 08 x 03
3.6547  5 08 x 07
3.6670  4 08 x 12
3.6719  0 27 x 01
3.6795  0 30 x 01
3.6930  0 28 x 01
3.7210  6 08 x 02
3.7251  6 08 x 04
3.7292  5 08 x 12
3.7465  6 08 x 06
3.7640  6 08 x 05
3.7661  0 05 x 01
3.7845  0 06 x 01
3.7865  0 04 x 01
3.7903  4 08 x 02
3.8684  3 08 x 04
3.8724  3 08 x 10
3.8735  3 08 x 03
3.9173  3 08 x 12
3.9282  3 08 x 08
3.9376  0 01 x 01
3.9429  0 07 x 01
3.9451  6 08 x 10
3.9844  3 08 x 02
3.9948  6 08 x 12
3.9986  0 00 x 01
4.0047  3 08 x 07
4.0306  6 08 x 08
4.0349  6 08 x 07
4.2273  4 08 x 01
4.3414  5 08 x 01
4.4079  2 08 x 04
4.4313  3 08 x 01
4.4349  2 08 x 05
4.5111  7 08 x 03
4.5237  2 08 x 02
4.5876  7 08 x 04
4.5924  7 08 x 02
4.6070  7 08 x 05
4.6333  0 02 x 12
4.6421  2 08 x 03
4.7049  6 08 x 01
4.7259  0 02 x 10
4.8238  0 02 x 08
4.8314  0 02 x 02
4.8459  0 02 x 07
4.9296  2 08 x 01
4.9388  0 02 x 06
5.0264  0 02 x 03
5.0877  0 02 x 04
5.1220  0 02 x 05
5.1987  0 02 x 01
5.2551  0 03 x 12
5.3021  0 03 x 05
5.3101  0 03 x 06
5.3780  0 03 x 01
5.3883  0 03 x 02
5.4035  0 03 x 10
5.4122  0 03 x 04
5.4197  0 03 x 03
5.5927  0 03 x 08
5.6760  0 03 x 07
5.7296  7 08 x 01
6.3161  1 08 x 02
6.4899  1 08 x 03
6.6211  1 08 x 04
6.6882  1 08 x 05
6.7526  1 08 x 01
Timings By Test Type:
0.7105  0 31 x 04    0.7016  0 31 x 04    0.4893  0 31 x 02    0.4820  0 31 x 02
0.7126  0 31 x 02    0.7026  0 31 x 05    0.4914  0 31 x 04    0.4843  0 31 x 04
0.7132  0 31 x 05    0.7027  0 31 x 02    0.4947  0 31 x 05    0.4860  0 31 x 05
0.7163  0 31 x 06    0.7062  0 31 x 06    0.4991  0 29 x 05    0.4911  0 29 x 05
0.7203  0 29 x 05    0.7113  0 29 x 05    0.4991  0 32 x 05    0.4912  0 32 x 05
0.7206  0 32 x 05    0.7114  0 31 x 07    0.5002  0 29 x 04    0.4922  0 31 x 06
0.7216  0 31 x 07    0.7115  0 32 x 05    0.5008  0 32 x 04    0.4930  0 29 x 04
0.7231  0 29 x 04    0.7149  0 32 x 04    0.5011  0 31 x 06    0.4938  0 32 x 04
0.7233  0 32 x 04    0.7151  0 29 x 04    0.5073  0 31 x 07    0.4990  0 31 x 07
0.7261  0 31 x 08    0.7165  0 31 x 08    0.5079  0 32 x 06    0.5008  0 29 x 07
0.7299  0 32 x 06    0.7227  0 29 x 07    0.5091  0 31 x 03    0.5013  0 32 x 06
0.7306  0 29 x 06    0.7239  0 32 x 07    0.5098  0 29 x 06    0.5021  0 31 x 03
0.7310  0 29 x 07    0.7240  0 32 x 06    0.5102  0 31 x 08    0.5022  0 31 x 08
0.7313  0 32 x 07    0.7242  0 29 x 06    0.5112  0 29 x 07    0.5038  0 29 x 06
0.7340  0 32 x 08    0.7264  0 29 x 08    0.5128  0 32 x 07    0.5052  0 32 x 07
0.7342  0 29 x 08    0.7264  0 32 x 08    0.5148  0 32 x 08    0.5073  0 32 x 08
0.7387  0 31 x 03    0.7286  0 31 x 03    0.5149  0 29 x 08    0.5076  0 29 x 08
0.7395  0 31 x 10    0.7294  0 31 x 10    0.5155  0 29 x 03    0.5094  0 29 x 03
0.7454  0 32 x 10    0.7335  0 31 x 12    0.5157  0 32 x 03    0.5098  0 32 x 03
0.7461  0 29 x 10    0.7376  0 29 x 10    0.5231  0 31 x 10    0.5150  0 31 x 10
0.7489  0 29 x 03    0.7379  0 32 x 10    0.5258  0 29 x 10    0.5192  0 31 x 12
0.7492  0 32 x 03    0.7401  0 29 x 03    0.5260  0 32 x 10    0.5193  0 32 x 10
0.7503  0 31 x 12    0.7404  0 32 x 03    0.5276  0 31 x 12    0.5197  0 29 x 10
0.7558  0 29 x 12    0.7431  0 29 x 12    0.5307  0 29 x 12    0.5218  0 29 x 12
0.7563  0 32 x 12    0.7434  0 32 x 12    0.5318  0 32 x 12    0.5221  0 32 x 12
0.7858  0 32 x 02    0.7719  0 28 x 03    0.5387  0 32 x 02    0.5245  0 30 x 02
0.7865  0 05 x 03    0.7743  0 32 x 02    0.5390  0 30 x 02    0.5321  0 32 x 02
0.7866  0 29 x 02    0.7762  0 29 x 02    0.5393  0 29 x 02    0.5328  0 29 x 02
0.7940  0 05 x 05    0.7765  0 30 x 03    0.5414  0 05 x 03    0.5343  0 30 x 04
0.7941  0 05 x 04    0.7799  0 28 x 05    0.5434  0 04 x 03    0.5345  0 27 x 02
0.7963  0 28 x 05    0.7805  0 30 x 04    0.5466  0 04 x 04    0.5352  0 28 x 04
0.7965  0 28 x 03    0.7829  0 30 x 05    0.5475  0 00 x 03    0.5356  0 28 x 05
0.7973  0 30 x 03    0.7841  0 30 x 02    0.5478  0 04 x 05    0.5388  0 05 x 03
0.7978  0 00 x 03    0.7842  0 05 x 03    0.5493  0 27 x 02    0.5394  0 28 x 02
0.7979  0 04 x 03    0.7854  0 28 x 04    0.5495  0 05 x 04    0.5398  0 30 x 05
0.7980  0 30 x 05    0.7866  0 27 x 07    0.5511  0 28 x 02    0.5424  0 04 x 03
0.7982  0 05 x 06    0.7898  0 05 x 05    0.5517  0 28 x 05    0.5441  0 28 x 03
0.7997  0 30 x 02    0.7906  0 05 x 04    0.5531  0 30 x 04    0.5446  0 30 x 03
0.8000  0 05 x 08    0.7907  0 28 x 02    0.5532  0 04 x 06    0.5453  0 04 x 04
0.8005  0 27 x 07    0.7911  0 27 x 06    0.5532  0 05 x 05    0.5461  0 27 x 07
0.8019  0 04 x 04    0.7927  0 30 x 10    0.5539  0 30 x 05    0.5462  0 04 x 05
0.8035  0 05 x 07    0.7943  0 05 x 06    0.5544  0 28 x 03    0.5467  0 05 x 04
0.8039  0 27 x 06    0.7945  0 28 x 06    0.5548  0 30 x 03    0.5475  0 00 x 03
0.8042  0 04 x 05    0.7956  0 28 x 07    0.5555  0 28 x 04    0.5478  0 27 x 06
0.8050  0 00 x 08    0.7963  0 27 x 08    0.5555  0 27 x 07    0.5502  0 28 x 06
0.8052  0 28 x 02    0.7965  0 04 x 03    0.5556  0 04 x 08    0.5507  0 05 x 05
0.8059  0 30 x 04    0.7969  0 27 x 03    0.5558  0 05 x 02    0.5525  0 04 x 06
0.8074  0 00 x 05    0.7972  0 27 x 02    0.5568  0 05 x 06    0.5525  0 27 x 04
0.8080  0 06 x 03    0.7974  0 05 x 08    0.5570  0 27 x 06    0.5530  0 27 x 12
0.8089  0 00 x 07    0.7975  0 00 x 03    0.5572  0 04 x 07    0.5531  0 28 x 07
0.8090  0 05 x 02    0.7981  0 28 x 08    0.5574  0 00 x 05    0.5536  0 05 x 02
0.8094  0 28 x 04    0.7981  0 30 x 12    0.5588  0 05 x 08    0.5537  0 05 x 06
0.8096  0 27 x 08    0.7998  0 05 x 07    0.5598  0 04 x 02    0.5543  0 28 x 08
0.8098  0 30 x 10    0.8007  0 04 x 04    0.5617  0 00 x 08    0.5543  0 04 x 08
0.8126  0 28 x 06    0.8021  0 04 x 05    0.5617  0 27 x 12    0.5545  0 30 x 10
0.8132  0 00 x 06    0.8023  0 27 x 12    0.5623  0 05 x 07    0.5545  0 27 x 08
0.8136  0 27 x 02    0.8027  0 06 x 03    0.5628  0 00 x 04    0.5558  0 05 x 08
0.8138  0 30 x 12    0.8051  0 00 x 08    0.5628  0 00 x 07    0.5560  0 04 x 07
0.8142  0 28 x 07    0.8053  0 28 x 10    0.5633  0 27 x 08    0.5562  0 30 x 07
0.8147  0 28 x 08    0.8065  0 30 x 07    0.5640  0 06 x 03    0.5563  0 30 x 12
0.8158  0 04 x 06    0.8070  0 05 x 02    0.5647  0 28 x 06    0.5573  0 00 x 05
0.8161  0 04 x 08    0.8073  0 00 x 05    0.5655  0 30 x 10    0.5590  0 30 x 08
0.8163  0 27 x 12    0.8076  0 27 x 10    0.5658  0 28 x 08    0.5592  0 04 x 02
0.8166  0 04 x 07    0.8087  0 06 x 04    0.5661  0 00 x 06    0.5600  0 06 x 03
0.8170  0 00 x 04    0.8087  0 30 x 08    0.5665  0 30 x 07    0.5603  0 05 x 07
0.8171  0 05 x 10    0.8091  0 00 x 07    0.5671  0 30 x 12    0.5609  0 28 x 10
0.8177  0 28 x 10    0.8098  0 06 x 05    0.5673  0 28 x 07    0.5617  0 00 x 08
0.8185  0 06 x 05    0.8099  0 30 x 06    0.5679  0 28 x 10    0.5620  0 27 x 05
0.8197  0 06 x 04    0.8118  0 27 x 05    0.5680  0 01 x 03    0.5628  0 00 x 04
0.8218  0 27 x 10    0.8125  0 05 x 10    0.5684  0 04 x 10    0.5630  0 00 x 07
0.8219  0 30 x 07    0.8131  0 00 x 06    0.5703  0 30 x 08    0.5642  0 30 x 06
0.8241  0 04 x 02    0.8136  0 04 x 06    0.5704  0 06 x 02    0.5643  0 06 x 04
0.8244  0 30 x 06    0.8138  0 04 x 08    0.5710  0 05 x 10    0.5645  0 06 x 02
0.8244  0 00 x 10    0.8153  0 04 x 07    0.5722  0 27 x 04    0.5648  0 27 x 03
0.8247  0 30 x 08    0.8171  0 00 x 04    0.5727  0 30 x 06    0.5651  0 27 x 10
0.8252  0 06 x 02    0.8174  0 06 x 07    0.5739  0 06 x 04    0.5661  0 00 x 06
0.8257  0 27 x 03    0.8175  0 27 x 04    0.5740  0 27 x 05    0.5669  0 04 x 10
0.8271  0 06 x 08    0.8187  0 06 x 08    0.5741  0 27 x 10    0.5673  0 05 x 10
0.8277  0 06 x 07    0.8187  0 06 x 02    0.5751  0 06 x 05    0.5674  0 01 x 03
0.8288  0 27 x 05    0.8189  0 28 x 12    0.5759  0 27 x 03    0.5681  0 06 x 05
0.8302  0 05 x 12    0.8231  0 04 x 02    0.5775  0 00 x 02    0.5719  0 28 x 12
0.8306  0 28 x 12    0.8237  0 00 x 10    0.5781  0 28 x 12    0.5729  0 05 x 12
0.8331  0 04 x 10    0.8241  0 05 x 12    0.5782  0 00 x 10    0.5742  0 06 x 07
0.8336  0 01 x 03    0.8259  0 06 x 06    0.5792  0 05 x 12    0.5771  0 00 x 02
0.8355  0 06 x 06    0.8313  0 04 x 10    0.5804  0 01 x 05    0.5772  0 06 x 08
0.8384  0 27 x 04    0.8328  0 01 x 03    0.5832  0 04 x 12    0.5779  0 00 x 10
0.8458  0 00 x 02    0.8454  0 00 x 02    0.5833  0 06 x 07    0.5793  0 01 x 05
0.8520  0 04 x 12    0.8495  0 04 x 12    0.5836  0 01 x 04    0.5804  0 06 x 06
0.8528  0 01 x 05    0.8501  0 06 x 12    0.5849  0 06 x 08    0.5816  0 04 x 12
0.8556  0 01 x 04    0.8520  0 01 x 05    0.5853  0 01 x 07    0.5827  0 01 x 04
0.8573  0 01 x 07    0.8547  0 01 x 04    0.5865  0 01 x 06    0.5844  0 01 x 07
0.8586  0 01 x 06    0.8562  0 01 x 07    0.5881  0 06 x 06    0.5856  0 01 x 06
0.8611  0 06 x 12    0.8574  0 01 x 06    0.5899  0 01 x 08    0.5888  0 01 x 08
0.8628  0 01 x 08    0.8602  0 07 x 05    0.5964  0 01 x 02    0.5960  0 01 x 02
0.8731  0 06 x 10    0.8620  0 01 x 08    0.6108  0 00 x 12    0.6040  0 06 x 12
0.8757  0 07 x 05    0.8628  0 07 x 03    0.6148  0 06 x 12    0.6106  0 00 x 12
0.8761  0 07 x 03    0.8639  0 07 x 04    0.6162  0 01 x 10    0.6121  0 06 x 10
0.8766  0 01 x 02    0.8653  0 06 x 10    0.6183  0 06 x 10    0.6152  0 01 x 10
0.8775  0 00 x 12    0.8699  0 07 x 02    0.6281  0 07 x 02    0.6174  0 07 x 02
0.8779  0 07 x 04    0.8760  0 01 x 02    0.6320  0 07 x 03    0.6195  0 07 x 05
0.8830  0 07 x 02    0.8761  0 07 x 06    0.6323  0 07 x 05    0.6210  0 07 x 04
0.8922  0 07 x 06    0.8775  0 00 x 12    0.6329  0 07 x 04    0.6215  0 07 x 03
0.9008  0 01 x 10    0.8886  0 07 x 08    0.6400  0 01 x 12    0.6313  0 07 x 06
0.9013  0 07 x 07    0.8886  0 07 x 07    0.6440  0 07 x 06    0.6393  0 01 x 12
0.9045  0 07 x 08    0.8999  0 01 x 10    0.6539  0 07 x 07    0.6434  0 07 x 07
0.9353  0 01 x 12    0.9251  0 07 x 10    0.6582  0 07 x 08    0.6447  0 07 x 08
0.9387  0 07 x 10    0.9282  0 07 x 12    0.6776  4 08 x 03    0.6716  0 07 x 10
0.9415  0 07 x 12    0.9345  0 01 x 12    0.6808  5 08 x 03    0.6765  0 07 x 12
0.9698  5 08 x 02    0.9697  5 08 x 02    0.6844  0 07 x 10    0.6776  4 08 x 03
0.9752  5 08 x 03    0.9751  5 08 x 03    0.6902  0 07 x 12    0.6809  5 08 x 03
0.9864  5 08 x 05    0.9856  5 08 x 05    0.6924  4 08 x 05    0.6925  4 08 x 05
0.9891  4 08 x 05    0.9890  4 08 x 05    0.6955  4 08 x 06    0.6956  4 08 x 06
0.9913  5 08 x 06    0.9912  5 08 x 06    0.7055  5 08 x 04    0.7055  5 08 x 04
0.9917  4 08 x 06    0.9917  4 08 x 06    0.7072  4 08 x 04    0.7072  4 08 x 04
0.9918  5 08 x 04    0.9922  5 08 x 04    0.7090  5 08 x 05    0.7093  5 08 x 05
1.0031  4 08 x 03    1.0033  4 08 x 03    0.7163  5 08 x 06    0.7127  0 29 x 01
1.0074  4 08 x 04    1.0076  4 08 x 04    0.7185  0 29 x 01    0.7132  0 32 x 01
1.0373  5 08 x 08    1.0373  5 08 x 08    0.7187  0 32 x 01    0.7163  5 08 x 06
1.0383  6 08 x 03    1.0384  6 08 x 03    0.7219  5 08 x 02    0.7193  0 31 x 01
1.0470  5 08 x 10    1.0474  5 08 x 10    0.7242  0 31 x 01    0.7221  5 08 x 02
1.0488  4 08 x 10    1.0491  4 08 x 10    0.7354  3 08 x 05    0.7352  0 30 x 01
1.0518  4 08 x 08    1.0506  0 29 x 01    0.7365  3 08 x 06    0.7355  3 08 x 05
1.0565  5 08 x 07    1.0514  0 32 x 01    0.7373  4 08 x 10    0.7362  0 27 x 01
1.0590  4 08 x 07    1.0520  4 08 x 08    0.7430  0 30 x 01    0.7364  3 08 x 06
1.0606  0 29 x 01    1.0564  5 08 x 07    0.7441  4 08 x 08    0.7374  4 08 x 10
1.0607  0 32 x 01    1.0584  4 08 x 07    0.7444  0 27 x 01    0.7410  0 28 x 01
1.0612  6 08 x 02    1.0615  6 08 x 02    0.7481  4 08 x 07    0.7442  4 08 x 08
1.0624  3 08 x 05    1.0616  0 31 x 01    0.7485  0 28 x 01    0.7498  4 08 x 07
1.0668  6 08 x 06    1.0628  3 08 x 05    0.7555  5 08 x 08    0.7553  5 08 x 08
1.0676  6 08 x 04    1.0665  6 08 x 06    0.7601  4 08 x 12    0.7608  5 08 x 10
1.0679  3 08 x 06    1.0678  6 08 x 04    0.7610  5 08 x 10    0.7610  4 08 x 12
1.0687  0 31 x 01    1.0681  3 08 x 06    0.7636  0 05 x 01    0.7619  0 05 x 01
1.0712  6 08 x 05    1.0710  6 08 x 05    0.7638  0 04 x 01    0.7632  0 04 x 01
1.0732  4 08 x 12    1.0727  4 08 x 12    0.7694  0 06 x 01    0.7655  0 06 x 01
1.0822  5 08 x 12    1.0824  5 08 x 12    0.7703  5 08 x 07    0.7708  4 08 x 02
1.1026  0 27 x 01    1.0887  0 27 x 01    0.7707  4 08 x 02    0.7715  5 08 x 07
1.1070  0 30 x 01    1.0942  0 30 x 01    0.7821  5 08 x 12    0.7826  5 08 x 12
1.1082  0 28 x 01    1.0953  0 28 x 01    0.7846  3 08 x 03    0.7844  3 08 x 03
1.1215  0 05 x 01    1.1192  0 05 x 01    0.7846  6 08 x 03    0.7848  6 08 x 03
1.1230  6 08 x 10    1.1227  0 06 x 01    0.7877  3 08 x 04    0.7878  3 08 x 04
1.1244  4 08 x 02    1.1227  6 08 x 10    0.7910  3 08 x 10    0.7913  3 08 x 10
1.1269  0 06 x 01    1.1244  4 08 x 02    0.7934  0 01 x 01    0.7928  0 01 x 01
1.1300  0 04 x 01    1.1294  0 04 x 01    0.7947  6 08 x 04    0.7949  6 08 x 04
1.1345  6 08 x 12    1.1348  6 08 x 12    0.7991  6 08 x 02    0.7978  3 08 x 12
1.1410  6 08 x 08    1.1413  6 08 x 08    0.7995  3 08 x 12    0.7991  6 08 x 02
1.1443  6 08 x 07    1.1430  6 08 x 07    0.8045  3 08 x 02    0.8031  0 07 x 01
1.1452  3 08 x 10    1.1449  3 08 x 10    0.8065  0 00 x 01    0.8044  3 08 x 02
1.1464  3 08 x 04    1.1465  3 08 x 04    0.8066  6 08 x 06    0.8065  0 00 x 01
1.1523  3 08 x 03    1.1522  3 08 x 03    0.8103  3 08 x 08    0.8066  6 08 x 06
1.1533  3 08 x 08    1.1562  3 08 x 08    0.8110  6 08 x 05    0.8085  3 08 x 08
1.1606  3 08 x 12    1.1594  3 08 x 12    0.8112  0 07 x 01    0.8109  6 08 x 05
1.1686  0 07 x 01    1.1599  0 07 x 01    0.8284  3 08 x 07    0.8268  3 08 x 07
1.1742  3 08 x 07    1.1753  3 08 x 07    0.8497  6 08 x 10    0.8497  6 08 x 10
1.1760  0 01 x 01    1.1755  0 01 x 01    0.8626  6 08 x 12    0.8629  6 08 x 12
1.1877  3 08 x 02    1.1879  3 08 x 02    0.8639  4 08 x 01    0.8645  4 08 x 01
1.1928  0 00 x 01    1.1928  0 00 x 01    0.8735  6 08 x 07    0.8741  6 08 x 07
1.2450  7 08 x 03    1.2451  7 08 x 03    0.8740  6 08 x 08    0.8743  6 08 x 08
1.2493  4 08 x 01    1.2496  4 08 x 01    0.8943  3 08 x 01    0.8945  3 08 x 01
1.2708  5 08 x 01    1.2709  5 08 x 01    0.8951  2 08 x 04    0.8953  2 08 x 04
1.2762  7 08 x 05    1.2764  7 08 x 05    0.9001  5 08 x 01    0.8997  5 08 x 01
1.2772  7 08 x 02    1.2771  7 08 x 02    0.9009  2 08 x 05    0.9010  2 08 x 05
1.2821  7 08 x 04    1.2821  7 08 x 04    0.9096  2 08 x 02    0.9105  2 08 x 02
1.3087  2 08 x 04    1.3088  2 08 x 04    0.9378  2 08 x 03    0.9131  0 02 x 12
1.3164  2 08 x 05    1.3165  2 08 x 05    0.9750  0 02 x 12    0.9271  0 02 x 10
1.3211  3 08 x 01    1.3214  3 08 x 01    0.9908  0 02 x 10    0.9331  0 02 x 07
1.3521  2 08 x 02    1.3264  0 02 x 12    0.9940  6 08 x 01    0.9377  2 08 x 03
1.3583  6 08 x 01    1.3515  2 08 x 02    0.9986  2 08 x 01    0.9394  0 02 x 02
1.3832  2 08 x 03    1.3568  0 02 x 10    1.0091  0 02 x 02    0.9418  0 02 x 06
1.4187  0 02 x 12    1.3585  6 08 x 01    1.0103  7 08 x 03    0.9438  0 02 x 08
1.4512  0 02 x 10    1.3833  2 08 x 03    1.0116  7 08 x 04    0.9761  0 03 x 12
1.4649  2 08 x 01    1.3838  0 02 x 08    1.0139  0 02 x 08    0.9776  0 02 x 03
1.4823  0 02 x 08    1.3840  0 02 x 07    1.0190  7 08 x 02    0.9901  0 02 x 04
1.4931  0 02 x 02    1.3898  0 02 x 02    1.0246  0 02 x 07    0.9941  6 08 x 01
1.5042  0 02 x 07    1.4062  0 02 x 06    1.0273  7 08 x 05    0.9952  0 02 x 05
1.5427  0 02 x 06    1.4373  0 03 x 12    1.0460  0 02 x 03    0.9976  0 03 x 05
1.5513  0 02 x 03    1.4515  0 02 x 03    1.0481  0 02 x 06    0.9979  0 03 x 06
1.5701  0 02 x 04    1.4662  2 08 x 01    1.0591  0 02 x 04    0.9999  2 08 x 01
1.5828  0 02 x 05    1.4668  0 03 x 06    1.0650  0 02 x 05    1.0073  0 03 x 10
1.5885  0 02 x 01    1.4668  0 03 x 05    1.0956  0 02 x 01    1.0107  7 08 x 03
1.6094  7 08 x 01    1.4685  0 02 x 04    1.1418  0 03 x 12    1.0119  7 08 x 04
1.6879  0 03 x 05    1.4791  0 02 x 05    1.1487  0 03 x 01    1.0157  0 03 x 01
1.6932  0 03 x 06    1.4794  0 03 x 10    1.1499  0 03 x 05    1.0170  0 03 x 02
1.6998  0 03 x 12    1.4880  0 02 x 01    1.1523  0 03 x 06    1.0191  7 08 x 02
1.7078  0 03 x 01    1.5058  0 03 x 01    1.1551  0 03 x 02    1.0228  0 03 x 04
1.7100  0 03 x 02    1.5062  0 03 x 02    1.1642  0 03 x 04    1.0247  0 03 x 03
1.7169  0 03 x 04    1.5082  0 03 x 04    1.1647  0 03 x 03    1.0266  0 02 x 01
1.7186  0 03 x 03    1.5116  0 03 x 03    1.1720  0 03 x 10    1.0271  7 08 x 05
1.7448  0 03 x 10    1.5324  0 03 x 08    1.2145  0 03 x 08    1.0447  0 03 x 08
1.8012  0 03 x 08    1.5540  0 03 x 07    1.2357  0 03 x 07    1.0536  0 03 x 07
1.8328  0 03 x 07    1.6095  7 08 x 01    1.2554  7 08 x 01    1.2553  7 08 x 01
1.8886  1 08 x 02    1.8888  1 08 x 02    1.2690  1 08 x 02    1.2697  1 08 x 02
1.9378  1 08 x 03    1.9376  1 08 x 03    1.3070  1 08 x 03    1.3075  1 08 x 03
1.9767  1 08 x 04    1.9767  1 08 x 04    1.3339  1 08 x 04    1.3338  1 08 x 04
1.9954  1 08 x 05    1.9953  1 08 x 05    1.3486  1 08 x 05    1.3489  1 08 x 05
2.0258  1 08 x 01    2.0264  1 08 x 01    1.3501  1 08 x 01    1.3503  1 08 x 01
---Benchmark Program Finished---
