
./testbench.sh clang++ O3 MontgomeryFull __uint128_t 191 8 40 -DTEST_ARRAY -DHURCHALLA_MONTGOMERY_TWO_POW_USE_CSELECT_ON_BIT -DHURCHALLA_ALLOW_INLINE_ASM_ALL

compilation finished, now executing:
---Running Program---

begin benchmarks - array two_pow
(ignore)332163741205411267698489818326060553048

OVERALL BEST:
1.7993  0 31 x 04
1.7995  0 32 t 04
1.7997  0 32 x 04
1.8275  0 30 x 04
1.8332  0 28 x 04
1.8342  0 29 x 04
1.8365  0 30 x 03
1.8368  0 32 t 05
1.8375  0 32 x 05
1.8382  0 31 x 05
1.8425  0 29 x 06
1.8430  0 31 x 07
1.8431  0 32 t 07
1.8433  0 32 x 07
1.8462  0 30 x 05
1.8469  0 32 x 08
1.8471  0 32 t 08
1.8476  0 31 x 08
1.8528  0 27 x 03
1.8604  0 32 x 03
1.8605  0 30 x 07
1.8607  0 32 t 03
1.8609  0 29 x 08
1.8610  0 29 x 05
1.8641  0 31 x 03
1.8652  0 31 x 12
1.8666  0 32 x 12
1.8668  0 32 t 12
1.8687  0 32 t 06
1.8689  0 32 x 06
1.8691  0 31 x 06
1.8793  0 28 x 03
1.8811  0 30 x 06
1.8853  0 28 x 05
1.8871  0 29 x 12
1.8907  0 30 x 10
1.8919  0 28 x 07
1.8929  0 30 x 12
1.8932  0 32 t 10
1.8932  0 31 x 10
1.8934  0 32 x 10
1.8937  0 28 x 06
1.8959  0 30 x 08
1.8977  0 29 x 07
1.9028  0 28 x 10
1.9039  0 29 x 03
1.9101  0 28 x 08
1.9194  0 29 x 10
1.9201  0 28 x 12
1.9263  0 27 x 04
1.9356  0 27 x 07
1.9474  0 27 x 05
1.9625  0 27 x 08
1.9704  0 27 x 10
1.9753  0 27 x 12
1.9954  0 27 x 06
2.0153  0 01 x 05
2.0178  0 05 x 03
2.0218  0 06 x 04
2.0243  0 01 x 06
2.0396  0 05 x 04
2.0419  0 05 x 06
2.0504  0 06 x 08
2.0508  0 04 x 05
2.0557  0 05 x 07
2.0568  0 01 x 10
2.0581  0 05 x 08
2.0606  0 06 x 05
2.0610  0 04 x 06
2.0641  0 05 x 05
2.0671  0 01 x 12
2.0708  0 01 x 04
2.0733  0 04 x 04
2.0749  0 06 x 12
2.0754  0 06 x 10
2.0760  0 06 x 06
2.0824  0 06 x 07
2.0832  0 31 t 06
2.0838  0 04 x 08
2.0853  0 28 t 04
2.0871  0 30 t 06
2.0881  0 30 t 04
2.0912  0 31 t 05
2.0914  0 00 x 06
2.0915  0 01 x 07
2.0922  0 28 t 06
2.0925  0 06 x 03
2.0955  0 07 x 06
2.0955  0 01 x 08
2.0981  0 05 x 10
2.0988  0 07 x 04
2.1013  0 30 t 07
2.1019  0 29 t 06
2.1020  0 04 x 03
2.1055  0 28 t 07
2.1055  0 31 t 08
2.1065  0 31 t 07
2.1074  0 04 x 10
2.1076  0 29 t 05
2.1078  0 00 x 05
2.1091  0 00 x 03
2.1099  0 30 t 08
2.1113  0 05 x 12
2.1131  0 29 t 08
2.1141  0 04 x 07
2.1150  0 29 t 07
2.1154  0 04 x 12
2.1173  0 28 t 08
2.1189  0 31 t 10
2.1244  0 30 t 10
2.1287  0 00 x 07
2.1300  0 31 t 12
2.1336  0 29 t 10
2.1348  0 30 t 12
2.1348  0 28 t 10
2.1360  0 07 x 05
2.1364  0 28 t 05
2.1368  0 29 t 12
2.1370  0 07 x 08
2.1461  0 30 t 05
2.1506  0 01 x 03
2.1518  0 28 x 02
2.1546  0 28 t 12
2.1593  0 07 x 03
2.1658  0 00 x 04
2.1659  0 29 x 02
2.1677  0 27 t 04
2.1680  0 27 t 06
2.1684  0 00 x 12
2.1731  0 29 t 04
2.1732  0 00 x 08
2.1737  0 27 t 05
2.1755  0 27 t 07
2.1763  0 28 t 03
2.1780  0 31 t 04
2.1782  0 07 x 07
2.1783  0 00 x 10
2.1788  5 08 x 04
2.1906  0 30 x 02
2.1989  0 27 t 08
2.1999  0 07 x 10
2.2008  0 27 t 10
2.2048  0 07 x 12
2.2088  0 27 t 12
2.2088  5 08 x 05
2.2186  4 08 x 04
2.2306  4 08 x 03
2.2341  0 31 x 02
2.2342  0 32 x 02
2.2342  0 32 t 02
2.2348  6 08 x 04
2.2380  5 08 x 03
2.2386  0 27 t 03
2.2466  5 08 x 08
2.2496  0 05 x 02
2.2502  0 31 t 03
2.2563  0 06 t 08
2.2581  0 27 x 02
2.2585  0 29 t 03
2.2589  4 08 x 05
2.2599  5 08 x 12
2.2646  6 08 x 05
2.2653  5 08 x 06
2.2653  5 08 x 07
2.2668  0 30 t 02
2.2705  0 30 t 03
2.2711  0 06 x 02
2.2714  0 05 t 04
2.2728  0 06 t 07
2.2735  0 05 t 08
2.2737  0 01 t 05
2.2737  0 01 t 03
2.2791  6 08 x 03
2.2826  5 08 x 10
2.2830  0 05 t 07
2.2835  4 08 x 08
2.2861  0 29 t 02
2.2900  0 01 t 06
2.2918  0 03 x 03
2.2932  0 06 t 06
2.2941  4 08 x 06
2.2954  0 04 t 07
2.2972  0 05 t 05
2.2978  0 04 t 08
2.2994  0 06 t 04
2.3022  0 05 t 06
2.3024  0 31 t 02
2.3035  0 06 t 05
2.3040  4 08 x 12
2.3058  0 06 t 12
2.3077  0 01 t 04
2.3092  4 08 x 07
2.3101  0 03 x 05
2.3121  0 01 t 08
2.3152  0 01 t 07
2.3169  0 03 x 04
2.3195  6 08 x 08
2.3197  0 04 t 04
2.3217  4 08 x 10
2.3234  0 28 t 02
2.3246  0 03 x 06
2.3261  0 01 t 10
2.3285  0 06 t 10
2.3296  0 05 t 10
2.3318  0 04 t 05
2.3344  0 04 x 02
2.3361  0 01 t 12
2.3362  6 08 x 12
2.3376  0 05 t 12
2.3395  6 08 x 07
2.3404  0 27 t 02
2.3413  0 04 t 06
2.3469  0 07 t 08
2.3501  6 08 x 10
2.3517  0 07 t 07
2.3543  0 04 t 12
2.3560  0 01 x 02
2.3581  6 08 x 06
2.3684  0 07 t 06
2.3684  0 00 t 06
2.3686  0 03 x 08
2.3691  0 07 t 05
2.3742  0 00 t 04
2.3758  0 07 t 04
2.3828  3 08 x 04
2.3864  0 00 t 08
2.3866  0 00 t 05
2.3868  0 03 x 07
2.3873  0 06 t 03
2.3874  0 00 t 10
2.3906  0 05 t 03
2.3955  0 07 x 02
2.3967  0 00 t 07
2.3982  5 08 t 04
2.4066  0 03 x 02
2.4081  3 08 x 03
2.4146  3 08 x 05
2.4169  0 00 x 02
2.4170  0 00 t 12
2.4178  0 03 x 10
2.4212  0 00 t 03
2.4213  4 08 t 04
2.4247  0 07 t 10
2.4264  0 03 x 12
2.4285  3 08 x 08
2.4302  0 04 t 03
2.4369  0 06 t 02
2.4380  0 05 t 02
2.4559  0 07 t 03
2.4621  5 08 t 08
2.4623  5 08 t 05
2.4626  0 07 t 12
2.4660  3 08 x 12
2.4791  0 04 t 10
2.4843  3 08 x 06
2.4847  0 04 t 02
2.4868  6 08 t 04
2.4888  3 08 x 07
2.4918  3 08 t 03
2.4927  3 08 x 10
2.4964  5 08 t 07
2.4970  4 08 t 08
2.4979  7 08 x 04
2.5028  5 08 t 12
2.5047  5 08 t 06
2.5063  7 08 x 03
2.5115  5 08 t 03
2.5121  4 08 t 05
2.5139  0 07 t 02
2.5154  0 00 t 02
2.5161  5 08 t 10
2.5165  0 01 t 02
2.5303  4 08 t 07
2.5322  4 08 t 06
2.5362  6 08 t 08
2.5378  4 08 t 12
2.5464  4 08 t 03
2.5473  6 08 t 05
2.5479  7 08 x 05
2.5496  4 08 x 02
2.5569  4 08 t 10
2.5609  5 08 t 02
2.5661  3 08 t 08
2.5678  5 08 x 02
2.5678  6 08 t 06
2.5691  6 08 t 12
2.5704  3 08 t 04
2.5798  6 08 t 07
2.5871  6 08 t 10
2.5976  6 08 t 03
2.6303  2 08 x 03
2.6309  3 08 t 05
2.6380  3 08 t 07
2.6424  3 08 t 06
2.6493  6 08 x 02
2.6790  4 08 t 02
2.6884  3 08 t 10
2.7085  3 08 t 12
2.7274  6 08 t 02
2.7378  2 08 t 03
2.7458  2 08 t 05
2.7462  7 08 t 04
2.7528  3 08 x 02
2.7603  2 08 t 04
2.7891  2 08 x 04
2.8029  7 08 t 05
2.8154  0 02 x 12
2.8205  0 02 x 08
2.8212  0 02 x 05
2.8232  3 08 t 02
2.8442  0 02 x 07
2.8448  2 08 x 05
2.8462  0 02 x 06
2.8705  0 02 x 10
2.8771  7 08 x 02
2.8783  7 08 t 03
2.8911  0 02 x 02
2.9587  0 02 x 03
3.0284  7 08 t 02
3.0568  0 02 x 04
3.0639  2 08 x 02
3.1702  2 08 t 02
3.3083  0 00 t 01
3.3092  0 06 t 01
3.3133  0 31 t 01
3.3148  0 30 t 01
3.3177  0 01 t 01
3.3356  0 27 t 01
3.3393  0 01 x 01
3.3396  0 05 t 01
3.3545  0 04 x 01
3.3609  0 29 x 01
3.3660  0 04 t 01
3.3740  0 28 t 01
3.3773  0 31 x 01
3.3774  0 32 x 01
3.3774  0 32 t 01
3.3822  0 29 t 01
3.3847  0 05 x 01
3.3896  0 30 x 01
3.3971  0 27 x 01
3.3985  0 07 t 01
3.3988  0 28 x 01
3.4027  0 06 x 01
3.4151  0 07 x 01
3.4635  0 00 x 01
3.5823  0 02 x 01
3.6128  1 08 t 03
3.6131  1 08 x 03
3.6539  5 08 t 01
3.6734  0 03 x 01
3.6768  1 08 x 04
3.6927  1 08 t 04
3.7176  5 08 x 01
3.7215  4 08 x 01
3.7545  1 08 t 05
3.7557  6 08 t 01
3.7888  6 08 x 01
3.7910  4 08 t 01
3.7924  1 08 x 05
3.9372  3 08 t 01
3.9635  3 08 x 01
4.0608  7 08 t 01
4.0712  7 08 x 01
4.2386  1 08 x 02
4.2473  1 08 t 02
4.4662  2 08 x 01
4.5060  2 08 t 01
6.0977  1 08 x 01
6.1013  1 08 t 01
Timings By Test Type:
0.5362  0 32 x 04    0.5361  0 31 x 04    0.3635  0 31 x 04    0.3635  0 31 x 04
0.5363  0 31 x 04    0.5362  0 32 t 04    0.3635  0 32 x 04    0.3635  0 32 t 04
0.5363  0 32 t 04    0.5363  0 32 x 04    0.3636  0 32 t 04    0.3636  0 32 x 04
0.5449  0 30 x 04    0.5450  0 30 x 04    0.3688  0 30 x 04    0.3688  0 30 x 04
0.5458  0 29 x 04    0.5469  0 28 x 04    0.3697  0 28 x 04    0.3696  0 28 x 04
0.5469  0 28 x 04    0.5474  0 30 x 03    0.3697  0 29 x 04    0.3697  0 29 x 04
0.5475  0 32 t 05    0.5476  0 31 x 05    0.3707  0 30 x 03    0.3707  0 32 t 05
0.5475  0 30 x 03    0.5476  0 32 x 05    0.3709  0 32 t 05    0.3708  0 30 x 03
0.5476  0 32 x 05    0.5477  0 32 t 05    0.3709  0 31 x 05    0.3711  0 31 x 05
0.5486  0 31 x 05    0.5490  0 29 x 04    0.3711  0 32 x 05    0.3711  0 32 x 05
0.5492  0 31 x 07    0.5494  0 31 x 07    0.3716  0 29 x 06    0.3716  0 29 x 06
0.5493  0 32 t 07    0.5494  0 32 t 07    0.3721  0 31 x 07    0.3721  0 32 x 07
0.5495  0 32 x 07    0.5495  0 32 x 07    0.3722  0 32 t 07    0.3723  0 31 x 07
0.5496  0 29 x 06    0.5497  0 29 x 06    0.3722  0 32 x 07    0.3723  0 32 t 07
0.5503  0 30 x 05    0.5504  0 30 x 05    0.3727  0 32 t 08    0.3726  0 30 x 05
0.5506  0 32 t 08    0.5506  0 32 x 08    0.3729  0 30 x 05    0.3727  0 32 x 08
0.5507  0 32 x 08    0.5506  0 32 t 08    0.3729  0 32 x 08    0.3730  0 31 x 08
0.5508  0 31 x 08    0.5508  0 31 x 08    0.3730  0 31 x 08    0.3730  0 32 t 08
0.5530  0 27 x 03    0.5529  0 27 x 03    0.3735  0 27 x 03    0.3735  0 27 x 03
0.5545  0 30 x 07    0.5545  0 30 x 07    0.3738  0 32 x 03    0.3736  0 32 x 03
0.5547  0 29 x 08    0.5548  0 29 x 08    0.3738  0 32 t 03    0.3739  0 32 t 03
0.5552  0 29 x 05    0.5552  0 29 x 05    0.3753  0 31 x 03    0.3750  0 31 x 03
0.5554  0 31 x 12    0.5562  0 32 x 12    0.3753  0 29 x 05    0.3752  0 29 x 05
0.5562  0 32 t 12    0.5564  0 32 t 12    0.3758  0 29 x 08    0.3757  0 29 x 08
0.5565  0 32 x 03    0.5564  0 31 x 12    0.3758  0 30 x 07    0.3757  0 30 x 07
0.5566  0 32 t 03    0.5565  0 32 t 03    0.3767  0 31 x 12    0.3767  0 31 x 12
0.5566  0 32 x 12    0.5566  0 32 x 03    0.3767  0 32 x 12    0.3769  0 32 t 06
0.5569  0 31 x 03    0.5569  0 31 x 03    0.3769  0 32 x 06    0.3770  0 32 t 12
0.5573  0 32 t 06    0.5574  0 32 x 06    0.3770  0 32 t 06    0.3770  0 32 x 06
0.5575  0 32 x 06    0.5574  0 31 x 06    0.3771  0 31 x 06    0.3771  0 31 x 06
0.5575  0 31 x 06    0.5575  0 32 t 06    0.3772  0 32 t 12    0.3771  0 32 x 12
0.5613  0 30 x 06    0.5611  0 30 x 06    0.3783  0 28 x 03    0.3784  0 28 x 03
0.5614  0 28 x 03    0.5613  0 28 x 03    0.3794  0 30 x 06    0.3793  0 30 x 06
0.5625  0 28 x 05    0.5623  0 28 x 05    0.3803  0 28 x 05    0.3802  0 28 x 05
0.5628  0 29 x 12    0.5629  0 29 x 12    0.3807  0 29 x 12    0.3807  0 29 x 12
0.5640  0 30 x 12    0.5637  0 28 x 07    0.3814  0 30 x 10    0.3811  0 30 x 10
0.5641  0 30 x 10    0.5640  0 30 x 10    0.3819  0 28 x 06    0.3818  0 28 x 06
0.5644  0 32 t 10    0.5641  0 30 x 12    0.3819  0 31 x 10    0.3819  0 28 x 07
0.5644  0 28 x 07    0.5646  0 31 x 10    0.3819  0 28 x 07    0.3819  0 32 x 10
0.5647  0 31 x 10    0.5646  0 32 x 10    0.3820  0 32 t 10    0.3820  0 31 x 10
0.5647  0 32 x 10    0.5647  0 32 t 10    0.3820  0 32 x 10    0.3821  0 32 t 10
0.5651  0 28 x 06    0.5649  0 28 x 06    0.3824  0 30 x 12    0.3823  0 30 x 08
0.5655  0 30 x 08    0.5654  0 30 x 08    0.3827  0 30 x 08    0.3824  0 30 x 12
0.5660  0 29 x 07    0.5660  0 29 x 07    0.3829  0 29 x 07    0.3828  0 29 x 07
0.5672  0 28 x 10    0.5674  0 28 x 10    0.3833  0 29 x 03    0.3833  0 29 x 03
0.5686  0 29 x 03    0.5687  0 29 x 03    0.3840  0 28 x 10    0.3842  0 28 x 10
0.5696  0 28 x 08    0.5698  0 28 x 08    0.3851  0 28 x 08    0.3857  0 28 x 08
0.5726  0 28 x 12    0.5727  0 28 x 12    0.3870  0 29 x 10    0.3868  0 29 x 10
0.5728  0 29 x 10    0.5727  0 29 x 10    0.3874  0 28 x 12    0.3874  0 28 x 12
0.5754  0 27 x 04    0.5752  0 27 x 04    0.3877  0 27 x 04    0.3881  0 27 x 04
0.5777  0 27 x 07    0.5777  0 27 x 07    0.3901  0 27 x 07    0.3901  0 27 x 07
0.5815  0 27 x 05    0.5813  0 27 x 05    0.3924  0 27 x 05    0.3923  0 27 x 05
0.5856  0 27 x 08    0.5854  0 27 x 08    0.3958  0 27 x 08    0.3957  0 27 x 08
0.5879  0 27 x 10    0.5883  0 27 x 10    0.3969  0 27 x 10    0.3972  0 27 x 10
0.5896  0 27 x 12    0.5897  0 27 x 12    0.3980  0 27 x 12    0.3980  0 27 x 12
0.5960  0 27 x 06    0.5958  0 27 x 06    0.4017  0 27 x 06    0.4020  0 27 x 06
0.6017  0 06 x 04    0.6015  0 06 x 04    0.4052  0 01 x 05    0.4051  0 01 x 05
0.6026  0 01 x 05    0.6024  0 01 x 05    0.4058  0 05 x 03    0.4059  0 05 x 03
0.6030  0 05 x 03    0.6031  0 05 x 03    0.4071  0 01 x 06    0.4072  0 01 x 06
0.6048  0 01 x 06    0.6052  0 01 x 06    0.4092  0 06 x 04    0.4094  0 06 x 04
0.6094  0 06 x 08    0.6093  0 06 x 08    0.4101  0 05 x 04    0.4101  0 05 x 04
0.6098  0 05 x 04    0.6097  0 05 x 04    0.4101  0 05 x 06    0.4102  0 05 x 06
0.6108  0 05 x 06    0.6107  0 05 x 06    0.4123  0 04 x 05    0.4123  0 04 x 05
0.6129  0 06 x 05    0.6129  0 06 x 05    0.4127  0 05 x 07    0.4127  0 05 x 07
0.6131  0 04 x 05    0.6131  0 04 x 05    0.4131  0 05 x 08    0.4132  0 05 x 08
0.6143  0 01 x 10    0.6145  0 01 x 10    0.4140  0 01 x 10    0.4140  0 01 x 10
0.6151  0 05 x 07    0.6152  0 05 x 07    0.4142  0 04 x 06    0.4142  0 04 x 06
0.6159  0 05 x 08    0.6160  0 05 x 08    0.4146  0 01 x 04    0.4150  0 05 x 05
0.6163  0 04 x 06    0.6164  0 04 x 06    0.4147  0 05 x 05    0.4158  0 01 x 04
0.6168  0 06 x 12    0.6165  0 06 x 12    0.4159  0 06 x 08    0.4158  0 06 x 08
0.6168  0 06 x 10    0.6168  0 06 x 10    0.4161  0 04 x 04    0.4162  0 01 x 12
0.6172  0 05 x 05    0.6172  0 05 x 05    0.4162  0 01 x 12    0.4166  0 04 x 04
0.6172  0 01 x 12    0.6175  0 01 x 12    0.4175  0 06 x 05    0.4174  0 06 x 05
0.6174  0 06 x 06    0.6176  0 06 x 06    0.4191  0 31 t 06    0.4191  0 04 x 08
0.6190  0 07 x 06    0.6187  0 01 x 04    0.4192  0 04 x 08    0.4193  0 31 t 06
0.6191  0 06 x 07    0.6191  0 07 x 06    0.4198  0 28 t 04    0.4199  0 28 t 04
0.6201  0 04 x 04    0.6193  0 06 x 07    0.4201  0 30 t 04    0.4202  0 30 t 04
0.6207  0 07 x 04    0.6205  0 04 x 04    0.4205  0 06 x 06    0.4205  0 06 x 06
0.6218  0 01 x 04    0.6206  0 07 x 04    0.4205  0 30 t 06    0.4205  0 01 x 07
0.6224  0 31 t 06    0.6225  0 31 t 06    0.4206  0 01 x 07    0.4208  0 00 x 06
0.6225  0 30 t 06    0.6227  0 04 x 08    0.4206  0 28 t 06    0.4208  0 06 x 12
0.6226  0 28 t 04    0.6228  0 30 t 06    0.4208  0 06 x 12    0.4209  0 06 x 10
0.6228  0 04 x 08    0.6229  0 06 x 03    0.4209  0 06 x 10    0.4209  0 31 t 05
0.6228  0 06 x 03    0.6230  0 28 t 04    0.4209  0 31 t 05    0.4211  0 05 x 10
0.6239  0 30 t 04    0.6239  0 30 t 04    0.4210  0 00 x 06    0.4213  0 30 t 06
0.6246  0 28 t 06    0.6244  0 28 t 06    0.4212  0 01 x 08    0.4215  0 01 x 08
0.6247  0 31 t 05    0.6246  0 31 t 05    0.4212  0 05 x 10    0.4219  0 04 x 03
0.6247  0 00 x 06    0.6248  0 00 x 06    0.4219  0 04 x 03    0.4219  0 30 t 07
0.6252  0 01 x 07    0.6252  0 01 x 07    0.4220  0 06 x 07    0.4220  0 06 x 07
0.6259  0 28 t 07    0.6265  0 01 x 08    0.4224  0 30 t 07    0.4225  0 28 t 06
0.6264  0 01 x 08    0.6278  0 05 x 10    0.4227  0 29 t 06    0.4227  0 29 t 06
0.6279  0 05 x 10    0.6282  0 30 t 07    0.4234  0 06 x 03    0.4233  0 06 x 03
0.6283  0 29 t 06    0.6282  0 29 t 06    0.4237  0 00 x 03    0.4237  0 00 x 03
0.6288  0 30 t 07    0.6290  0 31 t 08    0.4237  0 31 t 07    0.4237  0 05 x 12
0.6289  0 31 t 08    0.6292  0 04 x 03    0.4238  0 05 x 12    0.4238  0 31 t 08
0.6291  0 04 x 03    0.6295  0 29 t 05    0.4238  0 31 t 08    0.4240  0 00 x 05
0.6293  0 31 t 07    0.6295  0 31 t 07    0.4241  0 04 x 10    0.4240  0 31 t 07
0.6296  0 29 t 05    0.6296  0 00 x 05    0.4241  0 00 x 05    0.4240  0 28 t 07
0.6297  0 04 x 10    0.6296  0 04 x 10    0.4243  0 29 t 05    0.4241  0 04 x 10
0.6301  0 30 t 08    0.6302  0 30 t 08    0.4247  0 30 t 08    0.4242  0 29 t 05
0.6302  0 00 x 05    0.6306  0 28 t 07    0.4250  0 28 t 07    0.4248  0 30 t 08
0.6308  0 00 x 03    0.6309  0 00 x 03    0.4250  0 04 x 07    0.4249  0 04 x 07
0.6311  0 07 x 05    0.6313  0 29 t 08    0.4253  0 29 t 07    0.4252  0 29 t 08
0.6313  0 29 t 08    0.6314  0 07 x 05    0.4253  0 29 t 08    0.4252  0 29 t 07
0.6314  0 07 x 08    0.6315  0 07 x 08    0.4257  0 04 x 12    0.4257  0 04 x 12
0.6318  0 05 x 12    0.6319  0 05 x 12    0.4262  0 28 t 08    0.4264  0 28 t 08
0.6320  0 04 x 12    0.6319  0 04 x 12    0.4264  0 31 t 10    0.4264  0 31 t 10
0.6321  0 04 x 07    0.6321  0 04 x 07    0.4278  0 30 t 10    0.4280  0 30 t 10
0.6323  0 29 t 07    0.6322  0 29 t 07    0.4282  0 00 x 07    0.4283  0 00 x 07
0.6324  0 28 t 08    0.6324  0 28 t 08    0.4285  0 31 t 12    0.4285  0 31 t 12
0.6332  0 31 t 10    0.6330  0 31 t 10    0.4287  0 07 x 04    0.4286  0 07 x 06
0.6342  0 30 t 10    0.6344  0 30 t 10    0.4288  0 07 x 06    0.4288  0 07 x 04
0.6361  0 00 x 07    0.6361  0 00 x 07    0.4293  0 29 t 10    0.4291  0 29 t 10
0.6365  0 31 t 12    0.6365  0 31 t 12    0.4297  0 28 t 10    0.4297  0 28 t 05
0.6375  0 30 t 12    0.6375  0 30 t 12    0.4297  0 29 t 12    0.4298  0 28 t 10
0.6377  0 29 t 10    0.6375  0 28 t 10    0.4298  0 28 t 05    0.4299  0 29 t 12
0.6377  0 28 t 10    0.6376  0 29 t 10    0.4299  0 30 t 12    0.4299  0 30 t 12
0.6384  0 28 t 05    0.6384  0 28 t 05    0.4314  0 01 x 03    0.4315  0 01 x 03
0.6386  0 29 t 12    0.6386  0 29 t 12    0.4321  0 30 t 05    0.4320  0 30 t 05
0.6388  0 07 x 03    0.6387  0 07 x 03    0.4323  0 28 x 02    0.4323  0 28 x 02
0.6410  0 30 t 05    0.6410  0 30 t 05    0.4336  0 28 t 12    0.4336  0 28 t 12
0.6436  0 28 x 02    0.6436  0 28 x 02    0.4353  0 29 x 02    0.4353  0 29 x 02
0.6436  0 28 t 12    0.6437  0 28 t 12    0.4354  0 00 x 04    0.4354  0 00 x 04
0.6438  0 01 x 03    0.6439  0 07 x 07    0.4358  0 27 t 04    0.4358  0 27 t 04
0.6440  0 07 x 07    0.6439  0 01 x 03    0.4359  0 27 t 06    0.4359  0 27 t 06
0.6440  5 08 x 04    0.6453  5 08 x 04    0.4360  0 00 x 12    0.4360  0 00 x 12
0.6477  0 00 x 04    0.6474  0 00 x 04    0.4367  0 07 x 05    0.4368  0 07 x 05
0.6477  0 29 x 02    0.6476  0 29 x 02    0.4368  0 00 x 08    0.4368  0 29 t 04
0.6481  0 27 t 04    0.6480  0 27 t 06    0.4368  0 29 t 04    0.4369  0 00 x 08
0.6482  0 27 t 06    0.6480  0 27 t 04    0.4370  0 27 t 05    0.4370  0 07 x 08
0.6482  0 00 x 12    0.6481  0 07 x 10    0.4370  0 07 x 08    0.4370  0 27 t 05
0.6483  0 07 x 10    0.6482  0 00 x 12    0.4373  0 27 t 07    0.4372  0 28 t 03
0.6495  0 07 x 12    0.6495  0 07 x 12    0.4376  0 28 t 03    0.4374  0 27 t 07
0.6497  0 00 x 08    0.6497  0 29 t 04    0.4379  0 31 t 04    0.4379  0 00 x 10
0.6498  0 29 t 04    0.6497  0 27 t 05    0.4381  0 00 x 10    0.4380  0 31 t 04
0.6499  0 27 t 05    0.6498  0 00 x 08    0.4402  0 30 x 02    0.4402  0 30 x 02
0.6505  0 27 t 07    0.6503  0 27 t 07    0.4409  0 07 x 03    0.4409  0 07 x 03
0.6509  0 28 t 03    0.6505  0 28 t 03    0.4418  0 27 t 08    0.4419  0 27 t 08
0.6510  0 31 t 04    0.6511  0 00 x 10    0.4423  0 27 t 10    0.4422  0 27 t 10
0.6511  0 00 x 10    0.6511  0 31 t 04    0.4436  5 08 x 04    0.4437  0 27 t 12
0.6525  5 08 x 05    0.6526  5 08 x 05    0.4437  0 27 t 12    0.4452  0 07 x 07
0.6532  6 08 x 04    0.6532  6 08 x 04    0.4452  0 07 x 07    0.4459  5 08 x 04
0.6551  0 30 x 02    0.6551  0 30 x 02    0.4481  0 31 x 02    0.4481  0 31 x 02
0.6570  0 27 t 08    0.6581  0 27 t 10    0.4481  0 32 x 02    0.4481  0 32 t 02
0.6582  0 27 t 10    0.6581  0 27 t 08    0.4481  0 32 t 02    0.4481  0 32 x 02
0.6598  4 08 x 04    0.6603  4 08 x 04    0.4492  4 08 x 04    0.4494  4 08 x 04
0.6606  0 27 t 12    0.6608  0 27 t 12    0.4497  0 27 t 03    0.4498  0 27 t 03
0.6614  6 08 x 05    0.6615  6 08 x 05    0.4509  0 31 t 03    0.4510  0 31 t 03
0.6625  5 08 x 03    0.6624  5 08 x 03    0.4512  4 08 x 03    0.4511  4 08 x 03
0.6637  5 08 x 08    0.6638  5 08 x 08    0.4517  0 05 x 02    0.4517  0 07 x 10
0.6639  4 08 x 03    0.6643  4 08 x 03    0.4518  0 07 x 10    0.4518  5 08 x 05
0.6661  6 08 x 03    0.6662  6 08 x 03    0.4519  5 08 x 05    0.4518  0 05 x 02
0.6675  5 08 x 12    0.6671  5 08 x 12    0.4529  0 07 x 12    0.4529  0 07 x 12
0.6689  0 31 x 02    0.6690  0 32 x 02    0.4530  0 27 x 02    0.4530  0 27 x 02
0.6690  0 32 t 02    0.6690  0 31 x 02    0.4536  0 05 t 04    0.4537  0 05 t 04
0.6690  0 32 x 02    0.6690  0 32 t 02    0.4537  0 29 t 03    0.4537  0 29 t 03
0.6693  5 08 x 07    0.6693  5 08 x 07    0.4539  0 05 t 08    0.4541  0 05 t 08
0.6695  5 08 x 06    0.6694  5 08 x 06    0.4554  0 30 t 02    0.4554  0 30 t 02
0.6696  0 27 t 03    0.6695  0 27 t 03    0.4555  0 05 t 07    0.4556  0 06 t 08
0.6716  4 08 x 05    0.6716  4 08 x 05    0.4559  0 06 t 08    0.4560  0 05 t 07
0.6723  0 06 t 08    0.6725  0 06 t 08    0.4561  0 01 t 03    0.4561  0 01 t 03
0.6731  0 05 x 02    0.6730  0 05 x 02    0.4561  0 30 t 03    0.4563  0 30 t 03
0.6742  5 08 x 10    0.6741  0 31 t 03    0.4562  0 01 t 05    0.4565  0 01 t 05
0.6742  0 31 t 03    0.6742  5 08 x 10    0.4565  5 08 x 03    0.4566  5 08 x 03
0.6756  0 29 t 03    0.6755  0 29 t 03    0.4580  4 08 x 05    0.4577  4 08 x 05
0.6760  0 27 x 02    0.6760  0 27 x 02    0.4583  0 29 t 02    0.4584  0 29 t 02
0.6763  0 06 x 02    0.6769  0 06 x 02    0.4588  0 06 x 02    0.4590  0 06 t 07
0.6775  0 06 t 07    0.6775  0 06 t 07    0.4589  0 06 t 07    0.4591  0 06 x 02
0.6779  0 30 t 02    0.6778  6 08 x 08    0.4596  5 08 x 08    0.4595  5 08 x 08
0.6781  6 08 x 08    0.6780  0 30 t 02    0.4598  0 05 t 06    0.4597  0 01 t 06
0.6786  4 08 x 08    0.6786  4 08 x 08    0.4598  0 03 x 03    0.4597  0 05 t 06
0.6790  0 30 t 03    0.6791  0 30 t 03    0.4599  0 01 t 06    0.4598  0 03 x 03
0.6801  0 01 t 05    0.6808  0 01 t 03    0.4601  0 05 t 05    0.4602  0 05 t 05
0.6807  0 01 t 03    0.6809  0 01 t 05    0.4612  0 04 t 07    0.4612  0 04 t 07
0.6817  0 05 t 04    0.6820  4 08 x 06    0.4614  0 04 t 08    0.4615  0 04 t 08
0.6818  4 08 x 06    0.6825  0 05 t 04    0.4621  0 31 t 02    0.4622  0 31 t 02
0.6827  0 05 t 08    0.6828  0 05 t 08    0.4627  0 06 t 06    0.4626  5 08 x 12
0.6832  6 08 x 12    0.6832  6 08 x 12    0.4627  5 08 x 12    0.4627  0 06 t 06
0.6838  0 06 t 06    0.6840  6 08 x 07    0.4629  0 01 t 04    0.4627  0 01 t 04
0.6840  6 08 x 07    0.6840  0 06 t 06    0.4632  5 08 x 06    0.4631  4 08 x 08
0.6841  4 08 x 12    0.6847  0 29 t 02    0.4632  4 08 x 08    0.4632  5 08 x 06
0.6847  0 29 t 02    0.6848  0 01 t 06    0.4634  5 08 x 07    0.4632  0 06 t 04
0.6856  0 01 t 06    0.6848  4 08 x 12    0.4637  0 06 t 04    0.4634  5 08 x 07
0.6857  0 05 t 07    0.6857  0 05 t 07    0.4639  0 03 x 05    0.4638  0 03 x 05
0.6862  0 03 x 03    0.6861  0 03 x 03    0.4642  0 01 t 08    0.4641  6 08 x 04
0.6862  0 06 t 04    0.6863  4 08 x 07    0.4643  6 08 x 04    0.4641  0 01 t 08
0.6863  4 08 x 07    0.6863  0 06 t 04    0.4645  0 03 x 04    0.4644  0 03 x 04
0.6863  0 04 t 07    0.6866  0 04 t 07    0.4647  0 01 t 07    0.4644  0 04 t 04
0.6870  0 06 t 12    0.6867  0 06 t 05    0.4649  0 06 t 05    0.4648  0 06 t 05
0.6871  0 06 t 05    0.6869  0 06 t 12    0.4651  0 05 t 10    0.4648  0 01 t 07
0.6872  6 08 x 10    0.6871  6 08 x 10    0.4652  0 04 t 04    0.4650  0 05 t 10
0.6874  0 04 t 08    0.6874  0 04 t 08    0.4652  4 08 x 06    0.4652  4 08 x 06
0.6885  0 05 t 05    0.6884  0 05 t 05    0.4659  0 28 t 02    0.4659  0 06 t 12
0.6891  0 31 t 02    0.6890  0 31 t 02    0.4660  0 06 t 12    0.4660  0 28 t 02
0.6895  6 08 x 06    0.6895  6 08 x 06    0.4666  0 05 t 12    0.4668  0 05 t 12
0.6897  4 08 x 10    0.6898  4 08 x 10    0.4671  5 08 x 10    0.4671  5 08 x 10
0.6911  0 01 t 04    0.6910  0 01 t 04    0.4673  0 03 x 06    0.4671  0 03 x 06
0.6912  0 03 x 05    0.6911  0 03 x 05    0.4675  0 01 t 10    0.4671  4 08 x 12
0.6914  0 05 t 06    0.6913  0 01 t 08    0.4678  0 04 x 02    0.4676  0 01 t 10
0.6925  0 01 t 08    0.6914  0 05 t 06    0.4679  4 08 x 12    0.4681  0 04 t 05
0.6927  0 01 t 07    0.6930  0 01 t 07    0.4680  0 04 t 05    0.4681  0 04 x 02
0.6933  0 03 x 04    0.6935  0 04 t 04    0.4683  4 08 x 07    0.4683  4 08 x 07
0.6940  0 06 t 10    0.6941  0 06 t 10    0.4697  0 27 t 02    0.4696  0 27 t 02
0.6948  0 07 t 08    0.6946  0 07 t 08    0.4700  0 04 t 06    0.4701  0 04 t 06
0.6951  0 03 x 06    0.6946  0 03 x 04    0.4701  0 06 t 10    0.4702  0 01 t 12
0.6955  0 01 t 10    0.6951  0 03 x 06    0.4706  0 01 t 12    0.4703  0 06 t 10
0.6957  0 28 t 02    0.6954  0 01 t 10    0.4710  6 08 x 05    0.4706  6 08 x 05
0.6961  0 07 t 07    0.6957  0 28 t 02    0.4712  4 08 x 10    0.4710  4 08 x 10
0.6966  0 04 t 04    0.6961  0 07 t 07    0.4719  0 01 x 02    0.4718  0 01 x 02
0.6976  0 04 t 05    0.6976  0 01 t 12    0.4733  6 08 x 03    0.4733  0 04 t 12
0.6977  0 01 t 12    0.6981  0 04 t 05    0.4734  0 04 t 12    0.4734  6 08 x 03
0.6989  0 04 x 02    0.6997  0 04 x 02    0.4751  0 00 t 06    0.4751  0 00 t 06
0.6998  0 05 t 10    0.6997  0 05 t 10    0.4759  0 03 x 08    0.4760  0 03 x 08
0.7006  0 27 t 02    0.7005  0 27 t 02    0.4763  0 00 t 04    0.4764  0 00 t 04
0.7006  0 04 t 06    0.7006  0 04 t 06    0.4782  0 00 t 10    0.4784  0 05 t 03
0.7014  0 07 t 05    0.7017  0 07 t 06    0.4784  0 05 t 03    0.4787  0 07 t 08
0.7016  0 07 t 06    0.7020  0 05 t 12    0.4788  0 07 t 08    0.4791  0 00 t 08
0.7022  0 05 t 12    0.7021  0 07 t 05    0.4790  0 00 t 08    0.4791  0 00 t 05
0.7037  0 04 t 12    0.7039  0 04 t 12    0.4792  0 00 t 05    0.4795  0 00 t 10
0.7049  0 07 t 04    0.7046  0 07 t 04    0.4792  3 08 x 04    0.4796  0 03 x 07
0.7061  0 01 x 02    0.7062  0 01 x 02    0.4796  0 03 x 07    0.4798  0 07 t 07
0.7085  0 03 x 08    0.7082  0 03 x 08    0.4798  0 07 t 07    0.4806  0 06 t 03
0.7091  0 00 t 06    0.7091  0 00 t 06    0.4800  0 06 t 03    0.4806  3 08 x 04
0.7102  5 08 t 04    0.7099  5 08 t 04    0.4811  0 00 t 07    0.4811  0 00 t 07
0.7104  3 08 x 04    0.7107  0 00 t 04    0.4813  0 03 x 02    0.4813  0 03 x 02
0.7107  0 00 t 04    0.7119  0 07 x 02    0.4819  6 08 x 08    0.4817  6 08 x 08
0.7120  0 07 x 02    0.7126  3 08 x 04    0.4826  0 07 t 06    0.4825  0 07 t 06
0.7132  0 00 t 10    0.7135  0 06 t 03    0.4828  0 07 t 05    0.4828  0 07 t 05
0.7133  0 06 t 03    0.7138  0 03 x 07    0.4832  0 07 t 04    0.4831  0 07 t 04
0.7138  0 03 x 07    0.7141  0 00 t 05    0.4847  3 08 x 03    0.4846  3 08 x 03
0.7142  0 00 t 08    0.7142  0 00 t 08    0.4849  0 00 t 12    0.4848  6 08 x 12
0.7142  0 00 t 05    0.7153  0 07 t 10    0.4849  6 08 x 12    0.4851  0 00 t 12
0.7152  0 07 t 10    0.7164  7 08 x 04    0.4850  0 00 x 02    0.4851  0 00 x 02
0.7164  7 08 x 04    0.7166  0 00 t 10    0.4858  0 07 x 02    0.4858  6 08 x 07
0.7168  0 05 t 03    0.7170  0 05 t 03    0.4858  6 08 x 07    0.4858  0 07 x 02
0.7172  0 00 t 07    0.7173  0 00 t 07    0.4862  0 04 t 03    0.4862  3 08 x 05
0.7181  7 08 x 03    0.7181  7 08 x 03    0.4862  0 03 x 10    0.4862  0 03 x 10
0.7193  3 08 x 03    0.7195  3 08 x 03    0.4863  3 08 x 05    0.4863  0 00 t 03
0.7207  4 08 t 04    0.7207  4 08 t 04    0.4871  0 00 t 03    0.4879  0 03 x 12
0.7211  3 08 x 05    0.7210  3 08 x 05    0.4879  6 08 x 10    0.4879  6 08 x 10
0.7220  0 03 x 02    0.7220  0 03 x 02    0.4879  0 03 x 12    0.4881  0 04 t 03
0.7227  0 03 x 10    0.7227  0 03 x 10    0.4887  0 05 t 02    0.4887  0 05 t 02
0.7234  0 00 x 02    0.7235  0 00 t 12    0.4890  5 08 t 04    0.4892  5 08 t 04
0.7236  0 00 t 12    0.7235  0 00 x 02    0.4893  3 08 x 08    0.4893  3 08 x 08
0.7239  0 00 t 03    0.7238  0 00 t 03    0.4895  6 08 x 06    0.4896  6 08 x 06
0.7250  3 08 x 08    0.7249  0 07 t 12    0.4899  4 08 t 04    0.4899  4 08 t 04
0.7250  0 07 t 12    0.7249  3 08 x 08    0.4908  0 06 t 02    0.4909  0 06 t 02
0.7253  0 03 x 12    0.7253  0 03 x 12    0.4971  0 07 t 10    0.4961  3 08 x 12
0.7276  0 06 t 02    0.7260  0 04 t 03    0.4973  3 08 x 12    0.4970  0 07 t 10
0.7282  5 08 t 08    0.7276  0 06 t 02    0.4975  0 04 t 02    0.4975  0 04 t 02
0.7284  5 08 t 05    0.7283  5 08 t 08    0.4980  0 04 t 10    0.4980  0 04 t 10
0.7290  6 08 t 04    0.7285  0 07 t 03    0.4986  0 07 t 03    0.4988  0 07 t 03
0.7299  0 04 t 03    0.7285  5 08 t 05    0.5001  3 08 x 06    0.5002  3 08 x 06
0.7301  0 07 t 03    0.7291  6 08 t 04    0.5006  3 08 x 07    0.5006  3 08 x 07
0.7303  0 05 t 02    0.7303  0 05 t 02    0.5019  3 08 x 10    0.5017  3 08 t 03
0.7304  7 08 x 05    0.7303  7 08 x 05    0.5028  5 08 t 05    0.5019  3 08 x 10
0.7365  3 08 x 12    0.7360  3 08 x 12    0.5028  5 08 t 08    0.5025  5 08 t 05
0.7387  5 08 t 07    0.7386  5 08 t 07    0.5031  3 08 t 03    0.5028  5 08 t 08
0.7402  5 08 t 12    0.7401  5 08 t 12    0.5034  0 01 t 02    0.5032  0 01 t 02
0.7402  5 08 t 10    0.7413  5 08 t 06    0.5041  0 00 t 02    0.5041  0 00 t 02
0.7413  5 08 t 06    0.7415  0 04 t 10    0.5059  4 08 t 08    0.5059  4 08 t 08
0.7416  0 04 t 10    0.7421  3 08 x 06    0.5064  0 07 t 12    0.5063  0 07 t 12
0.7419  3 08 x 06    0.7426  4 08 t 08    0.5094  4 08 t 05    0.5085  4 08 t 05
0.7425  3 08 t 03    0.7434  6 08 t 08    0.5096  5 08 t 07    0.5095  5 08 t 07
0.7426  4 08 t 08    0.7440  3 08 x 07    0.5104  0 07 t 02    0.5103  0 07 t 02
0.7434  6 08 t 08    0.7441  5 08 t 03    0.5110  5 08 t 06    0.5111  5 08 t 06
0.7437  3 08 x 07    0.7444  3 08 t 03    0.5113  5 08 t 12    0.5112  5 08 t 12
0.7441  5 08 t 03    0.7444  3 08 x 10    0.5116  5 08 t 03    0.5117  5 08 t 03
0.7445  3 08 x 10    0.7446  5 08 t 10    0.5126  4 08 t 06    0.5123  4 08 t 07
0.7448  0 04 t 02    0.7448  0 04 t 02    0.5128  4 08 t 07    0.5127  4 08 t 06
0.7461  6 08 t 05    0.7462  6 08 t 05    0.5142  4 08 x 02    0.5143  4 08 x 02
0.7466  0 07 t 02    0.7465  4 08 t 05    0.5145  6 08 t 04    0.5143  6 08 t 04
0.7477  4 08 t 05    0.7465  0 07 t 02    0.5146  4 08 t 12    0.5147  4 08 t 03
0.7532  6 08 t 06    0.7517  4 08 t 07    0.5153  4 08 t 03    0.5147  4 08 t 12
0.7535  4 08 t 06    0.7527  6 08 t 06    0.5155  5 08 t 10    0.5158  5 08 t 10
0.7535  4 08 t 07    0.7534  4 08 t 06    0.5173  3 08 t 04    0.5165  3 08 t 04
0.7536  0 00 t 02    0.7535  6 08 t 12    0.5175  3 08 t 08    0.5171  3 08 t 08
0.7537  6 08 t 12    0.7536  0 00 t 02    0.5178  4 08 t 10    0.5174  4 08 t 10
0.7542  4 08 t 12    0.7543  4 08 t 12    0.5210  5 08 t 02    0.5210  5 08 t 02
0.7550  0 01 t 02    0.7549  0 01 t 02    0.5216  5 08 x 02    0.5217  5 08 x 02
0.7560  6 08 t 07    0.7566  6 08 t 07    0.5247  6 08 t 08    0.5247  6 08 t 08
0.7579  6 08 t 10    0.7579  4 08 t 03    0.5277  6 08 t 05    0.5271  2 08 x 03
0.7585  4 08 t 03    0.7589  6 08 t 10    0.5290  2 08 x 03    0.5273  6 08 t 05
0.7595  5 08 t 02    0.7594  5 08 t 02    0.5298  3 08 t 05    0.5295  3 08 t 05
0.7606  4 08 x 02    0.7594  4 08 t 10    0.5309  6 08 t 12    0.5309  6 08 t 12
0.7621  6 08 t 03    0.7606  4 08 x 02    0.5309  6 08 t 06    0.5310  6 08 t 06
0.7622  5 08 x 02    0.7621  6 08 t 03    0.5313  3 08 t 07    0.5312  3 08 t 07
0.7623  4 08 t 10    0.7623  5 08 x 02    0.5318  3 08 t 06    0.5323  3 08 t 06
0.7658  3 08 t 08    0.7658  3 08 t 08    0.5327  7 08 x 04    0.5324  7 08 x 04
0.7685  3 08 t 04    0.7681  3 08 t 04    0.5336  6 08 t 07    0.5337  6 08 t 07
0.7783  6 08 x 02    0.7783  6 08 x 02    0.5349  7 08 x 03    0.5346  6 08 t 10
0.7854  3 08 t 05    0.7863  3 08 t 05    0.5356  6 08 t 10    0.5352  7 08 x 03
0.7878  3 08 t 07    0.7864  2 08 x 03    0.5367  6 08 t 03    0.5367  6 08 t 03
0.7879  2 08 x 03    0.7877  3 08 t 07    0.5397  4 08 t 02    0.5397  4 08 t 02
0.7896  3 08 t 06    0.7887  3 08 t 06    0.5412  3 08 t 10    0.5409  3 08 t 10
0.7919  7 08 t 04    0.7919  7 08 t 04    0.5437  7 08 x 05    0.5435  7 08 x 05
0.7998  4 08 t 02    0.7998  4 08 t 02    0.5451  3 08 t 12    0.5451  3 08 t 12
0.8019  6 08 t 02    0.8018  6 08 t 02    0.5464  6 08 x 02    0.5464  6 08 x 02
0.8032  3 08 t 10    0.8031  3 08 t 10    0.5496  2 08 t 03    0.5497  2 08 t 03
0.8080  7 08 t 05    0.8075  7 08 t 05    0.5524  2 08 t 05    0.5523  2 08 t 05
0.8092  3 08 t 12    0.8092  3 08 t 12    0.5527  3 08 x 02    0.5526  3 08 x 02
0.8191  2 08 t 03    0.8192  2 08 t 03    0.5547  2 08 t 04    0.5549  2 08 t 04
0.8206  2 08 t 05    0.8205  2 08 t 05    0.5599  2 08 x 04    0.5602  2 08 x 04
0.8238  3 08 x 02    0.8238  3 08 x 02    0.5619  6 08 t 02    0.5619  6 08 t 02
0.8253  2 08 t 04    0.8252  2 08 t 04    0.5660  0 02 x 12    0.5662  3 08 t 02
0.8295  7 08 x 02    0.8295  7 08 x 02    0.5662  3 08 t 02    0.5663  0 02 x 12
0.8313  7 08 t 03    0.8313  7 08 t 03    0.5664  0 02 x 05    0.5664  0 02 x 05
0.8345  2 08 x 04    0.8345  2 08 x 04    0.5667  0 02 x 08    0.5666  0 02 x 08
0.8414  0 02 x 12    0.8418  0 02 x 12    0.5714  0 02 x 07    0.5712  0 02 x 07
0.8435  0 02 x 08    0.8436  0 02 x 08    0.5715  0 02 x 06    0.5715  2 08 x 05
0.8442  0 02 x 05    0.8441  0 02 x 05    0.5717  2 08 x 05    0.5716  0 02 x 06
0.8455  3 08 t 02    0.8454  3 08 t 02    0.5772  0 02 x 10    0.5767  0 02 x 10
0.8507  0 02 x 07    0.8509  0 02 x 07    0.5789  0 02 x 02    0.5790  0 02 x 02
0.8508  2 08 x 05    0.8509  2 08 x 05    0.5811  7 08 t 04    0.5812  7 08 t 04
0.8516  0 02 x 06    0.8515  0 02 x 06    0.5933  0 02 x 03    0.5932  0 02 x 03
0.8583  0 02 x 10    0.8584  0 02 x 10    0.5936  7 08 t 05    0.5939  7 08 t 05
0.8665  0 02 x 02    0.8666  0 02 x 02    0.6078  7 08 t 03    0.6079  7 08 t 03
0.8769  7 08 t 02    0.8748  7 08 t 02    0.6091  7 08 x 02    0.6090  7 08 x 02
0.8862  0 02 x 03    0.8861  0 02 x 03    0.6130  0 02 x 04    0.6132  0 02 x 04
0.9153  0 02 x 04    0.9152  0 02 x 04    0.6136  2 08 x 02    0.6134  2 08 x 02
0.9183  2 08 x 02    0.9185  2 08 x 02    0.6350  2 08 t 02    0.6349  2 08 t 02
0.9502  2 08 t 02    0.9501  2 08 t 02    0.6391  7 08 t 02    0.6376  7 08 t 02
0.9915  0 06 t 01    0.9914  0 06 t 01    0.6607  0 00 t 01    0.6607  0 00 t 01
0.9935  0 00 t 01    0.9934  0 00 t 01    0.6612  0 31 t 01    0.6612  0 31 t 01
0.9950  0 30 t 01    0.9950  0 30 t 01    0.6620  0 01 t 01    0.6620  0 01 t 01
0.9954  0 31 t 01    0.9954  0 31 t 01    0.6624  0 30 t 01    0.6624  0 30 t 01
0.9969  0 01 t 01    0.9969  0 01 t 01    0.6631  0 06 t 01    0.6631  0 06 t 01
1.0025  0 27 t 01    1.0025  0 27 t 01    0.6653  0 27 t 01    0.6653  0 27 t 01
1.0029  0 05 t 01    1.0029  0 05 t 01    0.6659  0 01 x 01    0.6659  0 01 x 01
1.0037  0 01 x 01    1.0037  0 01 x 01    0.6669  0 05 t 01    0.6669  0 05 t 01
1.0075  0 04 x 01    1.0075  0 04 x 01    0.6698  0 04 x 01    0.6697  0 04 x 01
1.0101  0 29 x 01    1.0100  0 29 x 01    0.6704  0 29 x 01    0.6704  0 29 x 01
1.0125  0 04 t 01    1.0125  0 04 t 01    0.6705  0 04 t 01    0.6705  0 04 t 01
1.0131  0 28 t 01    1.0130  0 28 t 01    0.6739  0 28 t 01    0.6739  0 31 x 01
1.0133  0 07 t 01    1.0139  0 07 t 01    0.6739  0 31 x 01    0.6739  0 28 t 01
1.0147  0 31 x 01    1.0147  0 32 x 01    0.6739  0 32 x 01    0.6739  0 32 x 01
1.0148  0 32 t 01    1.0147  0 31 x 01    0.6740  0 32 t 01    0.6740  0 32 t 01
1.0148  0 32 x 01    1.0148  0 32 t 01    0.6743  0 29 t 01    0.6743  0 29 t 01
1.0168  0 29 t 01    1.0168  0 29 t 01    0.6750  0 05 x 01    0.6750  0 05 x 01
1.0173  0 05 x 01    1.0173  0 05 x 01    0.6770  0 30 x 01    0.6770  0 30 x 01
1.0178  0 30 x 01    1.0179  0 30 x 01    0.6776  0 27 x 01    0.6777  0 27 x 01
1.0179  0 07 x 01    1.0179  0 07 x 01    0.6786  0 28 x 01    0.6787  0 28 x 01
1.0202  0 06 x 01    1.0202  0 06 x 01    0.6812  0 06 x 01    0.6811  0 06 x 01
1.0208  0 28 x 01    1.0208  0 28 x 01    0.6856  0 07 t 01    0.6856  0 07 t 01
1.0209  0 27 x 01    1.0209  0 27 x 01    0.6897  0 07 x 01    0.6897  0 07 x 01
1.0412  0 00 x 01    1.0411  0 00 x 01    0.6906  0 00 x 01    0.6906  0 00 x 01
1.0762  0 02 x 01    1.0762  0 02 x 01    0.7150  0 02 x 01    0.7149  0 02 x 01
1.0824  1 08 t 03    1.0823  1 08 x 03    0.7239  1 08 t 03    0.7240  1 08 t 03
1.0825  1 08 x 03    1.0824  1 08 t 03    0.7240  1 08 x 03    0.7242  1 08 x 03
1.0909  5 08 t 01    1.0909  5 08 t 01    0.7318  0 03 x 01    0.7319  0 03 x 01
1.1016  1 08 x 04    1.1014  1 08 x 04    0.7360  5 08 t 01    0.7361  5 08 t 01
1.1042  1 08 t 04    1.1049  0 03 x 01    0.7371  1 08 x 04    0.7368  1 08 x 04
1.1049  0 03 x 01    1.1103  5 08 x 01    0.7373  1 08 t 04    0.7406  1 08 t 04
1.1103  5 08 x 01    1.1107  1 08 t 04    0.7449  4 08 x 01    0.7450  4 08 x 01
1.1123  6 08 t 01    1.1122  6 08 t 01    0.7486  5 08 x 01    0.7485  5 08 x 01
1.1158  4 08 x 01    1.1158  4 08 x 01    0.7532  1 08 t 05    0.7531  1 08 t 05
1.1223  6 08 x 01    1.1223  6 08 x 01    0.7584  4 08 t 01    0.7584  4 08 t 01
1.1246  1 08 t 05    1.1235  1 08 t 05    0.7609  1 08 x 05    0.7608  1 08 x 05
1.1353  1 08 x 05    1.1354  1 08 x 05    0.7656  6 08 t 01    0.7656  6 08 t 01
1.1371  4 08 t 01    1.1371  4 08 t 01    0.7721  6 08 x 01    0.7720  6 08 x 01
1.1840  3 08 t 01    1.1841  3 08 t 01    0.7845  3 08 t 01    0.7847  3 08 t 01
1.1855  7 08 t 01    1.1856  7 08 t 01    0.7902  3 08 x 01    0.7902  3 08 x 01
1.1887  7 08 x 01    1.1886  7 08 x 01    0.8449  7 08 t 01    0.8448  7 08 t 01
1.1915  3 08 x 01    1.1916  3 08 x 01    0.8470  7 08 x 01    0.8470  7 08 x 01
1.2720  1 08 x 02    1.2716  1 08 x 02    0.8476  1 08 x 02    0.8475  1 08 x 02
1.2738  1 08 t 02    1.2738  1 08 t 02    0.8499  1 08 t 02    0.8499  1 08 t 02
1.3426  2 08 x 01    1.3428  2 08 x 01    0.8904  2 08 x 01    0.8904  2 08 x 01
1.3550  2 08 t 01    1.3552  2 08 t 01    0.8979  2 08 t 01    0.8979  2 08 t 01
1.8352  1 08 x 01    1.8353  1 08 x 01    1.2137  1 08 x 01    1.2136  1 08 x 01
1.8361  1 08 t 01    1.8362  1 08 t 01    1.2144  1 08 t 01    1.2145  1 08 t 01
---Benchmark Program Finished---
