
./testbench.sh g++ O3 MontgomeryFull uint64_t 191 8 22 -DTEST_ARRAY -DHURCHALLA_MONTGOMERY_TWO_POW_USE_CSELECT_ON_BIT -DHURCHALLA_ALLOW_INLINE_ASM_ALL

compilation finished, now executing:
---Running Program---

begin benchmarks - array two_pow
(ignore)10826325836583162489

OVERALL BEST:
0.2122  0 29 x 10
0.2179  0 31 x 12
0.2181  0 32 t 10
0.2182  0 32 x 10
0.2189  0 32 x 12
0.2190  0 32 t 12
0.2205  0 29 x 12
0.2206  0 31 x 10
0.2243  0 30 x 10
0.2274  0 28 x 08
0.2279  0 29 x 07
0.2288  0 28 x 10
0.2289  0 31 x 07
0.2303  0 32 t 08
0.2303  0 32 x 08
0.2313  0 29 x 08
0.2314  0 30 x 08
0.2314  0 29 x 06
0.2317  0 29 t 06
0.2319  0 32 x 06
0.2320  0 32 t 06
0.2323  0 31 x 08
0.2325  0 30 x 12
0.2330  0 28 x 07
0.2330  0 28 x 06
0.2345  0 30 x 06
0.2355  0 30 x 07
0.2363  0 28 x 12
0.2365  0 27 x 08
0.2367  0 27 x 12
0.2368  0 27 x 07
0.2369  0 27 x 10
0.2382  0 32 t 05
0.2385  0 32 x 05
0.2385  0 31 t 06
0.2394  0 29 x 05
0.2397  0 01 x 12
0.2400  0 01 x 10
0.2416  0 32 x 07
0.2416  0 31 x 06
0.2416  0 32 t 07
0.2418  0 27 x 06
0.2431  0 05 x 10
0.2431  0 00 x 12
0.2438  0 05 x 12
0.2446  0 31 x 05
0.2449  0 29 t 08
0.2465  0 00 x 08
0.2469  0 04 x 08
0.2473  0 04 x 10
0.2474  0 29 t 05
0.2481  0 30 x 05
0.2487  0 29 t 07
0.2497  0 06 x 08
0.2504  0 28 x 05
0.2504  0 01 x 07
0.2511  0 05 x 08
0.2525  0 04 x 12
0.2525  0 00 x 06
0.2533  0 29 t 04
0.2533  0 01 x 08
0.2540  0 27 x 05
0.2546  0 28 t 04
0.2549  0 31 t 05
0.2553  0 00 x 10
0.2556  0 05 x 07
0.2564  0 31 t 07
0.2573  0 31 t 04
0.2580  0 06 x 07
0.2587  0 30 t 04
0.2590  0 06 x 10
0.2597  0 00 x 07
0.2598  0 29 x 04
0.2598  0 05 x 06
0.2601  0 28 t 05
0.2601  0 28 x 04
0.2603  0 32 x 04
0.2605  0 32 t 04
0.2605  0 31 t 08
0.2609  0 01 t 07
0.2611  0 01 x 06
0.2619  0 31 t 10
0.2621  0 04 x 07
0.2628  0 01 t 05
0.2643  0 28 t 06
0.2649  0 30 t 05
0.2655  0 27 t 04
0.2656  0 04 x 06
0.2662  0 30 x 04
0.2664  0 00 t 05
0.2668  0 29 t 10
0.2669  0 01 t 04
0.2675  0 27 x 04
0.2682  0 01 x 05
0.2682  0 05 t 07
0.2683  0 00 t 06
0.2686  0 05 t 04
0.2689  0 00 x 05
0.2690  0 27 t 05
0.2697  0 00 t 08
0.2699  0 06 x 12
0.2700  0 06 x 06
0.2701  0 31 t 12
0.2706  0 28 t 10
0.2708  0 31 x 04
0.2714  0 04 t 05
0.2718  0 04 t 04
0.2722  0 28 t 07
0.2737  0 05 x 05
0.2739  0 05 t 08
0.2743  0 00 t 12
0.2745  0 28 t 08
0.2749  0 01 t 08
0.2752  0 29 t 12
0.2756  0 04 t 08
0.2759  0 27 t 06
0.2761  0 06 x 05
0.2763  0 05 x 04
0.2769  0 04 x 05
0.2771  0 30 t 08
0.2775  0 01 x 04
0.2779  0 06 t 06
0.2783  4 08 x 08
0.2791  0 30 t 07
0.2791  0 28 t 12
0.2796  0 30 t 06
0.2796  0 00 t 10
0.2798  0 30 t 10
0.2800  4 08 x 07
0.2801  0 31 t 03
0.2804  0 01 t 06
0.2807  0 30 t 12
0.2810  0 06 t 10
0.2820  0 00 t 04
0.2825  0 28 t 03
0.2828  0 01 t 03
0.2828  0 05 t 12
0.2835  0 01 t 12
0.2837  0 27 t 10
0.2839  0 27 t 08
0.2848  0 05 t 05
0.2855  0 04 x 04
0.2862  0 06 t 04
0.2870  5 08 x 08
0.2876  0 05 t 03
0.2877  0 27 t 07
0.2889  0 06 x 04
0.2891  0 06 t 08
0.2891  0 29 t 03
0.2894  5 08 x 07
0.2895  0 27 t 12
0.2903  0 04 t 12
0.2910  0 30 t 03
0.2917  0 07 x 06
0.2917  3 08 x 06
0.2918  0 00 t 07
0.2919  4 08 x 06
0.2923  0 05 t 06
0.2925  0 05 t 10
0.2927  0 27 t 03
0.2931  4 08 x 05
0.2933  0 00 x 04
0.2938  0 07 t 05
0.2939  5 08 x 10
0.2946  0 04 t 03
0.2954  4 08 t 05
0.2955  0 07 x 05
0.2962  3 08 x 08
0.2970  0 06 t 03
0.2971  3 08 x 07
0.2974  5 08 x 06
0.2974  0 04 t 06
0.2991  0 01 t 10
0.2997  4 08 x 12
0.2998  0 06 t 07
0.3010  3 08 x 05
0.3021  0 32 t 03
0.3022  0 32 x 03
0.3024  5 08 x 12
0.3025  5 08 x 05
0.3032  0 04 t 10
0.3034  0 28 x 03
0.3035  0 31 x 03
0.3040  0 07 x 08
0.3042  0 29 x 03
0.3047  0 06 t 05
0.3052  0 30 x 03
0.3057  0 06 t 12
0.3060  0 00 t 03
0.3064  4 08 x 10
0.3066  3 08 t 05
0.3078  0 07 x 04
0.3079  0 01 x 03
0.3087  3 08 x 10
0.3090  5 08 x 04
0.3093  5 08 t 05
0.3102  0 27 x 03
0.3104  4 08 t 06
0.3105  0 03 x 05
0.3115  0 03 x 06
0.3118  0 07 t 04
0.3118  4 08 t 04
0.3124  3 08 x 12
0.3127  3 08 x 04
0.3137  0 03 x 04
0.3142  4 08 x 04
0.3148  0 05 x 03
0.3182  6 08 x 08
0.3186  6 08 x 07
0.3188  4 08 t 07
0.3192  5 08 t 04
0.3197  0 06 x 03
0.3198  0 07 x 10
0.3198  0 07 t 03
0.3201  0 04 t 07
0.3207  6 08 x 10
0.3208  4 08 t 08
0.3210  5 08 t 06
0.3210  0 07 t 06
0.3210  3 08 t 06
0.3214  0 04 x 03
0.3219  0 03 x 07
0.3225  0 00 x 03
0.3228  5 08 t 07
0.3244  4 08 t 12
0.3257  0 07 x 07
0.3272  3 08 t 04
0.3275  5 08 t 10
0.3276  5 08 t 12
0.3276  6 08 x 12
0.3283  3 08 t 07
0.3298  6 08 x 06
0.3328  0 03 x 08
0.3343  4 08 t 03
0.3346  3 08 t 08
0.3357  0 07 x 03
0.3391  0 03 x 10
0.3395  5 08 t 03
0.3405  6 08 x 05
0.3410  5 08 t 08
0.3410  0 07 t 08
0.3456  6 08 t 05
0.3457  4 08 t 10
0.3461  6 08 t 07
0.3472  6 08 t 08
0.3486  2 08 x 04
0.3490  6 08 t 06
0.3493  2 08 t 05
0.3502  4 08 x 03
0.3525  0 03 x 03
0.3531  3 08 t 03
0.3534  6 08 t 10
0.3549  0 07 t 07
0.3567  0 01 t 02
0.3570  0 07 t 12
0.3575  6 08 x 04
0.3583  3 08 t 10
0.3587  0 05 t 02
0.3594  6 08 t 12
0.3601  2 08 x 05
0.3603  3 08 x 03
0.3604  6 08 t 04
0.3606  0 29 t 02
0.3616  5 08 x 03
0.3632  0 28 t 02
0.3635  0 30 t 02
0.3636  0 06 t 02
0.3644  0 04 t 02
0.3647  2 08 t 04
0.3697  3 08 t 12
0.3715  0 31 t 02
0.3721  0 07 t 10
0.3750  0 00 t 02
0.3766  0 27 t 02
0.3829  0 07 x 12
0.3834  2 08 x 03
0.3851  0 03 x 12
0.3851  0 07 t 02
0.3856  6 08 t 03
0.4006  0 01 x 02
0.4016  0 05 x 02
0.4020  7 08 x 05
0.4042  0 28 x 02
0.4048  6 08 x 03
0.4050  2 08 t 03
0.4067  0 27 x 02
0.4107  0 04 x 02
0.4114  0 32 x 02
0.4117  0 29 x 02
0.4119  0 32 t 02
0.4127  0 06 x 02
0.4166  0 30 x 02
0.4166  0 00 x 02
0.4211  0 31 x 02
0.4234  7 08 t 05
0.4241  4 08 t 02
0.4264  0 07 x 02
0.4325  7 08 x 04
0.4392  5 08 t 02
0.4413  3 08 t 02
0.4477  7 08 t 04
0.4584  4 08 x 02
0.4663  5 08 x 02
0.4762  1 08 x 04
0.4773  3 08 x 02
0.4792  7 08 t 03
0.4792  1 08 x 05
0.4850  6 08 t 02
0.4875  0 03 x 02
0.4896  1 08 t 05
0.4934  7 08 x 03
0.5034  2 08 t 02
0.5063  1 08 t 04
0.5115  2 08 x 02
0.5167  1 08 x 03
0.5179  6 08 x 02
0.5212  1 08 t 03
0.5949  7 08 t 02
0.6188  0 06 t 01
0.6196  0 05 t 01
0.6219  0 01 t 01
0.6254  0 31 t 01
0.6261  0 29 t 01
0.6303  0 07 t 01
0.6333  0 30 t 01
0.6339  0 00 t 01
0.6370  0 04 t 01
0.6378  7 08 x 02
0.6731  0 02 x 02
0.6811  0 29 x 01
0.6844  0 05 x 01
0.6856  0 04 x 01
0.6858  0 28 x 01
0.6870  0 06 x 01
0.6873  0 31 x 01
0.6902  0 28 t 01
0.6921  0 01 x 01
0.6932  0 32 x 01
0.6935  1 08 x 02
0.6938  0 32 t 01
0.6939  0 00 x 01
0.6970  0 07 x 01
0.7011  0 27 t 01
0.7046  0 30 x 01
0.7061  0 27 x 01
0.7077  0 02 x 01
0.7081  1 08 t 02
0.7096  4 08 t 01
0.7285  5 08 t 01
0.7549  3 08 t 01
0.7682  4 08 x 01
0.7979  0 03 x 01
0.8001  0 02 x 03
0.8040  5 08 x 01
0.8079  3 08 x 01
0.8180  6 08 t 01
0.8678  2 08 t 01
0.8782  0 02 x 05
0.8789  0 02 x 04
0.8830  0 02 x 06
0.8936  0 02 x 07
0.8945  6 08 x 01
0.8976  0 02 x 08
0.9025  0 02 x 10
0.9095  2 08 x 01
0.9301  0 02 x 12
1.0453  7 08 t 01
1.1270  7 08 x 01
1.2413  1 08 x 01
1.2436  1 08 t 01
Timings By Test Type:
0.0653  0 29 x 10    0.0652  0 29 x 10    0.0408  0 29 x 10    0.0408  0 29 x 10
0.0668  0 32 t 10    0.0668  0 32 x 10    0.0419  0 31 x 12    0.0419  0 31 x 12
0.0668  0 32 x 10    0.0669  0 32 t 10    0.0421  0 30 x 10    0.0421  0 30 x 10
0.0670  0 31 x 12    0.0671  0 31 x 12    0.0423  0 32 t 10    0.0423  0 32 t 10
0.0671  0 32 t 12    0.0672  0 32 x 12    0.0423  0 32 x 10    0.0423  0 32 x 12
0.0671  0 32 x 12    0.0672  0 32 t 12    0.0423  0 32 t 12    0.0423  0 32 x 10
0.0678  0 31 x 10    0.0677  0 29 x 12    0.0423  0 32 x 12    0.0423  0 32 t 12
0.0679  0 29 x 12    0.0677  0 31 x 10    0.0424  0 29 x 12    0.0424  0 29 x 12
0.0699  0 29 x 07    0.0700  0 31 x 07    0.0426  0 31 x 10    0.0426  0 31 x 10
0.0700  0 30 x 10    0.0700  0 30 x 10    0.0434  0 30 x 12    0.0434  0 30 x 12
0.0700  0 28 x 08    0.0701  0 28 x 08    0.0437  0 28 x 08    0.0436  0 28 x 08
0.0701  0 31 x 07    0.0701  0 29 x 07    0.0440  0 29 x 07    0.0439  0 29 x 07
0.0701  0 28 x 10    0.0701  0 28 x 10    0.0440  0 27 x 12    0.0440  0 27 x 12
0.0707  0 32 x 08    0.0707  0 32 x 08    0.0443  0 28 x 10    0.0443  0 28 x 10
0.0707  0 32 t 08    0.0707  0 32 t 08    0.0444  0 27 x 10    0.0444  0 27 x 10
0.0710  0 29 t 06    0.0710  0 29 t 06    0.0444  0 32 t 08    0.0444  0 31 x 07
0.0710  0 29 x 08    0.0710  0 30 x 08    0.0445  0 32 x 08    0.0444  0 32 x 08
0.0711  0 29 x 06    0.0710  0 29 x 08    0.0445  0 31 x 07    0.0444  0 32 t 08
0.0711  0 30 x 08    0.0711  0 29 x 06    0.0446  0 30 x 08    0.0447  0 29 x 08
0.0712  0 32 x 06    0.0712  0 32 t 06    0.0446  0 29 x 08    0.0447  0 29 x 06
0.0712  0 28 x 06    0.0712  0 32 x 06    0.0447  0 29 x 06    0.0447  0 30 x 08
0.0712  0 32 t 06    0.0712  0 28 x 06    0.0447  0 32 x 06    0.0448  0 32 t 06
0.0713  0 31 x 08    0.0713  0 31 x 08    0.0448  0 28 x 12    0.0448  0 32 x 06
0.0713  0 28 x 07    0.0713  0 28 x 07    0.0448  0 32 t 06    0.0448  0 28 x 12
0.0721  0 30 x 07    0.0721  0 30 x 07    0.0448  0 31 x 08    0.0448  0 31 x 08
0.0722  0 30 x 06    0.0722  0 30 x 06    0.0449  0 29 t 06    0.0448  0 29 t 06
0.0728  0 32 t 05    0.0727  0 32 t 05    0.0450  0 30 x 06    0.0450  0 30 x 06
0.0728  0 32 x 05    0.0728  0 27 x 08    0.0452  0 28 x 07    0.0452  0 28 x 07
0.0728  0 27 x 08    0.0728  0 32 x 05    0.0453  0 28 x 06    0.0453  0 28 x 06
0.0729  0 30 x 12    0.0729  0 30 x 12    0.0453  0 27 x 07    0.0453  0 27 x 07
0.0730  0 27 x 07    0.0730  0 05 x 10    0.0454  0 27 x 08    0.0454  0 27 x 08
0.0730  0 31 t 06    0.0731  0 31 t 06    0.0456  0 30 x 07    0.0457  0 30 x 07
0.0730  0 05 x 10    0.0731  0 27 x 07    0.0460  0 29 x 05    0.0460  0 29 x 05
0.0731  0 05 x 12    0.0731  0 05 x 12    0.0461  0 01 x 12    0.0462  0 32 x 07
0.0733  0 28 x 12    0.0734  0 28 x 12    0.0462  0 31 t 06    0.0462  0 32 t 07
0.0736  0 01 x 12    0.0736  0 01 x 10    0.0463  0 32 x 07    0.0462  0 31 t 06
0.0736  0 01 x 10    0.0737  0 29 x 05    0.0463  0 32 t 07    0.0462  0 01 x 12
0.0737  0 29 x 05    0.0738  0 01 x 12    0.0463  0 32 t 05    0.0464  0 32 t 05
0.0741  0 27 x 10    0.0741  0 27 x 10    0.0463  0 01 x 10    0.0464  0 27 x 06
0.0742  0 31 x 06    0.0742  0 31 x 06    0.0463  0 27 x 06    0.0464  0 01 x 10
0.0743  0 27 x 12    0.0744  0 27 x 12    0.0464  0 32 x 05    0.0464  0 32 x 05
0.0745  0 27 x 06    0.0745  0 32 t 07    0.0466  0 31 x 06    0.0466  0 31 x 06
0.0746  0 32 t 07    0.0746  0 00 x 12    0.0470  0 00 x 12    0.0470  0 00 x 12
0.0746  0 32 x 07    0.0746  0 32 x 07    0.0472  0 04 x 08    0.0472  0 04 x 08
0.0746  0 00 x 12    0.0746  0 27 x 06    0.0473  0 29 t 08    0.0473  0 29 t 08
0.0749  0 31 x 05    0.0748  0 31 x 05    0.0474  0 04 x 10    0.0474  0 04 x 10
0.0752  0 29 t 08    0.0751  0 29 t 08    0.0475  0 31 x 05    0.0474  0 31 x 05
0.0754  0 00 x 08    0.0754  0 00 x 08    0.0479  0 00 x 08    0.0478  0 00 x 08
0.0756  0 06 x 08    0.0756  0 06 x 08    0.0479  0 29 t 05    0.0479  0 29 t 05
0.0757  0 05 x 08    0.0756  0 05 x 08    0.0480  0 30 x 05    0.0480  0 30 x 05
0.0758  0 29 t 05    0.0758  0 29 t 05    0.0482  0 29 t 07    0.0482  0 01 x 07
0.0761  0 29 t 07    0.0761  0 30 x 05    0.0483  0 01 x 07    0.0483  0 29 t 07
0.0761  0 30 x 05    0.0762  0 29 t 07    0.0483  0 04 x 12    0.0483  0 04 x 12
0.0763  0 04 x 08    0.0763  0 04 x 10    0.0485  0 05 x 10    0.0485  0 05 x 10
0.0763  0 04 x 10    0.0763  0 04 x 08    0.0487  0 28 x 05    0.0486  0 28 x 05
0.0766  0 28 x 05    0.0765  0 28 x 05    0.0487  0 05 x 12    0.0487  0 05 x 12
0.0770  0 01 x 07    0.0769  0 01 x 07    0.0488  0 01 x 08    0.0489  0 01 x 08
0.0772  0 05 x 07    0.0770  0 05 x 07    0.0489  0 00 x 06    0.0489  0 00 x 06
0.0774  0 00 x 06    0.0774  0 00 x 06    0.0491  0 29 t 04    0.0491  0 31 t 05
0.0775  0 29 t 04    0.0775  0 29 t 04    0.0492  0 31 t 05    0.0491  0 29 t 04
0.0778  0 27 x 05    0.0778  0 27 x 05    0.0492  0 27 x 05    0.0493  0 27 x 05
0.0778  0 01 x 08    0.0778  0 01 x 08    0.0493  0 06 x 08    0.0493  0 06 x 08
0.0779  0 28 t 04    0.0779  0 04 x 12    0.0493  0 28 t 05    0.0493  0 28 t 05
0.0780  0 04 x 12    0.0779  0 28 t 04    0.0494  0 28 t 04    0.0494  0 28 t 04
0.0780  0 06 x 07    0.0780  0 06 x 10    0.0495  0 00 x 10    0.0494  0 00 x 10
0.0780  0 06 x 10    0.0780  0 06 x 07    0.0496  0 31 t 04    0.0496  0 31 t 04
0.0783  0 05 x 06    0.0781  0 00 x 10    0.0497  0 28 t 06    0.0497  0 28 t 06
0.0783  0 31 t 05    0.0784  0 05 x 06    0.0497  0 29 x 04    0.0497  0 29 x 04
0.0784  0 31 t 07    0.0784  0 31 t 07    0.0498  0 31 t 07    0.0498  0 31 t 07
0.0784  0 00 x 10    0.0784  0 31 t 05    0.0499  0 30 t 05    0.0499  0 05 x 08
0.0790  0 31 t 04    0.0790  0 31 t 04    0.0499  0 05 x 08    0.0499  0 30 t 05
0.0793  0 30 t 04    0.0793  0 30 t 04    0.0500  0 30 t 04    0.0501  0 30 t 04
0.0795  0 00 x 07    0.0796  0 00 x 07    0.0502  0 01 t 07    0.0503  0 00 x 07
0.0796  0 28 x 04    0.0796  0 28 x 04    0.0502  0 00 x 07    0.0503  0 32 x 04
0.0798  0 31 t 08    0.0797  0 31 t 08    0.0503  0 04 x 07    0.0503  0 01 t 07
0.0799  0 32 x 04    0.0799  0 32 x 04    0.0503  0 32 x 04    0.0503  0 04 x 07
0.0799  0 32 t 04    0.0799  0 32 t 04    0.0503  0 01 x 06    0.0503  0 01 x 06
0.0802  0 29 x 04    0.0802  0 01 t 07    0.0503  0 32 t 04    0.0504  0 32 t 04
0.0802  0 01 t 07    0.0802  0 29 x 04    0.0504  0 28 x 04    0.0504  0 28 x 04
0.0802  0 01 x 06    0.0802  0 01 x 06    0.0505  0 31 t 08    0.0505  0 31 t 08
0.0804  0 31 t 10    0.0804  0 31 t 10    0.0505  0 31 t 10    0.0505  0 31 t 10
0.0807  0 01 t 05    0.0807  0 01 t 05    0.0507  0 27 t 05    0.0507  0 27 t 05
0.0808  0 28 t 05    0.0807  0 28 t 05    0.0507  0 01 t 05    0.0507  0 01 t 05
0.0808  0 04 x 07    0.0808  0 04 x 07    0.0507  0 05 x 07    0.0507  0 05 x 07
0.0809  0 06 x 12    0.0809  0 05 t 07    0.0510  0 04 x 06    0.0510  0 04 x 06
0.0810  0 05 t 07    0.0810  0 06 x 12    0.0510  0 06 x 07    0.0510  0 06 x 07
0.0813  0 05 t 04    0.0813  0 05 t 04    0.0511  0 27 t 04    0.0511  0 27 t 04
0.0816  0 30 x 04    0.0815  0 30 x 04    0.0513  0 27 x 04    0.0513  0 27 x 04
0.0816  0 00 t 05    0.0816  0 00 t 05    0.0514  0 01 t 04    0.0514  0 01 t 04
0.0816  0 27 t 04    0.0816  0 27 t 04    0.0514  0 28 t 10    0.0514  0 28 t 10
0.0818  0 29 t 10    0.0818  0 04 x 06    0.0515  0 30 x 04    0.0514  0 06 x 10
0.0818  0 06 x 06    0.0818  0 29 t 10    0.0516  0 06 x 10    0.0515  0 30 x 04
0.0818  0 04 x 06    0.0820  0 06 x 06    0.0516  0 29 t 10    0.0516  0 29 t 10
0.0821  0 01 t 04    0.0821  0 01 t 04    0.0516  0 05 x 06    0.0516  0 01 x 05
0.0822  0 00 t 06    0.0821  0 00 t 06    0.0516  0 01 x 05    0.0516  0 05 x 06
0.0824  0 00 x 05    0.0824  0 27 x 04    0.0516  0 00 t 05    0.0517  0 00 t 05
0.0824  0 27 x 04    0.0825  0 00 x 05    0.0517  0 27 t 06    0.0518  0 27 t 06
0.0825  0 28 t 06    0.0825  0 28 t 06    0.0520  0 00 t 06    0.0520  0 00 t 06
0.0825  0 01 x 05    0.0825  0 01 x 05    0.0520  0 00 x 05    0.0520  0 00 x 05
0.0826  0 30 t 05    0.0825  0 30 t 05    0.0520  0 04 t 05    0.0520  0 04 t 05
0.0826  0 00 t 08    0.0827  0 00 t 08    0.0522  0 00 t 08    0.0522  0 00 t 08
0.0828  0 05 t 08    0.0828  0 31 t 12    0.0522  0 31 t 12    0.0522  0 31 t 12
0.0828  0 31 t 12    0.0828  0 05 t 08    0.0523  0 31 x 04    0.0523  0 31 x 04
0.0829  0 05 x 05    0.0829  0 05 x 05    0.0525  0 28 t 08    0.0525  0 28 t 08
0.0831  0 31 x 04    0.0831  0 31 x 04    0.0526  0 04 t 04    0.0526  0 04 t 04
0.0833  0 04 t 04    0.0833  0 28 t 07    0.0528  0 28 t 07    0.0528  0 28 t 07
0.0833  0 28 t 07    0.0833  0 04 t 04    0.0528  0 04 t 08    0.0528  0 04 t 08
0.0837  0 04 t 05    0.0837  0 04 t 05    0.0528  0 01 t 08    0.0528  0 01 t 08
0.0837  0 05 x 04    0.0837  0 05 x 04    0.0528  0 30 t 08    0.0528  0 30 t 08
0.0838  0 06 x 05    0.0837  0 06 x 05    0.0530  0 05 t 04    0.0530  0 05 t 04
0.0839  0 27 t 05    0.0838  0 27 t 05    0.0531  0 00 t 12    0.0531  0 00 t 12
0.0839  0 28 t 10    0.0839  0 28 t 10    0.0531  0 27 t 10    0.0531  0 06 x 06
0.0841  0 00 t 12    0.0840  0 00 t 12    0.0531  0 06 x 06    0.0531  0 27 t 10
0.0843  4 08 x 08    0.0843  4 08 x 08    0.0532  0 30 t 10    0.0532  0 05 t 07
0.0844  0 29 t 12    0.0844  0 29 t 12    0.0532  0 05 t 07    0.0532  0 30 t 10
0.0844  0 06 t 06    0.0844  0 06 t 06    0.0532  0 29 t 12    0.0533  0 29 t 12
0.0846  0 01 t 08    0.0846  0 01 t 08    0.0533  0 04 x 05    0.0533  0 04 x 05
0.0847  0 28 t 08    0.0847  0 28 t 08    0.0534  0 30 t 06    0.0534  0 30 t 06
0.0848  4 08 x 07    0.0849  4 08 x 07    0.0534  0 27 t 08    0.0534  0 27 t 08
0.0850  0 04 t 08    0.0849  5 08 x 08    0.0535  0 01 x 04    0.0536  0 01 x 04
0.0850  0 28 t 12    0.0850  0 04 t 08    0.0538  0 30 t 07    0.0538  0 30 t 07
0.0850  5 08 x 08    0.0850  0 28 t 12    0.0539  0 01 t 06    0.0539  0 05 x 05
0.0852  0 04 x 05    0.0851  0 04 x 05    0.0539  0 31 t 03    0.0539  0 01 t 06
0.0852  0 01 x 04    0.0852  0 01 x 04    0.0539  0 05 x 05    0.0539  0 31 t 03
0.0855  0 00 t 10    0.0856  0 05 t 12    0.0539  0 06 x 12    0.0540  0 06 x 12
0.0855  0 05 t 12    0.0856  0 00 t 10    0.0541  0 05 t 08    0.0541  0 05 t 08
0.0856  0 30 t 12    0.0856  0 30 t 12    0.0542  0 00 t 10    0.0543  0 00 t 10
0.0857  0 30 t 08    0.0857  0 30 t 08    0.0543  0 28 t 03    0.0543  0 06 x 05
0.0857  0 30 t 07    0.0858  0 30 t 07    0.0543  0 06 x 05    0.0543  0 28 t 03
0.0860  0 06 t 10    0.0860  5 08 x 07    0.0544  0 01 t 12    0.0544  0 01 t 12
0.0861  0 05 t 05    0.0860  0 06 t 10    0.0545  0 05 x 04    0.0544  0 06 t 10
0.0861  0 31 t 03    0.0861  0 05 t 05    0.0545  0 06 t 06    0.0545  0 05 x 04
0.0861  5 08 x 07    0.0861  0 31 t 03    0.0545  0 00 t 04    0.0545  0 06 t 06
0.0862  0 27 t 06    0.0862  0 27 t 06    0.0545  0 06 t 10    0.0545  0 28 t 12
0.0863  0 01 t 06    0.0863  0 01 t 06    0.0545  0 28 t 12    0.0546  0 01 t 03
0.0864  0 30 t 06    0.0864  0 30 t 06    0.0546  0 01 t 03    0.0546  0 00 t 04
0.0864  0 00 t 04    0.0864  0 00 t 04    0.0548  0 30 t 12    0.0547  0 30 t 12
0.0867  0 06 t 04    0.0866  0 06 t 04    0.0548  4 08 x 08    0.0548  4 08 x 08
0.0867  0 07 x 06    0.0867  0 30 t 10    0.0549  0 04 x 04    0.0549  0 04 x 04
0.0867  0 30 t 10    0.0867  0 07 x 06    0.0550  0 27 t 07    0.0550  0 27 t 07
0.0868  0 01 t 03    0.0868  0 01 t 03    0.0552  4 08 x 07    0.0552  4 08 x 07
0.0870  0 28 t 03    0.0870  0 28 t 03    0.0553  0 29 t 03    0.0553  0 29 t 03
0.0873  0 01 t 12    0.0873  0 27 t 12    0.0557  4 08 x 10    0.0556  4 08 x 10
0.0873  0 07 t 05    0.0874  0 07 t 05    0.0557  0 06 t 08    0.0557  0 06 t 08
0.0874  0 27 t 12    0.0874  0 01 t 12    0.0557  0 04 t 12    0.0557  0 04 t 12
0.0875  0 05 t 03    0.0875  0 05 t 03    0.0559  0 05 t 12    0.0558  0 05 t 12
0.0876  0 06 x 04    0.0875  0 06 x 04    0.0562  0 30 t 03    0.0562  0 30 t 03
0.0878  0 04 x 04    0.0879  0 04 x 04    0.0562  0 05 t 03    0.0562  0 05 t 03
0.0880  0 07 x 05    0.0881  0 07 x 05    0.0563  0 27 t 03    0.0563  0 27 t 03
0.0884  4 08 x 06    0.0883  4 08 x 06    0.0563  0 05 t 05    0.0563  0 05 t 05
0.0885  0 05 t 06    0.0884  5 08 x 06    0.0564  0 00 t 07    0.0564  0 00 t 07
0.0885  0 27 t 08    0.0885  0 05 t 06    0.0565  0 06 t 04    0.0565  0 06 t 04
0.0885  5 08 x 06    0.0885  0 27 t 08    0.0565  0 00 x 04    0.0565  0 00 x 04
0.0886  0 05 t 10    0.0886  0 05 t 10    0.0567  0 04 t 03    0.0567  3 08 x 06
0.0887  0 27 t 10    0.0888  0 27 t 10    0.0567  0 04 t 06    0.0567  0 04 t 06
0.0888  0 27 t 07    0.0888  0 07 x 08    0.0568  3 08 x 06    0.0567  0 04 t 03
0.0888  0 07 x 08    0.0888  4 08 x 05    0.0569  0 06 x 04    0.0569  0 06 x 04
0.0888  0 06 t 08    0.0889  0 06 t 08    0.0570  0 03 x 05    0.0570  0 03 x 05
0.0888  4 08 x 05    0.0889  0 27 t 07    0.0574  5 08 x 10    0.0574  0 27 t 12
0.0890  3 08 x 12    0.0891  3 08 x 12    0.0574  0 27 t 12    0.0574  5 08 x 10
0.0891  3 08 x 06    0.0891  3 08 x 06    0.0574  0 01 t 10    0.0574  0 01 t 10
0.0893  0 29 t 03    0.0893  0 29 t 03    0.0576  0 05 t 10    0.0576  4 08 x 06
0.0893  0 30 t 03    0.0894  0 30 t 03    0.0576  0 06 t 07    0.0576  0 05 t 10
0.0894  0 04 t 12    0.0894  0 04 t 12    0.0577  4 08 x 06    0.0576  0 05 t 06
0.0896  0 00 t 07    0.0895  0 00 t 07    0.0577  3 08 x 08    0.0577  3 08 x 08
0.0896  5 08 x 10    0.0896  5 08 x 10    0.0577  0 05 t 06    0.0577  0 06 t 07
0.0899  4 08 t 05    0.0899  4 08 t 05    0.0577  4 08 x 05    0.0577  4 08 x 05
0.0900  0 27 t 03    0.0900  5 08 x 05    0.0578  3 08 x 07    0.0578  3 08 x 07
0.0900  5 08 x 05    0.0901  0 00 x 04    0.0579  4 08 t 05    0.0578  4 08 t 05
0.0902  0 00 x 04    0.0901  0 27 t 03    0.0580  0 04 t 10    0.0580  0 04 t 10
0.0902  0 06 t 03    0.0902  0 06 t 03    0.0582  0 28 x 03    0.0581  0 31 x 03
0.0905  3 08 x 08    0.0903  3 08 x 08    0.0582  0 31 x 03    0.0582  0 28 x 03
0.0905  0 04 t 03    0.0906  0 04 t 03    0.0582  0 32 t 03    0.0582  0 32 t 03
0.0908  3 08 x 07    0.0908  3 08 x 07    0.0582  0 32 x 03    0.0582  0 32 x 03
0.0910  5 08 x 12    0.0909  5 08 x 12    0.0583  3 08 t 05    0.0583  3 08 t 05
0.0912  4 08 x 12    0.0912  4 08 x 12    0.0583  0 06 t 03    0.0583  3 08 x 05
0.0919  0 07 x 04    0.0919  0 07 x 04    0.0583  3 08 x 05    0.0583  0 06 t 03
0.0920  0 04 t 06    0.0920  0 04 t 06    0.0585  5 08 x 08    0.0585  5 08 x 08
0.0921  0 01 t 10    0.0921  0 07 x 10    0.0586  0 30 x 03    0.0586  0 30 x 03
0.0922  3 08 x 05    0.0922  0 01 t 10    0.0586  5 08 x 07    0.0586  4 08 x 12
0.0922  0 07 x 10    0.0922  3 08 x 05    0.0587  0 03 x 04    0.0587  5 08 x 07
0.0922  0 06 t 07    0.0923  0 06 t 07    0.0587  4 08 x 12    0.0587  0 03 x 04
0.0924  6 08 x 08    0.0924  6 08 x 08    0.0587  0 03 x 06    0.0587  0 03 x 06
0.0925  5 08 x 04    0.0924  5 08 x 04    0.0588  0 29 x 03    0.0589  0 29 x 03
0.0925  0 06 t 12    0.0925  0 06 t 12    0.0590  0 00 t 03    0.0591  0 00 t 03
0.0928  0 32 t 03    0.0928  0 32 t 03    0.0591  0 27 x 03    0.0591  0 27 x 03
0.0929  0 32 x 03    0.0928  0 32 x 03    0.0591  0 01 x 03    0.0591  0 01 x 03
0.0929  5 08 t 05    0.0929  5 08 t 05    0.0591  0 07 x 06    0.0592  0 07 x 06
0.0930  6 08 x 07    0.0930  6 08 x 07    0.0592  0 06 t 05    0.0592  0 06 t 05
0.0932  0 06 t 05    0.0932  0 06 t 05    0.0595  0 07 t 05    0.0596  0 07 t 05
0.0933  0 29 x 03    0.0933  0 29 x 03    0.0596  3 08 x 10    0.0596  3 08 x 10
0.0935  0 28 x 03    0.0935  0 28 x 03    0.0597  0 07 x 05    0.0597  0 07 x 05
0.0935  0 31 x 03    0.0936  0 07 t 04    0.0600  0 03 x 07    0.0600  0 03 x 07
0.0936  0 07 t 04    0.0936  0 31 x 03    0.0602  5 08 x 12    0.0602  5 08 x 06
0.0936  0 04 t 10    0.0936  0 04 t 10    0.0602  5 08 x 06    0.0603  5 08 x 12
0.0939  6 08 x 10    0.0939  6 08 x 10    0.0603  0 06 t 12    0.0603  4 08 t 06
0.0939  0 00 t 03    0.0939  0 00 t 03    0.0603  4 08 t 06    0.0604  0 06 t 12
0.0940  0 30 x 03    0.0940  0 30 x 03    0.0606  3 08 x 04    0.0606  3 08 x 04
0.0945  5 08 t 12    0.0945  4 08 t 12    0.0609  4 08 t 04    0.0609  4 08 t 04
0.0945  4 08 t 12    0.0947  3 08 x 10    0.0610  0 04 t 07    0.0610  0 04 t 07
0.0948  3 08 x 10    0.0947  5 08 t 12    0.0612  5 08 x 05    0.0612  5 08 x 05
0.0948  0 01 x 03    0.0948  0 01 x 03    0.0613  4 08 x 04    0.0614  4 08 x 04
0.0949  4 08 t 06    0.0949  4 08 t 06    0.0615  0 04 x 03    0.0614  0 04 x 03
0.0950  4 08 t 04    0.0950  4 08 t 04    0.0615  4 08 t 08    0.0615  4 08 t 08
0.0950  3 08 t 05    0.0951  3 08 t 05    0.0616  0 05 x 03    0.0616  4 08 t 07
0.0952  0 07 x 07    0.0952  0 07 t 06    0.0616  4 08 t 07    0.0616  0 05 x 03
0.0953  0 07 t 06    0.0953  0 07 x 07    0.0617  3 08 t 06    0.0617  3 08 t 06
0.0953  5 08 t 04    0.0954  5 08 t 04    0.0617  5 08 t 05    0.0617  5 08 t 05
0.0956  0 07 t 03    0.0956  0 07 t 03    0.0619  0 00 x 03    0.0619  0 00 x 03
0.0957  4 08 x 04    0.0957  4 08 x 04    0.0620  0 07 x 04    0.0620  0 07 x 04
0.0957  3 08 x 04    0.0957  3 08 x 04    0.0621  5 08 x 04    0.0621  5 08 x 04
0.0958  0 05 x 03    0.0958  0 05 x 03    0.0623  0 07 t 04    0.0623  0 07 t 04
0.0959  0 27 x 03    0.0959  0 27 x 03    0.0624  0 03 x 08    0.0624  0 03 x 08
0.0960  6 08 x 12    0.0960  6 08 x 12    0.0625  0 06 x 03    0.0625  0 06 x 03
0.0963  5 08 t 06    0.0963  5 08 t 06    0.0627  3 08 t 07    0.0628  3 08 t 07
0.0967  6 08 x 06    0.0967  6 08 x 06    0.0632  0 07 x 08    0.0632  0 07 x 08
0.0968  5 08 t 07    0.0969  5 08 t 07    0.0635  3 08 t 04    0.0635  3 08 t 04
0.0970  0 03 x 06    0.0970  0 03 x 06    0.0638  3 08 t 08    0.0638  3 08 t 08
0.0973  0 06 x 03    0.0973  0 06 x 03    0.0642  5 08 t 06    0.0642  5 08 t 06
0.0975  4 08 x 10    0.0975  4 08 x 10    0.0642  5 08 t 08    0.0642  5 08 t 08
0.0980  4 08 t 07    0.0977  4 08 t 07    0.0642  5 08 t 04    0.0642  5 08 t 04
0.0982  0 03 x 04    0.0982  0 03 x 04    0.0642  0 07 t 03    0.0643  0 07 t 03
0.0982  0 03 x 05    0.0982  0 03 x 05    0.0645  5 08 t 07    0.0646  5 08 t 07
0.0984  5 08 t 10    0.0984  5 08 t 10    0.0650  4 08 t 03    0.0650  4 08 t 03
0.0988  4 08 t 08    0.0988  3 08 t 06    0.0653  0 07 t 06    0.0652  0 07 t 06
0.0988  3 08 t 06    0.0991  4 08 t 08    0.0653  5 08 t 10    0.0653  5 08 t 10
0.0990  0 04 t 07    0.0991  0 04 t 07    0.0656  0 03 x 10    0.0655  0 03 x 10
0.0993  0 04 x 03    0.0992  0 04 x 03    0.0663  6 08 x 07    0.0663  6 08 x 07
0.0994  0 00 x 03    0.0994  0 00 x 03    0.0664  6 08 x 10    0.0665  6 08 x 10
0.0996  6 08 x 05    0.0996  6 08 x 05    0.0666  2 08 x 04    0.0666  2 08 x 04
0.1000  3 08 t 04    0.1001  3 08 t 04    0.0667  6 08 x 08    0.0667  6 08 x 08
0.1006  0 07 t 08    0.1005  0 07 t 08    0.0669  0 07 x 03    0.0668  0 07 x 03
0.1009  0 03 x 07    0.1009  0 03 x 07    0.0669  2 08 t 05    0.0669  2 08 t 05
0.1010  0 07 x 03    0.1010  0 07 x 03    0.0672  3 08 x 12    0.0672  3 08 x 12
0.1013  3 08 t 07    0.1015  3 08 t 07    0.0673  0 03 x 03    0.0672  4 08 t 10
0.1019  5 08 t 03    0.1019  5 08 t 03    0.0674  4 08 t 10    0.0673  0 03 x 03
0.1022  4 08 t 03    0.1022  4 08 t 03    0.0676  0 07 x 07    0.0676  0 07 x 07
0.1024  6 08 t 05    0.1023  6 08 t 05    0.0677  4 08 t 12    0.0677  4 08 t 12
0.1025  6 08 t 07    0.1025  6 08 t 07    0.0677  0 07 x 10    0.0677  0 07 x 10
0.1030  6 08 t 06    0.1030  6 08 t 06    0.0678  3 08 t 03    0.0677  3 08 t 03
0.1035  3 08 t 08    0.1035  3 08 t 08    0.0678  0 01 t 02    0.0678  0 01 t 02
0.1036  0 07 t 12    0.1036  0 07 t 12    0.0678  6 08 x 12    0.0678  6 08 x 12
0.1038  6 08 t 08    0.1038  6 08 t 08    0.0679  5 08 t 03    0.0679  5 08 t 03
0.1040  0 03 x 10    0.1040  0 03 x 10    0.0682  6 08 x 06    0.0682  6 08 x 06
0.1040  0 03 x 08    0.1040  0 03 x 08    0.0688  0 29 t 02    0.0688  0 29 t 02
0.1045  0 07 t 07    0.1045  0 07 t 07    0.0688  4 08 x 03    0.0688  4 08 x 03
0.1046  6 08 x 04    0.1047  6 08 x 04    0.0692  5 08 t 12    0.0692  5 08 t 12
0.1048  6 08 t 12    0.1049  6 08 t 12    0.0693  0 05 t 02    0.0693  0 05 t 02
0.1055  4 08 t 10    0.1055  6 08 t 04    0.0695  0 30 t 02    0.0694  3 08 t 10
0.1056  6 08 t 04    0.1056  4 08 t 10    0.0696  2 08 x 05    0.0695  0 30 t 02
0.1061  6 08 t 10    0.1061  6 08 t 10    0.0696  0 28 t 02    0.0695  2 08 x 05
0.1063  5 08 t 08    0.1063  4 08 x 03    0.0696  3 08 t 10    0.0695  0 28 t 02
0.1063  4 08 x 03    0.1063  5 08 t 08    0.0697  0 04 t 02    0.0696  0 04 t 02
0.1071  0 07 t 10    0.1069  0 07 t 10    0.0698  6 08 t 08    0.0698  6 08 t 08
0.1077  2 08 x 04    0.1076  2 08 x 04    0.0699  3 08 x 03    0.0699  3 08 x 03
0.1077  2 08 t 05    0.1077  2 08 t 05    0.0701  0 07 t 08    0.0699  0 07 t 08
0.1083  5 08 x 03    0.1083  5 08 x 03    0.0703  2 08 t 04    0.0703  2 08 t 04
0.1083  0 07 x 12    0.1085  0 07 x 12    0.0705  6 08 t 05    0.0704  6 08 t 05
0.1088  3 08 t 03    0.1088  3 08 t 03    0.0706  6 08 t 10    0.0705  6 08 t 07
0.1089  0 03 x 03    0.1089  0 03 x 03    0.0706  6 08 t 07    0.0706  6 08 t 10
0.1097  3 08 t 10    0.1096  3 08 t 10    0.0706  6 08 x 05    0.0706  0 31 t 02
0.1101  0 05 t 02    0.1101  0 05 t 02    0.0707  0 31 t 02    0.0707  6 08 x 05
0.1103  3 08 x 03    0.1103  3 08 x 03    0.0707  0 06 t 02    0.0707  0 06 t 02
0.1105  2 08 x 05    0.1105  2 08 x 05    0.0714  0 00 t 02    0.0715  6 08 t 06
0.1106  0 01 t 02    0.1106  0 01 t 02    0.0715  6 08 t 06    0.0715  0 00 t 02
0.1111  0 06 t 02    0.1111  0 06 t 02    0.0718  3 08 t 12    0.0717  3 08 t 12
0.1115  0 29 t 02    0.1115  0 29 t 02    0.0718  0 27 t 02    0.0718  0 27 t 02
0.1120  0 28 t 02    0.1120  0 28 t 02    0.0725  5 08 x 03    0.0725  5 08 x 03
0.1121  2 08 t 04    0.1121  2 08 t 04    0.0730  0 07 t 07    0.0730  0 07 t 07
0.1123  0 30 t 02    0.1123  0 30 t 02    0.0732  2 08 x 03    0.0732  2 08 x 03
0.1126  0 04 t 02    0.1125  0 04 t 02    0.0741  6 08 x 04    0.0741  6 08 x 04
0.1130  6 08 t 03    0.1130  6 08 t 03    0.0743  0 03 x 12    0.0743  0 03 x 12
0.1130  3 08 t 12    0.1131  3 08 t 12    0.0747  6 08 t 04    0.0746  6 08 t 04
0.1143  7 08 x 05    0.1143  7 08 x 05    0.0748  6 08 t 12    0.0748  6 08 t 12
0.1151  0 31 t 02    0.1151  0 31 t 02    0.0750  0 07 t 12    0.0748  0 07 t 12
0.1160  0 00 t 02    0.1161  0 00 t 02    0.0761  0 01 x 02    0.0761  0 01 x 02
0.1164  0 07 t 02    0.1164  0 07 t 02    0.0761  0 07 t 02    0.0762  0 07 t 02
0.1165  0 27 t 02    0.1165  0 27 t 02    0.0762  0 28 x 02    0.0762  0 28 x 02
0.1183  0 03 x 12    0.1182  0 03 x 12    0.0769  0 27 x 02    0.0769  0 05 x 02
0.1185  2 08 x 03    0.1184  2 08 x 03    0.0770  0 05 x 02    0.0769  0 27 x 02
0.1189  6 08 x 03    0.1189  6 08 x 03    0.0777  0 32 x 02    0.0777  0 32 x 02
0.1210  7 08 t 05    0.1210  7 08 t 05    0.0778  0 29 x 02    0.0778  0 29 x 02
0.1233  7 08 x 04    0.1233  7 08 x 04    0.0778  0 04 x 02    0.0779  0 04 x 02
0.1238  0 05 x 02    0.1238  0 05 x 02    0.0779  2 08 t 03    0.0779  2 08 t 03
0.1242  0 01 x 02    0.1242  0 01 x 02    0.0780  0 32 t 02    0.0780  0 32 t 02
0.1246  2 08 t 03    0.1246  2 08 t 03    0.0784  0 00 x 02    0.0784  0 00 x 02
0.1259  0 28 x 02    0.1260  0 28 x 02    0.0788  0 30 x 02    0.0788  0 30 x 02
0.1264  0 27 x 02    0.1264  0 27 x 02    0.0790  0 07 t 10    0.0791  0 07 t 10
0.1269  7 08 t 04    0.1270  7 08 t 04    0.0792  0 06 x 02    0.0792  0 06 x 02
0.1272  0 06 x 02    0.1271  0 06 x 02    0.0798  6 08 t 03    0.0798  6 08 t 03
0.1275  0 04 x 02    0.1275  0 04 x 02    0.0802  0 31 x 02    0.0802  0 31 x 02
0.1280  0 32 t 02    0.1280  0 32 t 02    0.0822  4 08 t 02    0.0822  4 08 t 02
0.1280  0 32 x 02    0.1280  0 32 x 02    0.0826  0 07 x 02    0.0826  0 07 x 02
0.1281  0 29 x 02    0.1281  0 29 x 02    0.0830  0 07 x 12    0.0831  0 07 x 12
0.1295  0 30 x 02    0.1295  0 30 x 02    0.0835  6 08 x 03    0.0835  6 08 x 03
0.1298  4 08 t 02    0.1299  4 08 t 02    0.0839  3 08 t 02    0.0839  3 08 t 02
0.1299  0 00 x 02    0.1300  0 00 x 02    0.0867  7 08 x 05    0.0867  7 08 x 05
0.1303  0 31 x 02    0.1303  0 31 x 02    0.0873  5 08 t 02    0.0873  5 08 t 02
0.1306  0 07 x 02    0.1306  0 07 x 02    0.0880  4 08 x 02    0.0880  4 08 x 02
0.1323  5 08 t 02    0.1323  5 08 t 02    0.0902  3 08 x 02    0.0902  3 08 x 02
0.1359  7 08 t 03    0.1360  7 08 t 03    0.0907  1 08 x 04    0.0907  7 08 t 05
0.1368  3 08 t 02    0.1368  3 08 t 02    0.0907  7 08 t 05    0.0907  1 08 x 04
0.1403  7 08 x 03    0.1404  7 08 x 03    0.0915  1 08 x 05    0.0916  1 08 x 05
0.1412  4 08 x 02    0.1412  4 08 x 02    0.0919  5 08 x 02    0.0919  5 08 x 02
0.1412  5 08 x 02    0.1413  5 08 x 02    0.0921  0 03 x 02    0.0921  0 03 x 02
0.1434  6 08 t 02    0.1434  6 08 t 02    0.0925  1 08 t 05    0.0925  1 08 t 05
0.1474  1 08 x 04    0.1474  1 08 x 04    0.0930  7 08 x 04    0.0930  7 08 x 04
0.1480  1 08 x 05    0.1481  1 08 x 05    0.0960  2 08 t 02    0.0960  2 08 t 02
0.1484  3 08 x 02    0.1484  3 08 x 02    0.0965  2 08 x 02    0.0966  2 08 x 02
0.1517  0 03 x 02    0.1517  0 03 x 02    0.0967  1 08 t 04    0.0967  1 08 t 04
0.1523  1 08 t 05    0.1523  1 08 t 05    0.0969  7 08 t 04    0.0969  7 08 t 04
0.1544  6 08 x 02    0.1544  6 08 x 02    0.0985  1 08 x 03    0.0985  1 08 x 03
0.1557  2 08 t 02    0.1557  2 08 t 02    0.0988  1 08 t 03    0.0988  1 08 t 03
0.1564  1 08 t 04    0.1564  1 08 t 04    0.0991  6 08 t 02    0.0992  6 08 t 02
0.1592  2 08 x 02    0.1592  2 08 x 02    0.1037  7 08 t 03    0.1036  7 08 t 03
0.1599  1 08 x 03    0.1599  1 08 x 03    0.1046  6 08 x 02    0.1046  6 08 x 02
0.1618  1 08 t 03    0.1618  1 08 t 03    0.1063  7 08 x 03    0.1064  7 08 x 03
0.1701  7 08 t 02    0.1701  7 08 t 02    0.1144  0 01 t 01    0.1147  0 31 t 01
0.1844  7 08 x 02    0.1844  7 08 x 02    0.1147  0 31 t 01    0.1148  0 01 t 01
0.1942  0 06 t 01    0.1942  0 06 t 01    0.1148  0 29 t 01    0.1148  0 29 t 01
0.1948  0 05 t 01    0.1948  0 05 t 01    0.1150  0 05 t 01    0.1150  0 05 t 01
0.1962  0 01 t 01    0.1965  0 01 t 01    0.1152  0 06 t 01    0.1152  0 06 t 01
0.1966  0 07 t 01    0.1965  0 07 t 01    0.1163  0 00 t 01    0.1163  0 00 t 01
0.1980  0 31 t 01    0.1979  0 31 t 01    0.1164  0 30 t 01    0.1164  0 30 t 01
0.1982  0 29 t 01    0.1983  0 29 t 01    0.1182  0 04 t 01    0.1182  0 04 t 01
0.2002  0 30 t 01    0.2002  0 30 t 01    0.1186  0 07 t 01    0.1186  0 07 t 01
0.2003  0 04 t 01    0.2003  0 04 t 01    0.1225  0 02 x 02    0.1225  0 02 x 02
0.2007  0 00 t 01    0.2007  0 00 t 01    0.1234  0 29 x 01    0.1234  0 29 x 01
0.2141  0 02 x 02    0.2141  0 02 x 02    0.1250  0 31 x 01    0.1250  0 31 x 01
0.2143  0 28 t 01    0.2143  0 28 t 01    0.1252  0 04 x 01    0.1251  0 04 x 01
0.2157  1 08 x 02    0.2157  1 08 x 02    0.1254  0 28 x 01    0.1254  0 28 x 01
0.2164  0 05 x 01    0.2164  0 05 x 01    0.1258  0 05 x 01    0.1258  0 05 x 01
0.2166  0 06 x 01    0.2166  0 06 x 01    0.1261  0 00 x 01    0.1261  0 00 x 01
0.2172  0 29 x 01    0.2171  0 29 x 01    0.1262  0 32 x 01    0.1263  0 32 t 01
0.2176  0 28 x 01    0.2175  0 28 x 01    0.1264  0 32 t 01    0.1263  0 32 x 01
0.2176  0 04 x 01    0.2176  0 04 x 01    0.1265  0 01 x 01    0.1265  0 01 x 01
0.2179  0 27 t 01    0.2179  0 27 t 01    0.1269  0 06 x 01    0.1270  0 06 x 01
0.2187  0 31 x 01    0.2187  0 31 x 01    0.1274  7 08 t 02    0.1274  7 08 t 02
0.2188  0 07 x 01    0.2188  0 07 x 01    0.1282  0 27 x 01    0.1283  0 27 x 01
0.2195  0 01 x 01    0.2195  0 01 x 01    0.1290  0 30 x 01    0.1289  0 30 x 01
0.2203  1 08 t 02    0.2203  1 08 t 02    0.1297  0 07 x 01    0.1297  0 07 x 01
0.2203  0 32 x 01    0.2204  0 32 x 01    0.1308  0 28 t 01    0.1308  0 28 t 01
0.2205  0 32 t 01    0.2205  0 32 t 01    0.1311  1 08 x 02    0.1310  1 08 x 02
0.2209  0 00 x 01    0.2209  0 00 x 01    0.1312  4 08 t 01    0.1312  4 08 t 01
0.2222  0 02 x 01    0.2222  0 02 x 01    0.1317  0 02 x 01    0.1317  0 02 x 01
0.2233  0 30 x 01    0.2234  0 30 x 01    0.1325  0 27 t 01    0.1328  0 27 t 01
0.2236  4 08 t 01    0.2236  4 08 t 01    0.1337  1 08 t 02    0.1337  1 08 t 02
0.2248  0 27 x 01    0.2248  0 27 x 01    0.1345  7 08 x 02    0.1345  7 08 x 02
0.2262  5 08 t 01    0.2263  5 08 t 01    0.1380  5 08 t 01    0.1380  5 08 t 01
0.2385  3 08 t 01    0.2385  3 08 t 01    0.1390  3 08 t 01    0.1390  3 08 t 01
0.2428  4 08 x 01    0.2427  4 08 x 01    0.1414  4 08 x 01    0.1414  4 08 x 01
0.2471  6 08 t 01    0.2470  6 08 t 01    0.1430  0 02 x 03    0.1431  0 02 x 03
0.2499  5 08 x 01    0.2499  5 08 x 01    0.1470  0 03 x 01    0.1470  0 03 x 01
0.2520  0 03 x 01    0.2520  0 03 x 01    0.1474  3 08 x 01    0.1474  3 08 x 01
0.2566  3 08 x 01    0.2566  3 08 x 01    0.1521  5 08 x 01    0.1521  5 08 x 01
0.2570  0 02 x 03    0.2570  0 02 x 03    0.1609  2 08 t 01    0.1609  2 08 t 01
0.2710  6 08 x 01    0.2710  6 08 x 01    0.1620  6 08 t 01    0.1620  6 08 t 01
0.2718  0 02 x 05    0.2718  0 02 x 05    0.1655  0 02 x 04    0.1654  0 02 x 04
0.2722  0 02 x 06    0.2724  0 02 x 06    0.1668  2 08 x 01    0.1668  2 08 x 01
0.2731  2 08 t 01    0.2730  2 08 t 01    0.1673  0 02 x 05    0.1672  0 02 x 05
0.2741  0 02 x 04    0.2740  0 02 x 04    0.1692  0 02 x 06    0.1692  0 02 x 06
0.2760  0 02 x 07    0.2760  0 02 x 07    0.1708  0 02 x 07    0.1708  0 02 x 07
0.2774  0 02 x 08    0.2775  0 02 x 08    0.1714  0 02 x 08    0.1714  0 02 x 08
0.2786  0 02 x 10    0.2787  0 02 x 10    0.1726  0 02 x 10    0.1726  0 02 x 10
0.2868  0 02 x 12    0.2868  0 02 x 12    0.1762  6 08 x 01    0.1763  6 08 x 01
0.2879  2 08 x 01    0.2879  2 08 x 01    0.1782  0 02 x 12    0.1783  0 02 x 12
0.3027  7 08 t 01    0.3027  7 08 t 01    0.2199  7 08 t 01    0.2199  7 08 t 01
0.3279  7 08 x 01    0.3279  7 08 x 01    0.2294  1 08 x 01    0.2294  1 08 x 01
0.3912  1 08 x 01    0.3912  1 08 x 01    0.2302  1 08 t 01    0.2302  1 08 t 01
0.3917  1 08 t 01    0.3917  1 08 t 01    0.2355  7 08 x 01    0.2356  7 08 x 01
---Benchmark Program Finished---
