
./testbench.sh clang++ O3 MontgomeryFull uint64_t 191 8 22 -DTEST_ARRAY -DHURCHALLA_MONTGOMERY_TWO_POW_USE_CSELECT_ON_BIT -DHURCHALLA_ALLOW_INLINE_ASM_ALL

compilation finished, now executing:
---Running Program---

begin benchmarks - array two_pow
(ignore)10826325836583162489

OVERALL BEST:
0.2175  0 32 t 10
0.2176  0 32 x 10
0.2177  0 28 x 10
0.2210  0 30 x 10
0.2222  0 32 x 12
0.2223  0 32 t 12
0.2224  0 29 x 12
0.2225  0 28 x 12
0.2278  0 29 x 08
0.2283  0 29 t 07
0.2288  0 29 t 10
0.2293  0 30 x 12
0.2296  0 30 x 08
0.2309  0 29 t 08
0.2312  0 31 t 08
0.2312  0 31 t 10
0.2312  0 28 t 07
0.2315  0 29 x 10
0.2318  0 31 t 07
0.2320  0 28 t 10
0.2325  0 29 t 12
0.2326  0 28 x 07
0.2328  0 32 x 07
0.2328  0 32 t 07
0.2332  0 28 x 08
0.2336  0 32 t 08
0.2336  0 29 x 07
0.2337  0 32 x 08
0.2344  0 31 x 10
0.2350  0 28 t 12
0.2351  0 31 t 12
0.2352  0 30 t 08
0.2352  0 28 t 08
0.2352  0 30 t 12
0.2353  0 27 x 12
0.2353  0 31 x 12
0.2356  0 30 t 07
0.2361  0 01 x 10
0.2368  0 30 t 10
0.2370  0 01 x 12
0.2378  0 31 x 08
0.2386  0 27 t 12
0.2394  0 27 t 08
0.2399  0 32 x 06
0.2400  0 32 t 06
0.2400  0 28 x 06
0.2401  0 27 t 10
0.2408  0 29 x 06
0.2418  0 31 x 07
0.2424  0 27 t 06
0.2425  0 27 x 07
0.2432  0 27 x 08
0.2433  0 30 x 06
0.2438  0 31 x 06
0.2445  0 27 x 10
0.2449  0 31 t 05
0.2461  0 30 t 05
0.2465  0 29 t 05
0.2476  0 30 x 07
0.2479  0 00 x 10
0.2480  0 28 x 05
0.2482  0 29 x 05
0.2486  0 01 t 12
0.2486  0 29 t 06
0.2491  0 05 t 08
0.2495  0 32 x 05
0.2495  0 27 t 05
0.2495  0 32 t 05
0.2498  0 27 x 06
0.2501  0 30 t 04
0.2510  0 00 x 12
0.2517  0 05 x 08
0.2520  0 31 t 06
0.2524  0 01 t 10
0.2526  0 27 t 07
0.2528  0 28 t 05
0.2533  0 06 t 08
0.2537  0 01 t 08
0.2540  0 31 t 04
0.2541  0 28 t 04
0.2544  0 04 t 08
0.2545  0 28 t 06
0.2550  0 05 x 12
0.2550  0 00 t 12
0.2552  0 06 x 08
0.2554  0 01 x 08
0.2563  0 27 t 04
0.2568  0 05 t 12
0.2569  0 29 t 04
0.2570  0 00 t 10
0.2575  0 04 x 08
0.2579  0 06 x 12
0.2581  0 06 t 12
0.2582  0 05 t 07
0.2587  0 01 t 07
0.2587  0 05 t 10
0.2591  0 01 t 05
0.2597  0 05 x 10
0.2602  0 32 t 04
0.2603  0 32 x 04
0.2607  0 30 x 05
0.2609  0 28 x 04
0.2612  0 01 x 07
0.2613  0 00 x 08
0.2614  0 30 t 06
0.2620  0 00 t 07
0.2620  0 06 x 10
0.2621  0 00 x 07
0.2626  0 04 x 12
0.2635  0 05 x 07
0.2641  0 04 t 12
0.2649  0 00 t 08
0.2651  0 06 t 07
0.2651  0 04 t 10
0.2659  0 31 x 05
0.2665  0 00 t 05
0.2666  0 04 x 10
0.2668  0 01 x 06
0.2669  0 04 t 07
0.2675  0 27 x 05
0.2679  0 29 x 04
0.2687  0 06 x 07
0.2694  0 05 t 04
0.2696  0 05 x 06
0.2698  0 01 t 04
0.2705  0 04 x 07
0.2709  0 03 x 08
0.2714  0 01 t 06
0.2715  0 03 x 10
0.2716  0 31 x 04
0.2728  0 07 t 08
0.2730  0 06 x 06
0.2732  0 00 x 06
0.2734  0 03 x 06
0.2739  0 03 x 07
0.2745  0 01 x 05
0.2747  0 06 t 04
0.2748  0 00 t 04
0.2752  0 03 x 12
0.2752  0 05 t 05
0.2758  0 07 x 08
0.2759  0 04 t 04
0.2764  0 01 x 04
0.2767  0 30 x 04
0.2773  4 08 x 12
0.2775  0 04 x 06
0.2776  0 07 x 12
0.2779  0 06 t 05
0.2779  0 00 x 05
0.2780  0 07 t 12
0.2781  0 00 x 04
0.2783  0 28 t 03
0.2787  0 03 x 05
0.2795  0 27 x 04
0.2796  0 05 x 05
0.2800  4 08 x 10
0.2806  0 06 x 05
0.2809  5 08 x 08
0.2809  0 07 t 10
0.2815  0 00 t 06
0.2825  0 07 x 10
0.2825  0 04 t 05
0.2826  0 27 t 03
0.2832  4 08 x 08
0.2840  0 30 t 03
0.2858  0 07 t 07
0.2870  0 05 t 06
0.2876  5 08 x 10
0.2878  0 04 x 05
0.2881  0 07 x 07
0.2882  4 08 t 12
0.2886  0 01 t 03
0.2887  0 00 t 03
0.2888  5 08 x 12
0.2888  0 06 t 06
0.2889  0 04 x 04
0.2889  0 05 x 04
0.2900  3 08 x 10
0.2903  4 08 t 10
0.2903  0 29 t 03
0.2904  0 06 x 04
0.2907  0 31 t 03
0.2909  0 04 t 06
0.2929  0 07 x 06
0.2940  3 08 x 12
0.2950  4 08 t 08
0.2951  0 03 x 04
0.2953  0 05 t 03
0.2962  0 07 t 04
0.2964  0 06 t 03
0.2973  3 08 x 08
0.2980  5 08 t 12
0.2997  0 07 t 05
0.2998  0 04 t 03
0.3001  0 32 x 03
0.3001  0 32 t 03
0.3003  0 28 x 03
0.3008  5 08 t 10
0.3009  0 31 x 03
0.3011  4 08 t 06
0.3012  4 08 x 05
0.3014  0 30 x 03
0.3022  0 07 x 05
0.3027  4 08 t 07
0.3041  3 08 x 07
0.3042  4 08 t 05
0.3049  3 08 t 10
0.3055  5 08 t 08
0.3059  3 08 x 06
0.3061  3 08 t 12
0.3061  4 08 x 06
0.3073  0 01 x 03
0.3073  0 27 x 03
0.3091  3 08 t 07
0.3096  0 07 t 06
0.3098  5 08 t 07
0.3105  0 29 x 03
0.3112  5 08 t 05
0.3119  4 08 x 07
0.3122  0 07 x 04
0.3147  5 08 x 06
0.3152  3 08 t 08
0.3152  0 05 x 03
0.3160  0 00 x 03
0.3170  3 08 x 05
0.3171  0 06 t 10
0.3178  3 08 t 06
0.3178  0 04 x 03
0.3193  0 06 x 03
0.3197  3 08 t 05
0.3201  5 08 x 07
0.3214  4 08 t 04
0.3235  0 07 t 03
0.3253  5 08 x 05
0.3254  6 08 x 12
0.3254  5 08 t 04
0.3256  6 08 x 10
0.3266  6 08 x 08
0.3289  5 08 t 06
0.3314  5 08 x 04
0.3324  4 08 x 04
0.3329  4 08 t 03
0.3337  2 08 x 05
0.3344  6 08 t 12
0.3381  5 08 t 03
0.3385  6 08 t 10
0.3404  3 08 t 03
0.3420  0 07 x 03
0.3452  3 08 t 04
0.3463  6 08 t 08
0.3503  3 08 x 04
0.3512  6 08 t 05
0.3532  6 08 t 07
0.3533  2 08 t 05
0.3537  3 08 x 03
0.3537  4 08 x 03
0.3548  0 01 t 02
0.3548  0 03 x 03
0.3563  6 08 x 06
0.3574  0 05 t 02
0.3586  6 08 x 07
0.3597  0 04 t 02
0.3600  0 31 t 02
0.3605  0 29 t 02
0.3631  0 28 t 02
0.3635  6 08 t 04
0.3643  0 06 t 02
0.3645  6 08 x 05
0.3655  5 08 x 03
0.3676  0 00 t 02
0.3681  0 30 t 02
0.3688  6 08 t 06
0.3693  0 27 t 02
0.3694  6 08 x 04
0.3868  0 07 t 02
0.3878  2 08 t 04
0.3888  2 08 x 04
0.3933  6 08 t 03
0.3959  0 01 x 02
0.3990  2 08 x 03
0.4010  0 05 x 02
0.4018  0 30 x 02
0.4071  0 06 x 02
0.4080  0 28 x 02
0.4082  0 31 x 02
0.4090  0 32 x 02
0.4095  0 29 x 02
0.4097  0 32 t 02
0.4122  0 04 x 02
0.4148  0 00 x 02
0.4182  6 08 x 03
0.4249  0 27 x 02
0.4261  2 08 t 03
0.4264  0 07 x 02
0.4356  5 08 t 02
0.4443  4 08 t 02
0.4478  7 08 t 05
0.4481  3 08 t 02
0.4557  7 08 t 04
0.4579  0 03 x 02
0.4616  7 08 x 05
0.4663  7 08 x 04
0.4705  1 08 t 05
0.4767  1 08 x 05
0.4790  4 08 x 02
0.4811  5 08 x 02
0.4871  3 08 x 02
0.4879  7 08 t 03
0.4892  6 08 t 02
0.5009  2 08 t 02
0.5183  7 08 x 03
0.5240  1 08 t 03
0.5241  6 08 x 02
0.5253  1 08 x 03
0.5288  2 08 x 02
0.5484  1 08 t 04
0.5490  1 08 x 04
0.5754  7 08 t 02
0.6098  0 01 t 01
0.6128  0 05 t 01
0.6130  0 06 t 01
0.6185  0 28 t 01
0.6229  0 29 t 01
0.6230  0 02 x 02
0.6232  0 04 t 01
0.6248  0 07 t 01
0.6311  0 00 t 01
0.6313  7 08 x 02
0.6326  0 31 t 01
0.6386  0 27 t 01
0.6746  0 02 x 12
0.6784  0 02 x 10
0.6794  0 01 x 01
0.6795  0 02 x 08
0.6799  0 02 x 07
0.6820  0 05 x 01
0.6822  0 06 x 01
0.6825  0 30 t 01
0.6827  0 02 x 06
0.6830  0 02 x 05
0.6867  0 32 t 01
0.6868  0 32 x 01
0.6870  0 28 x 01
0.6882  0 02 x 03
0.6913  0 02 x 04
0.6919  0 07 x 01
0.6920  0 04 x 01
0.6923  0 02 x 01
0.6939  0 29 x 01
0.6980  0 00 x 01
0.7062  4 08 t 01
0.7097  0 27 x 01
0.7108  0 31 x 01
0.7176  1 08 x 02
0.7180  1 08 t 02
0.7237  5 08 t 01
0.7577  3 08 t 01
0.7591  0 30 x 01
0.7714  4 08 x 01
0.7950  5 08 x 01
0.8102  6 08 t 01
0.8133  3 08 x 01
0.8521  0 03 x 01
0.8754  2 08 t 01
0.8802  6 08 x 01
0.9151  2 08 x 01
1.0129  7 08 t 01
1.0874  7 08 x 01
1.2370  1 08 x 01
1.2372  1 08 t 01
Timings By Test Type:
0.0667  0 32 x 10    0.0667  0 28 x 10    0.0420  0 32 t 10    0.0421  0 32 x 10
0.0667  0 32 t 10    0.0667  0 32 t 10    0.0420  0 32 x 10    0.0421  0 32 t 10
0.0667  0 28 x 10    0.0668  0 32 x 10    0.0421  0 28 x 10    0.0422  0 28 x 10
0.0678  0 30 x 10    0.0677  0 30 x 10    0.0428  0 30 x 10    0.0427  0 30 x 10
0.0680  0 32 x 12    0.0681  0 29 x 12    0.0430  0 32 x 12    0.0430  0 32 x 12
0.0681  0 29 x 12    0.0681  0 32 t 12    0.0430  0 32 t 12    0.0430  0 32 t 12
0.0681  0 32 t 12    0.0681  0 32 x 12    0.0431  0 28 x 12    0.0431  0 28 x 12
0.0682  0 28 x 12    0.0682  0 28 x 12    0.0432  0 29 x 12    0.0431  0 29 x 12
0.0700  0 29 x 08    0.0700  0 29 x 08    0.0439  0 29 x 08    0.0439  0 29 x 08
0.0701  0 29 t 07    0.0700  0 29 t 07    0.0441  0 29 t 07    0.0441  0 29 t 07
0.0701  0 29 t 10    0.0701  0 30 x 12    0.0442  0 29 t 10    0.0442  0 29 t 10
0.0702  0 30 x 12    0.0702  0 29 t 10    0.0444  0 30 x 08    0.0444  0 30 x 08
0.0704  0 30 x 08    0.0704  0 30 x 08    0.0445  0 30 x 12    0.0445  0 30 x 12
0.0707  0 28 t 07    0.0707  0 28 t 07    0.0446  0 31 t 08    0.0446  0 31 t 08
0.0708  0 29 t 08    0.0707  0 29 t 08    0.0446  0 31 t 10    0.0447  0 31 t 10
0.0709  0 31 t 10    0.0709  0 31 t 10    0.0447  0 29 t 08    0.0447  0 29 t 08
0.0710  0 29 x 10    0.0710  0 31 t 08    0.0447  0 29 x 10    0.0447  0 29 x 10
0.0710  0 31 t 08    0.0710  0 28 t 10    0.0448  0 31 t 07    0.0447  0 31 t 07
0.0710  0 28 t 10    0.0710  0 29 x 10    0.0448  0 28 t 07    0.0449  0 28 t 07
0.0711  0 31 t 07    0.0712  0 31 t 07    0.0449  0 29 t 12    0.0449  0 29 t 12
0.0712  0 32 x 07    0.0712  0 28 x 07    0.0450  0 28 t 10    0.0449  0 28 t 10
0.0712  0 28 x 07    0.0712  0 32 x 07    0.0451  0 28 x 07    0.0451  0 29 x 07
0.0712  0 32 t 07    0.0713  0 32 t 07    0.0451  0 29 x 07    0.0451  0 28 x 07
0.0713  0 29 t 12    0.0713  0 29 t 12    0.0451  0 32 t 08    0.0452  0 28 x 08
0.0714  0 28 x 08    0.0715  0 28 x 08    0.0452  0 28 x 08    0.0452  0 32 t 08
0.0716  0 32 x 08    0.0716  0 32 t 08    0.0452  0 32 x 07    0.0452  0 32 t 07
0.0717  0 32 t 08    0.0717  0 29 x 07    0.0452  0 32 t 07    0.0452  0 32 x 07
0.0717  0 29 x 07    0.0717  0 32 x 08    0.0452  0 32 x 08    0.0452  0 32 x 08
0.0719  0 31 x 10    0.0719  0 28 t 12    0.0453  0 31 x 12    0.0453  0 31 x 12
0.0719  0 28 t 12    0.0719  0 31 x 10    0.0453  0 31 x 10    0.0453  0 31 x 10
0.0721  0 30 t 12    0.0721  0 28 t 08    0.0454  0 31 t 12    0.0453  0 31 t 12
0.0721  0 30 t 08    0.0721  0 30 t 08    0.0455  0 30 t 08    0.0455  0 01 x 10
0.0721  0 28 t 08    0.0721  0 30 t 12    0.0455  0 01 x 10    0.0455  0 30 t 08
0.0721  0 27 x 12    0.0721  0 27 x 12    0.0455  0 30 t 12    0.0455  0 28 t 08
0.0722  0 30 t 07    0.0722  0 31 t 12    0.0455  0 28 t 08    0.0455  0 27 x 12
0.0722  0 31 t 12    0.0722  0 30 t 07    0.0455  0 27 x 12    0.0455  0 30 t 12
0.0723  0 31 x 12    0.0724  0 31 x 12    0.0456  0 28 t 12    0.0456  0 28 t 12
0.0725  0 01 x 10    0.0725  0 30 t 10    0.0456  0 01 x 12    0.0456  0 01 x 12
0.0726  0 30 t 10    0.0726  0 01 x 10    0.0456  0 30 t 07    0.0457  0 30 t 07
0.0729  0 01 x 12    0.0729  0 01 x 12    0.0459  0 30 t 10    0.0458  0 30 t 10
0.0730  0 31 x 08    0.0730  0 31 x 08    0.0460  0 31 x 08    0.0459  0 31 x 08
0.0732  0 27 t 12    0.0732  0 27 t 12    0.0461  0 27 t 12    0.0460  0 27 t 12
0.0735  0 32 x 06    0.0735  0 27 t 08    0.0462  0 27 t 08    0.0462  0 27 t 08
0.0735  0 32 t 06    0.0735  0 32 t 06    0.0464  0 27 t 10    0.0464  0 27 t 10
0.0735  0 27 t 08    0.0735  0 32 x 06    0.0464  0 32 x 06    0.0464  0 29 x 06
0.0735  0 28 x 06    0.0735  0 28 x 06    0.0464  0 28 x 06    0.0464  0 32 t 06
0.0737  0 27 t 10    0.0736  0 27 t 10    0.0465  0 29 x 06    0.0464  0 32 x 06
0.0740  0 29 x 06    0.0739  0 29 x 06    0.0465  0 32 t 06    0.0465  0 28 x 06
0.0743  0 31 x 07    0.0743  0 27 t 06    0.0465  0 31 x 07    0.0466  0 31 x 07
0.0744  0 27 t 06    0.0743  0 27 x 07    0.0468  0 27 x 07    0.0469  0 27 x 08
0.0744  0 27 x 07    0.0744  0 31 x 07    0.0469  0 27 t 06    0.0469  0 27 t 06
0.0745  0 30 x 06    0.0744  0 30 x 06    0.0469  0 27 x 08    0.0470  0 27 x 07
0.0747  0 27 x 08    0.0747  0 27 x 08    0.0472  0 31 x 06    0.0472  0 31 x 06
0.0747  0 31 x 06    0.0747  0 31 x 06    0.0472  0 27 x 10    0.0472  0 27 x 10
0.0750  0 27 x 10    0.0750  0 27 x 10    0.0472  0 30 x 06    0.0472  0 30 x 06
0.0750  0 05 t 08    0.0751  0 05 t 08    0.0473  0 31 t 05    0.0473  0 31 t 05
0.0752  0 31 t 05    0.0752  0 31 t 05    0.0476  0 30 t 05    0.0476  0 30 t 05
0.0754  0 29 t 05    0.0754  0 29 t 05    0.0478  0 29 t 05    0.0478  0 29 t 05
0.0754  0 30 t 05    0.0754  0 30 t 05    0.0479  0 01 t 12    0.0479  0 01 t 12
0.0756  0 28 x 05    0.0755  0 28 x 05    0.0479  0 29 x 05    0.0479  0 00 x 10
0.0757  0 30 x 07    0.0758  0 05 x 08    0.0479  0 00 x 10    0.0479  0 29 x 05
0.0758  0 05 x 08    0.0758  0 30 x 07    0.0480  0 29 t 06    0.0480  0 29 t 06
0.0760  0 00 x 10    0.0760  0 00 x 10    0.0480  0 30 x 07    0.0480  0 30 x 07
0.0761  0 32 t 05    0.0761  0 32 x 05    0.0482  0 27 x 06    0.0482  0 27 x 06
0.0762  0 32 x 05    0.0761  0 32 t 05    0.0482  0 27 t 05    0.0482  0 27 t 05
0.0762  0 29 x 05    0.0762  0 29 x 05    0.0485  0 28 x 05    0.0484  0 28 x 05
0.0763  0 29 t 06    0.0763  0 29 t 06    0.0485  0 01 t 10    0.0485  0 31 t 06
0.0763  0 30 t 04    0.0764  0 30 t 04    0.0485  0 00 x 12    0.0485  0 01 t 10
0.0764  0 01 t 12    0.0764  0 01 t 12    0.0485  0 31 t 06    0.0485  0 00 x 12
0.0766  0 27 t 05    0.0766  0 27 t 05    0.0486  0 32 x 05    0.0486  0 27 t 07
0.0767  0 05 x 12    0.0766  0 05 x 12    0.0486  0 32 t 05    0.0486  0 32 t 05
0.0767  0 27 x 06    0.0767  0 27 x 06    0.0487  0 30 t 04    0.0486  0 32 x 05
0.0767  0 06 t 08    0.0767  0 06 t 08    0.0487  0 27 t 07    0.0487  0 30 t 04
0.0770  0 05 t 12    0.0770  0 00 x 12    0.0489  0 01 t 08    0.0489  0 01 t 08
0.0770  0 00 x 12    0.0770  0 05 t 12    0.0489  0 28 t 05    0.0489  0 28 t 05
0.0773  0 06 x 08    0.0773  0 06 x 08    0.0490  0 28 t 06    0.0490  0 28 t 06
0.0775  0 28 t 05    0.0775  0 28 t 05    0.0491  0 04 t 08    0.0491  0 04 t 08
0.0775  0 31 t 06    0.0775  0 31 t 06    0.0492  0 01 x 08    0.0492  0 01 x 08
0.0776  0 05 t 07    0.0776  0 05 t 07    0.0493  0 28 t 04    0.0493  0 28 t 04
0.0776  0 27 t 07    0.0776  0 31 t 04    0.0494  0 31 t 04    0.0493  0 31 t 04
0.0776  0 31 t 04    0.0777  0 27 t 07    0.0495  0 05 t 08    0.0495  0 05 t 08
0.0777  0 05 t 10    0.0777  0 01 t 10    0.0495  0 04 x 08    0.0495  0 00 t 12
0.0777  0 01 t 10    0.0777  0 05 t 10    0.0496  0 00 t 12    0.0495  0 04 x 08
0.0778  0 28 t 04    0.0778  0 28 t 04    0.0497  0 27 t 04    0.0497  0 27 t 04
0.0779  0 29 t 04    0.0778  0 29 t 04    0.0498  0 00 t 10    0.0498  0 00 t 10
0.0780  0 00 t 12    0.0780  0 00 t 12    0.0499  0 01 t 07    0.0499  0 01 t 07
0.0780  0 01 t 08    0.0780  0 01 t 08    0.0499  0 06 t 08    0.0499  0 06 t 08
0.0781  0 05 x 10    0.0781  0 05 x 10    0.0500  0 05 x 08    0.0500  0 01 t 05
0.0781  0 04 t 08    0.0782  0 04 t 08    0.0501  0 01 t 05    0.0501  0 32 t 04
0.0783  0 28 t 06    0.0782  0 28 t 06    0.0501  0 32 t 04    0.0501  0 05 x 08
0.0784  0 27 t 04    0.0784  0 27 t 04    0.0501  0 32 x 04    0.0501  0 32 x 04
0.0785  0 01 x 08    0.0785  0 06 t 12    0.0503  0 06 x 08    0.0502  0 28 x 04
0.0785  0 06 t 12    0.0785  0 01 x 08    0.0503  0 28 x 04    0.0503  0 06 x 08
0.0785  0 06 x 12    0.0785  0 06 x 12    0.0504  0 30 x 05    0.0504  0 30 x 05
0.0787  0 00 t 10    0.0787  0 00 t 10    0.0504  0 06 x 12    0.0504  0 06 x 12
0.0792  0 04 x 08    0.0792  0 04 x 08    0.0504  0 01 x 07    0.0504  0 01 x 07
0.0793  0 05 x 07    0.0793  0 05 x 07    0.0504  0 00 x 08    0.0505  0 00 x 08
0.0794  0 01 t 07    0.0795  0 01 t 05    0.0505  0 30 t 06    0.0505  0 04 x 12
0.0795  0 01 t 05    0.0795  0 01 t 07    0.0505  0 04 x 12    0.0505  0 30 t 06
0.0797  0 06 x 10    0.0796  0 06 x 10    0.0506  0 06 t 12    0.0506  0 29 t 04
0.0800  0 30 x 05    0.0800  0 30 x 05    0.0506  0 29 t 04    0.0506  0 06 t 12
0.0800  0 06 t 07    0.0800  0 06 t 07    0.0506  0 00 x 07    0.0506  0 00 x 07
0.0800  0 32 t 04    0.0800  0 32 t 04    0.0507  0 00 t 07    0.0507  0 00 t 07
0.0801  0 32 x 04    0.0800  0 32 x 04    0.0507  0 04 t 12    0.0508  0 04 t 12
0.0802  0 28 x 04    0.0801  0 01 x 07    0.0508  0 05 x 12    0.0509  0 05 x 12
0.0802  0 30 t 06    0.0802  0 30 t 06    0.0511  0 04 t 10    0.0510  0 04 t 10
0.0802  0 00 x 08    0.0802  0 28 x 04    0.0511  0 31 x 05    0.0511  0 31 x 05
0.0803  0 00 t 07    0.0802  0 00 x 08    0.0513  0 00 t 08    0.0513  0 00 t 08
0.0803  0 01 x 07    0.0803  0 00 t 07    0.0513  0 04 x 10    0.0514  0 04 x 10
0.0804  0 00 x 07    0.0805  0 00 x 07    0.0514  0 06 x 10    0.0514  0 06 x 10
0.0808  0 04 x 12    0.0807  0 04 x 12    0.0514  0 05 t 12    0.0514  0 05 t 12
0.0809  0 07 t 08    0.0810  0 07 t 08    0.0514  0 01 x 06    0.0514  0 04 t 07
0.0812  0 00 t 08    0.0812  0 00 t 08    0.0515  0 04 t 07    0.0515  0 01 x 06
0.0812  0 06 x 07    0.0812  0 06 x 07    0.0515  0 05 t 07    0.0515  0 05 t 07
0.0813  0 05 x 06    0.0813  0 05 x 06    0.0516  0 05 t 10    0.0516  0 27 x 05
0.0813  0 04 t 12    0.0813  0 04 t 12    0.0518  0 27 x 05    0.0517  0 05 t 10
0.0814  0 00 t 05    0.0814  0 00 t 05    0.0518  0 05 x 10    0.0518  0 05 x 10
0.0815  0 04 t 10    0.0815  0 04 t 10    0.0518  0 00 t 05    0.0518  0 00 t 05
0.0816  0 05 t 04    0.0816  0 05 t 04    0.0519  0 29 x 04    0.0519  0 29 x 04
0.0819  0 31 x 05    0.0818  0 31 x 05    0.0522  0 01 t 04    0.0521  0 01 t 04
0.0819  0 01 x 06    0.0819  0 07 x 08    0.0522  0 04 x 07    0.0522  0 04 x 07
0.0820  0 07 x 08    0.0819  0 04 x 10    0.0525  0 01 t 06    0.0524  0 01 t 06
0.0820  0 04 x 10    0.0820  0 04 t 07    0.0525  0 05 x 07    0.0525  0 05 x 07
0.0820  0 04 t 07    0.0820  0 27 x 05    0.0525  0 31 x 04    0.0525  0 31 x 04
0.0821  0 27 x 05    0.0821  0 01 x 06    0.0525  0 06 t 07    0.0526  0 03 x 08
0.0821  0 29 x 04    0.0821  0 29 x 04    0.0526  0 03 x 08    0.0526  0 06 t 07
0.0822  0 07 x 12    0.0822  0 07 t 12    0.0527  0 00 x 06    0.0526  0 00 x 06
0.0822  0 07 t 12    0.0822  0 07 x 12    0.0527  0 03 x 10    0.0527  0 03 x 10
0.0827  0 01 t 04    0.0828  0 01 t 04    0.0529  0 01 x 05    0.0529  0 01 x 05
0.0829  0 06 x 06    0.0828  5 08 x 08    0.0531  0 03 x 07    0.0531  0 05 t 04
0.0829  0 03 x 08    0.0829  0 06 x 06    0.0531  0 05 t 04    0.0531  0 01 x 04
0.0829  5 08 x 08    0.0829  0 03 x 08    0.0531  0 03 x 06    0.0531  0 06 x 07
0.0831  0 04 x 07    0.0830  0 03 x 10    0.0532  0 04 t 04    0.0531  0 03 x 06
0.0831  0 03 x 10    0.0831  0 04 x 07    0.0532  0 30 x 04    0.0531  0 03 x 07
0.0832  0 07 t 10    0.0831  0 07 t 10    0.0532  0 06 x 07    0.0532  0 04 t 04
0.0832  0 05 t 05    0.0832  0 01 t 06    0.0534  0 04 x 06    0.0532  0 30 x 04
0.0833  0 01 t 06    0.0832  0 05 t 05    0.0534  0 03 x 12    0.0534  0 04 x 06
0.0833  0 31 x 04    0.0833  0 31 x 04    0.0535  0 00 t 04    0.0534  0 03 x 12
0.0834  0 06 t 04    0.0834  0 06 t 04    0.0535  0 05 x 06    0.0535  0 00 t 04
0.0836  0 07 x 10    0.0836  0 07 x 10    0.0536  0 06 x 06    0.0535  0 05 x 06
0.0836  0 03 x 06    0.0836  0 03 x 06    0.0537  0 27 x 04    0.0537  0 06 x 06
0.0837  4 08 x 12    0.0837  4 08 x 12    0.0537  0 01 x 04    0.0537  0 27 x 04
0.0838  0 03 x 07    0.0838  0 03 x 07    0.0538  0 00 x 05    0.0539  0 00 x 05
0.0839  0 00 t 04    0.0839  0 00 t 04    0.0539  0 28 t 03    0.0539  0 06 t 04
0.0839  0 00 x 06    0.0840  0 00 x 06    0.0540  0 06 t 04    0.0539  0 28 t 03
0.0841  0 03 x 12    0.0842  0 03 x 12    0.0540  0 03 x 05    0.0539  0 00 x 04
0.0842  0 06 t 05    0.0843  0 06 t 05    0.0540  0 00 x 04    0.0540  0 03 x 05
0.0844  0 01 x 05    0.0843  0 01 x 05    0.0543  0 30 t 03    0.0543  0 30 t 03
0.0845  4 08 x 10    0.0846  4 08 x 10    0.0543  0 05 t 05    0.0543  0 05 t 05
0.0846  5 08 x 10    0.0846  0 05 x 05    0.0545  0 00 t 06    0.0544  0 00 t 06
0.0847  0 05 x 05    0.0846  0 01 x 04    0.0545  0 04 t 05    0.0545  0 04 t 05
0.0847  0 07 t 07    0.0847  5 08 x 10    0.0546  0 27 t 03    0.0545  0 27 t 03
0.0848  0 04 t 04    0.0847  0 07 t 07    0.0547  0 06 t 05    0.0547  0 06 t 05
0.0850  0 01 x 04    0.0848  0 04 t 04    0.0549  4 08 x 12    0.0548  0 06 x 05
0.0850  0 00 x 04    0.0851  0 00 x 04    0.0550  0 06 x 05    0.0549  4 08 x 12
0.0851  0 30 x 04    0.0851  0 00 x 05    0.0551  0 05 x 05    0.0552  0 05 x 05
0.0851  0 00 x 05    0.0852  0 30 x 04    0.0552  0 01 t 03    0.0553  0 01 t 03
0.0852  5 08 x 12    0.0852  0 28 t 03    0.0553  0 04 x 05    0.0553  0 04 x 05
0.0853  0 28 t 03    0.0853  5 08 x 12    0.0555  0 07 t 08    0.0554  4 08 x 10
0.0854  0 03 x 05    0.0853  4 08 x 08    0.0555  4 08 x 10    0.0555  0 07 t 08
0.0854  0 06 x 05    0.0854  0 04 x 06    0.0556  0 04 x 04    0.0556  0 04 x 04
0.0854  4 08 x 08    0.0854  0 03 x 05    0.0558  0 31 t 03    0.0558  0 31 t 03
0.0854  0 04 x 06    0.0854  0 06 x 05    0.0558  0 00 t 03    0.0558  0 00 t 03
0.0854  0 07 x 07    0.0855  0 07 x 07    0.0560  0 07 x 08    0.0559  0 07 x 08
0.0861  0 27 x 04    0.0861  0 27 x 04    0.0560  0 29 t 03    0.0560  0 29 t 03
0.0864  0 00 t 06    0.0862  0 00 t 06    0.0560  0 04 t 06    0.0560  0 04 t 06
0.0867  0 05 t 06    0.0867  0 05 t 06    0.0562  4 08 x 08    0.0563  4 08 x 08
0.0867  0 27 t 03    0.0867  0 27 t 03    0.0564  0 06 t 06    0.0564  0 06 t 06
0.0868  0 04 t 05    0.0868  0 04 t 05    0.0566  0 07 x 12    0.0566  0 07 x 12
0.0869  4 08 t 12    0.0870  4 08 t 12    0.0567  3 08 x 10    0.0567  3 08 x 10
0.0871  0 07 x 06    0.0871  0 07 x 06    0.0568  0 07 t 12    0.0568  0 07 t 12
0.0876  4 08 t 10    0.0876  4 08 t 10    0.0568  0 05 x 04    0.0568  0 05 x 04
0.0877  0 05 x 04    0.0877  0 30 t 03    0.0568  0 05 t 06    0.0568  0 05 t 06
0.0877  0 30 t 03    0.0877  0 05 x 04    0.0570  0 06 x 04    0.0570  0 06 x 04
0.0879  5 08 t 12    0.0879  0 06 t 06    0.0570  0 03 x 04    0.0570  0 03 x 04
0.0881  0 06 t 06    0.0880  5 08 t 12    0.0572  4 08 t 12    0.0572  4 08 t 12
0.0882  0 06 x 04    0.0882  0 07 t 04    0.0573  0 07 t 10    0.0573  0 07 t 10
0.0882  0 07 t 04    0.0883  0 06 x 04    0.0574  3 08 x 12    0.0574  3 08 x 12
0.0883  3 08 x 10    0.0883  3 08 x 10    0.0575  4 08 t 10    0.0575  5 08 x 08
0.0886  0 04 x 05    0.0884  0 00 t 03    0.0576  0 32 t 03    0.0576  4 08 t 10
0.0886  0 00 t 03    0.0886  0 04 x 05    0.0576  0 32 x 03    0.0576  0 32 t 03
0.0888  5 08 t 10    0.0888  5 08 t 10    0.0576  5 08 x 08    0.0576  0 07 x 10
0.0889  4 08 t 08    0.0888  0 04 x 04    0.0577  0 28 x 03    0.0576  0 32 x 03
0.0889  0 04 x 04    0.0890  4 08 t 08    0.0577  0 07 x 10    0.0577  0 28 x 03
0.0891  0 01 t 03    0.0891  0 01 t 03    0.0577  0 31 x 03    0.0577  0 31 x 03
0.0891  0 29 t 03    0.0892  0 29 t 03    0.0579  0 30 x 03    0.0579  0 30 x 03
0.0892  0 07 t 05    0.0892  0 07 t 05    0.0580  0 04 t 03    0.0580  0 04 t 03
0.0894  0 04 t 06    0.0895  0 04 t 06    0.0581  0 05 t 03    0.0581  0 05 t 03
0.0895  0 05 t 03    0.0895  0 05 t 03    0.0581  0 07 t 07    0.0582  0 06 t 03
0.0896  0 31 t 03    0.0896  0 31 t 03    0.0582  0 06 t 03    0.0582  3 08 x 08
0.0896  3 08 x 12    0.0896  3 08 x 12    0.0582  3 08 x 08    0.0582  0 07 t 07
0.0900  0 06 t 03    0.0901  0 06 t 03    0.0585  4 08 t 08    0.0586  4 08 t 08
0.0901  0 07 x 05    0.0901  0 07 x 05    0.0586  0 07 x 07    0.0586  0 07 x 07
0.0903  5 08 t 08    0.0903  5 08 t 08    0.0590  0 01 x 03    0.0590  0 01 x 03
0.0905  3 08 x 08    0.0904  3 08 x 08    0.0591  5 08 x 10    0.0591  5 08 x 10
0.0905  0 03 x 04    0.0905  0 03 x 04    0.0592  5 08 x 12    0.0592  5 08 x 12
0.0908  4 08 t 06    0.0908  4 08 t 06    0.0593  0 07 x 06    0.0593  0 27 x 03
0.0910  4 08 x 05    0.0909  4 08 x 05    0.0593  0 27 x 03    0.0594  0 07 x 06
0.0913  4 08 t 07    0.0913  4 08 t 07    0.0597  3 08 x 07    0.0596  3 08 x 07
0.0915  5 08 t 07    0.0916  4 08 t 05    0.0597  4 08 x 05    0.0597  4 08 x 05
0.0916  4 08 t 05    0.0916  5 08 t 07    0.0598  4 08 t 06    0.0598  4 08 t 06
0.0919  0 04 t 03    0.0920  0 04 t 03    0.0598  0 29 x 03    0.0598  0 29 x 03
0.0919  5 08 t 05    0.0920  5 08 t 05    0.0599  3 08 t 10    0.0598  3 08 t 10
0.0924  3 08 x 07    0.0922  0 07 t 06    0.0599  0 07 t 04    0.0599  3 08 t 12
0.0924  4 08 x 06    0.0924  4 08 x 06    0.0599  3 08 x 06    0.0599  0 07 t 04
0.0924  0 07 t 06    0.0924  3 08 x 07    0.0600  3 08 t 12    0.0600  3 08 x 06
0.0925  0 32 x 03    0.0924  0 32 x 03    0.0601  4 08 t 07    0.0601  4 08 t 07
0.0925  0 28 x 03    0.0925  0 28 x 03    0.0605  4 08 t 05    0.0605  4 08 t 05
0.0925  0 32 t 03    0.0925  0 32 t 03    0.0606  3 08 t 07    0.0605  3 08 t 07
0.0925  3 08 t 10    0.0927  3 08 t 10    0.0606  0 00 x 03    0.0606  0 00 x 03
0.0927  0 31 x 03    0.0927  0 31 x 03    0.0606  0 07 t 05    0.0606  0 07 t 05
0.0928  0 30 x 03    0.0929  0 30 x 03    0.0607  4 08 x 06    0.0606  0 06 t 10
0.0930  3 08 x 06    0.0930  3 08 x 06    0.0608  0 04 x 03    0.0607  4 08 x 06
0.0931  3 08 t 12    0.0931  5 08 x 06    0.0609  0 06 t 10    0.0608  0 04 x 03
0.0931  5 08 x 06    0.0931  3 08 t 12    0.0610  0 07 x 05    0.0609  0 07 x 05
0.0933  0 07 x 04    0.0933  0 07 x 04    0.0611  5 08 t 12    0.0611  5 08 t 12
0.0940  6 08 x 10    0.0940  3 08 t 07    0.0615  0 05 x 03    0.0615  0 05 x 03
0.0941  6 08 x 12    0.0941  6 08 x 10    0.0616  5 08 t 10    0.0616  5 08 t 10
0.0941  3 08 t 07    0.0941  6 08 x 12    0.0616  4 08 x 07    0.0617  4 08 x 07
0.0943  4 08 x 07    0.0943  4 08 x 07    0.0617  3 08 t 08    0.0618  3 08 t 08
0.0943  0 27 x 03    0.0943  0 27 x 03    0.0621  3 08 x 05    0.0620  3 08 x 05
0.0944  6 08 x 08    0.0944  6 08 x 08    0.0622  3 08 t 06    0.0622  3 08 t 06
0.0946  0 01 x 03    0.0946  0 01 x 03    0.0622  0 06 x 03    0.0622  0 06 x 03
0.0948  5 08 x 07    0.0948  5 08 x 07    0.0624  5 08 t 08    0.0625  5 08 t 08
0.0954  3 08 t 08    0.0954  0 29 x 03    0.0625  0 07 t 06    0.0625  0 07 t 06
0.0954  0 29 x 03    0.0961  0 05 x 03    0.0626  3 08 t 05    0.0625  3 08 t 05
0.0961  0 05 x 03    0.0962  3 08 t 08    0.0627  0 07 x 04    0.0628  0 07 x 04
0.0964  5 08 x 05    0.0964  5 08 x 05    0.0633  5 08 t 07    0.0634  5 08 t 07
0.0964  5 08 t 04    0.0965  3 08 x 05    0.0636  5 08 t 05    0.0637  5 08 t 05
0.0964  3 08 x 05    0.0965  5 08 t 04    0.0637  4 08 t 04    0.0637  4 08 t 04
0.0966  0 07 t 03    0.0966  0 07 t 03    0.0642  5 08 x 06    0.0642  5 08 x 06
0.0967  6 08 t 12    0.0967  6 08 t 12    0.0648  2 08 x 05    0.0648  2 08 x 05
0.0967  3 08 t 06    0.0968  3 08 t 06    0.0651  0 07 t 03    0.0652  0 07 t 03
0.0970  4 08 t 04    0.0970  4 08 t 04    0.0652  5 08 x 07    0.0652  5 08 x 07
0.0973  3 08 t 05    0.0973  3 08 t 05    0.0654  4 08 t 03    0.0654  4 08 t 03
0.0974  0 00 x 03    0.0974  0 06 x 03    0.0656  4 08 x 04    0.0656  4 08 x 04
0.0974  0 06 x 03    0.0974  0 00 x 03    0.0659  3 08 t 03    0.0659  3 08 t 03
0.0974  5 08 t 06    0.0976  5 08 t 06    0.0663  5 08 x 05    0.0662  5 08 t 04
0.0979  0 06 t 10    0.0977  0 06 t 10    0.0663  5 08 t 04    0.0663  5 08 x 05
0.0980  6 08 t 10    0.0980  6 08 t 10    0.0670  5 08 t 06    0.0669  5 08 t 06
0.0981  0 04 x 03    0.0981  0 04 x 03    0.0673  3 08 t 04    0.0673  3 08 t 04
0.0982  5 08 x 04    0.0983  5 08 x 04    0.0674  5 08 x 04    0.0674  5 08 x 04
0.1001  6 08 t 08    0.1001  6 08 t 08    0.0678  0 01 t 02    0.0678  0 01 t 02
0.1004  5 08 t 03    0.1004  5 08 t 03    0.0682  3 08 x 04    0.0681  3 08 x 04
0.1006  4 08 x 04    0.1005  4 08 x 04    0.0683  0 07 x 03    0.0683  0 07 x 03
0.1010  4 08 t 03    0.1010  4 08 t 03    0.0683  2 08 t 05    0.0683  0 03 x 03
0.1016  6 08 t 05    0.1016  6 08 t 05    0.0683  0 03 x 03    0.0683  2 08 t 05
0.1021  2 08 x 05    0.1021  2 08 x 05    0.0684  3 08 x 03    0.0685  3 08 x 03
0.1023  6 08 t 07    0.1023  6 08 t 07    0.0686  6 08 x 12    0.0686  0 31 t 02
0.1027  0 07 x 03    0.1027  0 07 x 03    0.0686  0 31 t 02    0.0686  6 08 x 12
0.1034  6 08 x 06    0.1034  6 08 x 06    0.0686  5 08 t 03    0.0687  0 04 t 02
0.1041  6 08 x 07    0.1041  6 08 x 07    0.0687  0 04 t 02    0.0687  6 08 x 10
0.1044  3 08 t 03    0.1044  3 08 t 03    0.0688  6 08 x 10    0.0687  5 08 t 03
0.1053  3 08 t 04    0.1053  3 08 t 04    0.0688  0 29 t 02    0.0688  0 29 t 02
0.1056  6 08 t 04    0.1055  6 08 t 04    0.0690  6 08 x 08    0.0690  6 08 x 08
0.1060  6 08 x 05    0.1060  6 08 x 05    0.0691  0 05 t 02    0.0691  0 05 t 02
0.1067  6 08 t 06    0.1068  6 08 t 06    0.0693  0 28 t 02    0.0693  0 28 t 02
0.1070  3 08 x 04    0.1070  3 08 x 04    0.0696  4 08 x 03    0.0696  4 08 x 03
0.1073  4 08 x 03    0.1073  4 08 x 03    0.0703  0 30 t 02    0.0703  0 00 t 02
0.1073  6 08 x 04    0.1073  6 08 x 04    0.0703  0 00 t 02    0.0703  0 30 t 02
0.1084  2 08 t 05    0.1084  2 08 t 05    0.0703  0 27 t 02    0.0703  0 27 t 02
0.1084  3 08 x 03    0.1084  3 08 x 03    0.0705  6 08 t 12    0.0705  6 08 t 12
0.1088  0 03 x 03    0.1091  5 08 x 03    0.0707  0 06 t 02    0.0708  0 06 t 02
0.1091  5 08 x 03    0.1095  0 03 x 03    0.0712  6 08 t 10    0.0712  6 08 t 10
0.1096  0 05 t 02    0.1096  0 05 t 02    0.0730  6 08 t 08    0.0731  6 08 t 08
0.1096  0 01 t 02    0.1096  0 01 t 02    0.0737  5 08 x 03    0.0736  5 08 x 03
0.1112  0 04 t 02    0.1112  0 04 t 02    0.0740  6 08 t 05    0.0740  6 08 t 05
0.1114  0 31 t 02    0.1114  0 31 t 02    0.0743  6 08 t 07    0.0743  6 08 t 07
0.1114  0 06 t 02    0.1114  0 06 t 02    0.0746  2 08 t 04    0.0747  2 08 t 04
0.1114  0 29 t 02    0.1114  0 29 t 02    0.0747  6 08 x 06    0.0748  6 08 x 06
0.1123  0 28 t 02    0.1123  0 28 t 02    0.0749  2 08 x 04    0.0749  2 08 x 04
0.1135  0 00 t 02    0.1135  0 00 t 02    0.0752  6 08 x 07    0.0752  6 08 x 07
0.1138  0 30 t 02    0.1137  0 30 t 02    0.0754  0 01 x 02    0.0754  0 01 x 02
0.1143  0 27 t 02    0.1143  0 27 t 02    0.0762  6 08 t 04    0.0762  6 08 t 04
0.1151  6 08 t 03    0.1152  6 08 t 03    0.0763  6 08 x 05    0.0763  6 08 x 05
0.1167  0 07 t 02    0.1168  0 07 t 02    0.0766  0 07 t 02    0.0766  0 07 t 02
0.1193  2 08 t 04    0.1192  2 08 t 04    0.0767  0 30 x 02    0.0767  0 30 x 02
0.1195  2 08 x 04    0.1195  2 08 x 04    0.0769  0 05 x 02    0.0769  0 05 x 02
0.1223  2 08 x 03    0.1223  2 08 x 03    0.0773  2 08 x 03    0.0772  2 08 x 03
0.1225  0 01 x 02    0.1226  0 01 x 02    0.0774  6 08 x 04    0.0774  6 08 x 04
0.1227  6 08 x 03    0.1227  6 08 x 03    0.0776  0 28 x 02    0.0776  0 28 x 02
0.1236  0 05 x 02    0.1236  0 05 x 02    0.0776  0 29 x 02    0.0776  6 08 t 06
0.1242  0 30 x 02    0.1242  0 30 x 02    0.0777  6 08 t 06    0.0776  0 29 x 02
0.1252  7 08 t 05    0.1252  7 08 t 05    0.0777  0 32 x 02    0.0778  0 32 x 02
0.1256  0 06 x 02    0.1257  0 06 x 02    0.0779  0 06 x 02    0.0779  0 06 x 02
0.1261  0 31 x 02    0.1261  0 31 x 02    0.0780  0 04 x 02    0.0780  0 04 x 02
0.1264  0 28 x 02    0.1264  0 28 x 02    0.0780  0 32 t 02    0.0781  0 31 x 02
0.1268  0 32 x 02    0.1266  0 32 x 02    0.0780  0 31 x 02    0.0782  0 32 t 02
0.1269  0 32 t 02    0.1267  0 32 t 02    0.0794  0 00 x 02    0.0794  0 00 x 02
0.1271  0 29 x 02    0.1271  0 29 x 02    0.0804  0 27 x 02    0.0804  0 27 x 02
0.1278  7 08 t 04    0.1279  7 08 t 04    0.0815  6 08 t 03    0.0815  6 08 t 03
0.1280  0 00 x 02    0.1280  0 00 x 02    0.0817  2 08 t 03    0.0818  2 08 t 03
0.1281  0 04 x 02    0.1282  0 04 x 02    0.0832  0 07 x 02    0.0832  0 07 x 02
0.1296  7 08 x 05    0.1297  7 08 x 05    0.0855  3 08 t 02    0.0854  3 08 t 02
0.1300  0 07 x 02    0.1299  0 07 x 02    0.0862  4 08 t 02    0.0862  4 08 t 02
0.1309  7 08 x 04    0.1309  7 08 x 04    0.0864  6 08 x 03    0.0864  6 08 x 03
0.1313  2 08 t 03    0.1312  5 08 t 02    0.0865  5 08 t 02    0.0865  5 08 t 02
0.1313  5 08 t 02    0.1313  2 08 t 03    0.0870  0 03 x 02    0.0870  0 03 x 02
0.1321  0 27 x 02    0.1320  0 27 x 02    0.0906  1 08 t 05    0.0906  1 08 t 05
0.1359  4 08 t 02    0.1360  4 08 t 02    0.0919  1 08 x 05    0.0917  1 08 x 05
0.1378  7 08 t 03    0.1378  7 08 t 03    0.0922  4 08 x 02    0.0922  4 08 x 02
0.1386  3 08 t 02    0.1386  3 08 t 02    0.0927  3 08 x 02    0.0927  3 08 x 02
0.1419  0 03 x 02    0.1420  0 03 x 02    0.0950  5 08 x 02    0.0950  5 08 x 02
0.1439  6 08 t 02    0.1439  6 08 t 02    0.0951  2 08 t 02    0.0951  2 08 t 02
0.1447  1 08 t 05    0.1447  1 08 t 05    0.0987  7 08 t 05    0.0987  7 08 t 05
0.1456  5 08 x 02    0.1455  5 08 x 02    0.1000  7 08 t 04    0.1000  7 08 t 04
0.1466  1 08 x 05    0.1465  1 08 x 05    0.1005  2 08 x 02    0.1004  2 08 x 02
0.1472  7 08 x 03    0.1473  7 08 x 03    0.1007  6 08 t 02    0.1007  6 08 t 02
0.1473  4 08 x 02    0.1473  4 08 x 02    0.1008  1 08 t 03    0.1008  1 08 t 03
0.1509  3 08 x 02    0.1509  3 08 x 02    0.1011  1 08 x 03    0.1011  1 08 x 03
0.1553  2 08 t 02    0.1553  2 08 t 02    0.1012  7 08 x 05    0.1012  7 08 x 05
0.1559  6 08 x 02    0.1559  6 08 x 02    0.1023  7 08 x 04    0.1022  7 08 x 04
0.1612  1 08 t 03    0.1612  1 08 t 03    0.1053  1 08 t 04    0.1053  1 08 t 04
0.1614  1 08 x 03    0.1616  1 08 x 03    0.1055  1 08 x 04    0.1054  1 08 x 04
0.1639  2 08 x 02    0.1640  2 08 x 02    0.1061  6 08 x 02    0.1061  6 08 x 02
0.1646  7 08 t 02    0.1646  7 08 t 02    0.1061  7 08 t 03    0.1061  7 08 t 03
0.1689  1 08 t 04    0.1689  1 08 t 04    0.1115  0 01 t 01    0.1115  0 01 t 01
0.1691  1 08 x 04    0.1691  1 08 x 04    0.1119  7 08 x 03    0.1119  7 08 x 03
0.1810  7 08 x 02    0.1809  7 08 x 02    0.1133  0 05 t 01    0.1133  0 05 t 01
0.1921  0 02 x 02    0.1921  0 02 x 02    0.1141  0 29 t 01    0.1141  0 29 t 01
0.1922  0 06 t 01    0.1922  0 06 t 01    0.1142  0 28 t 01    0.1142  0 28 t 01
0.1932  0 05 t 01    0.1931  0 05 t 01    0.1143  0 06 t 01    0.1143  0 06 t 01
0.1934  0 01 t 01    0.1934  0 01 t 01    0.1149  0 04 t 01    0.1149  0 04 t 01
0.1951  0 28 t 01    0.1951  0 28 t 01    0.1156  0 00 t 01    0.1155  0 00 t 01
0.1951  0 07 t 01    0.1951  0 07 t 01    0.1163  0 31 t 01    0.1163  0 31 t 01
0.1967  0 04 t 01    0.1967  0 04 t 01    0.1171  0 27 t 01    0.1171  0 27 t 01
0.1974  0 29 t 01    0.1973  0 29 t 01    0.1173  0 07 t 01    0.1173  0 07 t 01
0.1999  0 31 t 01    0.2000  0 31 t 01    0.1194  0 02 x 02    0.1194  0 02 x 02
0.1999  0 00 t 01    0.2000  0 00 t 01    0.1231  7 08 t 02    0.1231  7 08 t 02
0.2022  0 27 t 01    0.2022  0 27 t 01    0.1236  0 01 x 01    0.1236  0 01 x 01
0.2075  0 02 x 12    0.2076  0 02 x 12    0.1250  0 05 x 01    0.1250  0 05 x 01
0.2087  0 02 x 10    0.2088  0 02 x 10    0.1258  0 32 t 01    0.1258  0 32 t 01
0.2092  0 02 x 08    0.2090  0 02 x 08    0.1258  0 32 x 01    0.1258  0 32 x 01
0.2093  0 02 x 07    0.2093  0 02 x 07    0.1259  0 28 x 01    0.1259  0 28 x 01
0.2102  0 02 x 06    0.2102  0 02 x 06    0.1260  0 06 x 01    0.1260  0 06 x 01
0.2105  0 02 x 05    0.2105  0 02 x 05    0.1267  0 04 x 01    0.1267  0 04 x 01
0.2118  0 30 t 01    0.2118  0 30 t 01    0.1267  0 29 x 01    0.1268  0 29 x 01
0.2123  0 02 x 03    0.2122  0 02 x 03    0.1271  0 00 x 01    0.1271  0 00 x 01
0.2132  0 02 x 04    0.2132  0 02 x 04    0.1283  0 07 x 01    0.1283  0 07 x 01
0.2151  0 06 x 01    0.2151  0 06 x 01    0.1286  0 02 x 01    0.1285  0 02 x 01
0.2160  0 05 x 01    0.2160  0 05 x 01    0.1295  0 30 t 01    0.1295  0 30 t 01
0.2160  0 01 x 01    0.2161  0 01 x 01    0.1296  0 27 x 01    0.1296  0 27 x 01
0.2176  0 32 t 01    0.2176  0 02 x 01    0.1298  0 02 x 12    0.1298  0 02 x 12
0.2176  0 32 x 01    0.2176  0 32 t 01    0.1304  0 02 x 10    0.1305  0 02 x 10
0.2176  0 28 x 01    0.2176  0 28 x 01    0.1304  0 31 x 01    0.1305  0 31 x 01
0.2176  0 07 x 01    0.2176  0 32 x 01    0.1306  4 08 t 01    0.1306  4 08 t 01
0.2177  0 02 x 01    0.2176  0 07 x 01    0.1307  0 02 x 07    0.1306  0 02 x 08
0.2193  0 04 x 01    0.2193  0 04 x 01    0.1307  0 02 x 08    0.1307  0 02 x 07
0.2202  0 29 x 01    0.2202  0 29 x 01    0.1311  0 02 x 05    0.1309  0 02 x 05
0.2218  0 00 x 01    0.2219  0 00 x 01    0.1312  0 02 x 06    0.1312  0 02 x 06
0.2225  4 08 t 01    0.2225  4 08 t 01    0.1319  0 02 x 03    0.1319  0 02 x 03
0.2228  1 08 t 02    0.2228  1 08 t 02    0.1325  0 02 x 04    0.1325  0 02 x 04
0.2229  1 08 x 02    0.2228  1 08 x 02    0.1347  7 08 x 02    0.1347  7 08 x 02
0.2246  5 08 t 01    0.2247  5 08 t 01    0.1359  1 08 x 02    0.1360  1 08 x 02
0.2249  0 31 x 01    0.2249  0 31 x 01    0.1362  1 08 t 02    0.1362  1 08 t 02
0.2252  0 27 x 01    0.2252  0 27 x 01    0.1372  5 08 t 01    0.1372  5 08 t 01
0.2360  0 30 x 01    0.2360  0 30 x 01    0.1393  3 08 t 01    0.1393  3 08 t 01
0.2395  3 08 t 01    0.2396  3 08 t 01    0.1422  4 08 x 01    0.1422  4 08 x 01
0.2435  4 08 x 01    0.2436  4 08 x 01    0.1435  0 30 x 01    0.1435  0 30 x 01
0.2445  6 08 t 01    0.2445  6 08 t 01    0.1491  3 08 x 01    0.1492  3 08 x 01
0.2475  5 08 x 01    0.2475  5 08 x 01    0.1500  5 08 x 01    0.1500  5 08 x 01
0.2575  3 08 x 01    0.2574  3 08 x 01    0.1602  0 03 x 01    0.1602  0 03 x 01
0.2658  0 03 x 01    0.2658  0 03 x 01    0.1606  6 08 t 01    0.1606  6 08 t 01
0.2673  6 08 x 01    0.2673  6 08 x 01    0.1613  2 08 t 01    0.1613  2 08 t 01
0.2764  2 08 t 01    0.2765  2 08 t 01    0.1682  2 08 x 01    0.1681  2 08 x 01
0.2893  2 08 x 01    0.2894  2 08 x 01    0.1728  6 08 x 01    0.1728  6 08 x 01
0.2940  7 08 t 01    0.2939  7 08 t 01    0.2125  7 08 t 01    0.2125  7 08 t 01
0.3180  7 08 x 01    0.3180  7 08 x 01    0.2257  7 08 x 01    0.2257  7 08 x 01
0.3900  1 08 x 01    0.3900  1 08 x 01    0.2285  1 08 t 01    0.2285  1 08 t 01
0.3901  1 08 t 01    0.3901  1 08 t 01    0.2285  1 08 x 01    0.2285  1 08 x 01
---Benchmark Program Finished---
