
./testbench.sh clang++ O3 MontgomeryFull uint64_t 191 8 22 -DTEST_ARRAY

compilation finished, now executing:
---Running Program---

begin benchmarks - array two_pow
(ignore)10826325836583162489

OVERALL BEST:
0.2308  0 28 x 12
0.2308  0 32 t 12
0.2308  0 32 x 12
0.2324  0 31 x 08
0.2330  0 30 x 07
0.2336  0 31 x 10
0.2339  0 29 x 08
0.2345  0 29 t 07
0.2349  0 28 t 08
0.2349  0 29 x 12
0.2356  0 29 t 08
0.2362  0 32 t 10
0.2364  0 29 t 10
0.2365  0 32 x 10
0.2368  0 28 x 10
0.2378  0 30 x 10
0.2379  0 29 t 12
0.2381  0 28 t 10
0.2383  0 31 t 10
0.2385  0 31 t 07
0.2386  0 29 t 05
0.2387  0 30 x 08
0.2390  0 31 t 06
0.2392  0 31 x 07
0.2397  0 31 t 12
0.2397  0 30 t 06
0.2402  0 30 t 12
0.2406  0 32 t 06
0.2406  0 29 x 07
0.2406  0 28 x 06
0.2406  0 32 x 06
0.2412  0 28 t 12
0.2415  0 31 t 08
0.2416  0 28 t 07
0.2423  0 32 x 08
0.2423  0 32 t 08
0.2424  0 28 x 08
0.2436  0 31 x 06
0.2436  0 29 t 06
0.2443  0 28 t 05
0.2449  0 29 x 06
0.2450  0 30 t 10
0.2450  0 30 t 07
0.2460  0 31 t 05
0.2462  0 29 x 10
0.2465  0 28 t 06
0.2468  0 27 x 12
0.2471  0 31 x 12
0.2474  0 30 t 05
0.2482  0 31 x 05
0.2492  0 27 t 05
0.2499  0 27 t 08
0.2500  0 30 t 08
0.2504  0 27 t 12
0.2506  0 28 x 05
0.2514  0 27 x 07
0.2519  0 32 t 05
0.2520  0 32 x 05
0.2522  0 27 t 07
0.2533  0 28 t 04
0.2536  0 27 t 10
0.2537  0 30 x 12
0.2541  0 32 x 07
0.2541  0 28 x 07
0.2542  0 32 t 07
0.2544  0 27 x 08
0.2547  0 01 x 07
0.2549  0 29 x 05
0.2562  0 00 x 08
0.2563  0 05 t 08
0.2566  0 30 x 06
0.2568  0 01 t 10
0.2574  0 01 t 08
0.2587  0 27 x 06
0.2588  0 01 t 05
0.2590  0 01 t 12
0.2591  0 29 t 04
0.2603  0 06 t 08
0.2613  0 30 t 04
0.2613  0 27 x 10
0.2616  0 31 t 04
0.2620  0 01 t 06
0.2621  0 05 x 08
0.2626  0 27 t 06
0.2631  0 27 t 04
0.2643  0 01 t 07
0.2644  0 00 x 07
0.2650  0 04 t 08
0.2657  0 01 x 12
0.2659  0 01 x 08
0.2663  0 05 t 05
0.2665  0 01 t 04
0.2665  0 06 x 08
0.2665  0 01 x 06
0.2670  0 04 x 08
0.2681  0 05 x 07
0.2683  0 06 x 07
0.2686  0 05 t 10
0.2686  0 00 t 08
0.2689  0 05 t 12
0.2690  0 00 t 10
0.2696  0 00 t 07
0.2701  0 06 t 05
0.2713  0 05 t 07
0.2715  0 06 t 12
0.2715  0 00 t 06
0.2715  0 05 t 06
0.2716  0 28 x 04
0.2717  0 32 t 04
0.2717  0 32 x 04
0.2720  0 01 x 10
0.2723  0 00 t 12
0.2723  0 00 t 05
0.2732  0 30 x 05
0.2732  0 04 t 07
0.2732  0 04 t 05
0.2738  0 06 t 06
0.2750  0 05 t 04
0.2754  0 06 t 07
0.2760  0 04 t 12
0.2761  0 04 x 07
0.2767  0 04 t 10
0.2782  0 29 x 04
0.2782  0 00 x 10
0.2787  0 01 x 04
0.2788  0 04 t 06
0.2790  0 06 t 04
0.2791  0 00 x 06
0.2802  0 05 x 12
0.2804  0 00 t 04
0.2805  0 05 x 10
0.2806  0 07 t 08
0.2809  0 05 x 06
0.2814  0 01 x 05
0.2815  0 05 x 04
0.2816  0 30 x 04
0.2830  0 00 x 12
0.2836  0 04 t 04
0.2840  0 06 x 12
0.2842  0 27 x 04
0.2851  0 27 x 05
0.2851  0 31 x 04
0.2852  0 06 x 06
0.2854  0 06 x 10
0.2868  0 04 x 06
0.2872  0 05 x 05
0.2874  0 06 x 04
0.2876  0 03 x 10
0.2881  0 00 x 05
0.2881  0 07 x 08
0.2881  0 06 x 05
0.2885  0 03 x 12
0.2898  0 28 t 03
0.2900  0 03 x 08
0.2901  0 04 x 05
0.2902  0 03 x 06
0.2903  0 04 x 12
0.2906  0 07 t 05
0.2910  0 07 t 10
0.2910  0 04 x 10
0.2911  0 30 t 03
0.2928  0 07 t 06
0.2931  0 04 x 04
0.2937  0 00 x 04
0.2938  0 01 t 03
0.2947  4 08 t 06
0.2950  0 03 x 05
0.2955  4 08 t 08
0.2958  0 31 t 03
0.2960  0 03 x 07
0.2961  4 08 t 07
0.2965  0 07 t 07
0.2967  4 08 x 10
0.2975  4 08 t 10
0.2985  0 27 t 03
0.2986  4 08 x 06
0.2988  3 08 x 07
0.2993  0 07 t 12
0.2998  4 08 t 12
0.2998  4 08 t 05
0.3002  3 08 t 08
0.3017  0 05 t 03
0.3024  4 08 x 07
0.3025  0 07 t 04
0.3037  5 08 t 06
0.3046  0 07 x 06
0.3049  0 06 t 03
0.3062  0 29 t 03
0.3062  3 08 t 07
0.3066  0 07 x 10
0.3067  5 08 t 07
0.3068  0 07 x 12
0.3069  5 08 t 08
0.3076  4 08 x 08
0.3077  3 08 t 10
0.3081  3 08 x 10
0.3092  5 08 t 05
0.3092  4 08 t 04
0.3094  5 08 t 12
0.3095  3 08 t 06
0.3097  5 08 t 10
0.3103  4 08 x 12
0.3104  0 07 x 04
0.3104  0 07 x 05
0.3108  0 00 t 03
0.3121  4 08 x 05
0.3124  0 04 t 03
0.3124  3 08 t 05
0.3127  3 08 t 12
0.3132  5 08 x 10
0.3135  5 08 x 06
0.3142  0 03 x 04
0.3150  0 28 x 03
0.3155  3 08 x 08
0.3161  5 08 x 07
0.3163  0 32 t 03
0.3164  0 32 x 03
0.3168  3 08 x 06
0.3170  0 31 x 03
0.3170  0 30 x 03
0.3179  0 29 x 03
0.3194  5 08 x 08
0.3212  3 08 x 05
0.3217  5 08 x 12
0.3218  3 08 x 12
0.3219  5 08 x 05
0.3233  0 01 x 03
0.3240  0 05 x 03
0.3279  0 06 x 03
0.3288  0 00 x 03
0.3296  5 08 t 04
0.3330  0 27 x 03
0.3342  0 07 t 03
0.3357  0 04 x 03
0.3378  3 08 t 04
0.3392  4 08 x 04
0.3407  0 07 x 07
0.3434  3 08 x 04
0.3435  6 08 t 06
0.3454  2 08 t 05
0.3467  6 08 t 08
0.3468  6 08 t 07
0.3475  6 08 t 12
0.3486  5 08 x 04
0.3489  6 08 t 10
0.3496  6 08 t 05
0.3515  0 07 x 03
0.3518  2 08 x 05
0.3528  6 08 x 07
0.3530  6 08 x 08
0.3548  6 08 x 10
0.3550  6 08 x 06
0.3564  0 06 t 10
0.3566  4 08 x 03
0.3594  6 08 x 12
0.3600  6 08 x 05
0.3623  0 03 x 03
0.3644  6 08 t 04
0.3644  2 08 t 04
0.3654  4 08 t 03
0.3666  3 08 x 03
0.3698  3 08 t 03
0.3737  5 08 t 03
0.3830  5 08 x 03
0.3837  6 08 x 04
0.3843  0 01 t 02
0.3855  0 29 t 02
0.3861  0 04 t 02
0.3862  2 08 x 04
0.3896  0 30 t 02
0.3911  0 05 t 02
0.3927  0 06 t 02
0.3943  0 28 t 02
0.3981  0 31 t 02
0.4048  0 27 t 02
0.4115  0 01 x 02
0.4119  6 08 t 03
0.4124  0 07 t 02
0.4129  0 05 x 02
0.4152  0 00 t 02
0.4157  0 29 x 02
0.4171  0 32 t 02
0.4171  0 32 x 02
0.4176  0 28 x 02
0.4182  0 30 x 02
0.4184  0 04 x 02
0.4187  0 06 x 02
0.4195  2 08 t 03
0.4207  0 27 x 02
0.4221  6 08 x 03
0.4268  0 31 x 02
0.4274  0 00 x 02
0.4415  0 07 x 02
0.4452  7 08 t 05
0.4500  4 08 t 02
0.4512  1 08 x 05
0.4513  1 08 t 05
0.4516  2 08 x 03
0.4534  7 08 x 05
0.4597  7 08 t 04
0.4600  4 08 x 02
0.4668  3 08 t 02
0.4712  5 08 t 02
0.4764  0 03 x 02
0.4805  7 08 x 04
0.4840  3 08 x 02
0.4872  5 08 x 02
0.5179  7 08 t 03
0.5205  1 08 x 03
0.5205  1 08 t 03
0.5278  7 08 x 03
0.5308  2 08 t 02
0.5339  6 08 t 02
0.5398  1 08 t 04
0.5401  1 08 x 04
0.5458  6 08 x 02
0.5461  2 08 x 02
0.6205  0 02 x 02
0.6461  0 02 x 03
0.6553  0 05 t 01
0.6560  0 06 t 01
0.6615  0 01 t 01
0.6645  7 08 t 02
0.6657  0 30 t 01
0.6659  0 28 t 01
0.6666  0 31 t 01
0.6672  0 29 t 01
0.6698  0 04 t 01
0.6699  0 02 x 04
0.6707  0 07 t 01
0.6774  0 06 x 01
0.6813  0 00 t 01
0.6825  0 05 x 01
0.6839  0 02 x 07
0.6846  7 08 x 02
0.6852  0 02 x 01
0.6865  0 01 x 01
0.6879  0 02 x 08
0.6884  0 28 x 01
0.6891  0 32 t 01
0.6891  0 32 x 01
0.6894  0 04 x 01
0.6899  0 27 t 01
0.6906  0 30 x 01
0.6917  0 07 x 01
0.6919  0 02 x 06
0.6925  0 31 x 01
0.6934  0 29 x 01
0.6943  0 02 x 05
0.6984  0 02 x 10
0.7056  0 02 x 12
0.7083  0 00 x 01
0.7127  0 27 x 01
0.7221  1 08 x 02
0.7451  1 08 t 02
0.7664  4 08 t 01
0.7850  4 08 x 01
0.7884  5 08 t 01
0.7922  0 03 x 01
0.8102  5 08 x 01
0.8165  3 08 t 01
0.8249  3 08 x 01
0.8657  6 08 t 01
0.8868  6 08 x 01
0.9221  2 08 t 01
0.9307  2 08 x 01
1.0785  7 08 t 01
1.0944  7 08 x 01
1.2499  1 08 x 01
1.2552  1 08 t 01
Timings By Test Type:
0.0710  0 28 x 12    0.0711  0 28 x 12    0.0444  0 32 x 12    0.0443  0 28 x 12
0.0710  0 32 t 12    0.0711  0 32 x 12    0.0444  0 32 t 12    0.0443  0 32 t 12
0.0710  0 32 x 12    0.0711  0 32 t 12    0.0444  0 28 x 12    0.0443  0 32 x 12
0.0711  0 30 x 07    0.0711  0 30 x 07    0.0447  0 31 x 08    0.0447  0 31 x 08
0.0715  0 31 x 08    0.0715  0 31 x 08    0.0450  0 31 x 10    0.0450  0 31 x 10
0.0716  0 29 x 08    0.0716  0 29 x 08    0.0453  0 29 t 07    0.0453  0 29 t 07
0.0718  0 31 x 10    0.0718  0 31 x 10    0.0453  0 29 x 12    0.0453  0 29 x 08
0.0718  0 28 t 08    0.0718  0 28 t 08    0.0453  0 29 x 08    0.0453  0 29 x 12
0.0720  0 29 t 07    0.0720  0 29 t 07    0.0454  0 30 x 07    0.0454  0 30 x 07
0.0721  0 29 t 08    0.0721  0 29 t 08    0.0456  0 32 t 10    0.0456  0 28 t 08
0.0721  0 29 x 12    0.0721  0 29 x 12    0.0456  0 28 t 08    0.0456  0 29 t 10
0.0723  0 32 t 10    0.0725  0 32 x 10    0.0456  0 29 t 10    0.0457  0 28 x 10
0.0725  0 32 x 10    0.0725  0 32 t 10    0.0457  0 32 x 10    0.0457  0 29 t 08
0.0726  0 29 t 10    0.0726  0 29 t 10    0.0457  0 29 t 08    0.0457  0 32 t 10
0.0727  0 28 x 10    0.0727  0 28 x 10    0.0457  0 28 x 10    0.0458  0 32 x 10
0.0730  0 29 t 12    0.0731  0 29 t 12    0.0458  0 30 x 10    0.0459  0 30 x 10
0.0731  0 30 x 10    0.0731  0 30 x 10    0.0459  0 29 t 12    0.0459  0 29 t 12
0.0731  0 28 t 10    0.0731  0 28 t 10    0.0459  0 31 t 10    0.0459  0 31 t 10
0.0731  0 31 t 06    0.0731  0 31 t 06    0.0460  0 28 t 10    0.0460  0 28 t 10
0.0732  0 29 t 05    0.0732  0 29 t 05    0.0460  0 30 x 08    0.0460  0 30 x 08
0.0732  0 31 t 07    0.0732  0 31 t 07    0.0461  0 31 x 07    0.0460  0 31 t 07
0.0732  0 31 t 10    0.0733  0 31 t 10    0.0461  0 31 t 07    0.0461  0 31 x 07
0.0733  0 30 x 08    0.0733  0 30 x 08    0.0461  0 29 t 05    0.0461  0 29 t 05
0.0735  0 30 t 06    0.0734  0 30 t 06    0.0461  0 29 x 07    0.0461  0 31 t 12
0.0735  0 28 x 06    0.0735  0 28 x 06    0.0461  0 31 t 12    0.0463  0 30 t 12
0.0735  0 31 x 07    0.0736  0 31 x 07    0.0463  0 30 t 12    0.0463  0 29 x 07
0.0736  0 32 t 06    0.0736  0 32 t 06    0.0464  0 31 t 06    0.0464  0 31 t 06
0.0736  0 32 x 06    0.0736  0 32 x 06    0.0464  0 30 t 06    0.0464  0 30 t 06
0.0737  0 31 t 12    0.0737  0 31 t 12    0.0466  0 28 t 12    0.0466  0 28 t 12
0.0738  0 30 t 12    0.0739  0 30 t 12    0.0467  0 31 t 08    0.0467  0 32 t 06
0.0739  0 28 t 07    0.0739  0 28 t 07    0.0467  0 32 t 06    0.0467  0 32 x 06
0.0740  0 31 t 08    0.0740  0 28 t 12    0.0467  0 32 x 06    0.0467  0 31 t 08
0.0740  0 29 x 07    0.0742  0 32 t 08    0.0468  0 28 x 06    0.0468  0 28 x 06
0.0740  0 28 t 12    0.0742  0 31 t 08    0.0469  0 28 t 07    0.0469  0 28 t 07
0.0741  0 32 x 08    0.0742  0 29 x 07    0.0470  0 32 t 08    0.0470  0 32 t 08
0.0742  0 28 x 08    0.0742  0 32 x 08    0.0470  0 32 x 08    0.0470  0 32 x 08
0.0742  0 32 t 08    0.0742  0 28 x 08    0.0470  0 28 x 08    0.0470  0 28 x 08
0.0748  0 31 x 06    0.0748  0 28 t 05    0.0470  0 29 t 06    0.0470  0 31 x 06
0.0748  0 29 t 06    0.0748  0 31 x 06    0.0470  0 31 x 06    0.0470  0 29 t 06
0.0748  0 28 t 05    0.0748  0 29 t 06    0.0472  0 30 t 10    0.0472  0 30 t 10
0.0750  0 30 t 07    0.0750  0 30 t 07    0.0473  0 29 x 06    0.0473  0 29 x 06
0.0751  0 29 x 06    0.0751  0 29 x 06    0.0474  0 28 t 05    0.0474  0 28 t 05
0.0752  0 30 t 10    0.0753  0 30 t 10    0.0475  0 30 t 07    0.0475  0 30 t 07
0.0754  0 31 t 05    0.0754  0 31 t 05    0.0476  0 29 x 10    0.0476  0 31 t 05
0.0754  0 28 t 06    0.0755  0 28 t 06    0.0476  0 31 t 05    0.0476  0 29 x 10
0.0756  0 29 x 10    0.0755  0 29 x 10    0.0476  0 27 x 12    0.0476  0 27 x 12
0.0757  0 27 x 12    0.0758  0 30 t 05    0.0476  0 31 x 12    0.0476  0 31 x 12
0.0758  0 30 t 05    0.0759  0 27 x 12    0.0478  0 28 t 06    0.0478  0 28 t 06
0.0759  0 31 x 12    0.0759  0 31 x 12    0.0479  0 30 t 05    0.0479  0 30 t 05
0.0760  0 31 x 05    0.0760  0 31 x 05    0.0481  0 31 x 05    0.0481  0 31 x 05
0.0763  0 27 t 05    0.0763  0 27 t 05    0.0482  0 27 t 08    0.0482  0 27 t 08
0.0766  0 30 t 08    0.0767  0 30 t 08    0.0483  0 27 t 05    0.0483  0 27 t 05
0.0766  0 28 x 05    0.0768  0 27 t 08    0.0483  0 27 t 12    0.0483  0 27 t 12
0.0767  0 27 t 08    0.0769  0 28 x 05    0.0484  0 30 t 08    0.0484  0 30 t 08
0.0768  0 27 t 12    0.0769  0 27 t 12    0.0486  0 28 x 05    0.0486  0 27 x 07
0.0770  0 32 t 05    0.0769  0 32 t 05    0.0486  0 27 x 07    0.0486  0 28 x 05
0.0770  0 32 x 05    0.0770  0 32 x 05    0.0488  0 27 t 07    0.0487  0 27 t 07
0.0771  0 27 x 07    0.0771  0 27 x 07    0.0490  0 30 x 12    0.0490  0 32 t 05
0.0773  0 05 t 08    0.0773  0 05 t 08    0.0490  0 32 t 05    0.0490  0 32 x 05
0.0774  0 27 t 07    0.0774  0 27 t 07    0.0490  0 32 x 05    0.0490  0 30 x 12
0.0775  0 28 t 04    0.0775  0 28 t 04    0.0491  0 27 t 10    0.0491  0 27 t 10
0.0776  0 32 x 07    0.0776  0 28 x 07    0.0491  0 27 x 08    0.0492  0 27 x 08
0.0776  0 32 t 07    0.0777  0 32 x 07    0.0491  0 28 t 04    0.0492  0 29 x 05
0.0777  0 28 x 07    0.0777  0 32 t 07    0.0492  0 01 x 07    0.0492  0 01 x 07
0.0777  0 27 t 10    0.0778  0 27 t 10    0.0492  0 29 x 05    0.0492  0 28 t 04
0.0777  0 30 x 12    0.0780  0 30 x 12    0.0494  0 32 x 07    0.0494  0 32 t 07
0.0780  0 27 x 08    0.0781  0 27 x 08    0.0494  0 28 x 07    0.0494  0 28 x 07
0.0781  0 01 x 07    0.0782  0 01 x 07    0.0494  0 32 t 07    0.0494  0 01 t 10
0.0782  0 29 x 05    0.0782  0 29 x 05    0.0494  0 01 t 10    0.0494  0 32 x 07
0.0785  0 00 x 08    0.0787  0 00 x 08    0.0495  0 00 x 08    0.0495  0 00 x 08
0.0787  0 30 x 06    0.0788  0 30 x 06    0.0495  0 30 x 06    0.0495  0 30 x 06
0.0789  0 01 t 10    0.0790  0 01 t 10    0.0497  0 01 t 08    0.0497  0 01 t 08
0.0790  0 01 t 08    0.0790  0 01 t 08    0.0497  0 01 t 12    0.0497  0 01 t 12
0.0790  0 06 t 08    0.0790  0 05 x 08    0.0501  0 27 x 06    0.0501  0 27 x 06
0.0790  0 05 x 08    0.0791  0 06 t 08    0.0501  0 01 t 05    0.0501  0 01 t 05
0.0791  0 29 t 04    0.0792  0 29 t 04    0.0504  0 29 t 04    0.0504  0 29 t 04
0.0793  0 27 x 06    0.0793  0 27 x 06    0.0505  0 31 t 04    0.0506  0 27 x 10
0.0793  0 01 t 05    0.0793  0 01 t 05    0.0506  0 27 x 10    0.0506  0 31 t 04
0.0798  0 01 t 12    0.0798  0 01 t 12    0.0506  0 30 t 04    0.0506  0 01 t 06
0.0800  0 30 t 04    0.0800  0 30 t 04    0.0507  0 01 t 06    0.0507  0 30 t 04
0.0801  0 27 x 10    0.0801  0 27 x 10    0.0507  0 27 t 06    0.0508  0 27 t 06
0.0802  0 31 t 04    0.0802  0 31 t 04    0.0509  0 05 t 08    0.0508  0 05 t 08
0.0803  0 01 t 06    0.0803  0 01 t 06    0.0509  0 01 x 12    0.0509  0 01 x 12
0.0804  0 00 x 07    0.0804  0 27 t 04    0.0510  0 01 t 07    0.0510  0 01 t 07
0.0804  0 27 t 04    0.0805  0 05 t 05    0.0511  0 04 t 08    0.0510  0 04 t 08
0.0805  0 05 t 05    0.0806  0 27 t 06    0.0511  0 06 t 08    0.0511  0 01 x 08
0.0806  0 27 t 06    0.0807  0 05 t 12    0.0511  0 01 x 08    0.0511  0 06 t 08
0.0807  0 05 t 12    0.0807  0 05 x 07    0.0511  0 27 t 04    0.0512  0 27 t 04
0.0807  0 05 x 07    0.0809  0 06 x 08    0.0511  0 00 x 07    0.0513  0 04 x 08
0.0808  0 06 x 08    0.0809  0 05 t 10    0.0513  0 04 x 08    0.0513  0 01 x 06
0.0809  0 05 t 10    0.0812  0 06 x 07    0.0514  0 01 t 04    0.0514  0 01 t 04
0.0811  0 01 t 07    0.0812  0 01 t 07    0.0514  0 01 x 06    0.0515  0 00 x 07
0.0812  0 06 x 07    0.0814  0 00 x 07    0.0519  0 00 t 08    0.0519  0 00 t 08
0.0815  0 04 t 08    0.0815  0 04 t 08    0.0520  0 05 x 08    0.0520  0 05 x 08
0.0816  0 06 t 05    0.0817  0 06 t 05    0.0520  0 00 t 10    0.0520  0 00 t 10
0.0816  0 05 t 07    0.0817  0 05 t 07    0.0521  0 00 t 07    0.0521  0 00 t 07
0.0818  0 01 x 08    0.0819  0 01 t 04    0.0524  0 01 x 10    0.0522  0 01 x 10
0.0819  0 01 x 06    0.0819  0 01 x 08    0.0524  0 06 x 08    0.0524  0 06 x 08
0.0819  0 01 x 12    0.0819  0 01 x 06    0.0525  0 32 t 04    0.0524  0 32 t 04
0.0819  0 01 t 04    0.0820  0 01 x 12    0.0525  0 28 x 04    0.0525  0 28 x 04
0.0821  0 05 t 06    0.0821  0 05 t 06    0.0525  0 32 x 04    0.0525  0 32 x 04
0.0821  0 04 x 08    0.0822  0 04 x 08    0.0525  0 00 t 06    0.0525  0 00 t 06
0.0824  0 00 t 08    0.0824  0 06 t 12    0.0526  0 00 t 12    0.0526  0 00 t 12
0.0824  0 06 t 12    0.0824  0 00 t 08    0.0526  0 30 x 05    0.0526  0 30 x 05
0.0824  0 00 t 10    0.0825  0 00 t 10    0.0526  0 04 t 07    0.0526  0 04 t 07
0.0826  0 00 t 07    0.0827  0 00 t 07    0.0527  0 04 t 05    0.0527  0 04 t 05
0.0829  0 06 t 06    0.0829  0 06 t 06    0.0527  0 05 t 05    0.0527  0 05 t 05
0.0831  0 05 t 04    0.0831  0 05 t 04    0.0527  0 00 t 05    0.0527  0 00 t 05
0.0832  0 00 t 06    0.0832  0 00 t 06    0.0529  0 04 x 07    0.0529  0 04 x 07
0.0833  0 07 t 08    0.0833  0 07 t 08    0.0530  0 06 x 07    0.0530  0 04 t 12
0.0833  0 28 x 04    0.0833  0 28 x 04    0.0530  0 04 t 12    0.0530  0 06 x 07
0.0834  0 32 x 04    0.0834  0 32 x 04    0.0531  0 04 t 10    0.0531  0 04 t 10
0.0834  0 32 t 04    0.0834  0 32 t 04    0.0533  0 05 x 07    0.0533  0 05 x 07
0.0834  0 00 t 05    0.0834  0 06 t 07    0.0533  0 06 t 12    0.0533  0 06 t 12
0.0835  0 06 t 07    0.0834  0 00 t 05    0.0534  0 05 t 10    0.0534  0 05 t 10
0.0835  0 00 t 12    0.0836  0 00 t 12    0.0534  0 06 t 05    0.0534  0 06 t 05
0.0838  0 01 x 10    0.0836  0 01 x 10    0.0537  0 00 x 10    0.0537  0 00 x 10
0.0839  0 04 t 05    0.0840  0 04 t 05    0.0537  0 05 t 06    0.0537  0 05 t 06
0.0840  0 30 x 05    0.0840  0 04 t 07    0.0538  0 05 t 12    0.0538  0 04 t 06
0.0840  0 04 t 07    0.0840  0 30 x 05    0.0538  0 01 x 04    0.0538  0 05 t 12
0.0841  0 06 t 04    0.0840  0 05 x 12    0.0538  0 04 t 06    0.0538  0 01 x 04
0.0842  0 05 x 10    0.0841  0 06 t 04    0.0538  0 29 x 04    0.0539  0 00 x 06
0.0846  0 05 x 12    0.0843  0 05 x 10    0.0539  0 00 x 06    0.0540  0 29 x 04
0.0848  0 05 x 06    0.0848  0 05 x 06    0.0540  0 05 t 07    0.0540  0 06 t 06
0.0850  0 04 t 12    0.0850  0 04 t 12    0.0540  0 06 t 06    0.0540  0 05 t 07
0.0851  0 04 x 07    0.0851  0 04 x 07    0.0542  0 06 t 07    0.0542  0 06 t 07
0.0851  0 29 x 04    0.0852  0 04 t 10    0.0543  0 01 x 05    0.0542  0 01 x 05
0.0852  0 04 t 10    0.0853  0 05 x 04    0.0543  0 30 x 04    0.0543  0 30 x 04
0.0853  0 05 x 04    0.0853  0 29 x 04    0.0543  0 00 t 04    0.0543  0 00 t 04
0.0854  0 00 x 10    0.0854  0 07 x 08    0.0544  0 05 t 04    0.0544  0 05 t 04
0.0855  0 07 x 08    0.0855  0 00 x 10    0.0547  0 00 x 12    0.0546  0 00 x 12
0.0856  0 04 t 06    0.0855  0 01 x 04    0.0547  0 31 x 04    0.0547  0 31 x 04
0.0856  0 00 x 06    0.0856  0 00 x 06    0.0548  0 27 x 05    0.0548  0 27 x 05
0.0856  0 01 x 04    0.0857  0 04 t 06    0.0548  0 27 x 04    0.0548  0 04 t 04
0.0860  0 00 t 04    0.0859  0 00 t 04    0.0548  0 04 t 04    0.0549  0 27 x 04
0.0863  0 06 x 12    0.0863  0 07 t 10    0.0551  0 04 x 06    0.0551  0 04 x 06
0.0863  0 07 t 10    0.0864  0 06 x 12    0.0554  0 06 t 04    0.0553  0 06 t 04
0.0864  0 07 t 05    0.0864  0 07 t 05    0.0555  0 05 x 04    0.0554  0 04 x 12
0.0865  0 01 x 05    0.0864  0 01 x 05    0.0556  0 00 x 05    0.0555  0 05 x 04
0.0865  0 30 x 04    0.0865  0 30 x 04    0.0556  0 05 x 06    0.0556  0 00 x 05
0.0867  0 06 x 06    0.0867  0 06 x 06    0.0556  0 04 x 05    0.0556  0 05 x 06
0.0868  0 00 x 12    0.0868  0 00 x 12    0.0557  0 03 x 10    0.0557  0 04 x 05
0.0869  0 05 x 05    0.0869  0 06 x 10    0.0557  0 06 x 12    0.0557  0 03 x 10
0.0870  0 04 t 04    0.0869  0 05 x 05    0.0557  0 28 t 03    0.0557  0 06 x 12
0.0870  0 06 x 10    0.0870  0 07 t 06    0.0557  0 06 x 10    0.0557  0 04 x 10
0.0870  0 07 t 06    0.0870  0 04 t 04    0.0557  0 04 x 10    0.0557  0 28 t 03
0.0872  0 27 x 04    0.0872  0 27 x 04    0.0557  0 04 x 12    0.0557  0 06 x 10
0.0873  0 06 x 04    0.0873  0 06 x 04    0.0558  0 05 x 12    0.0558  0 05 x 12
0.0873  0 06 x 05    0.0874  0 06 x 05    0.0559  0 03 x 12    0.0559  0 03 x 12
0.0878  0 27 x 05    0.0877  0 31 x 04    0.0559  0 06 x 06    0.0559  0 06 x 06
0.0878  0 31 x 04    0.0878  0 27 x 05    0.0560  0 05 x 10    0.0560  0 04 x 04
0.0881  0 03 x 10    0.0881  0 07 t 07    0.0560  0 04 x 04    0.0560  0 05 x 10
0.0883  0 07 t 07    0.0882  0 03 x 10    0.0561  0 30 t 03    0.0560  0 30 t 03
0.0883  0 03 x 12    0.0883  0 04 x 06    0.0561  0 03 x 08    0.0561  0 03 x 08
0.0883  0 04 x 06    0.0885  0 03 x 12    0.0562  0 03 x 06    0.0562  0 03 x 06
0.0884  0 00 x 05    0.0885  0 00 x 05    0.0563  0 01 t 03    0.0563  0 01 t 03
0.0888  0 07 t 12    0.0887  0 07 t 12    0.0564  0 06 x 04    0.0564  0 06 x 04
0.0889  4 08 t 06    0.0889  0 03 x 06    0.0566  0 00 x 04    0.0566  0 00 x 04
0.0889  0 03 x 06    0.0890  0 03 x 08    0.0567  0 05 x 05    0.0566  0 05 x 05
0.0889  0 03 x 08    0.0890  4 08 t 06    0.0567  0 06 x 05    0.0568  0 06 x 05
0.0892  4 08 t 08    0.0892  4 08 t 08    0.0568  0 31 t 03    0.0568  0 31 t 03
0.0892  0 28 t 03    0.0892  0 28 t 03    0.0569  0 03 x 05    0.0569  0 03 x 05
0.0893  4 08 t 07    0.0894  4 08 t 07    0.0570  0 07 t 08    0.0570  0 07 t 08
0.0894  0 30 t 03    0.0894  0 04 x 05    0.0571  0 03 x 07    0.0571  0 03 x 07
0.0894  0 04 x 05    0.0896  0 30 t 03    0.0575  0 27 t 03    0.0576  0 27 t 03
0.0895  0 04 x 12    0.0896  0 04 x 12    0.0584  4 08 t 06    0.0584  4 08 t 06
0.0897  4 08 x 10    0.0897  4 08 x 10    0.0585  3 08 x 07    0.0585  0 07 x 08
0.0897  0 04 x 10    0.0898  4 08 t 10    0.0586  4 08 t 08    0.0586  3 08 x 07
0.0898  4 08 t 10    0.0899  0 04 x 10    0.0587  4 08 x 10    0.0586  4 08 t 08
0.0899  5 08 t 06    0.0899  4 08 x 06    0.0587  4 08 t 07    0.0587  4 08 x 10
0.0899  0 07 t 04    0.0899  5 08 t 06    0.0587  0 07 x 08    0.0587  4 08 t 07
0.0901  4 08 x 06    0.0899  0 07 t 04    0.0588  3 08 t 08    0.0588  3 08 t 08
0.0902  0 00 x 04    0.0902  0 00 x 04    0.0589  0 07 t 05    0.0589  0 07 t 05
0.0905  4 08 t 12    0.0905  0 04 x 04    0.0589  4 08 t 10    0.0590  4 08 t 10
0.0905  0 04 x 04    0.0906  0 03 x 05    0.0592  0 05 t 03    0.0592  0 05 t 03
0.0905  0 01 t 03    0.0906  4 08 t 05    0.0592  0 07 t 10    0.0592  0 07 t 10
0.0906  5 08 t 07    0.0906  0 01 t 03    0.0593  4 08 t 12    0.0593  4 08 x 06
0.0906  4 08 t 05    0.0906  4 08 t 12    0.0594  4 08 t 05    0.0593  4 08 t 12
0.0906  0 03 x 05    0.0908  5 08 t 08    0.0594  4 08 x 06    0.0593  4 08 t 05
0.0908  5 08 t 08    0.0909  3 08 x 07    0.0594  0 07 t 06    0.0594  0 07 t 06
0.0908  0 07 x 06    0.0909  0 03 x 07    0.0595  0 29 t 03    0.0595  0 29 t 03
0.0908  0 03 x 07    0.0909  0 07 x 06    0.0598  0 06 t 03    0.0598  0 06 t 03
0.0909  3 08 x 07    0.0909  5 08 t 07    0.0600  4 08 x 07    0.0601  4 08 x 07
0.0911  0 31 t 03    0.0911  0 07 x 12    0.0600  3 08 t 07    0.0601  0 07 t 07
0.0911  0 07 x 12    0.0911  0 31 t 03    0.0601  0 07 t 07    0.0601  3 08 t 10
0.0911  0 07 x 10    0.0912  4 08 x 07    0.0601  3 08 t 10    0.0602  3 08 x 10
0.0911  4 08 x 07    0.0912  0 07 x 10    0.0601  3 08 x 10    0.0602  3 08 t 07
0.0912  3 08 t 08    0.0914  3 08 t 08    0.0602  0 00 t 03    0.0602  0 00 t 03
0.0915  5 08 t 10    0.0915  5 08 t 12    0.0605  0 04 t 03    0.0604  0 04 t 03
0.0915  5 08 t 12    0.0915  5 08 t 10    0.0605  0 28 x 03    0.0605  0 28 x 03
0.0917  0 05 t 03    0.0917  0 05 t 03    0.0606  0 30 x 03    0.0606  0 03 x 04
0.0917  0 27 t 03    0.0917  0 27 t 03    0.0606  0 03 x 04    0.0606  3 08 t 06
0.0918  5 08 t 05    0.0918  5 08 t 05    0.0607  3 08 t 06    0.0607  0 30 x 03
0.0924  0 07 x 04    0.0925  0 07 x 04    0.0607  4 08 x 08    0.0607  4 08 x 08
0.0926  5 08 x 10    0.0926  5 08 x 10    0.0608  0 32 t 03    0.0608  0 32 t 03
0.0927  0 06 t 03    0.0927  0 06 t 03    0.0608  0 32 x 03    0.0608  0 32 x 03
0.0927  0 07 x 05    0.0929  0 07 x 05    0.0608  0 31 x 03    0.0608  0 31 x 03
0.0930  3 08 t 07    0.0930  3 08 t 07    0.0608  0 07 t 12    0.0609  0 07 t 12
0.0931  5 08 x 06    0.0931  5 08 x 06    0.0609  3 08 t 05    0.0609  3 08 t 05
0.0931  4 08 x 08    0.0931  4 08 x 08    0.0611  4 08 t 04    0.0611  4 08 t 04
0.0935  4 08 t 04    0.0935  5 08 x 07    0.0612  3 08 t 12    0.0612  4 08 x 12
0.0936  0 29 t 03    0.0935  4 08 t 04    0.0612  4 08 x 12    0.0612  3 08 t 12
0.0937  3 08 t 10    0.0936  0 29 t 03    0.0613  0 29 x 03    0.0613  0 07 t 04
0.0939  3 08 x 10    0.0937  3 08 t 10    0.0613  0 07 t 04    0.0614  0 29 x 03
0.0939  5 08 x 07    0.0939  4 08 x 12    0.0614  0 07 x 06    0.0615  0 07 x 06
0.0939  4 08 x 12    0.0940  3 08 x 10    0.0615  3 08 x 08    0.0615  3 08 x 08
0.0941  3 08 t 06    0.0941  3 08 t 06    0.0616  4 08 x 05    0.0616  4 08 x 05
0.0945  4 08 x 05    0.0944  4 08 x 05    0.0619  3 08 x 06    0.0619  3 08 x 06
0.0948  5 08 x 08    0.0948  5 08 x 08    0.0619  0 01 x 03    0.0619  0 01 x 03
0.0951  3 08 t 12    0.0952  3 08 t 12    0.0620  5 08 t 06    0.0620  5 08 t 06
0.0952  0 00 t 03    0.0952  0 00 t 03    0.0622  0 07 x 10    0.0622  0 07 x 10
0.0952  5 08 x 12    0.0953  3 08 t 05    0.0623  0 07 x 12    0.0623  0 07 x 12
0.0953  3 08 t 05    0.0953  5 08 x 12    0.0624  0 07 x 05    0.0624  0 07 x 05
0.0957  0 04 t 03    0.0958  0 04 t 03    0.0625  3 08 x 05    0.0625  3 08 x 05
0.0958  5 08 x 05    0.0958  5 08 x 05    0.0626  5 08 t 07    0.0626  5 08 t 07
0.0962  3 08 x 08    0.0962  3 08 x 08    0.0627  5 08 t 08    0.0627  3 08 x 12
0.0964  3 08 x 06    0.0965  0 03 x 04    0.0627  3 08 x 12    0.0627  5 08 t 08
0.0965  0 03 x 04    0.0966  3 08 x 06    0.0628  5 08 t 05    0.0628  5 08 t 05
0.0970  0 28 x 03    0.0970  0 28 x 03    0.0628  0 07 x 04    0.0628  0 07 x 04
0.0974  0 32 x 03    0.0974  0 32 t 03    0.0632  0 00 x 03    0.0632  0 00 x 03
0.0974  0 32 t 03    0.0974  0 32 x 03    0.0632  5 08 t 12    0.0632  5 08 t 12
0.0976  0 29 x 03    0.0976  0 31 x 03    0.0633  0 05 x 03    0.0633  0 05 x 03
0.0977  0 31 x 03    0.0977  0 29 x 03    0.0634  5 08 t 10    0.0634  5 08 t 10
0.0979  0 30 x 03    0.0979  0 30 x 03    0.0635  0 27 x 03    0.0634  0 27 x 03
0.0981  3 08 x 05    0.0981  5 08 t 04    0.0637  5 08 x 06    0.0637  5 08 x 06
0.0981  5 08 t 04    0.0981  3 08 x 05    0.0638  0 06 x 03    0.0638  0 06 x 03
0.0982  3 08 x 12    0.0982  3 08 x 12    0.0639  0 04 x 03    0.0640  0 04 x 03
0.0987  0 05 x 03    0.0987  0 05 x 03    0.0639  5 08 x 10    0.0641  5 08 x 10
0.0993  0 07 x 07    0.0993  0 07 x 07    0.0643  5 08 x 07    0.0645  5 08 x 07
0.0995  6 08 t 06    0.0995  6 08 t 06    0.0649  5 08 x 08    0.0649  5 08 x 08
0.0997  0 01 x 03    0.0997  0 01 x 03    0.0652  5 08 x 05    0.0651  5 08 x 05
0.1000  0 07 t 03    0.1000  0 07 t 03    0.0655  5 08 x 12    0.0656  5 08 x 12
0.1002  0 06 x 03    0.1002  0 06 x 03    0.0656  3 08 t 04    0.0656  3 08 t 04
0.1004  6 08 t 08    0.1004  6 08 t 07    0.0667  3 08 x 04    0.0667  3 08 x 04
0.1005  6 08 t 07    0.1005  6 08 t 08    0.0667  5 08 t 04    0.0668  5 08 t 04
0.1008  6 08 t 12    0.1009  6 08 t 12    0.0669  4 08 x 04    0.0669  4 08 x 04
0.1011  6 08 t 10    0.1011  6 08 t 10    0.0670  2 08 t 05    0.0669  2 08 t 05
0.1012  0 00 x 03    0.1012  0 00 x 03    0.0671  0 07 t 03    0.0671  0 07 t 03
0.1015  6 08 t 05    0.1015  6 08 t 05    0.0675  0 06 t 10    0.0675  0 06 t 10
0.1019  6 08 x 07    0.1024  6 08 x 07    0.0682  2 08 x 05    0.0682  2 08 x 05
0.1025  6 08 x 08    0.1025  6 08 x 08    0.0698  0 03 x 03    0.0697  0 03 x 03
0.1027  4 08 x 04    0.1027  4 08 x 04    0.0701  5 08 x 04    0.0701  5 08 x 04
0.1030  0 27 x 03    0.1030  6 08 x 06    0.0702  4 08 x 03    0.0702  4 08 x 03
0.1030  6 08 x 06    0.1031  0 27 x 03    0.0702  0 07 x 03    0.0702  0 07 x 03
0.1031  6 08 x 10    0.1031  6 08 x 10    0.0706  2 08 t 04    0.0705  2 08 t 04
0.1033  3 08 t 04    0.1033  3 08 t 04    0.0708  3 08 x 03    0.0708  3 08 x 03
0.1039  0 04 x 03    0.1039  0 04 x 03    0.0711  0 07 x 07    0.0710  0 07 x 07
0.1043  5 08 x 04    0.1041  5 08 x 04    0.0714  3 08 t 03    0.0714  3 08 t 03
0.1045  6 08 x 12    0.1045  6 08 x 12    0.0717  4 08 t 03    0.0717  4 08 t 03
0.1048  6 08 x 05    0.1048  6 08 x 05    0.0722  6 08 t 06    0.0723  6 08 t 06
0.1050  3 08 x 04    0.1050  3 08 x 04    0.0727  0 01 t 02    0.0728  0 01 t 02
0.1055  0 07 x 03    0.1055  0 07 x 03    0.0729  6 08 t 12    0.0729  6 08 t 12
0.1057  2 08 t 05    0.1058  2 08 t 05    0.0729  6 08 t 08    0.0729  6 08 t 08
0.1059  6 08 t 04    0.1060  6 08 t 04    0.0730  6 08 t 07    0.0730  6 08 t 07
0.1076  2 08 x 05    0.1079  2 08 x 05    0.0734  6 08 t 10    0.0733  6 08 t 05
0.1081  4 08 x 03    0.1082  4 08 x 03    0.0734  6 08 t 05    0.0733  6 08 t 10
0.1107  0 06 t 10    0.1107  0 06 t 10    0.0734  0 29 t 02    0.0735  0 29 t 02
0.1110  4 08 t 03    0.1110  4 08 t 03    0.0735  0 04 t 02    0.0735  0 04 t 02
0.1114  0 03 x 03    0.1114  0 03 x 03    0.0740  6 08 x 08    0.0740  6 08 x 08
0.1117  5 08 t 03    0.1116  2 08 t 04    0.0742  6 08 x 10    0.0742  6 08 x 07
0.1117  2 08 t 04    0.1118  5 08 t 03    0.0743  0 30 t 02    0.0743  6 08 x 10
0.1122  6 08 x 04    0.1122  6 08 x 04    0.0743  6 08 x 07    0.0743  0 30 t 02
0.1125  3 08 x 03    0.1125  3 08 x 03    0.0745  6 08 x 06    0.0745  6 08 x 06
0.1135  3 08 t 03    0.1135  3 08 t 03    0.0749  2 08 x 04    0.0746  2 08 x 04
0.1148  5 08 x 03    0.1148  5 08 x 03    0.0750  0 05 t 02    0.0750  0 05 t 02
0.1184  2 08 x 04    0.1183  2 08 x 04    0.0751  6 08 x 12    0.0751  5 08 t 03
0.1193  0 29 t 02    0.1193  0 29 t 02    0.0752  5 08 t 03    0.0752  6 08 x 05
0.1194  0 01 t 02    0.1194  0 01 t 02    0.0752  6 08 x 05    0.0752  0 28 t 02
0.1195  0 04 t 02    0.1195  0 04 t 02    0.0752  0 28 t 02    0.0752  6 08 x 12
0.1205  0 05 t 02    0.1205  0 30 t 02    0.0754  0 31 t 02    0.0754  0 31 t 02
0.1205  0 06 t 02    0.1205  0 05 t 02    0.0758  0 06 t 02    0.0757  0 06 t 02
0.1205  6 08 t 03    0.1205  6 08 t 03    0.0762  6 08 t 04    0.0763  6 08 t 04
0.1205  0 30 t 02    0.1206  0 06 t 02    0.0767  5 08 x 03    0.0767  5 08 x 03
0.1220  0 28 t 02    0.1220  0 28 t 02    0.0768  0 27 t 02    0.0768  0 27 t 02
0.1235  0 31 t 02    0.1237  0 31 t 02    0.0776  0 01 x 02    0.0775  0 01 x 02
0.1237  6 08 x 03    0.1237  6 08 x 03    0.0787  0 00 t 02    0.0787  0 00 t 02
0.1248  7 08 t 05    0.1248  7 08 t 05    0.0789  0 29 x 02    0.0789  0 29 x 02
0.1251  0 07 t 02    0.1251  0 07 t 02    0.0790  0 05 x 02    0.0790  0 05 x 02
0.1256  0 27 t 02    0.1256  0 27 t 02    0.0792  0 32 t 02    0.0792  0 32 t 02
0.1274  0 05 x 02    0.1274  0 05 x 02    0.0792  0 32 x 02    0.0792  0 04 x 02
0.1275  7 08 x 05    0.1275  7 08 x 05    0.0792  0 04 x 02    0.0792  0 32 x 02
0.1282  0 01 x 02    0.1282  0 01 x 02    0.0793  0 28 x 02    0.0793  0 28 x 02
0.1289  0 00 t 02    0.1289  0 06 x 02    0.0796  0 30 x 02    0.0795  0 30 x 02
0.1290  0 06 x 02    0.1290  0 00 t 02    0.0797  6 08 x 04    0.0796  6 08 x 04
0.1290  0 29 x 02    0.1290  0 29 x 02    0.0800  0 27 x 02    0.0800  0 27 x 02
0.1291  2 08 t 03    0.1291  2 08 t 03    0.0804  0 06 x 02    0.0804  0 06 x 02
0.1292  7 08 t 04    0.1292  7 08 t 04    0.0807  2 08 t 03    0.0806  2 08 t 03
0.1293  0 32 t 02    0.1293  0 32 x 02    0.0810  0 00 x 02    0.0810  0 00 x 02
0.1293  0 32 x 02    0.1293  0 32 t 02    0.0811  0 07 t 02    0.0811  0 07 t 02
0.1295  0 28 x 02    0.1295  0 28 x 02    0.0814  0 31 x 02    0.0814  0 31 x 02
0.1295  0 30 x 02    0.1295  0 30 x 02    0.0854  6 08 t 03    0.0854  6 08 t 03
0.1300  0 04 x 02    0.1300  0 04 x 02    0.0860  0 07 x 02    0.0860  0 07 x 02
0.1304  0 27 x 02    0.1303  0 27 x 02    0.0865  2 08 x 03    0.0865  2 08 x 03
0.1320  0 31 x 02    0.1320  0 31 x 02    0.0867  4 08 t 02    0.0866  4 08 t 02
0.1326  0 00 x 02    0.1327  0 00 x 02    0.0869  1 08 x 05    0.0869  1 08 x 05
0.1347  0 07 x 02    0.1347  0 07 x 02    0.0870  1 08 t 05    0.0869  1 08 t 05
0.1357  7 08 x 04    0.1357  7 08 x 04    0.0874  6 08 x 03    0.0873  6 08 x 03
0.1383  4 08 t 02    0.1383  4 08 t 02    0.0882  4 08 x 02    0.0888  4 08 x 02
0.1385  1 08 t 05    0.1385  1 08 x 05    0.0893  3 08 t 02    0.0893  3 08 t 02
0.1389  1 08 x 05    0.1389  1 08 t 05    0.0906  0 03 x 02    0.0906  0 03 x 02
0.1393  2 08 x 03    0.1393  2 08 x 03    0.0919  3 08 x 02    0.0918  3 08 x 02
0.1415  4 08 x 02    0.1415  4 08 x 02    0.0931  5 08 t 02    0.0931  5 08 t 02
0.1425  5 08 t 02    0.1425  5 08 t 02    0.0966  5 08 x 02    0.0966  5 08 x 02
0.1441  3 08 t 02    0.1441  3 08 t 02    0.0978  7 08 t 05    0.0978  7 08 t 05
0.1468  7 08 t 03    0.1469  7 08 t 03    0.0992  7 08 x 05    0.0993  7 08 x 05
0.1469  5 08 x 02    0.1470  5 08 x 02    0.0997  1 08 x 03    0.0997  1 08 x 03
0.1476  0 03 x 02    0.1476  0 03 x 02    0.0997  1 08 t 03    0.0997  1 08 t 03
0.1500  7 08 x 03    0.1500  7 08 x 03    0.1006  7 08 t 04    0.1006  7 08 t 04
0.1501  3 08 x 02    0.1502  3 08 x 02    0.1011  2 08 t 02    0.1012  2 08 t 02
0.1575  6 08 t 02    0.1575  6 08 t 02    0.1033  1 08 t 04    0.1033  1 08 x 04
0.1605  1 08 x 03    0.1606  1 08 t 03    0.1036  1 08 x 04    0.1035  1 08 t 04
0.1605  1 08 t 03    0.1606  1 08 x 03    0.1039  2 08 x 02    0.1039  2 08 x 02
0.1614  6 08 x 02    0.1614  6 08 x 02    0.1045  7 08 x 04    0.1046  7 08 x 04
0.1643  2 08 t 02    0.1643  2 08 t 02    0.1095  6 08 t 02    0.1095  6 08 t 02
0.1664  1 08 t 04    0.1665  1 08 t 04    0.1115  6 08 x 02    0.1116  6 08 x 02
0.1667  1 08 x 04    0.1666  1 08 x 04    0.1121  7 08 t 03    0.1121  7 08 t 03
0.1692  2 08 x 02    0.1691  2 08 x 02    0.1139  7 08 x 03    0.1139  7 08 x 03
0.1893  7 08 t 02    0.1893  7 08 t 02    0.1192  0 02 x 02    0.1191  0 02 x 02
0.1911  0 02 x 02    0.1911  0 02 x 02    0.1201  0 05 t 01    0.1201  0 05 t 01
0.1956  7 08 x 02    0.1957  7 08 x 02    0.1205  0 01 t 01    0.1205  0 01 t 01
0.1991  0 02 x 03    0.1989  0 02 x 03    0.1211  0 06 t 01    0.1211  0 06 t 01
0.2065  0 02 x 04    0.2068  0 02 x 04    0.1215  0 29 t 01    0.1215  0 29 t 01
0.2069  0 06 t 01    0.2069  0 06 t 01    0.1217  0 31 t 01    0.1217  0 31 t 01
0.2075  0 05 t 01    0.2076  0 05 t 01    0.1219  0 30 t 01    0.1219  0 30 t 01
0.2102  0 01 t 01    0.2102  0 01 t 01    0.1221  0 28 t 01    0.1221  0 28 t 01
0.2104  0 07 t 01    0.2104  0 07 t 01    0.1224  0 04 t 01    0.1224  0 04 t 01
0.2106  0 02 x 07    0.2106  0 02 x 07    0.1240  0 02 x 03    0.1241  0 02 x 03
0.2109  0 28 t 01    0.2109  0 28 t 01    0.1246  0 00 t 01    0.1246  0 00 t 01
0.2109  0 30 t 01    0.2110  0 30 t 01    0.1248  0 06 x 01    0.1248  0 06 x 01
0.2115  0 31 t 01    0.2116  0 31 t 01    0.1250  0 07 t 01    0.1250  0 07 t 01
0.2118  0 02 x 08    0.2116  0 02 x 08    0.1251  0 01 x 01    0.1253  0 01 x 01
0.2121  0 29 t 01    0.2121  0 29 t 01    0.1253  0 05 x 01    0.1253  0 05 x 01
0.2125  0 04 t 01    0.2125  0 04 t 01    0.1260  0 04 x 01    0.1260  0 04 x 01
0.2133  0 02 x 06    0.2132  0 02 x 06    0.1261  0 32 x 01    0.1261  0 32 t 01
0.2138  0 02 x 05    0.2139  0 06 x 01    0.1261  0 32 t 01    0.1261  0 32 x 01
0.2139  0 06 x 01    0.2141  0 02 x 05    0.1262  0 28 x 01    0.1262  0 28 x 01
0.2147  0 02 x 10    0.2149  0 02 x 10    0.1263  0 31 x 01    0.1263  0 31 x 01
0.2158  0 02 x 01    0.2158  0 02 x 01    0.1264  0 30 x 01    0.1264  0 30 x 01
0.2159  0 05 x 01    0.2160  0 05 x 01    0.1267  0 27 t 01    0.1267  0 27 t 01
0.2161  0 00 t 01    0.2161  0 00 t 01    0.1268  0 29 x 01    0.1268  0 29 x 01
0.2169  0 02 x 12    0.2171  0 02 x 12    0.1268  0 02 x 01    0.1268  0 02 x 01
0.2174  0 07 x 01    0.2174  0 07 x 01    0.1281  0 02 x 04    0.1285  0 07 x 01
0.2180  0 28 x 01    0.2180  0 28 x 01    0.1285  0 07 x 01    0.1285  0 02 x 04
0.2180  0 01 x 01    0.2180  0 01 x 01    0.1292  0 00 x 01    0.1292  0 00 x 01
0.2182  0 27 t 01    0.2182  0 27 t 01    0.1306  0 27 x 01    0.1306  0 27 x 01
0.2184  0 32 x 01    0.2185  0 32 x 01    0.1314  0 02 x 07    0.1313  0 02 x 07
0.2184  0 32 t 01    0.2185  0 32 t 01    0.1323  0 02 x 08    0.1322  0 02 x 08
0.2187  0 04 x 01    0.2187  0 04 x 01    0.1327  0 02 x 06    0.1328  0 02 x 06
0.2189  0 30 x 01    0.2189  0 30 x 01    0.1333  0 02 x 05    0.1332  0 02 x 05
0.2199  0 29 x 01    0.2200  0 29 x 01    0.1344  0 02 x 10    0.1343  0 02 x 10
0.2200  0 31 x 01    0.2200  0 31 x 01    0.1358  0 02 x 12    0.1358  0 02 x 12
0.2239  1 08 x 02    0.2235  1 08 x 02    0.1372  1 08 x 02    0.1375  1 08 x 02
0.2249  0 00 x 01    0.2250  0 00 x 01    0.1412  1 08 t 02    0.1412  1 08 t 02
0.2258  0 27 x 01    0.2258  0 27 x 01    0.1426  4 08 t 01    0.1426  4 08 t 01
0.2313  1 08 t 02    0.2313  1 08 t 02    0.1429  7 08 t 02    0.1430  7 08 t 02
0.2407  4 08 t 01    0.2406  4 08 t 01    0.1452  0 03 x 01    0.1453  0 03 x 01
0.2442  5 08 t 01    0.2442  5 08 t 01    0.1458  4 08 x 01    0.1457  4 08 x 01
0.2468  4 08 x 01    0.2467  4 08 x 01    0.1466  7 08 x 02    0.1466  7 08 x 02
0.2509  0 03 x 01    0.2509  0 03 x 01    0.1499  3 08 t 01    0.1499  3 08 t 01
0.2513  5 08 x 01    0.2513  5 08 x 01    0.1500  5 08 t 01    0.1500  5 08 t 01
0.2584  3 08 t 01    0.2583  3 08 t 01    0.1520  3 08 x 01    0.1520  3 08 x 01
0.2604  3 08 x 01    0.2604  3 08 x 01    0.1538  5 08 x 01    0.1538  5 08 x 01
0.2621  6 08 t 01    0.2621  6 08 t 01    0.1705  2 08 t 01    0.1705  2 08 t 01
0.2691  6 08 x 01    0.2691  6 08 x 01    0.1707  6 08 t 01    0.1707  6 08 t 01
0.2906  2 08 t 01    0.2906  2 08 t 01    0.1720  2 08 x 01    0.1721  2 08 x 01
0.2933  2 08 x 01    0.2933  2 08 x 01    0.1743  6 08 x 01    0.1743  6 08 x 01
0.3147  7 08 t 01    0.3147  7 08 t 01    0.2245  7 08 t 01    0.2245  7 08 t 01
0.3198  7 08 x 01    0.3198  7 08 x 01    0.2274  7 08 x 01    0.2274  7 08 x 01
0.3932  1 08 x 01    0.3932  1 08 x 01    0.2317  1 08 x 01    0.2317  1 08 x 01
0.3946  1 08 t 01    0.3946  1 08 t 01    0.2330  1 08 t 01    0.2331  1 08 t 01
---Benchmark Program Finished---
