
./testbench.sh g++ O3 MontgomeryFull uint64_t 191 8 22 -DTEST_ARRAY

compilation finished, now executing:
---Running Program---

begin benchmarks - array two_pow
(ignore)10826325836583162489

OVERALL BEST:
0.2491  0 29 x 05
0.2529  0 31 x 05
0.2530  0 31 t 05
0.2535  0 32 t 05
0.2539  0 32 x 05
0.2552  0 29 t 05
0.2601  0 29 x 06
0.2620  0 29 x 07
0.2653  0 28 x 06
0.2657  0 31 x 04
0.2671  0 30 x 06
0.2672  0 28 x 07
0.2676  0 30 x 07
0.2676  0 27 x 06
0.2679  0 31 x 06
0.2697  0 31 x 08
0.2709  0 28 x 08
0.2711  0 31 t 04
0.2715  0 00 t 05
0.2716  0 32 t 08
0.2716  0 32 x 08
0.2718  0 29 x 08
0.2726  0 32 x 06
0.2726  0 32 t 06
0.2728  0 27 x 08
0.2735  0 30 x 05
0.2744  0 27 x 05
0.2749  0 31 x 10
0.2753  0 32 x 04
0.2754  0 32 t 04
0.2772  0 28 x 05
0.2774  0 29 x 04
0.2782  0 30 x 08
0.2796  0 01 x 05
0.2805  0 32 t 07
0.2806  0 32 x 07
0.2814  0 00 x 05
0.2818  0 27 x 07
0.2819  0 27 x 10
0.2819  0 32 x 10
0.2820  0 32 t 10
0.2821  0 29 t 04
0.2822  0 31 x 12
0.2825  0 01 t 04
0.2828  0 30 x 04
0.2829  0 28 t 04
0.2832  0 27 t 04
0.2839  0 30 t 04
0.2839  0 32 x 12
0.2839  0 31 x 07
0.2840  0 32 t 12
0.2868  0 01 x 06
0.2868  0 05 x 05
0.2869  0 04 x 08
0.2873  0 04 t 04
0.2879  0 28 x 10
0.2879  0 06 x 05
0.2879  0 04 x 05
0.2888  0 05 x 08
0.2903  0 06 x 08
0.2912  0 29 t 03
0.2912  0 01 x 08
0.2914  0 28 x 04
0.2916  0 29 x 10
0.2926  0 30 x 12
0.2933  0 27 x 04
0.2933  0 00 x 07
0.2939  0 01 x 07
0.2942  0 04 x 04
0.2943  0 30 t 05
0.2944  0 30 x 10
0.2951  0 28 x 12
0.2952  0 27 x 12
0.2962  0 29 x 12
0.2965  0 28 t 05
0.2968  0 00 x 04
0.2973  0 04 x 07
0.2973  0 31 t 03
0.2976  0 05 x 07
0.2996  0 04 x 06
0.3012  0 06 x 04
0.3013  0 05 t 03
0.3014  0 27 t 05
0.3022  0 05 x 04
0.3026  0 06 x 07
0.3026  0 01 t 03
0.3034  0 00 x 06
0.3036  0 06 x 06
0.3036  0 05 x 06
0.3038  0 27 t 03
0.3042  0 06 t 03
0.3042  0 04 t 03
0.3044  0 00 t 04
0.3048  0 30 t 03
0.3050  0 01 x 04
0.3058  0 01 x 10
0.3087  0 07 x 05
0.3088  0 00 x 08
0.3100  0 01 x 12
0.3105  0 28 t 03
0.3115  0 03 x 05
0.3125  0 05 x 10
0.3132  4 08 x 05
0.3160  4 08 x 07
0.3162  0 00 t 03
0.3164  0 29 x 03
0.3167  4 08 x 04
0.3168  0 04 x 10
0.3175  0 32 t 03
0.3176  0 32 x 03
0.3178  4 08 x 06
0.3192  4 08 x 08
0.3206  0 05 x 03
0.3209  0 31 x 03
0.3210  0 01 x 03
0.3210  4 08 t 05
0.3216  0 06 x 10
0.3219  0 07 t 03
0.3219  3 08 x 07
0.3221  0 00 x 10
0.3222  0 03 x 04
0.3222  0 07 x 04
0.3229  0 27 x 03
0.3231  0 03 x 06
0.3233  0 00 x 12
0.3233  4 08 t 06
0.3249  0 30 x 03
0.3253  0 04 x 03
0.3259  0 05 x 12
0.3272  5 08 x 05
0.3273  0 06 x 03
0.3278  0 28 x 03
0.3291  0 04 x 12
0.3294  0 00 x 03
0.3305  3 08 x 04
0.3309  3 08 x 06
0.3312  3 08 t 05
0.3331  5 08 x 06
0.3331  4 08 t 04
0.3358  3 08 t 04
0.3367  3 08 x 08
0.3372  5 08 x 07
0.3372  3 08 t 06
0.3378  3 08 t 07
0.3385  5 08 x 04
0.3390  3 08 x 05
0.3397  4 08 t 07
0.3399  5 08 t 05
0.3411  3 08 t 08
0.3417  0 07 x 06
0.3419  0 03 x 07
0.3444  3 08 x 10
0.3453  0 03 x 08
0.3459  4 08 t 08
0.3471  0 06 x 12
0.3495  4 08 t 03
0.3499  0 07 x 03
0.3499  5 08 x 08
0.3514  5 08 t 06
0.3520  0 07 x 07
0.3566  5 08 t 04
0.3587  4 08 x 03
0.3597  4 08 x 10
0.3607  2 08 x 04
0.3609  5 08 x 10
0.3636  0 31 t 02
0.3637  2 08 t 05
0.3647  0 31 t 07
0.3648  3 08 t 03
0.3652  4 08 x 12
0.3653  0 03 x 10
0.3658  5 08 t 03
0.3668  2 08 x 05
0.3668  0 07 x 08
0.3669  0 29 t 02
0.3671  0 07 x 10
0.3675  6 08 x 05
0.3695  0 31 t 06
0.3698  0 05 t 02
0.3700  0 03 x 03
0.3702  0 29 t 07
0.3714  0 01 t 02
0.3729  0 31 t 08
0.3736  3 08 x 03
0.3741  3 08 x 12
0.3744  0 06 t 02
0.3752  0 04 t 02
0.3753  3 08 t 10
0.3795  0 29 t 12
0.3796  0 27 t 02
0.3801  6 08 x 07
0.3806  0 00 t 02
0.3811  0 01 t 05
0.3816  6 08 x 06
0.3816  0 31 t 10
0.3816  0 29 t 06
0.3820  2 08 t 04
0.3821  0 01 t 06
0.3838  5 08 x 03
0.3840  0 30 t 02
0.3841  0 31 t 12
0.3845  0 29 t 08
0.3848  3 08 t 12
0.3851  5 08 x 12
0.3875  0 28 t 02
0.3876  6 08 t 05
0.3915  0 05 t 08
0.3915  0 29 t 10
0.3926  0 05 t 04
0.3937  0 05 t 05
0.3951  0 06 t 08
0.3953  0 07 t 02
0.3966  0 06 t 05
0.3966  0 06 t 07
0.3967  0 06 t 06
0.3974  0 01 t 07
0.3974  0 05 t 07
0.3977  6 08 t 04
0.3977  6 08 x 08
0.3980  0 04 t 05
0.3982  0 07 x 12
0.3985  6 08 x 04
0.3994  0 05 t 06
0.3997  0 06 t 04
0.4000  0 04 t 08
0.4004  0 01 t 08
0.4029  0 00 t 06
0.4041  0 00 t 07
0.4056  6 08 x 10
0.4069  0 04 t 06
0.4072  0 31 x 02
0.4074  0 01 t 10
0.4075  2 08 t 03
0.4080  0 01 t 12
0.4093  0 04 t 07
0.4093  0 00 t 08
0.4094  0 04 x 02
0.4095  0 00 t 12
0.4097  2 08 x 03
0.4107  0 05 x 02
0.4115  0 00 t 10
0.4119  0 29 x 02
0.4123  0 01 x 02
0.4123  0 32 x 02
0.4124  0 32 t 02
0.4133  0 05 t 10
0.4137  0 07 t 04
0.4141  0 28 t 06
0.4146  0 06 x 02
0.4148  6 08 t 03
0.4157  0 30 t 07
0.4160  0 05 t 12
0.4172  0 27 t 06
0.4175  0 28 t 07
0.4182  0 30 t 06
0.4184  0 07 t 05
0.4197  0 27 x 02
0.4205  0 06 t 10
0.4220  0 04 t 10
0.4238  0 00 x 02
0.4247  0 04 t 12
0.4273  6 08 x 12
0.4282  0 28 x 02
0.4294  0 27 t 07
0.4297  0 28 t 08
0.4300  6 08 x 03
0.4333  0 30 x 02
0.4334  0 30 t 08
0.4359  0 07 x 02
0.4360  0 07 t 06
0.4371  0 06 t 12
0.4418  4 08 t 02
0.4425  0 07 t 07
0.4444  5 08 t 02
0.4459  0 27 t 08
0.4484  0 28 t 10
0.4487  3 08 t 02
0.4630  0 07 t 10
0.4682  0 30 t 10
0.4684  0 28 t 12
0.4699  4 08 x 02
0.4726  7 08 x 05
0.4740  0 07 t 12
0.4792  0 30 t 12
0.4793  0 27 t 10
0.4869  3 08 x 02
0.4882  5 08 x 02
0.4921  1 08 x 04
0.4956  0 07 t 08
0.4960  5 08 t 07
0.4981  0 27 t 12
0.5011  1 08 x 05
0.5039  1 08 t 05
0.5039  6 08 t 02
0.5044  7 08 x 04
0.5089  7 08 t 04
0.5104  4 08 t 10
0.5139  2 08 t 02
0.5140  5 08 t 08
0.5197  4 08 t 12
0.5202  7 08 t 03
0.5236  0 03 x 02
0.5236  6 08 t 06
0.5237  6 08 t 07
0.5305  7 08 x 03
0.5356  2 08 x 02
0.5368  5 08 t 10
0.5414  5 08 t 12
0.5427  6 08 t 08
0.5476  6 08 x 02
0.5483  1 08 x 03
0.5539  6 08 t 10
0.5553  6 08 t 12
0.5622  1 08 t 03
0.5711  1 08 t 04
0.6131  0 06 t 01
0.6139  0 05 t 01
0.6155  0 01 t 01
0.6193  7 08 t 02
0.6220  7 08 t 05
0.6278  0 07 t 01
0.6290  0 04 t 01
0.6319  0 30 t 01
0.6341  0 29 t 01
0.6359  0 00 t 01
0.6413  0 02 x 02
0.6422  0 27 t 01
0.6707  0 31 t 01
0.6711  7 08 x 02
0.6796  0 06 x 01
0.6828  0 05 x 01
0.6858  0 04 x 01
0.6869  0 01 x 01
0.6923  0 00 x 01
0.6924  0 28 t 01
0.6944  0 29 x 01
0.6946  0 07 x 01
0.6962  0 32 t 01
0.6964  0 32 x 01
0.7107  1 08 x 02
0.7112  0 27 x 01
0.7193  0 02 x 01
0.7402  0 31 x 01
0.7427  1 08 t 02
0.7544  4 08 t 01
0.7548  5 08 t 01
0.7563  0 02 x 03
0.7660  3 08 t 01
0.7738  0 28 x 01
0.7743  0 30 x 01
0.8068  4 08 x 01
0.8076  0 03 x 01
0.8192  5 08 x 01
0.8353  0 02 x 04
0.8390  6 08 t 01
0.8509  3 08 x 01
0.8803  0 02 x 05
0.8839  2 08 t 01
0.8896  0 02 x 12
0.9012  6 08 x 01
0.9124  0 02 x 06
0.9195  2 08 x 01
0.9278  0 03 x 12
0.9282  0 02 x 07
0.9309  0 02 x 08
0.9408  0 02 x 10
1.0388  7 08 t 01
1.1060  7 08 x 01
1.2796  1 08 x 01
1.2803  1 08 t 01
Timings By Test Type:
0.0767  0 29 x 05    0.0739  0 31 t 07    0.0479  0 29 x 05    0.0468  0 31 t 07
0.0774  0 31 t 05    0.0754  0 29 t 07    0.0490  0 31 x 05    0.0477  0 29 t 07
0.0775  0 31 x 05    0.0766  0 29 x 05    0.0491  0 31 t 05    0.0479  0 29 x 05
0.0776  0 32 t 05    0.0774  0 31 t 08    0.0492  0 32 t 05    0.0489  0 31 t 08
0.0777  0 32 x 05    0.0774  0 31 t 05    0.0493  0 32 x 05    0.0490  0 31 x 05
0.0783  0 29 t 05    0.0775  0 31 x 05    0.0493  0 29 t 05    0.0491  0 31 t 05
0.0800  0 29 x 06    0.0776  0 32 t 05    0.0500  0 29 x 06    0.0492  0 32 t 05
0.0806  0 29 x 07    0.0777  0 32 x 05    0.0504  0 29 x 07    0.0492  0 32 x 05
0.0808  0 28 x 06    0.0783  0 29 t 05    0.0512  0 31 x 04    0.0493  0 29 t 05
0.0811  0 30 x 06    0.0789  0 31 t 06    0.0515  0 27 x 06    0.0497  0 31 t 06
0.0811  0 30 x 07    0.0800  0 29 x 06    0.0518  0 31 x 06    0.0500  0 29 x 06
0.0812  0 28 x 07    0.0800  0 01 t 05    0.0519  0 28 x 06    0.0503  0 29 t 12
0.0816  0 31 x 04    0.0801  0 29 t 06    0.0521  0 31 x 08    0.0503  0 31 t 10
0.0822  0 31 x 06    0.0802  0 31 t 10    0.0522  0 31 t 04    0.0503  0 29 t 06
0.0824  0 27 x 06    0.0806  0 29 x 07    0.0523  0 29 x 08    0.0504  0 29 x 07
0.0825  0 28 x 08    0.0806  0 29 t 12    0.0523  0 32 x 08    0.0504  0 01 t 05
0.0827  0 31 x 08    0.0808  0 28 x 06    0.0523  0 32 t 08    0.0510  0 01 t 06
0.0830  0 00 t 05    0.0810  0 30 t 07    0.0524  0 28 x 07    0.0510  0 31 t 12
0.0832  0 30 x 05    0.0811  0 30 x 06    0.0525  0 30 x 06    0.0511  0 30 t 07
0.0833  0 31 t 04    0.0812  0 30 x 07    0.0525  0 27 x 08    0.0512  0 31 x 04
0.0834  0 32 t 08    0.0812  0 28 x 07    0.0526  0 32 x 06    0.0512  0 27 t 06
0.0835  0 32 x 08    0.0813  0 01 t 06    0.0526  0 32 t 06    0.0514  0 27 x 06
0.0836  0 29 x 08    0.0815  0 28 t 07    0.0526  0 30 x 07    0.0518  0 31 x 06
0.0837  0 32 x 06    0.0816  0 31 t 12    0.0528  0 00 t 05    0.0518  0 29 t 08
0.0837  0 32 t 06    0.0816  0 30 t 06    0.0530  0 28 x 08    0.0519  0 28 x 06
0.0839  0 27 x 05    0.0817  0 31 x 04    0.0530  0 31 x 10    0.0519  0 28 t 06
0.0839  0 27 x 08    0.0819  0 28 t 06    0.0531  0 32 x 04    0.0519  0 27 t 07
0.0844  0 31 x 10    0.0822  0 31 x 06    0.0531  0 32 t 04    0.0520  0 28 t 07
0.0845  0 28 x 05    0.0823  0 29 t 08    0.0533  0 27 x 05    0.0521  0 31 x 08
0.0845  0 32 x 04    0.0824  0 27 x 06    0.0534  0 29 x 04    0.0522  0 27 t 08
0.0845  0 32 t 04    0.0825  0 28 x 08    0.0536  0 30 x 05    0.0522  0 31 t 04
0.0850  0 30 x 08    0.0825  0 27 t 06    0.0538  0 27 x 07    0.0523  0 29 x 08
0.0853  0 29 x 04    0.0827  0 31 x 08    0.0540  0 01 x 05    0.0523  0 32 x 08
0.0858  0 01 x 05    0.0830  0 00 t 05    0.0541  0 28 x 05    0.0523  0 32 t 08
0.0860  0 30 x 04    0.0832  0 30 x 05    0.0541  0 32 t 07    0.0524  0 28 x 07
0.0860  0 27 x 10    0.0833  0 31 t 04    0.0541  0 32 x 07    0.0524  0 28 t 08
0.0861  0 32 t 07    0.0836  0 32 x 08    0.0542  0 30 x 08    0.0525  0 30 x 06
0.0861  0 32 x 07    0.0836  0 32 t 08    0.0542  0 29 t 04    0.0525  0 27 x 08
0.0864  0 28 t 04    0.0836  0 29 x 08    0.0542  0 00 x 05    0.0526  0 32 x 06
0.0865  0 00 x 05    0.0836  0 05 t 07    0.0543  0 32 x 10    0.0526  0 30 t 06
0.0867  0 32 t 10    0.0837  0 32 t 06    0.0543  0 32 t 10    0.0526  0 32 t 06
0.0867  0 32 x 10    0.0837  0 32 x 06    0.0543  0 27 t 04    0.0527  0 30 x 07
0.0868  0 05 x 05    0.0839  0 27 x 05    0.0543  0 01 t 04    0.0527  0 00 t 05
0.0868  0 31 x 12    0.0840  0 27 x 08    0.0543  0 31 x 12    0.0529  0 30 t 08
0.0868  0 30 t 04    0.0841  0 05 t 08    0.0546  0 31 x 07    0.0529  0 29 t 10
0.0869  0 29 t 04    0.0844  0 29 t 10    0.0547  0 32 x 12    0.0530  0 28 x 08
0.0869  0 01 t 04    0.0844  0 31 x 10    0.0548  0 32 t 12    0.0530  0 31 x 10
0.0871  0 27 x 07    0.0845  0 28 x 05    0.0549  0 27 x 10    0.0531  0 32 x 04
0.0872  0 32 x 12    0.0845  0 30 t 08    0.0550  0 04 x 08    0.0531  0 32 t 04
0.0872  0 32 t 12    0.0845  0 32 x 04    0.0550  0 28 t 04    0.0533  0 27 x 05
0.0873  0 06 x 05    0.0845  0 32 t 04    0.0551  0 30 t 04    0.0534  0 29 x 04
0.0873  0 27 t 04    0.0849  0 30 x 08    0.0551  0 01 x 06    0.0536  0 30 x 05
0.0874  0 31 x 07    0.0853  0 27 t 07    0.0553  0 04 t 04    0.0539  0 27 x 07
0.0876  0 05 x 08    0.0853  0 29 x 04    0.0554  0 30 x 04    0.0539  0 00 t 06
0.0880  0 28 x 10    0.0855  0 00 t 06    0.0554  0 04 x 05    0.0539  0 01 t 07
0.0881  0 06 x 08    0.0858  0 28 t 08    0.0558  0 30 t 05    0.0540  0 01 x 05
0.0883  0 01 x 06    0.0858  0 01 x 05    0.0559  0 29 x 10    0.0541  0 32 t 07
0.0883  0 04 t 04    0.0859  0 01 t 07    0.0560  0 29 t 03    0.0541  0 28 x 05
0.0884  0 04 x 08    0.0860  0 30 x 04    0.0561  0 28 x 10    0.0541  0 32 x 07
0.0886  0 04 x 05    0.0860  0 27 x 10    0.0561  0 01 x 08    0.0541  0 30 x 08
0.0886  0 28 x 04    0.0860  0 05 t 04    0.0564  0 01 x 07    0.0542  0 29 t 04
0.0891  0 27 x 04    0.0862  0 32 x 07    0.0565  0 00 x 07    0.0542  0 00 x 05
0.0892  0 30 x 12    0.0862  0 32 t 07    0.0565  0 28 t 05    0.0543  0 32 x 10
0.0895  0 29 t 03    0.0864  0 28 t 04    0.0566  0 04 x 04    0.0543  0 32 t 10
0.0895  0 01 x 08    0.0865  0 00 x 05    0.0567  0 05 x 05    0.0543  0 01 t 04
0.0897  0 30 x 10    0.0865  0 06 t 07    0.0567  0 06 x 05    0.0543  0 31 x 12
0.0899  0 29 x 10    0.0867  0 32 x 10    0.0568  0 31 t 03    0.0543  0 27 t 04
0.0899  0 05 x 07    0.0867  0 32 t 10    0.0568  0 05 x 08    0.0543  0 01 t 08
0.0900  0 28 x 12    0.0867  0 06 t 08    0.0570  0 04 x 07    0.0545  0 28 t 10
0.0901  0 00 x 07    0.0867  0 05 x 05    0.0570  0 27 t 05    0.0546  0 04 t 08
0.0901  0 27 x 12    0.0868  0 31 x 12    0.0570  0 28 x 04    0.0546  0 31 x 07
0.0905  0 04 x 04    0.0868  0 30 t 04    0.0571  0 29 x 12    0.0548  0 32 t 12
0.0905  0 01 x 07    0.0869  0 29 t 04    0.0571  0 30 x 12    0.0548  0 32 x 12
0.0910  0 29 x 12    0.0869  0 01 t 08    0.0572  0 06 x 08    0.0549  0 27 x 10
0.0911  0 06 x 04    0.0870  0 01 t 04    0.0573  0 00 x 04    0.0550  0 04 x 08
0.0911  0 00 x 04    0.0870  0 05 t 06    0.0574  0 27 x 12    0.0550  0 28 t 04
0.0914  0 30 t 05    0.0871  0 27 x 07    0.0575  0 30 x 10    0.0550  0 05 t 07
0.0916  0 04 x 07    0.0871  0 04 t 08    0.0575  0 04 x 06    0.0551  0 00 t 07
0.0916  0 05 x 04    0.0872  0 32 x 12    0.0575  0 27 x 04    0.0551  0 30 t 04
0.0917  0 28 t 05    0.0872  0 00 t 07    0.0575  0 28 x 12    0.0551  0 01 x 06
0.0917  0 05 t 03    0.0873  0 32 t 12    0.0582  0 03 x 05    0.0553  0 05 t 08
0.0918  0 05 x 06    0.0873  0 06 x 05    0.0583  0 01 x 04    0.0553  0 04 t 04
0.0918  0 07 x 05    0.0873  0 27 t 04    0.0583  0 27 t 03    0.0554  0 30 x 04
0.0918  0 31 t 03    0.0874  0 31 x 07    0.0584  0 01 t 03    0.0554  0 04 x 05
0.0921  0 06 x 07    0.0875  0 05 x 08    0.0584  0 00 x 06    0.0556  0 05 t 04
0.0922  0 06 t 03    0.0876  0 06 t 04    0.0587  0 01 x 10    0.0556  0 01 t 10
0.0922  0 06 x 06    0.0876  0 05 t 05    0.0587  0 04 t 03    0.0557  0 30 t 05
0.0923  0 04 x 06    0.0879  0 06 t 05    0.0587  0 00 t 04    0.0558  0 04 t 05
0.0929  0 01 t 03    0.0879  0 28 x 10    0.0588  0 05 x 07    0.0558  0 00 t 08
0.0929  0 30 t 03    0.0880  0 06 x 08    0.0589  0 05 t 03    0.0558  0 04 t 07
0.0933  0 00 x 06    0.0882  0 06 t 06    0.0591  0 06 x 07    0.0559  0 29 x 10
0.0934  0 04 t 03    0.0883  0 01 x 06    0.0594  0 05 x 04    0.0560  0 28 x 10
0.0935  0 00 t 04    0.0884  0 04 t 04    0.0595  0 00 x 08    0.0560  0 00 t 10
0.0936  0 27 t 03    0.0885  0 04 x 08    0.0595  0 06 x 04    0.0560  0 00 t 12
0.0937  0 27 t 05    0.0885  0 00 t 08    0.0595  0 30 t 03    0.0561  0 29 t 03
0.0942  0 01 x 10    0.0886  0 04 x 05    0.0595  0 01 x 12    0.0561  0 01 x 08
0.0942  0 01 x 04    0.0887  0 28 x 04    0.0596  0 06 x 06    0.0562  0 01 t 12
0.0943  0 28 t 03    0.0887  0 01 t 10    0.0599  0 06 t 03    0.0564  0 01 x 07
0.0943  0 05 x 10    0.0891  0 00 t 12    0.0600  0 05 x 06    0.0564  0 04 t 06
0.0948  0 00 x 08    0.0892  0 30 x 12    0.0606  0 29 x 03    0.0565  0 06 t 07
0.0953  4 08 x 05    0.0892  0 27 x 04    0.0606  0 04 x 10    0.0565  0 28 t 05
0.0955  0 01 x 12    0.0893  0 04 t 05    0.0609  0 28 t 03    0.0565  0 00 x 07
0.0956  4 08 x 07    0.0894  0 00 t 10    0.0610  0 32 t 03    0.0566  0 04 x 04
0.0961  0 07 t 03    0.0895  0 05 t 10    0.0610  0 32 x 03    0.0566  0 06 t 08
0.0961  4 08 x 06    0.0895  0 29 t 03    0.0610  0 00 t 03    0.0567  0 05 x 05
0.0961  4 08 x 04    0.0895  0 04 t 07    0.0612  0 31 x 03    0.0567  0 06 x 05
0.0962  0 07 x 04    0.0895  0 01 x 08    0.0612  0 03 x 06    0.0568  0 05 x 08
0.0963  4 08 x 08    0.0897  0 30 x 10    0.0613  4 08 x 05    0.0568  0 31 t 03
0.0970  0 00 t 03    0.0899  0 29 x 10    0.0614  0 01 x 03    0.0570  0 04 x 07
0.0974  5 08 x 05    0.0899  0 05 x 07    0.0618  0 03 x 04    0.0570  0 06 x 08
0.0975  0 29 x 03    0.0900  0 28 x 12    0.0620  0 05 x 10    0.0570  0 28 x 04
0.0976  0 05 x 03    0.0901  0 27 x 12    0.0621  0 00 x 10    0.0571  0 27 t 05
0.0976  0 03 x 05    0.0901  0 00 x 07    0.0623  4 08 x 04    0.0571  0 05 t 06
0.0976  4 08 t 05    0.0902  0 01 t 12    0.0623  0 04 x 03    0.0571  0 29 x 12
0.0977  0 06 x 10    0.0904  0 04 t 06    0.0623  4 08 x 07    0.0571  0 30 x 12
0.0977  0 32 t 03    0.0905  0 04 x 04    0.0624  0 00 x 12    0.0572  0 04 t 10
0.0977  0 32 x 03    0.0906  0 01 x 07    0.0624  0 27 x 03    0.0573  0 05 t 05
0.0978  0 04 x 10    0.0908  0 05 t 12    0.0625  0 07 x 05    0.0573  0 00 x 04
0.0979  3 08 x 07    0.0910  0 29 x 12    0.0627  0 05 x 03    0.0574  0 06 t 06
0.0982  4 08 t 06    0.0911  0 06 x 04    0.0628  4 08 x 06    0.0575  0 27 x 04
0.0986  0 05 x 12    0.0912  0 00 x 04    0.0629  4 08 t 05    0.0575  0 30 x 10
0.0990  5 08 x 06    0.0914  0 30 t 05    0.0629  0 04 x 12    0.0575  0 27 x 12
0.0990  0 00 x 10    0.0917  0 28 t 12    0.0630  3 08 x 07    0.0575  0 04 x 06
0.0990  0 27 x 03    0.0917  0 04 x 07    0.0631  0 06 x 10    0.0575  0 28 x 12
0.0991  0 01 x 03    0.0917  0 05 x 04    0.0631  0 30 x 03    0.0575  0 06 t 04
0.0992  0 31 x 03    0.0917  0 28 t 05    0.0633  4 08 x 08    0.0577  0 06 t 05
0.0993  0 03 x 04    0.0918  0 05 x 06    0.0634  0 00 x 03    0.0578  0 30 t 10
0.0993  0 00 x 12    0.0918  0 05 t 03    0.0635  4 08 t 06    0.0579  0 28 t 12
0.0994  0 30 x 03    0.0918  0 31 t 03    0.0638  0 06 x 03    0.0582  0 03 x 05
0.0998  0 06 x 03    0.0918  0 07 x 05    0.0639  3 08 x 04    0.0583  0 27 t 03
0.1000  5 08 x 07    0.0920  0 04 t 10    0.0639  0 28 x 03    0.0584  0 01 x 04
0.1000  0 28 x 03    0.0922  0 06 x 07    0.0643  3 08 t 05    0.0584  0 00 x 06
0.1003  0 04 x 03    0.0922  0 06 x 06    0.0643  0 05 x 12    0.0585  0 01 t 03
0.1003  0 03 x 06    0.0923  0 06 t 03    0.0644  0 03 x 07    0.0586  0 04 t 12
0.1008  3 08 x 06    0.0923  0 04 x 06    0.0646  3 08 x 06    0.0586  0 00 t 04
0.1010  0 07 x 06    0.0924  0 07 t 04    0.0648  0 03 x 08    0.0587  0 04 t 03
0.1012  5 08 x 04    0.0925  0 28 t 10    0.0649  0 07 t 03    0.0587  0 01 x 10
0.1013  0 00 x 03    0.0929  0 01 t 03    0.0649  0 07 x 04    0.0588  0 05 x 07
0.1014  3 08 x 04    0.0929  0 30 t 03    0.0650  3 08 t 08    0.0589  0 05 t 10
0.1014  3 08 t 05    0.0933  0 00 x 06    0.0650  4 08 t 04    0.0589  0 05 t 03
0.1016  5 08 t 05    0.0934  0 04 t 03    0.0651  3 08 t 04    0.0591  0 06 x 07
0.1016  4 08 t 04    0.0935  0 07 t 05    0.0652  3 08 t 07    0.0594  0 05 x 04
0.1016  0 04 x 12    0.0935  0 00 t 04    0.0654  3 08 t 06    0.0595  0 06 x 04
0.1028  3 08 x 08    0.0936  0 27 t 03    0.0657  3 08 x 08    0.0595  0 00 x 08
0.1028  3 08 t 04    0.0937  0 27 t 05    0.0659  4 08 t 07    0.0595  0 01 x 12
0.1032  3 08 x 05    0.0939  0 06 t 10    0.0663  5 08 x 05    0.0595  0 30 t 03
0.1032  3 08 t 06    0.0942  0 01 x 04    0.0663  3 08 x 05    0.0596  0 06 x 06
0.1035  0 07 x 07    0.0942  0 01 x 10    0.0669  4 08 t 08    0.0597  0 05 t 12
0.1037  3 08 t 07    0.0943  0 27 t 08    0.0670  3 08 x 10    0.0599  0 06 t 03
0.1038  5 08 x 08    0.0943  0 05 x 10    0.0676  5 08 x 06    0.0599  0 27 t 10
0.1041  4 08 t 07    0.0943  0 28 t 03    0.0681  5 08 x 04    0.0600  0 05 x 06
0.1049  0 06 x 12    0.0946  0 04 t 12    0.0684  5 08 t 05    0.0601  0 30 t 12
0.1049  0 07 x 03    0.0950  0 00 x 08    0.0686  4 08 t 03    0.0606  0 04 x 10
0.1050  5 08 t 06    0.0953  4 08 x 05    0.0686  5 08 x 07    0.0606  0 29 x 03
0.1052  3 08 x 10    0.0954  0 01 x 12    0.0686  0 06 x 12    0.0610  0 28 t 03
0.1056  3 08 t 08    0.0957  4 08 x 07    0.0691  2 08 x 04    0.0610  0 32 t 03
0.1060  4 08 t 08    0.0961  4 08 x 04    0.0695  0 31 t 02    0.0610  0 32 x 03
0.1062  4 08 t 03    0.0961  0 07 t 03    0.0698  0 07 x 06    0.0611  0 00 t 03
0.1064  5 08 t 04    0.0961  4 08 x 06    0.0699  0 29 t 02    0.0612  0 06 t 10
0.1066  0 03 x 07    0.0962  0 07 x 04    0.0700  0 07 x 03    0.0612  0 31 x 03
0.1068  0 07 x 08    0.0963  4 08 x 08    0.0701  4 08 x 03    0.0613  0 03 x 06
0.1070  6 08 x 05    0.0970  0 00 t 03    0.0701  2 08 t 05    0.0613  4 08 x 05
0.1073  5 08 x 10    0.0971  0 07 t 07    0.0703  0 03 x 10    0.0614  0 01 x 03
0.1079  0 03 x 08    0.0972  0 30 t 10    0.0704  2 08 x 05    0.0618  0 03 x 04
0.1080  0 07 x 10    0.0974  5 08 x 05    0.0704  4 08 x 10    0.0620  0 05 x 10
0.1088  5 08 t 03    0.0974  0 27 t 10    0.0706  0 01 t 02    0.0621  0 00 x 10
0.1093  4 08 x 03    0.0975  0 03 x 05    0.0707  5 08 t 06    0.0623  4 08 x 04
0.1095  4 08 x 10    0.0976  0 05 x 03    0.0707  0 03 x 03    0.0623  4 08 x 07
0.1099  6 08 x 07    0.0976  0 29 x 03    0.0709  3 08 t 03    0.0623  0 04 x 03
0.1103  4 08 x 12    0.0976  4 08 t 05    0.0712  5 08 x 08    0.0624  0 00 x 12
0.1104  6 08 x 06    0.0977  0 06 x 10    0.0716  0 05 t 02    0.0624  0 27 x 03
0.1113  2 08 x 04    0.0977  0 32 t 03    0.0716  0 04 t 02    0.0625  0 07 t 04
0.1115  3 08 t 03    0.0977  0 04 x 10    0.0719  5 08 t 04    0.0625  0 07 x 05
0.1118  2 08 t 05    0.0978  0 32 x 03    0.0720  0 27 t 02    0.0627  0 05 x 03
0.1123  0 31 t 02    0.0980  3 08 x 07    0.0723  4 08 x 12    0.0628  4 08 x 06
0.1123  0 03 x 10    0.0982  4 08 t 06    0.0725  0 07 x 07    0.0629  4 08 t 05
0.1130  2 08 x 05    0.0984  0 06 t 12    0.0725  3 08 t 10    0.0629  0 04 x 12
0.1133  6 08 t 05    0.0984  0 07 t 06    0.0727  3 08 x 03    0.0630  0 30 x 03
0.1133  0 05 t 02    0.0985  0 30 t 12    0.0728  3 08 x 12    0.0630  3 08 x 07
0.1135  0 29 t 02    0.0986  0 05 x 12    0.0728  0 00 t 02    0.0631  0 06 x 10
0.1141  3 08 x 03    0.0990  0 00 x 10    0.0729  0 06 t 02    0.0633  4 08 x 08
0.1143  0 03 x 03    0.0990  5 08 x 06    0.0732  5 08 x 10    0.0634  4 08 t 06
0.1143  0 06 t 02    0.0990  0 27 x 03    0.0740  2 08 t 04    0.0634  0 00 x 03
0.1143  3 08 x 12    0.0991  0 01 x 03    0.0741  5 08 t 03    0.0636  0 07 t 05
0.1144  5 08 x 12    0.0992  0 31 x 03    0.0743  0 30 t 02    0.0638  0 06 x 03
0.1150  6 08 x 08    0.0993  0 00 x 12    0.0746  3 08 t 12    0.0639  3 08 x 04
0.1150  5 08 x 03    0.0993  0 03 x 04    0.0755  0 28 t 02    0.0640  0 28 x 03
0.1151  0 01 t 02    0.0993  4 08 t 10    0.0756  0 07 x 10    0.0642  3 08 t 05
0.1153  3 08 t 10    0.0994  0 30 x 03    0.0767  6 08 x 05    0.0643  0 05 x 12
0.1160  0 04 t 02    0.0998  0 06 x 03    0.0768  0 07 x 08    0.0644  0 03 x 07
0.1163  6 08 t 04    0.0999  0 28 x 03    0.0769  5 08 x 03    0.0646  3 08 x 06
0.1166  0 07 x 12    0.1000  5 08 x 07    0.0772  0 04 x 02    0.0647  0 03 x 08
0.1168  6 08 x 04    0.1003  0 04 x 03    0.0772  0 31 x 02    0.0649  0 07 x 04
0.1170  2 08 t 04    0.1003  0 03 x 06    0.0778  0 29 x 02    0.0649  0 07 t 03
0.1174  6 08 x 10    0.1009  3 08 x 06    0.0779  0 01 x 02    0.0650  3 08 t 08
0.1175  0 00 t 02    0.1010  0 27 t 12    0.0781  0 32 x 02    0.0650  4 08 t 04
0.1176  3 08 t 12    0.1010  0 07 x 06    0.0781  0 32 t 02    0.0651  3 08 t 04
0.1176  0 30 t 02    0.1012  5 08 x 04    0.0782  5 08 x 12    0.0652  3 08 t 07
0.1178  0 27 t 02    0.1013  0 00 x 03    0.0784  2 08 t 03    0.0654  3 08 t 06
0.1181  0 28 t 02    0.1014  3 08 x 04    0.0784  0 07 t 02    0.0656  3 08 x 08
0.1191  0 07 t 02    0.1014  3 08 t 05    0.0785  2 08 x 03    0.0657  0 06 t 12
0.1211  6 08 t 03    0.1016  4 08 t 04    0.0789  0 05 x 02    0.0659  4 08 t 07
0.1242  6 08 x 12    0.1016  5 08 t 05    0.0792  0 27 x 02    0.0662  5 08 x 05
0.1254  2 08 t 03    0.1016  0 04 x 12    0.0796  0 06 x 02    0.0663  3 08 x 05
0.1263  6 08 x 03    0.1027  3 08 x 08    0.0801  6 08 x 07    0.0669  4 08 t 08
0.1263  2 08 x 03    0.1028  3 08 t 04    0.0803  0 00 x 02    0.0670  3 08 x 10
0.1264  0 31 x 02    0.1032  3 08 x 05    0.0804  6 08 x 06    0.0676  5 08 x 06
0.1265  0 05 x 02    0.1032  3 08 t 06    0.0804  6 08 t 05    0.0677  0 07 t 07
0.1275  0 04 x 02    0.1035  0 07 x 07    0.0821  0 28 x 02    0.0679  0 07 t 06
0.1277  0 06 x 02    0.1036  4 08 t 12    0.0825  6 08 x 04    0.0680  5 08 t 07
0.1281  0 32 t 02    0.1037  3 08 t 07    0.0825  0 07 x 12    0.0681  5 08 x 04
0.1281  0 32 x 02    0.1037  5 08 x 08    0.0826  6 08 t 04    0.0682  0 27 t 12
0.1281  0 29 x 02    0.1037  4 08 t 07    0.0835  0 30 x 02    0.0684  5 08 t 05
0.1282  0 01 x 02    0.1038  0 07 t 10    0.0839  6 08 x 08    0.0686  5 08 x 07
0.1306  0 27 x 02    0.1049  0 06 x 12    0.0849  0 07 x 02    0.0686  0 06 x 12
0.1315  0 00 x 02    0.1050  0 07 x 03    0.0855  6 08 x 10    0.0686  4 08 t 03
0.1320  0 28 x 02    0.1050  5 08 t 06    0.0857  4 08 t 02    0.0691  2 08 x 04
0.1324  7 08 x 05    0.1052  3 08 x 10    0.0863  6 08 t 03    0.0695  0 31 t 02
0.1331  0 07 x 02    0.1055  3 08 t 08    0.0866  3 08 t 02    0.0698  0 07 x 06
0.1332  0 30 x 02    0.1061  4 08 t 08    0.0883  5 08 t 02    0.0699  0 29 t 02
0.1340  5 08 t 02    0.1061  4 08 t 03    0.0887  6 08 x 03    0.0700  0 07 x 03
0.1352  4 08 t 02    0.1064  5 08 t 04    0.0894  6 08 x 12    0.0701  4 08 x 03
0.1377  3 08 t 02    0.1065  0 07 t 12    0.0901  4 08 x 02    0.0701  2 08 t 05
0.1423  7 08 x 04    0.1066  0 03 x 07    0.0926  3 08 x 02    0.0703  5 08 t 08
0.1432  7 08 t 04    0.1067  0 07 x 08    0.0930  0 31 t 06    0.0703  0 03 x 10
0.1448  4 08 x 02    0.1071  6 08 x 05    0.0935  0 06 t 08    0.0704  2 08 x 05
0.1464  7 08 t 03    0.1072  5 08 x 10    0.0938  0 06 t 06    0.0704  4 08 x 10
0.1480  0 31 t 06    0.1076  5 08 t 07    0.0941  0 06 t 05    0.0706  0 01 t 02
0.1482  5 08 x 02    0.1076  5 08 t 12    0.0942  1 08 x 04    0.0707  5 08 t 06
0.1485  6 08 t 02    0.1078  0 03 x 08    0.0943  0 06 t 07    0.0707  0 03 x 03
0.1497  0 31 t 07    0.1080  0 07 x 10    0.0943  0 31 t 07    0.0709  3 08 t 03
0.1499  7 08 x 03    0.1087  6 08 t 07    0.0947  0 01 t 06    0.0712  5 08 x 08
0.1508  3 08 x 02    0.1088  5 08 t 03    0.0951  0 01 t 05    0.0716  0 05 t 02
0.1512  0 31 t 08    0.1093  4 08 x 03    0.0954  0 29 t 07    0.0716  0 04 t 02
0.1517  0 29 t 07    0.1094  4 08 x 10    0.0955  0 06 t 04    0.0719  5 08 t 04
0.1519  1 08 x 04    0.1100  6 08 x 07    0.0955  0 31 t 08    0.0720  0 27 t 02
0.1523  0 29 t 12    0.1100  6 08 t 06    0.0957  0 04 t 05    0.0723  3 08 t 10
0.1524  0 05 t 05    0.1103  4 08 x 12    0.0959  5 08 x 02    0.0723  4 08 x 12
0.1536  0 29 t 08    0.1104  6 08 x 06    0.0961  1 08 x 05    0.0725  0 07 x 07
0.1537  0 31 t 10    0.1113  2 08 x 04    0.0962  0 29 t 12    0.0727  3 08 x 03
0.1541  0 05 t 04    0.1116  3 08 t 03    0.0965  0 05 t 05    0.0727  3 08 x 12
0.1541  0 31 t 12    0.1117  2 08 t 05    0.0966  1 08 t 05    0.0728  0 00 t 02
0.1541  0 29 t 06    0.1118  0 07 t 08    0.0968  0 29 t 08    0.0729  0 06 t 02
0.1545  1 08 x 05    0.1119  5 08 t 08    0.0969  0 05 t 04    0.0731  0 07 t 10
0.1545  0 05 t 08    0.1123  0 31 t 02    0.0971  0 29 t 06    0.0732  5 08 x 10
0.1552  0 01 t 06    0.1123  0 03 x 10    0.0973  0 31 t 12    0.0739  2 08 t 04
0.1554  1 08 t 05    0.1124  6 08 t 08    0.0974  0 31 t 10    0.0741  5 08 t 03
0.1556  0 01 t 05    0.1130  2 08 x 05    0.0976  0 05 t 08    0.0742  4 08 t 12
0.1558  0 29 t 10    0.1133  6 08 t 05    0.0979  0 01 t 07    0.0744  0 30 t 02
0.1563  0 05 t 06    0.1134  0 05 t 02    0.0981  0 04 t 08    0.0748  3 08 t 12
0.1569  0 06 t 05    0.1136  5 08 t 10    0.0982  2 08 t 02    0.0755  0 07 x 10
0.1572  0 04 t 05    0.1136  0 29 t 02    0.0983  0 29 t 10    0.0756  0 28 t 02
0.1573  0 06 t 06    0.1142  3 08 x 03    0.0984  0 01 t 08    0.0760  0 07 t 12
0.1582  0 06 t 08    0.1143  0 06 t 02    0.0986  0 04 t 06    0.0766  0 07 x 08
0.1583  0 07 t 04    0.1143  3 08 x 12    0.0986  0 06 t 10    0.0767  4 08 t 10
0.1583  0 05 t 07    0.1143  0 03 x 03    0.0988  0 03 x 02    0.0768  6 08 x 05
0.1588  2 08 t 02    0.1144  5 08 x 12    0.0990  0 05 t 06    0.0769  5 08 x 03
0.1591  0 07 t 05    0.1150  6 08 x 08    0.0997  0 01 t 12    0.0772  0 31 x 02
0.1591  0 06 t 04    0.1150  5 08 x 03    0.1002  0 04 t 07    0.0772  0 04 x 02
0.1593  0 06 t 07    0.1151  0 01 t 02    0.1003  0 01 t 10    0.0778  0 29 x 02
0.1597  0 01 t 07    0.1152  3 08 t 10    0.1005  0 05 t 07    0.0780  0 01 x 02
0.1603  0 04 t 08    0.1157  6 08 t 12    0.1006  0 07 t 04    0.0781  0 32 x 02
0.1606  0 00 t 07    0.1160  0 04 t 02    0.1012  0 00 t 07    0.0781  0 32 t 02
0.1607  0 01 t 08    0.1163  6 08 t 04    0.1016  0 00 t 06    0.0782  5 08 x 12
0.1616  0 04 t 06    0.1166  0 07 x 12    0.1017  2 08 x 02    0.0784  2 08 t 03
0.1617  0 00 t 12    0.1168  6 08 x 04    0.1022  0 07 t 05    0.0785  0 07 t 02
0.1618  0 01 t 12    0.1171  2 08 t 04    0.1025  0 05 t 10    0.0785  2 08 x 03
0.1619  0 00 t 06    0.1173  6 08 x 10    0.1025  0 00 t 08    0.0789  0 05 x 02
0.1625  0 05 t 10    0.1175  0 00 t 02    0.1027  0 00 t 12    0.0792  0 27 x 02
0.1625  0 05 t 12    0.1176  0 30 t 02    0.1030  0 05 t 12    0.0793  6 08 t 07
0.1625  0 00 t 08    0.1177  3 08 t 12    0.1030  0 06 t 12    0.0796  0 06 x 02
0.1627  0 01 t 10    0.1178  0 27 t 02    0.1032  0 00 t 10    0.0801  6 08 x 07
0.1629  0 00 t 10    0.1181  6 08 t 10    0.1034  6 08 t 02    0.0804  0 00 x 02
0.1629  6 08 x 02    0.1182  0 28 t 02    0.1035  0 04 t 10    0.0804  6 08 x 06
0.1630  0 03 x 02    0.1192  0 07 t 02    0.1036  0 04 t 12    0.0806  6 08 t 05
0.1630  0 07 t 06    0.1211  6 08 t 03    0.1039  7 08 x 05    0.0809  6 08 t 06
0.1638  0 04 t 07    0.1243  6 08 x 12    0.1044  1 08 x 03    0.0813  5 08 t 10
0.1661  2 08 x 02    0.1254  2 08 t 03    0.1047  0 27 t 06    0.0818  6 08 t 08
0.1667  0 06 t 10    0.1263  2 08 x 03    0.1058  0 28 t 06    0.0821  0 28 x 02
0.1673  0 07 t 07    0.1264  6 08 x 03    0.1066  0 30 t 07    0.0823  0 07 t 08
0.1680  0 04 t 12    0.1264  0 31 x 02    0.1066  0 28 t 07    0.0824  6 08 x 04
0.1692  0 04 t 10    0.1265  0 05 x 02    0.1067  0 07 t 06    0.0824  5 08 t 12
0.1698  1 08 x 03    0.1275  0 04 x 02    0.1067  0 30 t 06    0.0825  0 07 x 12
0.1701  0 06 t 12    0.1277  0 06 x 02    0.1068  1 08 t 03    0.0825  6 08 t 04
0.1717  0 07 t 10    0.1281  0 32 t 02    0.1079  0 27 t 07    0.0826  6 08 t 10
0.1743  1 08 t 03    0.1281  0 32 x 02    0.1087  1 08 t 04    0.0835  0 30 x 02
0.1745  0 07 t 12    0.1281  0 29 x 02    0.1099  7 08 x 04    0.0839  6 08 x 08
0.1745  0 28 t 06    0.1282  0 01 x 02    0.1101  0 28 t 08    0.0846  6 08 t 12
0.1765  7 08 t 02    0.1306  0 27 x 02    0.1102  0 07 t 07    0.0849  0 07 x 02
0.1768  1 08 t 04    0.1315  0 00 x 02    0.1109  6 08 x 02    0.0854  6 08 x 10
0.1769  0 30 t 07    0.1320  0 28 x 02    0.1112  7 08 t 04    0.0857  4 08 t 02
0.1772  0 30 t 06    0.1324  7 08 x 05    0.1114  0 27 t 08    0.0863  6 08 t 03
0.1773  0 28 t 07    0.1330  0 07 x 02    0.1117  0 30 t 08    0.0866  3 08 t 02
0.1788  0 27 t 06    0.1331  0 30 x 02    0.1127  0 01 t 01    0.0883  5 08 t 02
0.1791  0 07 t 08    0.1340  5 08 t 02    0.1135  0 05 t 01    0.0886  6 08 x 03
0.1813  0 28 t 08    0.1349  7 08 t 05    0.1137  7 08 t 03    0.0894  6 08 x 12
0.1842  0 27 t 07    0.1354  4 08 t 02    0.1139  0 06 t 01    0.0901  4 08 x 02
0.1844  0 30 t 08    0.1377  3 08 t 02    0.1144  0 07 t 10    0.0926  3 08 x 02
0.1857  0 28 t 10    0.1423  7 08 x 04    0.1153  7 08 x 03    0.0942  1 08 x 04
0.1880  0 27 t 08    0.1432  7 08 t 04    0.1158  0 28 t 10    0.0959  5 08 x 02
0.1927  0 06 t 01    0.1449  4 08 x 02    0.1162  0 30 t 01    0.0961  1 08 x 05
0.1933  7 08 x 02    0.1464  7 08 t 03    0.1163  0 04 t 01    0.0965  1 08 t 05
0.1935  0 05 t 01    0.1482  5 08 x 02    0.1165  0 29 t 01    0.0982  2 08 t 02
0.1935  0 30 t 10    0.1486  6 08 t 02    0.1169  0 00 t 01    0.0988  0 03 x 02
0.1951  0 01 t 01    0.1499  7 08 x 03    0.1170  0 07 t 12    0.1017  2 08 x 02
0.1959  0 07 t 01    0.1508  3 08 x 02    0.1170  0 27 t 01    0.1034  6 08 t 02
0.1972  5 08 t 07    0.1519  1 08 x 04    0.1180  0 07 t 01    0.1039  7 08 x 05
0.1972  0 28 t 12    0.1545  1 08 x 05    0.1197  0 30 t 10    0.1045  1 08 x 03
0.1973  0 30 t 12    0.1554  1 08 t 05    0.1203  0 02 x 02    0.1062  7 08 t 05
0.1982  0 04 t 01    0.1587  2 08 t 02    0.1216  0 28 t 12    0.1069  1 08 t 03
0.1991  0 27 t 10    0.1629  6 08 x 02    0.1224  0 07 t 08    0.1087  1 08 t 04
0.1997  0 30 t 01    0.1630  0 03 x 02    0.1228  0 27 t 10    0.1099  7 08 x 04
0.1998  5 08 t 08    0.1661  2 08 x 02    0.1231  5 08 t 07    0.1109  6 08 x 02
0.2003  0 02 x 02    0.1697  1 08 x 03    0.1233  0 30 t 12    0.1113  7 08 t 04
0.2006  0 29 t 01    0.1743  1 08 t 03    0.1250  0 27 t 12    0.1127  0 01 t 01
0.2010  0 00 t 01    0.1766  7 08 t 02    0.1252  0 04 x 01    0.1135  0 05 t 01
0.2011  6 08 t 06    0.1768  1 08 t 04    0.1253  0 06 x 01    0.1137  7 08 t 03
0.2021  6 08 t 07    0.1926  0 06 t 01    0.1253  0 31 t 01    0.1139  0 06 t 01
0.2040  0 27 t 12    0.1933  7 08 x 02    0.1255  0 05 x 01    0.1153  7 08 x 03
0.2041  0 27 t 01    0.1935  0 05 t 01    0.1255  0 01 x 01    0.1162  0 30 t 01
0.2059  5 08 t 10    0.1950  0 01 t 01    0.1257  0 00 x 01    0.1163  0 04 t 01
0.2059  4 08 t 10    0.1959  0 07 t 01    0.1262  0 29 x 01    0.1165  0 29 t 01
0.2089  6 08 t 08    0.1982  0 04 t 01    0.1272  0 32 t 01    0.1169  0 00 t 01
0.2091  4 08 t 12    0.1998  0 30 t 01    0.1273  0 32 x 01    0.1170  0 27 t 01
0.2100  0 31 t 01    0.2004  0 02 x 02    0.1279  0 27 x 01    0.1180  0 07 t 01
0.2102  6 08 t 10    0.2006  0 29 t 01    0.1285  4 08 t 10    0.1203  0 02 x 02
0.2108  6 08 t 12    0.2011  0 00 t 01    0.1292  0 07 x 01    0.1252  0 04 x 01
0.2115  5 08 t 12    0.2041  0 27 t 01    0.1315  0 28 t 01    0.1253  0 06 x 01
0.2146  0 06 x 01    0.2100  0 31 t 01    0.1316  6 08 t 06    0.1253  0 31 t 01
0.2147  0 28 t 01    0.2145  0 06 x 01    0.1320  5 08 t 08    0.1254  0 05 x 01
0.2159  0 05 x 01    0.2147  0 28 t 01    0.1328  4 08 t 12    0.1255  0 01 x 01
0.2176  0 04 x 01    0.2160  0 05 x 01    0.1331  7 08 t 02    0.1257  0 00 x 01
0.2179  0 01 x 01    0.2177  0 04 x 01    0.1335  6 08 t 07    0.1262  0 29 x 01
0.2181  0 07 x 01    0.2180  0 01 x 01    0.1341  1 08 x 02    0.1272  0 32 t 01
0.2204  0 00 x 01    0.2181  0 07 x 01    0.1342  0 02 x 01    0.1273  0 32 x 01
0.2209  0 32 t 01    0.2204  0 00 x 01    0.1345  0 02 x 03    0.1279  0 27 x 01
0.2209  0 32 x 01    0.2209  0 32 x 01    0.1361  5 08 t 10    0.1292  0 07 x 01
0.2210  0 29 x 01    0.2209  0 32 t 01    0.1371  0 31 x 01    0.1314  0 28 t 01
0.2213  1 08 x 02    0.2210  0 29 x 01    0.1396  6 08 t 08    0.1331  7 08 t 02
0.2237  7 08 t 05    0.2212  1 08 x 02    0.1398  5 08 t 12    0.1341  1 08 x 02
0.2254  0 02 x 01    0.2255  0 02 x 01    0.1400  1 08 t 02    0.1342  0 02 x 01
0.2277  0 27 x 01    0.2277  0 27 x 01    0.1416  3 08 t 01    0.1344  0 02 x 03
0.2314  1 08 t 02    0.2314  1 08 t 02    0.1423  7 08 x 02    0.1371  0 31 x 01
0.2325  5 08 t 01    0.2325  5 08 t 01    0.1427  4 08 t 01    0.1399  1 08 t 02
0.2330  0 31 x 01    0.2330  0 31 x 01    0.1431  6 08 t 10    0.1417  3 08 t 01
0.2345  4 08 t 01    0.2345  4 08 t 01    0.1442  6 08 t 12    0.1423  7 08 x 02
0.2408  0 28 x 01    0.2408  0 28 x 01    0.1449  5 08 t 01    0.1427  4 08 t 01
0.2409  0 30 x 01    0.2409  0 30 x 01    0.1461  0 28 x 01    0.1449  5 08 t 01
0.2413  3 08 t 01    0.2413  3 08 t 01    0.1463  0 30 x 01    0.1461  0 28 x 01
0.2437  0 02 x 03    0.2437  0 02 x 03    0.1491  0 03 x 01    0.1463  0 30 x 01
0.2523  6 08 t 01    0.2523  6 08 t 01    0.1507  4 08 x 01    0.1491  0 03 x 01
0.2527  4 08 x 01    0.2527  4 08 x 01    0.1554  0 02 x 04    0.1507  4 08 x 01
0.2540  5 08 x 01    0.2540  5 08 x 01    0.1556  5 08 x 01    0.1554  0 02 x 04
0.2547  0 03 x 01    0.2547  0 03 x 01    0.1572  3 08 x 01    0.1556  5 08 x 01
0.2622  0 02 x 04    0.2623  0 02 x 04    0.1573  7 08 t 05    0.1572  3 08 x 01
0.2683  3 08 x 01    0.2682  3 08 x 01    0.1622  2 08 t 01    0.1622  2 08 t 01
0.2731  6 08 x 01    0.2731  6 08 x 01    0.1664  0 02 x 05    0.1663  0 02 x 05
0.2737  0 02 x 05    0.2738  0 02 x 05    0.1673  6 08 t 01    0.1671  6 08 t 01
0.2756  0 02 x 12    0.2754  0 02 x 12    0.1674  2 08 x 01    0.1675  2 08 x 01
0.2797  2 08 t 01    0.2797  2 08 t 01    0.1694  0 02 x 12    0.1693  0 02 x 12
0.2816  0 02 x 06    0.2818  0 02 x 06    0.1731  0 03 x 12    0.1731  0 03 x 12
0.2870  0 02 x 07    0.2870  0 02 x 07    0.1746  0 02 x 06    0.1745  0 02 x 06
0.2877  0 02 x 08    0.2877  0 02 x 08    0.1770  0 02 x 07    0.1772  0 02 x 07
0.2898  0 02 x 10    0.2897  0 02 x 10    0.1775  6 08 x 01    0.1775  6 08 x 01
0.2909  0 03 x 12    0.2908  0 03 x 12    0.1777  0 02 x 08    0.1777  0 02 x 08
0.2923  2 08 x 01    0.2923  2 08 x 01    0.1806  0 02 x 10    0.1807  0 02 x 10
0.3007  7 08 t 01    0.3007  7 08 t 01    0.2187  7 08 t 01    0.2187  7 08 t 01
0.3234  7 08 x 01    0.3234  7 08 x 01    0.2296  7 08 x 01    0.2296  7 08 x 01
0.4044  1 08 x 01    0.4044  1 08 x 01    0.2354  1 08 x 01    0.2354  1 08 x 01
0.4047  1 08 t 01    0.4047  1 08 t 01    0.2355  1 08 t 01    0.2355  1 08 t 01
---Benchmark Program Finished---
