
./testbench.sh clang++ O3 MontgomeryHalf uint64_t 191 8 22 -DTEST_ARRAY -DHURCHALLA_MONTGOMERY_TWO_POW_USE_CSELECT_ON_BIT -DHURCHALLA_ALLOW_INLINE_ASM_ALL

compilation finished, now executing:
---Running Program---

begin benchmarks - array two_pow
(ignore)14570983554645190575

OVERALL BEST:
0.2067  0 28 x 06
0.2069  0 29 x 07
0.2070  0 32 x 07
0.2075  0 28 x 08
0.2082  0 31 x 10
0.2085  0 32 x 05
0.2087  0 29 x 05
0.2087  0 32 x 08
0.2088  0 29 x 08
0.2089  0 32 x 10
0.2090  0 28 x 05
0.2091  0 29 x 10
0.2093  0 28 x 10
0.2098  0 30 x 10
0.2105  0 30 x 07
0.2107  0 28 x 07
0.2111  0 31 x 06
0.2113  0 29 x 06
0.2114  0 32 x 06
0.2123  0 31 x 12
0.2129  0 31 x 07
0.2129  0 28 x 12
0.2135  0 29 x 12
0.2136  0 32 x 12
0.2140  0 30 x 06
0.2142  0 30 x 12
0.2143  0 31 x 08
0.2167  0 30 x 08
0.2174  0 27 x 12
0.2175  0 27 x 10
0.2177  0 27 x 07
0.2187  0 27 x 08
0.2207  0 30 x 05
0.2247  0 27 x 06
0.2256  0 31 x 05
0.2263  0 27 x 05
0.2265  0 01 x 10
0.2272  0 01 x 05
0.2289  0 01 x 12
0.2291  0 01 x 08
0.2306  0 05 x 08
0.2321  0 04 x 08
0.2322  0 01 x 07
0.2334  0 00 x 10
0.2336  0 01 x 06
0.2338  0 06 x 08
0.2350  0 28 x 04
0.2374  0 00 x 12
0.2381  0 00 x 06
0.2381  0 05 x 12
0.2390  0 27 x 04
0.2393  0 05 x 10
0.2397  0 04 x 12
0.2405  0 06 x 12
0.2412  0 00 x 08
0.2414  0 04 x 10
0.2418  0 00 x 07
0.2420  0 06 x 10
0.2422  0 31 x 04
0.2422  0 32 x 04
0.2425  0 29 x 04
0.2426  0 01 x 04
0.2431  0 05 x 07
0.2437  0 04 x 05
0.2438  0 05 x 05
0.2444  0 05 x 06
0.2451  0 06 x 05
0.2456  0 06 x 07
0.2459  0 03 x 07
0.2464  0 03 x 08
0.2467  0 03 x 12
0.2470  0 04 x 06
0.2472  0 04 x 07
0.2479  0 00 x 05
0.2495  0 06 x 06
0.2515  0 30 x 04
0.2525  0 05 x 04
0.2526  4 08 x 12
0.2542  0 00 x 04
0.2548  4 08 x 07
0.2549  3 08 x 08
0.2550  0 03 x 06
0.2554  0 06 x 04
0.2558  4 08 x 06
0.2558  0 03 x 05
0.2560  0 03 x 10
0.2608  0 07 x 08
0.2609  0 04 x 04
0.2613  3 08 x 12
0.2617  3 08 x 06
0.2622  4 08 x 08
0.2624  3 08 x 07
0.2657  5 08 x 12
0.2667  0 28 x 03
0.2672  0 32 x 03
0.2677  0 29 x 03
0.2680  0 07 x 12
0.2692  0 07 x 10
0.2695  0 07 x 05
0.2718  5 08 x 08
0.2724  0 07 x 06
0.2724  4 08 x 10
0.2737  0 31 x 03
0.2737  0 07 x 07
0.2754  4 08 x 05
0.2771  0 30 x 03
0.2774  5 08 x 07
0.2789  5 08 x 10
0.2791  0 01 x 03
0.2801  3 08 x 04
0.2808  3 08 x 05
0.2817  5 08 x 05
0.2819  0 00 x 03
0.2832  0 03 x 04
0.2834  0 07 x 04
0.2838  0 06 x 03
0.2847  5 08 x 06
0.2849  2 08 x 05
0.2854  0 04 x 03
0.2885  0 27 x 03
0.2886  0 05 x 03
0.2892  5 08 x 04
0.2896  3 08 x 10
0.2954  4 08 x 04
0.3008  6 08 x 12
0.3083  4 08 x 03
0.3119  0 07 x 03
0.3127  6 08 x 08
0.3146  6 08 x 10
0.3154  6 08 x 07
0.3183  2 08 x 04
0.3189  6 08 x 06
0.3192  6 08 x 05
0.3266  3 08 x 03
0.3266  6 08 x 04
0.3292  5 08 x 03
0.3380  0 03 x 03
0.3421  0 30 x 02
0.3425  0 01 x 02
0.3426  0 05 x 02
0.3487  0 04 x 02
0.3501  6 08 x 03
0.3506  0 28 x 02
0.3507  0 00 x 02
0.3522  0 06 x 02
0.3551  0 32 x 02
0.3553  0 31 x 02
0.3557  0 29 x 02
0.3642  0 27 x 02
0.3672  2 08 x 03
0.3786  0 07 x 02
0.3964  4 08 x 02
0.3982  3 08 x 02
0.3999  7 08 x 05
0.4197  1 08 x 05
0.4205  5 08 x 02
0.4238  7 08 x 04
0.4363  0 03 x 02
0.4387  2 08 x 02
0.4636  7 08 x 03
0.4677  6 08 x 02
0.4952  1 08 x 03
0.5105  1 08 x 04
0.5814  0 05 x 01
0.5815  0 01 x 01
0.5818  7 08 x 02
0.5861  0 06 x 01
0.5907  0 04 x 01
0.5924  1 08 x 02
0.5968  0 29 x 01
0.5970  0 00 x 01
0.5974  0 32 x 01
0.6006  0 02 x 02
0.6021  0 31 x 01
0.6068  0 07 x 01
0.6168  0 02 x 03
0.6270  0 27 x 01
0.6270  0 02 x 01
0.6408  0 02 x 04
0.6471  0 02 x 06
0.6482  0 02 x 07
0.6495  0 28 x 01
0.6500  0 30 x 01
0.6515  4 08 x 01
0.6569  0 02 x 08
0.6597  0 02 x 05
0.6688  0 02 x 10
0.6714  5 08 x 01
0.6730  0 02 x 12
0.6898  3 08 x 01
0.7345  0 03 x 01
0.7763  6 08 x 01
0.7775  2 08 x 01
0.9681  7 08 x 01
1.0432  1 08 x 01
Timings By Test Type:
0.0629  0 28 x 06    0.0628  0 28 x 06    0.0405  0 32 x 07    0.0405  0 31 x 10
0.0629  0 29 x 07    0.0630  0 29 x 07    0.0405  0 29 x 07    0.0405  0 29 x 07
0.0630  0 32 x 07    0.0630  0 32 x 07    0.0405  0 28 x 06    0.0405  0 32 x 07
0.0631  0 28 x 08    0.0631  0 28 x 08    0.0405  0 31 x 10    0.0405  0 28 x 06
0.0633  0 28 x 05    0.0633  0 28 x 05    0.0406  0 28 x 08    0.0406  0 28 x 08
0.0633  0 32 x 05    0.0633  0 32 x 05    0.0408  0 32 x 10    0.0408  0 32 x 10
0.0633  0 29 x 05    0.0633  0 29 x 05    0.0408  0 29 x 10    0.0408  0 29 x 10
0.0635  0 32 x 08    0.0635  0 32 x 08    0.0409  0 29 x 08    0.0408  0 29 x 08
0.0635  0 29 x 08    0.0636  0 29 x 08    0.0409  0 32 x 08    0.0408  0 32 x 08
0.0636  0 31 x 10    0.0636  0 31 x 10    0.0409  0 32 x 05    0.0409  0 32 x 05
0.0637  0 28 x 10    0.0636  0 32 x 10    0.0409  0 28 x 10    0.0410  0 28 x 10
0.0637  0 29 x 10    0.0638  0 28 x 10    0.0410  0 29 x 05    0.0410  0 30 x 10
0.0637  0 32 x 10    0.0638  0 29 x 10    0.0410  0 30 x 10    0.0410  0 29 x 05
0.0639  0 30 x 10    0.0639  0 30 x 10    0.0411  0 30 x 07    0.0411  0 29 x 06
0.0640  0 31 x 06    0.0640  0 31 x 06    0.0411  0 29 x 06    0.0412  0 30 x 07
0.0641  0 28 x 07    0.0640  0 28 x 07    0.0412  0 32 x 06    0.0412  0 32 x 06
0.0641  0 30 x 07    0.0642  0 30 x 07    0.0412  0 28 x 05    0.0412  0 28 x 05
0.0645  0 32 x 06    0.0645  0 29 x 06    0.0413  0 28 x 07    0.0413  0 28 x 07
0.0645  0 29 x 06    0.0645  0 32 x 06    0.0414  0 31 x 12    0.0413  0 31 x 12
0.0648  0 31 x 07    0.0648  0 31 x 12    0.0414  0 28 x 12    0.0414  0 28 x 12
0.0648  0 31 x 12    0.0648  0 31 x 07    0.0415  0 31 x 06    0.0415  0 31 x 06
0.0650  0 28 x 12    0.0650  0 28 x 12    0.0416  0 31 x 07    0.0416  0 31 x 07
0.0651  0 30 x 06    0.0651  0 30 x 06    0.0416  0 30 x 12    0.0417  0 29 x 12
0.0651  0 29 x 12    0.0651  0 29 x 12    0.0417  0 29 x 12    0.0417  0 32 x 12
0.0651  0 32 x 12    0.0651  0 32 x 12    0.0417  0 32 x 12    0.0417  0 30 x 12
0.0653  0 31 x 08    0.0653  0 31 x 08    0.0418  0 31 x 08    0.0419  0 31 x 08
0.0654  0 30 x 12    0.0654  0 30 x 12    0.0419  0 30 x 06    0.0419  0 30 x 06
0.0660  0 30 x 08    0.0657  0 30 x 08    0.0423  0 27 x 10    0.0423  0 27 x 10
0.0662  0 27 x 12    0.0662  0 27 x 07    0.0424  0 27 x 12    0.0424  0 27 x 12
0.0662  0 27 x 07    0.0664  0 27 x 12    0.0425  0 30 x 08    0.0425  0 30 x 08
0.0664  0 27 x 10    0.0665  0 27 x 10    0.0426  0 27 x 07    0.0426  0 27 x 07
0.0666  0 27 x 08    0.0666  0 27 x 08    0.0427  0 27 x 08    0.0427  0 27 x 08
0.0672  0 30 x 05    0.0672  0 30 x 05    0.0431  0 30 x 05    0.0431  0 30 x 05
0.0685  0 27 x 06    0.0684  0 27 x 06    0.0439  0 27 x 06    0.0439  0 27 x 06
0.0686  0 01 x 10    0.0687  0 01 x 10    0.0439  0 31 x 05    0.0440  0 31 x 05
0.0689  0 31 x 05    0.0689  0 31 x 05    0.0441  0 27 x 05    0.0442  0 27 x 05
0.0690  0 05 x 08    0.0690  0 05 x 08    0.0446  0 01 x 05    0.0446  0 01 x 05
0.0690  0 27 x 05    0.0690  0 01 x 05    0.0446  0 01 x 10    0.0446  0 01 x 10
0.0690  0 01 x 05    0.0690  0 27 x 05    0.0450  0 01 x 12    0.0450  0 01 x 12
0.0694  0 01 x 08    0.0694  0 01 x 12    0.0451  0 01 x 08    0.0451  0 01 x 08
0.0695  0 01 x 12    0.0696  0 01 x 08    0.0456  0 01 x 07    0.0457  0 00 x 10
0.0697  0 06 x 08    0.0697  0 06 x 08    0.0457  0 00 x 10    0.0457  0 04 x 08
0.0703  0 04 x 08    0.0703  0 01 x 07    0.0457  0 04 x 08    0.0459  0 01 x 07
0.0704  0 01 x 07    0.0703  0 04 x 08    0.0460  0 28 x 04    0.0460  0 28 x 04
0.0708  0 01 x 06    0.0707  0 01 x 06    0.0460  0 01 x 06    0.0461  0 01 x 06
0.0710  0 00 x 10    0.0710  0 00 x 10    0.0462  0 00 x 12    0.0463  0 05 x 08
0.0710  0 05 x 12    0.0710  0 05 x 12    0.0463  0 05 x 08    0.0464  0 00 x 12
0.0713  0 05 x 10    0.0713  0 05 x 10    0.0465  0 27 x 04    0.0465  0 27 x 04
0.0715  0 06 x 12    0.0715  0 28 x 04    0.0466  0 00 x 06    0.0466  0 00 x 06
0.0715  0 28 x 04    0.0715  0 06 x 12    0.0471  0 00 x 08    0.0471  0 00 x 08
0.0720  0 06 x 10    0.0720  0 06 x 10    0.0472  0 06 x 08    0.0472  0 06 x 08
0.0724  0 00 x 06    0.0723  0 00 x 12    0.0472  0 04 x 12    0.0473  0 04 x 12
0.0725  0 00 x 12    0.0724  0 00 x 06    0.0473  0 00 x 07    0.0473  0 31 x 04
0.0725  0 04 x 12    0.0726  0 04 x 12    0.0473  0 31 x 04    0.0473  0 00 x 07
0.0727  0 05 x 07    0.0728  0 05 x 07    0.0475  0 04 x 10    0.0476  0 04 x 10
0.0729  0 05 x 05    0.0730  0 27 x 04    0.0476  0 01 x 04    0.0476  0 01 x 04
0.0730  0 27 x 04    0.0730  0 05 x 05    0.0477  0 32 x 04    0.0476  0 32 x 04
0.0731  0 06 x 07    0.0731  0 06 x 05    0.0478  0 29 x 04    0.0477  0 29 x 04
0.0731  0 06 x 05    0.0731  0 06 x 07    0.0480  0 05 x 12    0.0481  0 03 x 07
0.0732  0 04 x 10    0.0732  0 04 x 10    0.0481  0 04 x 05    0.0481  0 05 x 12
0.0732  0 05 x 06    0.0732  0 05 x 06    0.0482  0 03 x 07    0.0482  0 04 x 05
0.0734  0 29 x 04    0.0735  0 00 x 08    0.0482  0 03 x 08    0.0483  0 00 x 05
0.0734  0 32 x 04    0.0735  0 32 x 04    0.0483  0 05 x 10    0.0484  0 05 x 10
0.0735  0 00 x 08    0.0735  0 29 x 04    0.0484  0 00 x 05    0.0484  0 03 x 08
0.0735  0 00 x 07    0.0736  0 00 x 07    0.0484  0 03 x 12    0.0484  0 03 x 12
0.0737  0 01 x 04    0.0737  0 01 x 04    0.0487  0 04 x 07    0.0487  0 04 x 07
0.0737  0 04 x 05    0.0737  0 04 x 05    0.0488  0 04 x 06    0.0488  0 06 x 12
0.0738  0 31 x 04    0.0738  0 31 x 04    0.0488  0 06 x 12    0.0488  0 04 x 06
0.0746  0 06 x 06    0.0747  0 06 x 06    0.0488  0 05 x 07    0.0488  0 05 x 07
0.0747  0 04 x 06    0.0747  0 04 x 06    0.0490  0 05 x 05    0.0489  0 05 x 05
0.0748  0 03 x 07    0.0749  0 03 x 07    0.0490  0 06 x 10    0.0490  0 05 x 06
0.0749  0 04 x 07    0.0749  0 03 x 08    0.0490  0 05 x 06    0.0491  0 06 x 10
0.0749  0 03 x 08    0.0749  0 03 x 12    0.0491  0 30 x 04    0.0491  0 30 x 04
0.0749  0 03 x 12    0.0749  0 04 x 07    0.0494  0 06 x 05    0.0494  0 06 x 05
0.0754  4 08 x 12    0.0756  0 00 x 05    0.0496  0 00 x 04    0.0496  0 00 x 04
0.0756  0 00 x 05    0.0762  0 05 x 04    0.0497  0 06 x 07    0.0497  0 06 x 07
0.0761  4 08 x 07    0.0762  4 08 x 07    0.0499  0 03 x 06    0.0500  0 03 x 06
0.0762  0 05 x 04    0.0762  4 08 x 12    0.0501  0 05 x 04    0.0501  0 05 x 04
0.0763  0 06 x 04    0.0763  4 08 x 06    0.0501  0 03 x 10    0.0501  0 06 x 06
0.0763  4 08 x 06    0.0763  0 06 x 04    0.0501  0 03 x 05    0.0501  0 03 x 05
0.0764  0 07 x 08    0.0765  0 07 x 08    0.0501  0 06 x 06    0.0501  0 03 x 10
0.0767  0 30 x 04    0.0766  3 08 x 08    0.0506  4 08 x 12    0.0503  4 08 x 12
0.0767  3 08 x 08    0.0767  0 30 x 04    0.0508  3 08 x 08    0.0508  3 08 x 08
0.0775  0 00 x 04    0.0775  0 00 x 04    0.0509  0 04 x 04    0.0509  0 04 x 04
0.0775  0 03 x 06    0.0776  0 03 x 06    0.0513  4 08 x 07    0.0512  4 08 x 07
0.0777  0 03 x 10    0.0778  0 03 x 05    0.0515  0 06 x 04    0.0514  0 06 x 04
0.0778  0 03 x 05    0.0780  5 08 x 12    0.0516  4 08 x 06    0.0517  4 08 x 06
0.0779  5 08 x 12    0.0781  0 03 x 10    0.0518  3 08 x 12    0.0518  3 08 x 12
0.0784  3 08 x 06    0.0784  3 08 x 06    0.0522  0 32 x 03    0.0520  3 08 x 06
0.0785  4 08 x 08    0.0785  0 07 x 12    0.0522  0 28 x 03    0.0521  0 28 x 03
0.0785  0 07 x 12    0.0786  4 08 x 08    0.0523  3 08 x 07    0.0522  0 32 x 03
0.0787  3 08 x 12    0.0789  0 07 x 10    0.0525  0 29 x 03    0.0523  3 08 x 07
0.0788  0 07 x 10    0.0789  3 08 x 07    0.0525  4 08 x 08    0.0524  0 29 x 03
0.0789  3 08 x 07    0.0790  3 08 x 12    0.0529  3 08 x 06    0.0526  4 08 x 08
0.0790  0 07 x 05    0.0790  0 07 x 05    0.0537  0 31 x 03    0.0536  0 31 x 03
0.0795  0 04 x 04    0.0795  0 04 x 04    0.0539  0 30 x 03    0.0539  0 30 x 03
0.0798  5 08 x 08    0.0799  5 08 x 08    0.0539  0 07 x 08    0.0540  0 07 x 08
0.0802  0 07 x 06    0.0802  0 07 x 06    0.0543  4 08 x 10    0.0543  4 08 x 10
0.0803  0 07 x 07    0.0803  0 07 x 07    0.0547  0 01 x 03    0.0547  0 01 x 03
0.0812  0 28 x 03    0.0812  0 28 x 03    0.0549  5 08 x 12    0.0549  5 08 x 12
0.0813  0 32 x 03    0.0814  0 29 x 03    0.0551  4 08 x 05    0.0551  0 00 x 03
0.0814  0 29 x 03    0.0814  0 32 x 03    0.0551  0 00 x 03    0.0552  3 08 x 04
0.0814  5 08 x 07    0.0814  5 08 x 07    0.0552  3 08 x 04    0.0552  4 08 x 05
0.0819  4 08 x 10    0.0818  4 08 x 10    0.0552  0 03 x 04    0.0552  0 03 x 04
0.0820  5 08 x 10    0.0820  5 08 x 10    0.0555  0 07 x 12    0.0555  0 07 x 12
0.0825  5 08 x 05    0.0822  4 08 x 05    0.0556  3 08 x 05    0.0557  0 04 x 03
0.0829  4 08 x 05    0.0826  5 08 x 05    0.0557  0 07 x 05    0.0557  0 07 x 05
0.0832  0 31 x 03    0.0832  0 31 x 03    0.0557  0 04 x 03    0.0558  0 07 x 10
0.0837  5 08 x 06    0.0836  5 08 x 06    0.0557  0 07 x 10    0.0558  3 08 x 05
0.0840  0 07 x 04    0.0840  0 07 x 04    0.0558  0 27 x 03    0.0559  0 27 x 03
0.0847  0 30 x 03    0.0846  0 30 x 03    0.0559  2 08 x 05    0.0560  2 08 x 05
0.0847  3 08 x 05    0.0847  3 08 x 05    0.0561  5 08 x 08    0.0560  0 07 x 06
0.0848  0 01 x 03    0.0848  0 01 x 03    0.0561  0 07 x 06    0.0561  5 08 x 08
0.0849  3 08 x 04    0.0849  3 08 x 04    0.0566  0 07 x 07    0.0566  0 07 x 07
0.0850  0 06 x 03    0.0850  0 06 x 03    0.0569  0 06 x 03    0.0569  0 06 x 03
0.0851  5 08 x 04    0.0850  5 08 x 04    0.0571  3 08 x 10    0.0572  3 08 x 10
0.0858  0 00 x 03    0.0858  0 00 x 03    0.0573  5 08 x 07    0.0573  5 08 x 07
0.0864  0 03 x 04    0.0864  0 03 x 04    0.0574  0 05 x 03    0.0574  0 05 x 03
0.0865  2 08 x 05    0.0865  2 08 x 05    0.0575  5 08 x 10    0.0574  5 08 x 10
0.0868  6 08 x 12    0.0868  6 08 x 12    0.0577  0 07 x 04    0.0577  0 07 x 04
0.0869  0 05 x 03    0.0869  0 05 x 03    0.0582  5 08 x 05    0.0583  5 08 x 05
0.0870  0 04 x 03    0.0870  0 04 x 03    0.0586  5 08 x 06    0.0588  5 08 x 06
0.0875  3 08 x 10    0.0878  3 08 x 10    0.0589  4 08 x 04    0.0589  4 08 x 04
0.0884  0 27 x 03    0.0884  0 27 x 03    0.0595  5 08 x 04    0.0596  5 08 x 04
0.0888  4 08 x 04    0.0888  4 08 x 04    0.0608  4 08 x 03    0.0609  4 08 x 03
0.0902  6 08 x 08    0.0902  6 08 x 08    0.0622  2 08 x 04    0.0622  2 08 x 04
0.0908  6 08 x 07    0.0907  6 08 x 07    0.0630  0 07 x 03    0.0630  0 07 x 03
0.0912  6 08 x 10    0.0911  6 08 x 10    0.0637  6 08 x 12    0.0636  6 08 x 12
0.0919  6 08 x 06    0.0917  6 08 x 06    0.0641  3 08 x 03    0.0641  3 08 x 03
0.0924  6 08 x 05    0.0925  6 08 x 05    0.0657  0 03 x 03    0.0657  0 03 x 03
0.0929  0 07 x 03    0.0929  0 07 x 03    0.0660  0 30 x 02    0.0660  0 30 x 02
0.0933  4 08 x 03    0.0933  4 08 x 03    0.0661  0 01 x 02    0.0660  0 01 x 02
0.0946  6 08 x 04    0.0946  6 08 x 04    0.0662  6 08 x 08    0.0661  6 08 x 08
0.0969  2 08 x 04    0.0969  2 08 x 04    0.0662  6 08 x 10    0.0662  6 08 x 10
0.0980  5 08 x 03    0.0979  5 08 x 03    0.0666  5 08 x 03    0.0666  5 08 x 03
0.0992  3 08 x 03    0.0992  3 08 x 03    0.0670  6 08 x 07    0.0669  6 08 x 07
0.1015  6 08 x 03    0.1016  6 08 x 03    0.0670  0 05 x 02    0.0670  0 05 x 02
0.1033  0 03 x 03    0.1032  0 03 x 03    0.0672  6 08 x 05    0.0672  6 08 x 05
0.1043  0 05 x 02    0.1043  0 05 x 02    0.0674  0 00 x 02    0.0674  0 00 x 02
0.1051  0 30 x 02    0.1051  0 30 x 02    0.0675  0 28 x 02    0.0675  0 04 x 02
0.1052  0 01 x 02    0.1052  0 01 x 02    0.0676  0 04 x 02    0.0676  0 28 x 02
0.1065  0 06 x 02    0.1065  0 06 x 02    0.0676  6 08 x 06    0.0676  6 08 x 06
0.1068  0 04 x 02    0.1068  0 04 x 02    0.0686  0 32 x 02    0.0685  0 32 x 02
0.1078  0 28 x 02    0.1077  0 28 x 02    0.0686  0 29 x 02    0.0686  0 29 x 02
0.1080  0 00 x 02    0.1079  0 00 x 02    0.0686  0 31 x 02    0.0686  0 31 x 02
0.1090  0 32 x 02    0.1090  0 32 x 02    0.0688  6 08 x 04    0.0687  6 08 x 04
0.1091  0 31 x 02    0.1090  0 31 x 02    0.0696  0 06 x 02    0.0695  0 06 x 02
0.1093  0 29 x 02    0.1092  0 29 x 02    0.0698  0 27 x 02    0.0698  0 27 x 02
0.1112  7 08 x 05    0.1112  7 08 x 05    0.0713  2 08 x 03    0.0713  2 08 x 03
0.1123  2 08 x 03    0.1122  2 08 x 03    0.0735  6 08 x 03    0.0735  6 08 x 03
0.1123  0 27 x 02    0.1123  0 27 x 02    0.0758  0 07 x 02    0.0757  0 07 x 02
0.1135  0 07 x 02    0.1135  0 07 x 02    0.0772  3 08 x 02    0.0771  3 08 x 02
0.1189  7 08 x 04    0.1190  7 08 x 04    0.0779  4 08 x 02    0.0779  4 08 x 02
0.1203  4 08 x 02    0.1203  4 08 x 02    0.0817  1 08 x 05    0.0817  1 08 x 05
0.1219  3 08 x 02    0.1220  3 08 x 02    0.0839  0 03 x 02    0.0838  0 03 x 02
0.1255  5 08 x 02    0.1255  5 08 x 02    0.0846  2 08 x 02    0.0846  2 08 x 02
0.1282  1 08 x 05    0.1282  1 08 x 05    0.0846  5 08 x 02    0.0848  5 08 x 02
0.1307  7 08 x 03    0.1307  7 08 x 03    0.0887  7 08 x 05    0.0887  7 08 x 05
0.1343  0 03 x 02    0.1343  0 03 x 02    0.0929  7 08 x 04    0.0929  7 08 x 04
0.1348  2 08 x 02    0.1346  2 08 x 02    0.0961  1 08 x 03    0.0961  1 08 x 03
0.1364  6 08 x 02    0.1363  6 08 x 02    0.0975  6 08 x 02    0.0975  6 08 x 02
0.1515  1 08 x 03    0.1515  1 08 x 03    0.0990  1 08 x 04    0.0990  1 08 x 04
0.1562  1 08 x 04    0.1563  1 08 x 04    0.1011  7 08 x 03    0.1012  7 08 x 03
0.1642  7 08 x 02    0.1642  7 08 x 02    0.1081  0 01 x 01    0.1081  0 01 x 01
0.1817  1 08 x 02    0.1818  1 08 x 02    0.1083  0 05 x 01    0.1082  0 05 x 01
0.1824  0 05 x 01    0.1824  0 06 x 01    0.1103  0 29 x 01    0.1102  0 29 x 01
0.1825  0 06 x 01    0.1824  0 05 x 01    0.1103  0 04 x 01    0.1103  0 32 x 01
0.1827  0 01 x 01    0.1826  0 01 x 01    0.1104  0 32 x 01    0.1103  0 04 x 01
0.1837  0 02 x 02    0.1838  0 02 x 02    0.1106  0 06 x 01    0.1106  0 06 x 01
0.1850  0 04 x 01    0.1850  0 04 x 01    0.1107  0 00 x 01    0.1106  0 00 x 01
0.1878  0 07 x 01    0.1877  0 07 x 01    0.1117  0 31 x 01    0.1116  0 31 x 01
0.1879  0 00 x 01    0.1878  0 00 x 01    0.1145  1 08 x 02    0.1144  1 08 x 02
0.1882  0 29 x 01    0.1881  0 29 x 01    0.1157  0 07 x 01    0.1156  0 07 x 01
0.1884  0 32 x 01    0.1884  0 32 x 01    0.1166  0 02 x 02    0.1165  0 02 x 02
0.1887  0 02 x 03    0.1887  0 02 x 03    0.1167  0 27 x 01    0.1167  0 27 x 01
0.1894  0 31 x 01    0.1893  0 31 x 01    0.1187  0 02 x 01    0.1185  0 02 x 01
0.1950  0 02 x 01    0.1948  0 02 x 01    0.1198  0 02 x 03    0.1197  0 02 x 03
0.1963  0 02 x 04    0.1962  0 02 x 04    0.1222  4 08 x 01    0.1221  4 08 x 01
0.1968  0 27 x 01    0.1967  0 27 x 01    0.1241  0 02 x 04    0.1241  0 28 x 01
0.1980  0 02 x 06    0.1980  0 02 x 06    0.1241  0 28 x 01    0.1242  0 02 x 04
0.1982  0 02 x 07    0.1983  0 02 x 07    0.1243  0 30 x 01    0.1242  0 30 x 01
0.2007  0 28 x 01    0.2006  0 28 x 01    0.1255  0 02 x 06    0.1256  0 02 x 06
0.2008  0 30 x 01    0.2007  0 30 x 01    0.1258  0 02 x 07    0.1258  0 02 x 07
0.2009  0 02 x 08    0.2009  0 02 x 08    0.1267  7 08 x 02    0.1267  7 08 x 02
0.2018  0 02 x 05    0.2021  0 02 x 05    0.1275  0 02 x 08    0.1275  0 02 x 08
0.2036  4 08 x 01    0.2036  4 08 x 01    0.1279  0 02 x 05    0.1279  0 02 x 05
0.2045  0 02 x 10    0.2045  0 02 x 10    0.1283  5 08 x 01    0.1283  5 08 x 01
0.2056  0 02 x 12    0.2056  0 02 x 12    0.1290  3 08 x 01    0.1290  3 08 x 01
0.2074  5 08 x 01    0.2073  5 08 x 01    0.1299  0 02 x 10    0.1300  0 02 x 10
0.2160  3 08 x 01    0.2159  3 08 x 01    0.1309  0 02 x 12    0.1309  0 02 x 12
0.2311  0 03 x 01    0.2311  0 03 x 01    0.1362  0 03 x 01    0.1361  0 03 x 01
0.2324  6 08 x 01    0.2323  6 08 x 01    0.1450  2 08 x 01    0.1451  2 08 x 01
0.2438  2 08 x 01    0.2437  2 08 x 01    0.1558  6 08 x 01    0.1557  6 08 x 01
0.2794  7 08 x 01    0.2793  7 08 x 01    0.1957  1 08 x 01    0.1955  1 08 x 01
0.3260  1 08 x 01    0.3260  1 08 x 01    0.2047  7 08 x 01    0.2047  7 08 x 01
---Benchmark Program Finished---
