
./testbench.sh g++ O3 MontgomeryHalf uint64_t 191 8 22 -DTEST_ARRAY -DHURCHALLA_MONTGOMERY_TWO_POW_USE_CSELECT_ON_BIT -DHURCHALLA_ALLOW_INLINE_ASM_ALL

compilation finished, now executing:
---Running Program---

begin benchmarks - array two_pow
(ignore)14570983554645190575

OVERALL BEST:
0.2053  0 32 x 08
0.2060  0 29 x 08
0.2078  0 29 x 07
0.2079  0 32 x 07
0.2084  0 28 x 10
0.2091  0 28 x 08
0.2106  0 28 x 07
0.2116  0 29 x 06
0.2123  0 32 x 06
0.2125  0 31 x 08
0.2135  0 32 x 05
0.2138  0 29 x 10
0.2147  0 29 x 05
0.2150  0 30 x 12
0.2160  0 27 x 08
0.2163  0 32 x 10
0.2166  0 31 x 07
0.2178  0 31 x 05
0.2181  0 28 x 12
0.2186  0 31 x 12
0.2186  0 27 x 07
0.2190  0 28 x 06
0.2192  0 31 x 10
0.2192  0 30 x 08
0.2196  0 30 x 07
0.2200  0 32 x 12
0.2201  0 29 x 12
0.2212  0 27 x 10
0.2214  0 31 x 06
0.2215  0 27 x 06
0.2215  0 28 x 05
0.2242  0 30 x 05
0.2245  0 30 x 06
0.2280  0 27 x 12
0.2294  0 05 x 08
0.2296  0 01 x 12
0.2297  0 30 x 10
0.2298  0 01 x 08
0.2306  0 04 x 05
0.2310  0 01 x 06
0.2320  0 04 x 08
0.2330  0 00 x 10
0.2330  0 04 x 06
0.2334  0 01 x 05
0.2339  0 27 x 05
0.2348  0 06 x 08
0.2351  0 01 x 10
0.2365  0 28 x 04
0.2384  0 04 x 10
0.2395  0 04 x 07
0.2396  0 30 x 04
0.2400  0 05 x 07
0.2401  0 05 x 10
0.2401  0 05 x 05
0.2413  0 31 x 04
0.2414  0 05 x 12
0.2414  0 00 x 12
0.2415  0 05 x 06
0.2422  0 04 x 12
0.2425  0 06 x 07
0.2429  0 06 x 06
0.2433  0 01 x 07
0.2436  0 00 x 05
0.2443  0 06 x 10
0.2446  0 06 x 05
0.2447  0 00 x 08
0.2452  0 32 x 04
0.2452  0 29 x 04
0.2465  0 00 x 06
0.2466  4 08 x 08
0.2467  4 08 x 10
0.2468  0 27 x 04
0.2479  4 08 x 05
0.2483  0 00 x 07
0.2497  0 01 x 04
0.2498  4 08 x 07
0.2510  4 08 x 12
0.2518  0 04 x 04
0.2523  4 08 x 06
0.2549  3 08 x 05
0.2550  0 05 x 04
0.2555  3 08 x 08
0.2555  0 06 x 04
0.2558  3 08 x 10
0.2566  5 08 x 08
0.2578  5 08 x 10
0.2578  5 08 x 06
0.2583  0 03 x 06
0.2606  5 08 x 07
0.2606  0 06 x 12
0.2613  3 08 x 06
0.2627  5 08 x 05
0.2639  4 08 x 04
0.2651  3 08 x 12
0.2666  0 07 x 05
0.2666  0 03 x 05
0.2668  0 31 x 03
0.2712  0 00 x 04
0.2713  0 01 x 03
0.2714  0 07 x 06
0.2721  3 08 x 07
0.2724  5 08 x 12
0.2728  0 32 x 03
0.2731  0 30 x 03
0.2744  0 29 x 03
0.2744  0 28 x 03
0.2745  3 08 x 04
0.2756  0 04 x 03
0.2757  0 07 x 08
0.2769  5 08 x 04
0.2790  0 07 x 04
0.2814  0 03 x 04
0.2832  0 27 x 03
0.2846  0 03 x 07
0.2847  0 05 x 03
0.2861  0 07 x 07
0.2893  0 06 x 03
0.2894  6 08 x 08
0.2899  6 08 x 07
0.2909  6 08 x 06
0.2930  6 08 x 10
0.2938  6 08 x 05
0.2941  2 08 x 05
0.2963  0 00 x 03
0.2970  6 08 x 12
0.2992  0 03 x 08
0.3079  4 08 x 03
0.3083  0 07 x 10
0.3117  0 07 x 03
0.3117  2 08 x 04
0.3131  0 03 x 12
0.3145  6 08 x 04
0.3169  0 03 x 10
0.3189  0 03 x 03
0.3190  5 08 x 03
0.3208  3 08 x 03
0.3316  0 04 x 02
0.3359  0 07 x 12
0.3389  0 01 x 02
0.3429  0 05 x 02
0.3458  0 00 x 02
0.3461  0 29 x 02
0.3468  0 32 x 02
0.3474  0 06 x 02
0.3475  0 28 x 02
0.3511  0 30 x 02
0.3559  0 31 x 02
0.3585  6 08 x 03
0.3608  0 27 x 02
0.3620  2 08 x 03
0.3669  7 08 x 05
0.3714  0 07 x 02
0.3962  7 08 x 04
0.4019  4 08 x 02
0.4118  5 08 x 02
0.4205  3 08 x 02
0.4226  1 08 x 04
0.4288  1 08 x 05
0.4391  7 08 x 03
0.4396  0 03 x 02
0.4566  6 08 x 02
0.4863  2 08 x 02
0.4886  1 08 x 03
0.5657  7 08 x 02
0.5712  1 08 x 02
0.5739  0 00 x 01
0.5791  0 04 x 01
0.5811  0 01 x 01
0.5850  0 29 x 01
0.5851  0 32 x 01
0.5853  0 05 x 01
0.5856  0 06 x 01
0.5907  0 28 x 01
0.5975  0 07 x 01
0.6007  0 02 x 02
0.6050  0 30 x 01
0.6069  0 31 x 01
0.6082  0 27 x 01
0.6304  0 02 x 01
0.6332  4 08 x 01
0.6529  0 02 x 03
0.6648  5 08 x 01
0.6698  3 08 x 01
0.7228  0 03 x 01
0.7254  0 02 x 04
0.7501  6 08 x 01
0.7619  2 08 x 01
0.8081  0 02 x 05
0.8225  0 02 x 06
0.8245  0 02 x 07
0.8284  0 02 x 08
0.8455  0 02 x 10
0.8613  0 02 x 12
0.9560  7 08 x 01
1.0269  1 08 x 01
Timings By Test Type:
0.0627  0 32 x 08    0.0628  0 32 x 08    0.0399  0 32 x 08    0.0399  0 32 x 08
0.0631  0 29 x 08    0.0631  0 29 x 08    0.0399  0 29 x 08    0.0399  0 29 x 08
0.0635  0 29 x 07    0.0635  0 29 x 07    0.0404  0 32 x 07    0.0404  0 29 x 07
0.0635  0 32 x 07    0.0635  0 32 x 07    0.0404  0 29 x 07    0.0404  0 32 x 07
0.0637  0 28 x 10    0.0637  0 28 x 10    0.0405  0 28 x 10    0.0404  0 28 x 10
0.0639  0 28 x 08    0.0639  0 28 x 08    0.0407  0 28 x 08    0.0406  0 28 x 08
0.0641  0 28 x 07    0.0641  0 28 x 07    0.0412  0 28 x 07    0.0412  0 29 x 06
0.0646  0 29 x 06    0.0646  0 29 x 06    0.0412  0 29 x 06    0.0412  0 28 x 07
0.0646  0 31 x 08    0.0646  0 31 x 08    0.0414  0 32 x 06    0.0414  0 32 x 06
0.0648  0 32 x 06    0.0648  0 32 x 06    0.0415  0 30 x 12    0.0416  0 29 x 10
0.0650  0 32 x 05    0.0651  0 32 x 05    0.0416  0 29 x 10    0.0416  0 31 x 08
0.0653  0 29 x 10    0.0654  0 29 x 05    0.0416  0 31 x 08    0.0416  0 30 x 12
0.0654  0 29 x 05    0.0654  0 29 x 10    0.0417  0 32 x 05    0.0417  0 32 x 05
0.0658  0 27 x 08    0.0657  0 30 x 12    0.0419  0 32 x 10    0.0420  0 29 x 05
0.0660  0 31 x 07    0.0658  0 27 x 08    0.0420  0 29 x 05    0.0420  0 32 x 10
0.0662  0 30 x 12    0.0661  0 31 x 07    0.0422  0 27 x 08    0.0422  0 27 x 08
0.0662  0 32 x 10    0.0662  0 32 x 10    0.0423  0 31 x 07    0.0423  0 31 x 07
0.0663  0 31 x 05    0.0662  0 31 x 05    0.0424  0 31 x 12    0.0424  0 31 x 12
0.0663  0 28 x 12    0.0664  0 28 x 12    0.0425  0 27 x 07    0.0425  0 27 x 07
0.0666  0 30 x 07    0.0666  0 30 x 07    0.0426  0 31 x 10    0.0426  0 31 x 10
0.0668  0 28 x 06    0.0668  0 27 x 07    0.0426  0 31 x 05    0.0426  0 31 x 05
0.0668  0 27 x 07    0.0668  0 28 x 06    0.0426  0 28 x 12    0.0427  0 28 x 12
0.0668  0 31 x 12    0.0668  0 30 x 08    0.0427  0 28 x 06    0.0427  0 28 x 06
0.0669  0 30 x 08    0.0669  0 31 x 12    0.0428  0 30 x 08    0.0428  0 30 x 08
0.0670  0 31 x 10    0.0670  0 31 x 10    0.0428  0 32 x 12    0.0428  0 32 x 12
0.0672  0 32 x 12    0.0672  0 32 x 12    0.0428  0 29 x 12    0.0428  0 29 x 12
0.0672  0 29 x 12    0.0672  0 29 x 12    0.0429  0 27 x 10    0.0429  0 27 x 10
0.0673  0 28 x 05    0.0672  0 28 x 05    0.0431  0 27 x 06    0.0431  0 27 x 06
0.0676  0 31 x 06    0.0676  0 31 x 06    0.0431  0 31 x 06    0.0431  0 31 x 06
0.0677  0 27 x 06    0.0677  0 27 x 06    0.0432  0 30 x 07    0.0432  0 30 x 07
0.0677  0 27 x 10    0.0677  0 27 x 10    0.0435  0 28 x 05    0.0435  0 28 x 05
0.0680  0 30 x 06    0.0680  0 30 x 06    0.0439  0 30 x 05    0.0439  0 30 x 05
0.0682  0 30 x 05    0.0682  0 30 x 05    0.0442  0 30 x 06    0.0442  0 27 x 12
0.0686  0 05 x 08    0.0686  0 05 x 08    0.0443  0 27 x 12    0.0442  0 30 x 06
0.0697  0 01 x 12    0.0697  0 27 x 12    0.0450  0 30 x 10    0.0450  0 30 x 10
0.0697  0 27 x 12    0.0697  0 01 x 12    0.0451  0 01 x 12    0.0451  0 01 x 12
0.0698  0 01 x 08    0.0698  0 01 x 08    0.0451  0 01 x 08    0.0451  0 01 x 08
0.0699  0 30 x 10    0.0698  0 30 x 10    0.0451  0 04 x 05    0.0451  0 04 x 05
0.0700  0 01 x 06    0.0700  0 01 x 06    0.0453  0 00 x 10    0.0453  0 00 x 10
0.0701  0 06 x 08    0.0701  0 06 x 08    0.0454  0 27 x 05    0.0453  0 27 x 05
0.0702  0 04 x 05    0.0702  0 04 x 05    0.0454  0 04 x 08    0.0454  0 04 x 08
0.0706  0 04 x 08    0.0706  0 04 x 08    0.0455  0 01 x 06    0.0456  0 01 x 06
0.0708  0 01 x 05    0.0708  0 01 x 05    0.0457  0 04 x 06    0.0457  0 04 x 06
0.0708  0 04 x 06    0.0708  0 04 x 06    0.0459  0 01 x 05    0.0459  0 01 x 05
0.0712  0 00 x 10    0.0712  0 00 x 10    0.0461  0 05 x 08    0.0461  0 05 x 08
0.0714  0 01 x 10    0.0714  0 01 x 10    0.0461  0 01 x 10    0.0461  0 01 x 10
0.0716  0 27 x 05    0.0715  0 27 x 05    0.0462  0 28 x 04    0.0462  0 28 x 04
0.0718  0 05 x 07    0.0718  0 05 x 07    0.0465  0 30 x 04    0.0465  0 30 x 04
0.0718  0 05 x 10    0.0718  0 05 x 10    0.0467  0 04 x 10    0.0467  0 04 x 10
0.0720  0 05 x 05    0.0719  0 05 x 05    0.0467  0 04 x 07    0.0467  0 04 x 07
0.0721  0 05 x 12    0.0721  0 28 x 04    0.0470  0 00 x 12    0.0470  0 00 x 12
0.0721  0 28 x 04    0.0722  0 05 x 12    0.0471  0 31 x 04    0.0471  0 31 x 04
0.0723  0 06 x 06    0.0723  0 06 x 06    0.0473  0 06 x 08    0.0473  0 06 x 08
0.0724  0 06 x 07    0.0724  0 06 x 07    0.0473  0 04 x 12    0.0473  0 04 x 12
0.0725  0 04 x 10    0.0725  0 05 x 06    0.0475  0 01 x 07    0.0474  0 00 x 08
0.0725  0 05 x 06    0.0725  0 04 x 10    0.0476  0 00 x 08    0.0475  0 01 x 07
0.0726  0 06 x 10    0.0726  0 06 x 10    0.0477  0 00 x 05    0.0477  0 00 x 05
0.0727  0 06 x 05    0.0727  0 06 x 05    0.0478  0 00 x 06    0.0479  0 29 x 04
0.0730  0 04 x 07    0.0730  0 04 x 07    0.0478  0 29 x 04    0.0479  0 32 x 04
0.0733  0 30 x 04    0.0733  0 30 x 04    0.0479  0 32 x 04    0.0480  0 27 x 04
0.0736  0 31 x 04    0.0735  0 31 x 04    0.0480  0 27 x 04    0.0480  0 00 x 06
0.0737  0 00 x 12    0.0737  0 00 x 12    0.0481  0 00 x 07    0.0481  0 05 x 05
0.0737  0 04 x 12    0.0738  0 04 x 12    0.0481  0 05 x 05    0.0482  0 00 x 07
0.0740  4 08 x 10    0.0741  0 00 x 05    0.0482  0 05 x 10    0.0482  0 05 x 07
0.0741  0 00 x 05    0.0741  4 08 x 10    0.0482  0 05 x 07    0.0482  0 05 x 10
0.0742  0 01 x 07    0.0742  0 01 x 07    0.0483  0 05 x 06    0.0482  0 05 x 06
0.0744  4 08 x 05    0.0744  4 08 x 05    0.0485  0 05 x 12    0.0486  0 05 x 12
0.0747  4 08 x 08    0.0746  4 08 x 08    0.0487  4 08 x 08    0.0486  4 08 x 08
0.0747  0 32 x 04    0.0747  0 32 x 04    0.0488  0 06 x 07    0.0489  0 01 x 04
0.0748  0 00 x 08    0.0748  0 29 x 04    0.0489  0 01 x 04    0.0489  0 06 x 07
0.0748  0 29 x 04    0.0749  0 00 x 08    0.0491  0 06 x 06    0.0491  0 03 x 06
0.0752  4 08 x 07    0.0752  4 08 x 07    0.0491  0 03 x 06    0.0491  0 06 x 06
0.0753  0 00 x 06    0.0752  4 08 x 12    0.0493  4 08 x 10    0.0492  4 08 x 10
0.0754  4 08 x 12    0.0753  0 00 x 06    0.0494  0 04 x 04    0.0495  0 04 x 04
0.0754  0 27 x 04    0.0754  0 27 x 04    0.0495  0 06 x 10    0.0496  4 08 x 05
0.0758  4 08 x 06    0.0758  4 08 x 06    0.0495  4 08 x 05    0.0496  0 06 x 10
0.0760  0 00 x 07    0.0760  0 00 x 07    0.0496  0 06 x 05    0.0496  0 06 x 05
0.0760  0 01 x 04    0.0760  0 01 x 04    0.0497  4 08 x 07    0.0497  4 08 x 07
0.0761  0 06 x 04    0.0761  0 06 x 04    0.0501  3 08 x 05    0.0501  3 08 x 05
0.0762  5 08 x 10    0.0761  5 08 x 08    0.0502  4 08 x 12    0.0502  4 08 x 12
0.0762  5 08 x 08    0.0762  5 08 x 10    0.0504  4 08 x 06    0.0503  3 08 x 08
0.0764  5 08 x 06    0.0764  5 08 x 06    0.0504  3 08 x 08    0.0504  4 08 x 06
0.0764  0 04 x 04    0.0765  0 04 x 04    0.0505  3 08 x 10    0.0505  3 08 x 10
0.0767  0 06 x 12    0.0768  0 06 x 12    0.0506  0 05 x 04    0.0506  0 05 x 04
0.0770  0 05 x 04    0.0769  0 05 x 04    0.0513  3 08 x 06    0.0513  3 08 x 06
0.0770  5 08 x 07    0.0771  5 08 x 07    0.0516  0 31 x 03    0.0516  0 31 x 03
0.0774  3 08 x 05    0.0773  3 08 x 10    0.0517  0 06 x 04    0.0517  0 06 x 04
0.0774  3 08 x 08    0.0773  3 08 x 08    0.0520  0 03 x 05    0.0520  0 03 x 05
0.0774  3 08 x 10    0.0774  3 08 x 05    0.0521  5 08 x 08    0.0521  5 08 x 08
0.0776  5 08 x 05    0.0775  5 08 x 05    0.0525  5 08 x 06    0.0525  3 08 x 12
0.0785  0 07 x 05    0.0785  0 07 x 05    0.0525  3 08 x 12    0.0525  5 08 x 06
0.0793  4 08 x 04    0.0794  3 08 x 06    0.0526  4 08 x 04    0.0526  4 08 x 04
0.0793  3 08 x 06    0.0795  4 08 x 04    0.0526  0 00 x 04    0.0526  0 00 x 04
0.0797  0 07 x 06    0.0797  0 07 x 06    0.0527  5 08 x 10    0.0527  5 08 x 10
0.0800  3 08 x 12    0.0801  0 03 x 06    0.0528  0 01 x 03    0.0529  0 01 x 03
0.0801  0 03 x 06    0.0801  3 08 x 12    0.0529  0 30 x 03    0.0530  0 30 x 03
0.0801  0 07 x 08    0.0801  0 07 x 08    0.0531  0 03 x 07    0.0531  0 03 x 07
0.0808  5 08 x 12    0.0809  5 08 x 12    0.0532  0 32 x 03    0.0532  0 32 x 03
0.0813  0 03 x 05    0.0813  0 03 x 05    0.0532  5 08 x 07    0.0532  5 08 x 07
0.0817  0 31 x 03    0.0817  0 31 x 03    0.0534  3 08 x 07    0.0534  0 29 x 03
0.0823  5 08 x 04    0.0823  0 07 x 04    0.0534  0 29 x 03    0.0534  3 08 x 07
0.0823  0 07 x 04    0.0823  5 08 x 04    0.0534  0 28 x 03    0.0534  0 28 x 03
0.0826  3 08 x 07    0.0827  3 08 x 07    0.0535  0 06 x 12    0.0535  0 06 x 12
0.0828  0 01 x 03    0.0828  0 01 x 03    0.0536  3 08 x 04    0.0536  3 08 x 04
0.0831  0 00 x 04    0.0830  0 00 x 04    0.0538  5 08 x 05    0.0538  5 08 x 05
0.0832  0 07 x 07    0.0832  0 32 x 03    0.0539  0 04 x 03    0.0539  0 04 x 03
0.0833  0 32 x 03    0.0833  0 07 x 07    0.0546  0 03 x 04    0.0545  0 03 x 04
0.0836  3 08 x 04    0.0836  0 30 x 03    0.0548  0 07 x 05    0.0548  0 07 x 05
0.0836  0 30 x 03    0.0836  3 08 x 04    0.0553  0 27 x 03    0.0553  0 27 x 03
0.0838  0 29 x 03    0.0838  0 28 x 03    0.0553  5 08 x 12    0.0554  5 08 x 12
0.0838  0 28 x 03    0.0838  0 29 x 03    0.0561  0 07 x 06    0.0560  0 07 x 06
0.0839  0 04 x 03    0.0839  0 04 x 03    0.0561  0 03 x 08    0.0561  5 08 x 04
0.0840  6 08 x 08    0.0841  6 08 x 08    0.0561  5 08 x 04    0.0562  0 03 x 08
0.0845  6 08 x 07    0.0845  6 08 x 07    0.0563  0 05 x 03    0.0563  0 05 x 03
0.0846  6 08 x 06    0.0846  6 08 x 06    0.0572  0 07 x 04    0.0572  0 07 x 04
0.0852  6 08 x 10    0.0852  6 08 x 10    0.0575  2 08 x 05    0.0575  2 08 x 05
0.0855  6 08 x 05    0.0856  6 08 x 05    0.0575  0 00 x 03    0.0575  0 00 x 03
0.0861  0 05 x 03    0.0861  0 05 x 03    0.0577  0 06 x 03    0.0577  0 06 x 03
0.0862  0 03 x 04    0.0862  0 03 x 04    0.0577  0 07 x 08    0.0577  0 07 x 08
0.0863  6 08 x 12    0.0863  6 08 x 12    0.0598  0 07 x 07    0.0599  0 07 x 07
0.0863  0 27 x 03    0.0863  0 27 x 03    0.0602  2 08 x 04    0.0602  2 08 x 04
0.0869  0 06 x 03    0.0869  0 06 x 03    0.0605  6 08 x 07    0.0605  6 08 x 07
0.0888  0 07 x 10    0.0888  0 07 x 10    0.0607  0 03 x 12    0.0606  6 08 x 08
0.0892  0 03 x 07    0.0892  0 03 x 07    0.0607  6 08 x 08    0.0607  0 03 x 12
0.0896  2 08 x 05    0.0896  2 08 x 05    0.0609  6 08 x 06    0.0609  6 08 x 06
0.0906  0 00 x 03    0.0906  0 00 x 03    0.0609  4 08 x 03    0.0609  4 08 x 03
0.0921  6 08 x 04    0.0920  6 08 x 04    0.0613  6 08 x 10    0.0613  6 08 x 10
0.0926  0 07 x 03    0.0926  0 07 x 03    0.0613  6 08 x 05    0.0613  6 08 x 05
0.0930  4 08 x 03    0.0930  4 08 x 03    0.0614  0 03 x 10    0.0614  0 03 x 10
0.0935  0 03 x 08    0.0935  0 03 x 08    0.0617  0 03 x 03    0.0617  0 03 x 03
0.0951  5 08 x 03    0.0950  5 08 x 03    0.0622  6 08 x 12    0.0622  6 08 x 12
0.0956  2 08 x 04    0.0956  2 08 x 04    0.0629  3 08 x 03    0.0629  3 08 x 03
0.0956  0 07 x 12    0.0956  0 07 x 12    0.0633  0 07 x 03    0.0632  0 07 x 03
0.0959  0 03 x 12    0.0959  0 03 x 12    0.0638  0 04 x 02    0.0638  0 04 x 02
0.0970  0 03 x 10    0.0970  0 03 x 10    0.0645  5 08 x 03    0.0645  5 08 x 03
0.0975  3 08 x 03    0.0975  3 08 x 03    0.0652  6 08 x 04    0.0652  6 08 x 04
0.0978  0 03 x 03    0.0977  0 03 x 03    0.0653  0 07 x 10    0.0654  0 07 x 10
0.1020  0 04 x 02    0.1020  0 04 x 02    0.0657  0 01 x 02    0.0657  0 01 x 02
0.1030  7 08 x 05    0.1031  7 08 x 05    0.0663  0 29 x 02    0.0662  0 29 x 02
0.1038  0 01 x 02    0.1038  0 01 x 02    0.0665  0 32 x 02    0.0664  0 32 x 02
0.1047  0 05 x 02    0.1047  0 05 x 02    0.0665  0 00 x 02    0.0665  0 00 x 02
0.1049  6 08 x 03    0.1049  6 08 x 03    0.0666  0 28 x 02    0.0666  0 28 x 02
0.1053  0 06 x 02    0.1052  0 06 x 02    0.0668  0 05 x 02    0.0667  0 05 x 02
0.1064  0 00 x 02    0.1063  0 00 x 02    0.0675  0 30 x 02    0.0676  0 30 x 02
0.1068  0 29 x 02    0.1068  0 29 x 02    0.0684  0 31 x 02    0.0684  0 31 x 02
0.1070  0 32 x 02    0.1069  0 32 x 02    0.0685  0 06 x 02    0.0684  0 06 x 02
0.1072  0 28 x 02    0.1072  0 28 x 02    0.0692  0 27 x 02    0.0691  0 27 x 02
0.1081  0 30 x 02    0.1080  0 30 x 02    0.0700  2 08 x 03    0.0700  2 08 x 03
0.1095  0 31 x 02    0.1095  0 31 x 02    0.0723  0 07 x 12    0.0723  0 07 x 12
0.1110  2 08 x 03    0.1110  2 08 x 03    0.0740  0 07 x 02    0.0739  0 07 x 02
0.1113  0 27 x 02    0.1112  0 27 x 02    0.0744  6 08 x 03    0.0743  6 08 x 03
0.1117  0 07 x 02    0.1117  0 07 x 02    0.0779  4 08 x 02    0.0779  4 08 x 02
0.1121  7 08 x 04    0.1121  7 08 x 04    0.0788  1 08 x 04    0.0788  1 08 x 04
0.1231  4 08 x 02    0.1231  4 08 x 02    0.0803  3 08 x 02    0.0802  3 08 x 02
0.1244  5 08 x 02    0.1244  5 08 x 02    0.0804  7 08 x 05    0.0804  7 08 x 05
0.1245  7 08 x 03    0.1244  7 08 x 03    0.0813  1 08 x 05    0.0812  1 08 x 05
0.1300  3 08 x 02    0.1300  3 08 x 02    0.0815  5 08 x 02    0.0815  5 08 x 02
0.1325  1 08 x 04    0.1325  1 08 x 04    0.0835  0 03 x 02    0.0835  0 03 x 02
0.1331  1 08 x 05    0.1332  1 08 x 05    0.0859  7 08 x 04    0.0860  7 08 x 04
0.1348  6 08 x 02    0.1348  6 08 x 02    0.0921  2 08 x 02    0.0920  2 08 x 02
0.1363  0 03 x 02    0.1363  0 03 x 02    0.0935  1 08 x 03    0.0934  1 08 x 03
0.1509  1 08 x 03    0.1508  1 08 x 03    0.0935  6 08 x 02    0.0935  6 08 x 02
0.1511  2 08 x 02    0.1511  2 08 x 02    0.0951  7 08 x 03    0.0951  7 08 x 03
0.1614  7 08 x 02    0.1613  7 08 x 02    0.1051  0 00 x 01    0.1050  0 00 x 01
0.1755  1 08 x 02    0.1754  1 08 x 02    0.1072  0 29 x 01    0.1071  0 29 x 01
0.1819  0 00 x 01    0.1818  0 00 x 01    0.1072  0 32 x 01    0.1072  0 32 x 01
0.1821  0 04 x 01    0.1821  0 04 x 01    0.1075  0 04 x 01    0.1074  0 04 x 01
0.1825  0 01 x 01    0.1824  0 06 x 01    0.1081  0 01 x 01    0.1080  0 01 x 01
0.1825  0 06 x 01    0.1824  0 01 x 01    0.1090  0 28 x 01    0.1088  0 28 x 01
0.1833  0 05 x 01    0.1832  0 05 x 01    0.1095  0 05 x 01    0.1094  0 05 x 01
0.1854  0 29 x 01    0.1852  0 29 x 01    0.1102  1 08 x 02    0.1101  1 08 x 02
0.1854  0 32 x 01    0.1853  0 32 x 01    0.1104  0 06 x 01    0.1103  0 06 x 01
0.1854  0 07 x 01    0.1853  0 07 x 01    0.1116  0 02 x 02    0.1115  0 02 x 02
0.1865  0 28 x 01    0.1864  0 28 x 01    0.1118  0 31 x 01    0.1116  0 31 x 01
0.1888  0 02 x 02    0.1888  0 02 x 02    0.1119  0 27 x 01    0.1118  0 27 x 01
0.1900  0 30 x 01    0.1899  0 30 x 01    0.1126  0 30 x 01    0.1125  0 30 x 01
0.1918  0 31 x 01    0.1917  0 31 x 01    0.1134  0 07 x 01    0.1133  0 07 x 01
0.1923  0 27 x 01    0.1922  0 27 x 01    0.1176  4 08 x 01    0.1176  4 08 x 01
0.1959  0 02 x 01    0.1958  0 02 x 01    0.1194  0 02 x 01    0.1193  0 02 x 01
0.1991  4 08 x 01    0.1990  4 08 x 01    0.1201  0 02 x 03    0.1200  0 02 x 03
0.2056  5 08 x 01    0.2055  5 08 x 01    0.1215  7 08 x 02    0.1215  7 08 x 02
0.2064  0 02 x 03    0.2064  0 02 x 03    0.1241  3 08 x 01    0.1240  3 08 x 01
0.2109  3 08 x 01    0.2108  3 08 x 01    0.1269  5 08 x 01    0.1268  5 08 x 01
0.2260  6 08 x 01    0.2259  6 08 x 01    0.1311  0 02 x 04    0.1311  0 02 x 04
0.2283  0 03 x 01    0.2282  0 03 x 01    0.1332  0 03 x 01    0.1331  0 03 x 01
0.2316  0 02 x 04    0.2316  0 02 x 04    0.1413  2 08 x 01    0.1413  2 08 x 01
0.2397  2 08 x 01    0.2396  2 08 x 01    0.1491  6 08 x 01    0.1491  6 08 x 01
0.2500  0 02 x 05    0.2499  0 02 x 05    0.1540  0 02 x 05    0.1541  0 02 x 05
0.2524  0 02 x 07    0.2527  0 02 x 07    0.1582  0 02 x 06    0.1582  0 02 x 06
0.2530  0 02 x 06    0.2531  0 02 x 06    0.1598  0 02 x 07    0.1597  0 02 x 07
0.2537  0 02 x 08    0.2538  0 02 x 08    0.1604  0 02 x 08    0.1604  0 02 x 08
0.2597  0 02 x 10    0.2598  0 02 x 10    0.1631  0 02 x 10    0.1630  0 02 x 10
0.2636  0 02 x 12    0.2636  0 02 x 12    0.1670  0 02 x 12    0.1670  0 02 x 12
0.2762  7 08 x 01    0.2762  7 08 x 01    0.1916  1 08 x 01    0.1914  1 08 x 01
0.3220  1 08 x 01    0.3219  1 08 x 01    0.2018  7 08 x 01    0.2018  7 08 x 01
---Benchmark Program Finished---
