
./testbench.sh g++ O3 MontgomeryHalf uint64_t 191 8 22 -DTEST_ARRAY

compilation finished, now executing:
---Running Program---

begin benchmarks - array two_pow
(ignore)14570983554645190575

OVERALL BEST:
0.2146  0 32 x 07
0.2146  0 29 x 07
0.2159  0 29 x 06
0.2162  0 32 x 06
0.2163  0 32 x 10
0.2172  0 32 x 08
0.2174  0 29 x 08
0.2179  0 31 x 12
0.2183  0 29 x 10
0.2197  0 31 x 10
0.2199  0 29 x 05
0.2199  0 32 x 12
0.2199  0 29 x 12
0.2200  0 32 x 05
0.2207  0 31 x 08
0.2219  0 28 x 07
0.2225  0 28 x 10
0.2234  0 27 x 08
0.2244  0 31 x 07
0.2254  0 27 x 07
0.2256  0 28 x 08
0.2257  0 27 x 10
0.2276  0 04 x 08
0.2288  0 28 x 06
0.2292  0 31 x 06
0.2299  0 31 x 05
0.2300  0 30 x 12
0.2305  0 30 x 10
0.2311  0 30 x 08
0.2311  0 05 x 08
0.2312  0 28 x 12
0.2315  0 30 x 07
0.2320  0 27 x 06
0.2329  0 27 x 12
0.2331  0 28 x 05
0.2333  0 01 x 12
0.2337  0 00 x 10
0.2338  0 01 x 07
0.2343  0 30 x 05
0.2346  0 01 x 08
0.2351  0 30 x 06
0.2357  0 01 x 10
0.2364  0 06 x 08
0.2383  0 04 x 12
0.2383  0 05 x 12
0.2385  0 01 x 06
0.2386  0 04 x 10
0.2389  0 27 x 05
0.2404  0 04 x 06
0.2406  0 04 x 05
0.2412  0 04 x 07
0.2415  0 00 x 12
0.2417  0 05 x 07
0.2417  0 05 x 10
0.2424  0 29 x 04
0.2424  0 03 x 06
0.2425  0 01 x 05
0.2425  0 32 x 04
0.2444  0 06 x 07
0.2444  0 00 x 07
0.2445  0 06 x 10
0.2450  0 05 x 05
0.2457  0 00 x 08
0.2458  0 06 x 06
0.2466  0 00 x 05
0.2475  0 06 x 05
0.2489  0 05 x 06
0.2490  0 00 x 06
0.2502  0 03 x 08
0.2511  0 31 x 04
0.2533  4 08 x 05
0.2535  0 28 x 04
0.2537  0 03 x 05
0.2544  0 27 x 04
0.2551  0 03 x 07
0.2552  0 30 x 04
0.2554  0 04 x 04
0.2565  0 03 x 10
0.2580  4 08 x 08
0.2585  0 05 x 04
0.2587  0 03 x 04
0.2588  0 06 x 12
0.2602  4 08 x 10
0.2612  4 08 x 12
0.2620  4 08 x 07
0.2630  4 08 x 06
0.2631  0 01 x 04
0.2638  0 06 x 04
0.2650  3 08 x 05
0.2665  0 00 x 04
0.2669  5 08 x 08
0.2673  5 08 x 05
0.2689  5 08 x 10
0.2690  3 08 x 06
0.2715  3 08 x 10
0.2717  5 08 x 06
0.2719  0 32 x 03
0.2720  3 08 x 08
0.2721  5 08 x 07
0.2722  0 29 x 03
0.2722  3 08 x 07
0.2730  0 03 x 12
0.2755  0 07 x 06
0.2760  0 07 x 05
0.2774  0 31 x 03
0.2776  3 08 x 12
0.2779  4 08 x 04
0.2811  5 08 x 12
0.2827  0 05 x 03
0.2828  0 01 x 03
0.2839  0 27 x 03
0.2846  0 07 x 04
0.2872  5 08 x 04
0.2882  0 04 x 03
0.2890  0 28 x 03
0.2893  0 30 x 03
0.2893  0 00 x 03
0.2895  0 06 x 03
0.2941  3 08 x 04
0.2984  6 08 x 05
0.2986  6 08 x 07
0.3012  0 07 x 10
0.3012  6 08 x 08
0.3048  0 07 x 07
0.3051  6 08 x 06
0.3051  6 08 x 10
0.3099  4 08 x 03
0.3107  2 08 x 05
0.3112  6 08 x 12
0.3125  3 08 x 03
0.3149  0 03 x 03
0.3152  0 07 x 03
0.3179  0 07 x 08
0.3203  5 08 x 03
0.3277  0 07 x 12
0.3292  2 08 x 04
0.3296  6 08 x 04
0.3353  0 04 x 02
0.3393  0 01 x 02
0.3434  0 05 x 02
0.3489  2 08 x 03
0.3490  0 00 x 02
0.3492  0 31 x 02
0.3496  0 29 x 02
0.3499  0 32 x 02
0.3524  0 06 x 02
0.3616  0 27 x 02
0.3620  6 08 x 03
0.3647  0 28 x 02
0.3691  0 30 x 02
0.3731  0 07 x 02
0.3829  7 08 x 05
0.3889  4 08 x 02
0.3947  5 08 x 02
0.4056  3 08 x 02
0.4089  1 08 x 05
0.4100  7 08 x 04
0.4282  0 03 x 02
0.4299  1 08 x 03
0.4361  1 08 x 04
0.4474  6 08 x 02
0.4582  7 08 x 03
0.4833  2 08 x 02
0.5642  7 08 x 02
0.5664  0 04 x 01
0.5749  0 00 x 01
0.5868  0 01 x 01
0.5872  0 32 x 01
0.5878  0 29 x 01
0.5896  0 05 x 01
0.5903  0 06 x 01
0.6000  0 07 x 01
0.6034  0 02 x 02
0.6270  0 30 x 01
0.6331  0 02 x 01
0.6363  0 31 x 01
0.6400  0 28 x 01
0.6477  1 08 x 02
0.6478  4 08 x 01
0.6547  0 02 x 03
0.6582  0 27 x 01
0.6827  5 08 x 01
0.7117  3 08 x 01
0.7229  0 03 x 01
0.7360  0 02 x 04
0.7552  2 08 x 01
0.7665  6 08 x 01
0.8143  0 02 x 05
0.8221  0 02 x 06
0.8310  0 02 x 08
0.8350  0 02 x 07
0.8491  0 02 x 10
0.8634  0 02 x 12
0.9744  7 08 x 01
1.0313  1 08 x 01
Timings By Test Type:
0.0656  0 32 x 07    0.0656  0 32 x 07    0.0417  0 32 x 07    0.0417  0 32 x 07
0.0656  0 29 x 07    0.0656  0 29 x 07    0.0417  0 29 x 07    0.0417  0 29 x 07
0.0658  0 29 x 06    0.0658  0 29 x 06    0.0422  0 32 x 10    0.0422  0 32 x 10
0.0659  0 32 x 06    0.0659  0 32 x 06    0.0422  0 32 x 06    0.0422  0 32 x 06
0.0660  0 32 x 10    0.0660  0 32 x 10    0.0422  0 29 x 06    0.0422  0 32 x 08
0.0664  0 32 x 08    0.0664  0 32 x 08    0.0422  0 32 x 08    0.0422  0 29 x 06
0.0664  0 29 x 08    0.0664  0 29 x 08    0.0423  0 29 x 08    0.0423  0 29 x 08
0.0666  0 31 x 12    0.0666  0 31 x 12    0.0423  0 29 x 10    0.0423  0 29 x 10
0.0669  0 29 x 10    0.0668  0 29 x 10    0.0423  0 31 x 12    0.0423  0 31 x 12
0.0669  0 28 x 07    0.0669  0 28 x 07    0.0428  0 29 x 05    0.0427  0 29 x 05
0.0670  0 31 x 10    0.0670  0 31 x 10    0.0428  0 32 x 05    0.0428  0 32 x 05
0.0670  0 32 x 12    0.0670  0 29 x 12    0.0429  0 31 x 10    0.0428  0 31 x 10
0.0670  0 29 x 12    0.0671  0 32 x 12    0.0429  0 32 x 12    0.0429  0 29 x 12
0.0672  0 32 x 05    0.0672  0 29 x 05    0.0430  0 29 x 12    0.0429  0 32 x 12
0.0672  0 29 x 05    0.0672  0 32 x 05    0.0430  0 31 x 08    0.0431  0 31 x 08
0.0673  0 31 x 08    0.0673  0 31 x 08    0.0434  0 27 x 08    0.0434  0 27 x 08
0.0674  0 28 x 10    0.0674  0 28 x 10    0.0436  0 27 x 07    0.0436  0 27 x 07
0.0681  0 28 x 08    0.0681  0 28 x 08    0.0436  0 27 x 10    0.0436  0 31 x 07
0.0683  0 27 x 08    0.0683  0 27 x 08    0.0437  0 31 x 07    0.0437  0 27 x 10
0.0685  0 31 x 07    0.0686  0 31 x 07    0.0439  0 28 x 10    0.0439  0 28 x 10
0.0691  0 27 x 07    0.0691  0 27 x 07    0.0440  0 28 x 07    0.0441  0 28 x 07
0.0692  0 05 x 08    0.0692  0 04 x 08    0.0444  0 31 x 06    0.0445  0 31 x 06
0.0692  0 27 x 10    0.0692  0 27 x 10    0.0446  0 04 x 08    0.0446  0 04 x 08
0.0692  0 04 x 08    0.0692  0 05 x 08    0.0447  0 28 x 08    0.0447  0 28 x 08
0.0693  0 28 x 06    0.0693  0 28 x 06    0.0449  0 31 x 05    0.0449  0 31 x 05
0.0697  0 30 x 08    0.0696  0 30 x 08    0.0449  0 27 x 12    0.0449  0 27 x 12
0.0697  0 30 x 12    0.0698  0 30 x 07    0.0451  0 27 x 06    0.0451  0 27 x 06
0.0698  0 30 x 07    0.0698  0 30 x 12    0.0451  0 28 x 06    0.0451  0 28 x 06
0.0699  0 30 x 10    0.0698  0 30 x 10    0.0453  0 30 x 12    0.0452  0 30 x 12
0.0701  0 31 x 05    0.0701  0 31 x 05    0.0453  0 00 x 10    0.0453  0 00 x 10
0.0701  0 31 x 06    0.0702  0 31 x 06    0.0454  0 30 x 10    0.0454  0 28 x 12
0.0702  0 28 x 12    0.0702  0 28 x 12    0.0455  0 28 x 12    0.0454  0 30 x 10
0.0704  0 06 x 08    0.0704  0 06 x 08    0.0458  0 01 x 12    0.0458  0 01 x 12
0.0705  0 28 x 05    0.0705  0 28 x 05    0.0458  0 01 x 07    0.0458  0 01 x 07
0.0706  0 30 x 05    0.0707  0 30 x 05    0.0459  0 30 x 08    0.0459  0 30 x 08
0.0707  0 30 x 06    0.0707  0 30 x 06    0.0460  0 30 x 07    0.0460  0 30 x 07
0.0708  0 01 x 12    0.0709  0 01 x 12    0.0460  0 01 x 08    0.0461  0 28 x 05
0.0709  0 27 x 06    0.0709  0 27 x 06    0.0461  0 28 x 05    0.0461  0 01 x 08
0.0711  0 01 x 07    0.0711  0 01 x 07    0.0462  0 01 x 10    0.0463  0 01 x 10
0.0712  0 01 x 08    0.0712  0 01 x 08    0.0463  0 05 x 08    0.0463  0 05 x 08
0.0713  0 05 x 12    0.0712  0 05 x 12    0.0465  0 30 x 05    0.0465  0 30 x 05
0.0715  0 27 x 12    0.0715  0 00 x 10    0.0466  0 04 x 10    0.0466  0 04 x 10
0.0715  0 00 x 10    0.0715  0 27 x 12    0.0466  0 04 x 12    0.0466  0 04 x 12
0.0716  0 01 x 10    0.0716  0 01 x 10    0.0467  0 27 x 05    0.0467  0 27 x 05
0.0722  0 05 x 10    0.0721  0 05 x 10    0.0468  0 01 x 06    0.0468  0 01 x 06
0.0725  0 01 x 06    0.0725  0 01 x 06    0.0468  0 30 x 06    0.0468  0 30 x 06
0.0725  0 04 x 12    0.0725  0 05 x 07    0.0469  0 04 x 05    0.0469  0 04 x 05
0.0725  0 05 x 07    0.0725  0 04 x 12    0.0469  0 00 x 12    0.0469  0 04 x 06
0.0727  0 04 x 10    0.0727  0 27 x 05    0.0470  0 04 x 06    0.0470  0 04 x 07
0.0727  0 27 x 05    0.0727  0 04 x 10    0.0470  0 04 x 07    0.0472  0 03 x 06
0.0727  0 06 x 10    0.0727  0 06 x 10    0.0472  0 03 x 06    0.0472  0 32 x 04
0.0729  0 06 x 07    0.0729  0 06 x 07    0.0473  0 29 x 04    0.0473  0 29 x 04
0.0732  0 06 x 06    0.0732  0 06 x 06    0.0473  0 32 x 04    0.0474  0 01 x 05
0.0732  0 04 x 06    0.0732  0 04 x 06    0.0474  0 01 x 05    0.0475  0 00 x 12
0.0733  0 05 x 05    0.0733  0 05 x 05    0.0476  0 00 x 07    0.0477  0 00 x 07
0.0734  0 04 x 05    0.0734  0 04 x 05    0.0477  0 00 x 08    0.0477  0 00 x 08
0.0735  0 04 x 07    0.0734  0 00 x 12    0.0478  0 06 x 08    0.0478  0 06 x 08
0.0736  0 00 x 12    0.0735  0 04 x 07    0.0479  0 05 x 12    0.0479  0 00 x 05
0.0739  0 06 x 05    0.0738  0 06 x 05    0.0479  0 00 x 05    0.0479  0 05 x 12
0.0739  0 01 x 05    0.0739  0 01 x 05    0.0482  0 00 x 06    0.0483  0 05 x 07
0.0739  0 29 x 04    0.0739  0 29 x 04    0.0483  0 05 x 07    0.0484  0 00 x 06
0.0740  0 03 x 06    0.0740  0 32 x 04    0.0487  0 05 x 10    0.0487  0 05 x 10
0.0740  0 32 x 04    0.0740  0 03 x 06    0.0488  0 31 x 04    0.0488  0 31 x 04
0.0745  0 05 x 06    0.0745  0 05 x 06    0.0491  0 03 x 08    0.0492  0 03 x 05
0.0746  0 00 x 07    0.0746  0 00 x 07    0.0492  0 03 x 05    0.0492  0 03 x 08
0.0751  0 00 x 08    0.0751  0 00 x 08    0.0492  0 05 x 05    0.0492  0 05 x 05
0.0754  0 00 x 05    0.0754  0 00 x 05    0.0493  0 06 x 07    0.0493  0 06 x 07
0.0759  0 03 x 08    0.0759  0 03 x 08    0.0495  0 06 x 10    0.0495  0 06 x 10
0.0761  0 28 x 04    0.0760  0 28 x 04    0.0495  0 03 x 07    0.0495  0 03 x 07
0.0761  4 08 x 05    0.0761  4 08 x 05    0.0497  0 06 x 06    0.0497  0 06 x 06
0.0762  0 00 x 06    0.0762  0 00 x 06    0.0497  0 27 x 04    0.0498  0 27 x 04
0.0763  0 06 x 12    0.0763  0 06 x 12    0.0499  0 06 x 05    0.0499  0 06 x 05
0.0767  0 31 x 04    0.0767  0 31 x 04    0.0499  0 05 x 06    0.0500  0 05 x 06
0.0771  0 30 x 04    0.0771  0 30 x 04    0.0500  0 04 x 04    0.0500  0 04 x 04
0.0775  0 27 x 04    0.0774  0 27 x 04    0.0502  0 03 x 10    0.0502  0 03 x 10
0.0777  0 03 x 05    0.0777  0 04 x 04    0.0505  4 08 x 05    0.0505  4 08 x 05
0.0777  0 04 x 04    0.0777  0 03 x 05    0.0505  0 30 x 04    0.0505  0 30 x 04
0.0778  0 05 x 04    0.0778  0 05 x 04    0.0506  0 03 x 04    0.0506  0 03 x 04
0.0779  4 08 x 08    0.0778  4 08 x 08    0.0507  0 28 x 04    0.0507  0 28 x 04
0.0780  0 03 x 07    0.0780  0 03 x 07    0.0511  4 08 x 08    0.0511  4 08 x 08
0.0781  0 03 x 10    0.0781  0 03 x 10    0.0515  0 05 x 04    0.0514  0 05 x 04
0.0783  4 08 x 10    0.0782  4 08 x 10    0.0516  0 00 x 04    0.0516  0 01 x 04
0.0786  4 08 x 12    0.0787  4 08 x 12    0.0517  0 01 x 04    0.0516  0 00 x 04
0.0787  4 08 x 07    0.0787  4 08 x 07    0.0519  4 08 x 10    0.0519  4 08 x 10
0.0788  0 03 x 04    0.0787  0 03 x 04    0.0520  4 08 x 12    0.0520  4 08 x 12
0.0789  5 08 x 05    0.0789  5 08 x 05    0.0522  3 08 x 05    0.0522  3 08 x 05
0.0790  4 08 x 06    0.0790  0 06 x 04    0.0523  4 08 x 07    0.0523  4 08 x 07
0.0790  0 06 x 04    0.0790  4 08 x 06    0.0525  4 08 x 06    0.0525  4 08 x 06
0.0790  5 08 x 08    0.0790  5 08 x 08    0.0529  0 32 x 03    0.0529  0 32 x 03
0.0794  5 08 x 10    0.0794  5 08 x 10    0.0529  0 06 x 04    0.0529  0 06 x 04
0.0799  0 01 x 04    0.0799  0 01 x 04    0.0530  0 29 x 03    0.0530  0 29 x 03
0.0803  5 08 x 06    0.0802  5 08 x 06    0.0531  3 08 x 06    0.0531  3 08 x 06
0.0803  3 08 x 05    0.0803  3 08 x 05    0.0531  0 06 x 12    0.0532  0 06 x 12
0.0807  5 08 x 07    0.0804  5 08 x 07    0.0533  0 03 x 12    0.0533  0 03 x 12
0.0809  0 07 x 06    0.0809  0 07 x 06    0.0535  3 08 x 08    0.0535  3 08 x 08
0.0811  0 07 x 05    0.0811  0 07 x 05    0.0535  3 08 x 10    0.0535  3 08 x 10
0.0814  3 08 x 06    0.0813  3 08 x 06    0.0538  3 08 x 07    0.0538  0 31 x 03
0.0817  0 00 x 04    0.0816  0 00 x 04    0.0538  0 31 x 03    0.0539  3 08 x 07
0.0822  3 08 x 10    0.0822  3 08 x 10    0.0544  5 08 x 08    0.0544  5 08 x 08
0.0823  3 08 x 07    0.0823  3 08 x 07    0.0547  5 08 x 05    0.0547  5 08 x 05
0.0825  3 08 x 08    0.0825  3 08 x 08    0.0549  3 08 x 12    0.0548  3 08 x 12
0.0830  5 08 x 12    0.0829  5 08 x 12    0.0551  5 08 x 10    0.0551  5 08 x 10
0.0831  0 32 x 03    0.0831  0 32 x 03    0.0551  0 01 x 03    0.0551  0 01 x 03
0.0831  0 29 x 03    0.0831  0 29 x 03    0.0551  4 08 x 04    0.0551  4 08 x 04
0.0832  0 03 x 12    0.0831  0 03 x 12    0.0554  0 27 x 03    0.0554  0 27 x 03
0.0838  0 07 x 04    0.0838  0 07 x 04    0.0555  5 08 x 07    0.0555  5 08 x 07
0.0838  4 08 x 04    0.0838  4 08 x 04    0.0556  5 08 x 06    0.0556  5 08 x 06
0.0840  3 08 x 12    0.0840  3 08 x 12    0.0559  0 05 x 03    0.0559  0 05 x 03
0.0849  0 31 x 03    0.0849  0 31 x 03    0.0561  0 04 x 03    0.0561  0 04 x 03
0.0852  5 08 x 04    0.0852  5 08 x 04    0.0562  0 00 x 03    0.0563  0 00 x 03
0.0855  0 05 x 03    0.0855  0 05 x 03    0.0569  0 28 x 03    0.0569  0 07 x 06
0.0863  0 01 x 03    0.0863  0 01 x 03    0.0569  0 07 x 06    0.0569  0 28 x 03
0.0864  6 08 x 05    0.0864  6 08 x 05    0.0569  0 07 x 05    0.0569  0 07 x 05
0.0865  0 27 x 03    0.0865  0 27 x 03    0.0571  0 30 x 03    0.0571  0 30 x 03
0.0868  6 08 x 07    0.0868  6 08 x 07    0.0574  3 08 x 04    0.0574  3 08 x 04
0.0870  0 07 x 10    0.0870  0 06 x 03    0.0576  5 08 x 12    0.0576  5 08 x 12
0.0871  0 06 x 03    0.0874  6 08 x 08    0.0577  0 06 x 03    0.0577  0 06 x 03
0.0875  6 08 x 08    0.0874  0 07 x 10    0.0584  5 08 x 04    0.0584  5 08 x 04
0.0875  0 30 x 03    0.0875  0 30 x 03    0.0585  0 07 x 04    0.0585  0 07 x 04
0.0876  0 28 x 03    0.0876  0 28 x 03    0.0606  2 08 x 05    0.0607  2 08 x 05
0.0879  0 07 x 07    0.0878  0 07 x 07    0.0609  0 03 x 03    0.0609  0 03 x 03
0.0880  0 04 x 03    0.0881  0 04 x 03    0.0616  4 08 x 03    0.0615  4 08 x 03
0.0884  0 00 x 03    0.0884  0 00 x 03    0.0618  3 08 x 03    0.0617  3 08 x 03
0.0887  6 08 x 06    0.0886  6 08 x 06    0.0625  6 08 x 07    0.0625  6 08 x 07
0.0888  6 08 x 10    0.0887  6 08 x 10    0.0628  6 08 x 05    0.0628  6 08 x 05
0.0897  3 08 x 04    0.0897  3 08 x 04    0.0632  6 08 x 08    0.0632  6 08 x 08
0.0902  6 08 x 12    0.0902  6 08 x 12    0.0636  0 07 x 10    0.0633  0 07 x 10
0.0910  0 07 x 08    0.0908  0 07 x 08    0.0638  0 07 x 03    0.0637  0 07 x 03
0.0934  0 07 x 12    0.0934  4 08 x 03    0.0638  6 08 x 10    0.0638  6 08 x 10
0.0934  4 08 x 03    0.0935  0 07 x 12    0.0639  6 08 x 06    0.0639  6 08 x 06
0.0939  0 07 x 03    0.0938  0 07 x 03    0.0643  2 08 x 04    0.0643  2 08 x 04
0.0945  3 08 x 03    0.0945  3 08 x 03    0.0645  0 04 x 02    0.0645  0 04 x 02
0.0947  2 08 x 05    0.0947  2 08 x 05    0.0645  0 07 x 07    0.0646  0 07 x 07
0.0951  5 08 x 03    0.0951  5 08 x 03    0.0650  5 08 x 03    0.0650  5 08 x 03
0.0955  6 08 x 04    0.0955  6 08 x 04    0.0653  0 01 x 02    0.0653  0 01 x 02
0.0966  0 03 x 03    0.0965  0 03 x 03    0.0654  6 08 x 12    0.0654  6 08 x 12
0.1003  2 08 x 04    0.1004  2 08 x 04    0.0669  0 00 x 02    0.0668  0 00 x 02
0.1031  0 04 x 02    0.1031  0 04 x 02    0.0670  0 05 x 02    0.0670  0 05 x 02
0.1044  0 01 x 02    0.1043  0 01 x 02    0.0670  0 29 x 02    0.0670  0 29 x 02
0.1048  0 05 x 02    0.1047  0 05 x 02    0.0671  0 32 x 02    0.0671  0 32 x 02
0.1054  6 08 x 03    0.1054  6 08 x 03    0.0674  2 08 x 03    0.0674  2 08 x 03
0.1069  0 06 x 02    0.1068  0 06 x 02    0.0676  0 31 x 02    0.0676  0 31 x 02
0.1069  7 08 x 05    0.1069  7 08 x 05    0.0681  0 07 x 08    0.0681  0 07 x 08
0.1071  2 08 x 03    0.1070  0 31 x 02    0.0691  0 27 x 02    0.0691  0 27 x 02
0.1071  0 31 x 02    0.1070  2 08 x 03    0.0693  6 08 x 04    0.0693  6 08 x 04
0.1077  0 00 x 02    0.1076  0 00 x 02    0.0693  0 06 x 02    0.0693  0 06 x 02
0.1079  0 29 x 02    0.1078  0 29 x 02    0.0704  0 07 x 12    0.0703  0 07 x 12
0.1079  0 32 x 02    0.1078  0 32 x 02    0.0707  0 28 x 02    0.0707  0 28 x 02
0.1117  0 28 x 02    0.1116  0 28 x 02    0.0721  0 30 x 02    0.0720  0 30 x 02
0.1117  0 27 x 02    0.1117  0 27 x 02    0.0746  0 07 x 02    0.0746  0 07 x 02
0.1120  0 07 x 02    0.1120  0 07 x 02    0.0747  4 08 x 02    0.0747  4 08 x 02
0.1125  0 30 x 02    0.1125  0 30 x 02    0.0755  6 08 x 03    0.0756  6 08 x 03
0.1151  7 08 x 04    0.1152  7 08 x 04    0.0773  3 08 x 02    0.0773  3 08 x 02
0.1186  5 08 x 02    0.1185  5 08 x 02    0.0788  5 08 x 02    0.0787  5 08 x 02
0.1197  4 08 x 02    0.1197  4 08 x 02    0.0788  1 08 x 05    0.0788  1 08 x 05
0.1255  3 08 x 02    0.1255  3 08 x 02    0.0819  0 03 x 02    0.0818  0 03 x 02
0.1256  1 08 x 05    0.1256  1 08 x 05    0.0837  1 08 x 03    0.0838  1 08 x 03
0.1291  7 08 x 03    0.1291  7 08 x 03    0.0843  1 08 x 04    0.0843  1 08 x 04
0.1312  1 08 x 03    0.1312  1 08 x 03    0.0846  7 08 x 05    0.0846  7 08 x 05
0.1315  6 08 x 02    0.1315  6 08 x 02    0.0898  7 08 x 04    0.0898  7 08 x 04
0.1323  0 03 x 02    0.1322  0 03 x 02    0.0915  2 08 x 02    0.0915  2 08 x 02
0.1337  1 08 x 04    0.1338  1 08 x 04    0.0922  6 08 x 02    0.0922  6 08 x 02
0.1501  2 08 x 02    0.1501  2 08 x 02    0.1000  7 08 x 03    0.1000  7 08 x 03
0.1609  7 08 x 02    0.1609  7 08 x 02    0.1038  0 04 x 01    0.1040  0 04 x 01
0.1793  0 04 x 01    0.1792  0 04 x 01    0.1055  0 00 x 01    0.1054  0 00 x 01
0.1821  0 00 x 01    0.1820  0 00 x 01    0.1079  0 32 x 01    0.1079  0 32 x 01
0.1837  0 06 x 01    0.1837  0 06 x 01    0.1081  0 29 x 01    0.1080  0 29 x 01
0.1840  0 01 x 01    0.1839  0 01 x 01    0.1094  0 01 x 01    0.1094  0 01 x 01
0.1844  0 05 x 01    0.1843  0 05 x 01    0.1105  0 05 x 01    0.1104  0 05 x 01
0.1857  0 32 x 01    0.1856  0 32 x 01    0.1115  0 06 x 01    0.1115  0 06 x 01
0.1859  0 29 x 01    0.1858  0 29 x 01    0.1118  0 02 x 02    0.1118  0 02 x 02
0.1860  0 07 x 01    0.1860  0 07 x 01    0.1141  0 07 x 01    0.1139  0 07 x 01
0.1899  0 02 x 02    0.1899  0 02 x 02    0.1178  0 30 x 01    0.1177  0 30 x 01
0.1958  0 30 x 01    0.1957  0 30 x 01    0.1193  0 31 x 01    0.1191  0 31 x 01
0.1970  0 02 x 01    0.1969  0 02 x 01    0.1196  0 02 x 01    0.1196  0 02 x 01
0.1989  0 31 x 01    0.1988  0 28 x 01    0.1204  1 08 x 02    0.1204  1 08 x 02
0.1989  0 28 x 01    0.1990  0 31 x 01    0.1208  0 02 x 03    0.1209  0 02 x 03
0.2028  4 08 x 01    0.2027  4 08 x 01    0.1212  0 28 x 01    0.1211  0 28 x 01
0.2035  1 08 x 02    0.2034  1 08 x 02    0.1212  4 08 x 01    0.1212  4 08 x 01
0.2057  0 27 x 01    0.2057  0 27 x 01    0.1212  7 08 x 02    0.1212  7 08 x 02
0.2065  0 02 x 03    0.2065  0 02 x 03    0.1235  0 27 x 01    0.1233  0 27 x 01
0.2100  5 08 x 01    0.2100  5 08 x 01    0.1314  5 08 x 01    0.1313  5 08 x 01
0.2223  3 08 x 01    0.2222  3 08 x 01    0.1333  0 03 x 01    0.1332  0 03 x 01
0.2282  0 03 x 01    0.2281  0 03 x 01    0.1336  3 08 x 01    0.1335  3 08 x 01
0.2302  6 08 x 01    0.2300  6 08 x 01    0.1338  0 02 x 04    0.1338  0 02 x 04
0.2342  0 02 x 04    0.2342  0 02 x 04    0.1396  2 08 x 01    0.1396  2 08 x 01
0.2381  2 08 x 01    0.2380  2 08 x 01    0.1532  6 08 x 01    0.1531  6 08 x 01
0.2521  0 02 x 05    0.2521  0 02 x 05    0.1551  0 02 x 05    0.1550  0 02 x 05
0.2526  0 02 x 06    0.2525  0 02 x 06    0.1585  0 02 x 06    0.1586  0 02 x 06
0.2546  0 02 x 08    0.2545  0 02 x 08    0.1609  0 02 x 08    0.1610  0 02 x 08
0.2559  0 02 x 07    0.2560  0 02 x 07    0.1615  0 02 x 07    0.1615  0 02 x 07
0.2605  0 02 x 10    0.2604  0 02 x 10    0.1640  0 02 x 10    0.1641  0 02 x 10
0.2651  0 02 x 12    0.2649  0 02 x 12    0.1667  0 02 x 12    0.1668  0 02 x 12
0.2809  7 08 x 01    0.2808  7 08 x 01    0.1898  1 08 x 01    0.1897  1 08 x 01
0.3298  1 08 x 01    0.3221  1 08 x 01    0.2064  7 08 x 01    0.2063  7 08 x 01
---Benchmark Program Finished---
