
./testbench.sh clang++ O3 MontgomeryHalf uint64_t 191 8 22 -DTEST_ARRAY

compilation finished, now executing:
---Running Program---

begin benchmarks - array two_pow
(ignore)14570983554645190575

OVERALL BEST:
0.2044  0 28 x 07
0.2050  0 28 x 05
0.2053  0 32 x 06
0.2054  0 29 x 06
0.2055  0 28 x 10
0.2064  0 28 x 08
0.2067  0 32 x 10
0.2067  0 29 x 10
0.2075  0 28 x 12
0.2084  0 28 x 06
0.2085  0 32 x 12
0.2086  0 29 x 12
0.2109  0 32 x 07
0.2111  0 29 x 07
0.2113  0 31 x 10
0.2140  0 27 x 05
0.2147  0 29 x 08
0.2149  0 32 x 08
0.2165  0 27 x 10
0.2174  0 29 x 05
0.2174  0 32 x 05
0.2183  0 27 x 12
0.2184  0 27 x 08
0.2201  0 30 x 08
0.2202  0 27 x 06
0.2211  0 31 x 06
0.2217  0 27 x 07
0.2221  0 31 x 12
0.2228  0 30 x 12
0.2239  0 30 x 07
0.2242  0 31 x 07
0.2248  0 30 x 06
0.2255  0 31 x 08
0.2258  0 01 x 12
0.2267  0 31 x 05
0.2273  0 04 x 08
0.2274  0 05 x 08
0.2276  0 30 x 10
0.2280  0 01 x 10
0.2290  0 01 x 06
0.2307  0 01 x 08
0.2310  0 01 x 05
0.2314  0 06 x 08
0.2326  0 01 x 07
0.2343  0 00 x 12
0.2349  0 30 x 05
0.2351  0 00 x 10
0.2360  0 05 x 06
0.2364  0 28 x 04
0.2368  0 00 x 07
0.2372  0 05 x 12
0.2378  0 00 x 05
0.2380  0 04 x 12
0.2388  0 00 x 08
0.2388  0 05 x 07
0.2389  0 06 x 12
0.2399  0 05 x 10
0.2402  0 04 x 07
0.2412  0 04 x 10
0.2412  0 00 x 06
0.2417  0 06 x 07
0.2422  0 06 x 10
0.2428  0 05 x 05
0.2439  0 29 x 04
0.2440  0 32 x 04
0.2446  0 31 x 04
0.2446  0 06 x 06
0.2464  0 06 x 05
0.2466  0 27 x 04
0.2471  0 04 x 06
0.2472  0 04 x 05
0.2493  0 30 x 04
0.2526  0 00 x 04
0.2530  0 05 x 04
0.2532  4 08 x 12
0.2552  0 01 x 04
0.2572  3 08 x 12
0.2584  0 07 x 08
0.2595  0 04 x 04
0.2608  0 06 x 04
0.2625  3 08 x 08
0.2644  0 28 x 03
0.2648  0 07 x 06
0.2655  4 08 x 08
0.2660  4 08 x 10
0.2671  4 08 x 07
0.2675  0 07 x 07
0.2675  4 08 x 06
0.2680  3 08 x 06
0.2684  0 07 x 12
0.2687  0 07 x 10
0.2690  5 08 x 12
0.2698  3 08 x 05
0.2708  0 07 x 05
0.2710  0 29 x 03
0.2713  0 32 x 03
0.2713  4 08 x 05
0.2715  0 30 x 03
0.2719  3 08 x 10
0.2723  0 03 x 04
0.2726  0 03 x 12
0.2753  0 27 x 03
0.2757  5 08 x 06
0.2758  5 08 x 08
0.2767  5 08 x 07
0.2772  0 01 x 03
0.2772  0 03 x 06
0.2781  3 08 x 07
0.2785  5 08 x 10
0.2792  0 03 x 05
0.2806  0 05 x 03
0.2807  0 03 x 07
0.2810  0 03 x 08
0.2813  0 03 x 10
0.2814  0 07 x 04
0.2826  0 31 x 03
0.2828  0 06 x 03
0.2833  0 04 x 03
0.2859  0 00 x 03
0.2869  4 08 x 04
0.2884  5 08 x 05
0.2913  3 08 x 04
0.3034  5 08 x 04
0.3086  0 07 x 03
0.3093  6 08 x 12
0.3094  6 08 x 05
0.3113  2 08 x 05
0.3132  4 08 x 03
0.3159  6 08 x 10
0.3165  6 08 x 07
0.3173  6 08 x 06
0.3180  2 08 x 04
0.3192  6 08 x 08
0.3265  3 08 x 03
0.3294  5 08 x 03
0.3326  0 03 x 03
0.3345  6 08 x 04
0.3389  0 01 x 02
0.3426  0 04 x 02
0.3450  0 30 x 02
0.3473  0 28 x 02
0.3502  0 05 x 02
0.3521  0 06 x 02
0.3524  0 00 x 02
0.3530  0 29 x 02
0.3553  0 32 x 02
0.3581  0 31 x 02
0.3612  0 27 x 02
0.3725  6 08 x 03
0.3763  0 07 x 02
0.3810  2 08 x 03
0.3855  4 08 x 02
0.3921  3 08 x 02
0.4058  5 08 x 02
0.4068  7 08 x 05
0.4339  7 08 x 04
0.4355  0 03 x 02
0.4382  2 08 x 02
0.4466  1 08 x 05
0.4733  7 08 x 03
0.4756  1 08 x 04
0.4824  6 08 x 02
0.5344  1 08 x 03
0.5773  1 08 x 02
0.5804  0 01 x 01
0.5838  0 05 x 01
0.5874  0 06 x 01
0.5886  0 04 x 01
0.5950  0 28 x 01
0.5953  0 00 x 01
0.5954  0 30 x 01
0.5991  0 02 x 03
0.5993  0 07 x 01
0.5997  0 02 x 02
0.6063  7 08 x 02
0.6092  0 29 x 01
0.6106  0 32 x 01
0.6207  0 31 x 01
0.6243  0 27 x 01
0.6271  0 02 x 01
0.6508  0 02 x 08
0.6511  0 02 x 07
0.6523  0 02 x 06
0.6528  0 02 x 04
0.6553  0 02 x 05
0.6596  4 08 x 01
0.6630  0 02 x 12
0.6777  0 02 x 10
0.6783  5 08 x 01
0.6849  3 08 x 01
0.7323  0 03 x 01
0.7674  6 08 x 01
0.7734  2 08 x 01
0.9944  7 08 x 01
1.0459  1 08 x 01
Timings By Test Type:
0.0620  0 28 x 07    0.0621  0 28 x 07    0.0401  0 32 x 06    0.0401  0 29 x 06
0.0621  0 28 x 05    0.0621  0 28 x 05    0.0401  0 29 x 06    0.0401  0 32 x 06
0.0625  0 32 x 06    0.0622  0 28 x 10    0.0402  0 28 x 07    0.0402  0 28 x 07
0.0626  0 29 x 06    0.0625  0 32 x 06    0.0404  0 29 x 10    0.0402  0 28 x 10
0.0627  0 28 x 10    0.0626  0 29 x 06    0.0404  0 28 x 10    0.0403  0 32 x 10
0.0628  0 28 x 08    0.0628  0 28 x 08    0.0404  0 28 x 08    0.0404  0 28 x 05
0.0629  0 32 x 10    0.0629  0 29 x 10    0.0404  0 28 x 05    0.0404  0 28 x 08
0.0630  0 29 x 10    0.0629  0 32 x 10    0.0405  0 32 x 10    0.0405  0 29 x 10
0.0632  0 28 x 12    0.0633  0 28 x 06    0.0405  0 28 x 12    0.0405  0 28 x 12
0.0633  0 28 x 06    0.0633  0 28 x 12    0.0407  0 32 x 12    0.0407  0 32 x 12
0.0636  0 32 x 12    0.0636  0 29 x 12    0.0407  0 29 x 12    0.0407  0 29 x 12
0.0636  0 29 x 12    0.0636  0 32 x 12    0.0410  0 28 x 06    0.0408  0 28 x 06
0.0644  0 32 x 07    0.0644  0 32 x 07    0.0410  0 32 x 07    0.0410  0 32 x 07
0.0645  0 31 x 10    0.0645  0 29 x 07    0.0411  0 29 x 07    0.0411  0 29 x 07
0.0645  0 29 x 07    0.0645  0 31 x 10    0.0411  0 31 x 10    0.0412  0 31 x 10
0.0650  0 27 x 05    0.0650  0 27 x 05    0.0419  0 29 x 08    0.0419  0 29 x 08
0.0655  0 29 x 08    0.0654  0 29 x 08    0.0419  0 32 x 08    0.0419  0 32 x 08
0.0655  0 32 x 08    0.0655  0 32 x 08    0.0420  0 27 x 05    0.0420  0 27 x 05
0.0659  0 27 x 10    0.0659  0 27 x 10    0.0423  0 27 x 10    0.0423  0 27 x 10
0.0661  0 29 x 05    0.0662  0 29 x 05    0.0425  0 27 x 12    0.0425  0 32 x 05
0.0662  0 32 x 05    0.0662  0 32 x 05    0.0425  0 32 x 05    0.0426  0 29 x 05
0.0665  0 27 x 08    0.0665  0 27 x 08    0.0425  0 29 x 05    0.0426  0 27 x 12
0.0666  0 27 x 12    0.0667  0 27 x 12    0.0427  0 27 x 08    0.0427  0 27 x 08
0.0669  0 30 x 08    0.0669  0 30 x 08    0.0430  0 27 x 06    0.0430  0 27 x 06
0.0671  0 27 x 06    0.0671  0 27 x 06    0.0431  0 31 x 06    0.0431  0 31 x 06
0.0674  0 31 x 06    0.0674  0 31 x 06    0.0431  0 30 x 08    0.0431  0 30 x 08
0.0675  0 27 x 07    0.0675  0 27 x 07    0.0433  0 31 x 12    0.0433  0 31 x 12
0.0678  0 31 x 12    0.0678  0 31 x 12    0.0433  0 27 x 07    0.0434  0 27 x 07
0.0679  0 05 x 08    0.0680  0 05 x 08    0.0434  0 30 x 12    0.0434  0 30 x 12
0.0680  0 30 x 12    0.0680  0 30 x 12    0.0436  0 31 x 07    0.0436  0 31 x 07
0.0681  0 30 x 07    0.0682  0 30 x 07    0.0438  0 30 x 07    0.0438  0 30 x 07
0.0684  0 31 x 07    0.0684  0 30 x 06    0.0440  0 31 x 08    0.0439  0 31 x 08
0.0684  0 30 x 06    0.0684  0 01 x 12    0.0440  0 30 x 06    0.0440  0 30 x 06
0.0685  0 01 x 12    0.0685  0 31 x 07    0.0443  0 31 x 05    0.0443  0 31 x 05
0.0686  0 06 x 08    0.0687  0 06 x 08    0.0445  0 01 x 12    0.0445  0 01 x 12
0.0688  0 31 x 08    0.0688  0 31 x 08    0.0445  0 30 x 10    0.0445  0 30 x 10
0.0689  0 04 x 08    0.0689  0 04 x 08    0.0448  0 04 x 08    0.0447  0 04 x 08
0.0691  0 31 x 05    0.0690  0 31 x 05    0.0448  0 01 x 10    0.0448  0 01 x 10
0.0692  0 01 x 10    0.0692  0 01 x 10    0.0450  0 01 x 06    0.0450  0 01 x 06
0.0692  0 30 x 10    0.0694  0 30 x 10    0.0452  0 01 x 05    0.0452  0 01 x 05
0.0695  0 01 x 06    0.0695  0 01 x 06    0.0454  0 01 x 08    0.0454  0 01 x 08
0.0699  0 01 x 08    0.0700  0 01 x 08    0.0456  0 30 x 05    0.0456  0 30 x 05
0.0704  0 01 x 05    0.0703  0 01 x 05    0.0457  0 01 x 07    0.0457  0 01 x 07
0.0706  0 01 x 07    0.0706  0 01 x 07    0.0457  0 05 x 08    0.0458  0 00 x 12
0.0707  0 05 x 06    0.0707  0 05 x 12    0.0458  0 00 x 12    0.0458  0 05 x 08
0.0707  0 05 x 12    0.0707  0 05 x 06    0.0461  0 00 x 10    0.0459  0 00 x 10
0.0709  0 06 x 12    0.0710  0 06 x 12    0.0462  0 28 x 04    0.0461  0 28 x 04
0.0713  0 05 x 07    0.0713  0 05 x 07    0.0463  0 00 x 07    0.0463  0 00 x 07
0.0714  0 00 x 12    0.0714  0 00 x 12    0.0465  0 00 x 05    0.0465  0 00 x 05
0.0715  0 00 x 10    0.0715  0 05 x 10    0.0466  0 00 x 08    0.0467  0 00 x 08
0.0715  0 05 x 10    0.0717  0 00 x 10    0.0469  0 04 x 12    0.0469  0 04 x 12
0.0719  0 06 x 07    0.0719  0 30 x 05    0.0470  0 06 x 08    0.0471  0 06 x 08
0.0719  0 30 x 05    0.0719  0 06 x 07    0.0472  0 00 x 06    0.0472  0 00 x 06
0.0720  0 06 x 10    0.0720  0 06 x 10    0.0473  0 05 x 06    0.0473  0 05 x 06
0.0720  0 04 x 12    0.0721  0 04 x 12    0.0474  0 04 x 07    0.0474  0 04 x 07
0.0721  0 28 x 04    0.0721  0 28 x 04    0.0475  0 04 x 10    0.0476  0 04 x 10
0.0721  0 00 x 07    0.0721  0 00 x 07    0.0479  0 32 x 04    0.0479  0 05 x 12
0.0724  0 00 x 05    0.0723  0 00 x 05    0.0479  0 29 x 04    0.0479  0 32 x 04
0.0727  0 04 x 07    0.0727  0 00 x 08    0.0479  0 05 x 12    0.0480  0 29 x 04
0.0728  0 00 x 08    0.0727  0 04 x 07    0.0481  0 05 x 07    0.0481  0 05 x 07
0.0730  0 05 x 05    0.0730  0 04 x 10    0.0481  0 27 x 04    0.0481  0 27 x 04
0.0730  0 04 x 10    0.0730  0 05 x 05    0.0482  0 31 x 04    0.0483  0 31 x 04
0.0731  0 06 x 06    0.0731  0 06 x 06    0.0484  0 05 x 05    0.0484  0 05 x 05
0.0734  0 00 x 06    0.0734  0 00 x 06    0.0485  0 06 x 12    0.0485  0 05 x 10
0.0736  0 06 x 05    0.0736  0 06 x 05    0.0485  0 05 x 10    0.0485  0 06 x 12
0.0740  0 29 x 04    0.0740  0 29 x 04    0.0486  0 04 x 05    0.0486  0 04 x 05
0.0740  0 31 x 04    0.0740  0 31 x 04    0.0488  0 04 x 06    0.0488  0 04 x 06
0.0741  0 32 x 04    0.0741  0 32 x 04    0.0490  0 06 x 07    0.0490  0 06 x 07
0.0748  0 04 x 06    0.0746  0 04 x 06    0.0490  0 30 x 04    0.0490  0 30 x 04
0.0750  0 04 x 05    0.0750  0 04 x 05    0.0490  0 06 x 10    0.0491  0 06 x 10
0.0751  0 27 x 04    0.0752  0 27 x 04    0.0491  0 00 x 04    0.0491  0 00 x 04
0.0756  0 07 x 08    0.0757  0 30 x 04    0.0492  0 06 x 06    0.0492  0 06 x 06
0.0757  0 30 x 04    0.0757  0 07 x 08    0.0496  0 06 x 05    0.0496  0 06 x 05
0.0758  4 08 x 12    0.0758  4 08 x 12    0.0497  0 01 x 04    0.0498  0 01 x 04
0.0761  0 05 x 04    0.0761  0 05 x 04    0.0504  0 05 x 04    0.0504  0 05 x 04
0.0772  0 00 x 04    0.0771  0 00 x 04    0.0509  4 08 x 12    0.0508  4 08 x 12
0.0773  3 08 x 12    0.0773  3 08 x 12    0.0509  0 04 x 04    0.0509  0 04 x 04
0.0777  0 07 x 06    0.0777  0 07 x 06    0.0513  3 08 x 12    0.0513  3 08 x 12
0.0778  0 01 x 04    0.0778  0 01 x 04    0.0518  0 28 x 03    0.0518  0 28 x 03
0.0782  0 06 x 04    0.0782  0 06 x 04    0.0522  3 08 x 08    0.0521  3 08 x 08
0.0786  0 07 x 07    0.0786  0 07 x 07    0.0522  0 06 x 04    0.0522  0 06 x 04
0.0786  5 08 x 12    0.0786  0 07 x 10    0.0529  0 29 x 03    0.0528  0 29 x 03
0.0786  0 07 x 12    0.0786  5 08 x 12    0.0529  0 32 x 03    0.0530  0 32 x 03
0.0787  0 07 x 10    0.0787  0 07 x 12    0.0531  0 30 x 03    0.0530  0 03 x 04
0.0788  0 04 x 04    0.0789  0 04 x 04    0.0532  0 03 x 04    0.0531  0 30 x 03
0.0791  3 08 x 08    0.0792  3 08 x 08    0.0533  4 08 x 08    0.0532  0 03 x 12
0.0794  4 08 x 08    0.0795  4 08 x 08    0.0533  4 08 x 10    0.0533  4 08 x 08
0.0797  0 07 x 05    0.0797  4 08 x 10    0.0533  3 08 x 06    0.0533  4 08 x 10
0.0797  4 08 x 10    0.0797  0 07 x 05    0.0533  3 08 x 05    0.0533  3 08 x 06
0.0800  4 08 x 07    0.0800  4 08 x 07    0.0535  4 08 x 06    0.0533  3 08 x 05
0.0804  0 28 x 03    0.0800  4 08 x 06    0.0535  0 03 x 12    0.0535  4 08 x 06
0.0805  4 08 x 06    0.0804  0 28 x 03    0.0535  0 07 x 08    0.0535  0 07 x 08
0.0807  3 08 x 06    0.0807  3 08 x 06    0.0536  4 08 x 07    0.0536  4 08 x 07
0.0808  5 08 x 08    0.0808  5 08 x 08    0.0537  0 27 x 03    0.0537  0 27 x 03
0.0810  5 08 x 06    0.0809  5 08 x 06    0.0540  3 08 x 10    0.0540  0 01 x 03
0.0811  5 08 x 07    0.0811  5 08 x 07    0.0540  0 01 x 03    0.0540  3 08 x 10
0.0814  4 08 x 05    0.0814  4 08 x 05    0.0541  0 03 x 06    0.0541  0 03 x 06
0.0815  5 08 x 10    0.0815  5 08 x 10    0.0542  4 08 x 05    0.0543  4 08 x 05
0.0816  3 08 x 05    0.0815  3 08 x 05    0.0545  0 03 x 05    0.0545  0 03 x 05
0.0819  3 08 x 10    0.0820  3 08 x 10    0.0546  0 07 x 06    0.0546  0 07 x 06
0.0826  0 29 x 03    0.0826  0 29 x 03    0.0547  0 03 x 07    0.0547  0 03 x 07
0.0827  0 30 x 03    0.0826  0 30 x 03    0.0548  0 03 x 08    0.0548  0 03 x 08
0.0827  0 32 x 03    0.0827  0 32 x 03    0.0549  0 03 x 10    0.0549  0 03 x 10
0.0829  0 03 x 12    0.0830  0 07 x 04    0.0551  3 08 x 07    0.0551  3 08 x 07
0.0829  0 07 x 04    0.0830  0 03 x 12    0.0552  0 07 x 07    0.0552  0 07 x 07
0.0830  0 03 x 04    0.0830  0 03 x 04    0.0554  0 31 x 03    0.0553  0 31 x 03
0.0839  3 08 x 07    0.0840  3 08 x 07    0.0554  0 04 x 03    0.0554  0 04 x 03
0.0840  0 27 x 03    0.0840  0 27 x 03    0.0556  0 05 x 03    0.0556  0 05 x 03
0.0845  0 03 x 06    0.0845  0 03 x 06    0.0556  0 07 x 12    0.0556  0 07 x 12
0.0846  0 01 x 03    0.0846  0 01 x 03    0.0557  0 07 x 10    0.0557  0 07 x 05
0.0847  0 05 x 03    0.0847  0 05 x 03    0.0557  0 07 x 05    0.0557  0 07 x 10
0.0849  5 08 x 05    0.0848  5 08 x 05    0.0559  5 08 x 12    0.0559  5 08 x 12
0.0850  0 06 x 03    0.0850  0 06 x 03    0.0559  0 00 x 03    0.0559  0 00 x 03
0.0852  0 03 x 05    0.0852  0 03 x 05    0.0564  0 06 x 03    0.0564  0 06 x 03
0.0856  0 03 x 07    0.0856  0 03 x 07    0.0569  5 08 x 06    0.0570  5 08 x 06
0.0857  0 03 x 08    0.0857  0 03 x 08    0.0570  5 08 x 08    0.0571  5 08 x 08
0.0857  0 03 x 10    0.0858  0 03 x 10    0.0573  5 08 x 07    0.0573  5 08 x 07
0.0860  0 31 x 03    0.0860  0 31 x 03    0.0574  4 08 x 04    0.0574  4 08 x 04
0.0860  4 08 x 04    0.0860  4 08 x 04    0.0577  5 08 x 10    0.0577  3 08 x 04
0.0863  0 04 x 03    0.0863  0 04 x 03    0.0577  3 08 x 04    0.0577  5 08 x 10
0.0871  0 00 x 03    0.0870  0 00 x 03    0.0578  0 07 x 04    0.0578  0 07 x 04
0.0879  3 08 x 04    0.0880  3 08 x 04    0.0594  5 08 x 05    0.0593  5 08 x 05
0.0887  6 08 x 05    0.0886  6 08 x 05    0.0613  2 08 x 05    0.0613  2 08 x 05
0.0888  6 08 x 12    0.0889  6 08 x 12    0.0620  5 08 x 04    0.0621  5 08 x 04
0.0900  5 08 x 04    0.0893  5 08 x 04    0.0625  4 08 x 03    0.0624  4 08 x 03
0.0907  6 08 x 10    0.0905  6 08 x 07    0.0626  0 07 x 03    0.0626  0 07 x 03
0.0910  6 08 x 07    0.0907  6 08 x 10    0.0627  2 08 x 04    0.0627  2 08 x 04
0.0911  6 08 x 06    0.0910  6 08 x 06    0.0641  3 08 x 03    0.0641  3 08 x 03
0.0917  0 07 x 03    0.0916  0 07 x 03    0.0646  0 03 x 03    0.0646  0 03 x 03
0.0917  6 08 x 08    0.0917  6 08 x 08    0.0654  0 01 x 02    0.0653  0 01 x 02
0.0941  4 08 x 03    0.0942  4 08 x 03    0.0658  6 08 x 12    0.0659  6 08 x 12
0.0943  2 08 x 05    0.0943  2 08 x 05    0.0660  6 08 x 05    0.0660  6 08 x 05
0.0962  6 08 x 04    0.0962  6 08 x 04    0.0662  0 04 x 02    0.0662  0 04 x 02
0.0963  2 08 x 04    0.0963  2 08 x 04    0.0664  0 30 x 02    0.0663  0 30 x 02
0.0977  5 08 x 03    0.0975  5 08 x 03    0.0670  0 28 x 02    0.0670  0 28 x 02
0.0991  3 08 x 03    0.0992  3 08 x 03    0.0671  5 08 x 03    0.0671  5 08 x 03
0.1016  0 03 x 03    0.1018  0 03 x 03    0.0673  6 08 x 10    0.0673  6 08 x 10
0.1041  0 01 x 02    0.1041  0 01 x 02    0.0674  6 08 x 07    0.0675  0 00 x 02
0.1051  0 04 x 02    0.1051  0 04 x 02    0.0675  0 00 x 02    0.0675  6 08 x 07
0.1062  0 30 x 02    0.1061  0 30 x 02    0.0676  6 08 x 06    0.0676  6 08 x 06
0.1066  0 06 x 02    0.1066  0 05 x 02    0.0679  6 08 x 08    0.0679  6 08 x 08
0.1067  0 28 x 02    0.1066  0 06 x 02    0.0684  0 29 x 02    0.0684  0 29 x 02
0.1067  0 05 x 02    0.1066  0 28 x 02    0.0685  0 05 x 02    0.0685  0 05 x 02
0.1075  6 08 x 03    0.1074  6 08 x 03    0.0689  0 32 x 02    0.0689  0 32 x 02
0.1082  0 29 x 02    0.1081  0 29 x 02    0.0691  0 31 x 02    0.0691  0 31 x 02
0.1088  0 00 x 02    0.1086  0 00 x 02    0.0694  0 27 x 02    0.0694  0 27 x 02
0.1088  0 32 x 02    0.1086  0 32 x 02    0.0695  0 06 x 02    0.0695  0 06 x 02
0.1100  0 31 x 02    0.1099  0 31 x 02    0.0711  6 08 x 04    0.0711  6 08 x 04
0.1112  0 27 x 02    0.1112  0 27 x 02    0.0744  2 08 x 03    0.0744  2 08 x 03
0.1124  7 08 x 05    0.1124  7 08 x 05    0.0753  4 08 x 02    0.0753  4 08 x 02
0.1129  0 07 x 02    0.1128  0 07 x 02    0.0753  0 07 x 02    0.0753  0 07 x 02
0.1160  2 08 x 03    0.1161  2 08 x 03    0.0760  3 08 x 02    0.0759  3 08 x 02
0.1175  4 08 x 02    0.1175  4 08 x 02    0.0788  6 08 x 03    0.0788  6 08 x 03
0.1201  3 08 x 02    0.1201  3 08 x 02    0.0816  5 08 x 02    0.0815  5 08 x 02
0.1207  7 08 x 04    0.1206  7 08 x 04    0.0837  0 03 x 02    0.0836  0 03 x 02
0.1214  5 08 x 02    0.1214  5 08 x 02    0.0845  2 08 x 02    0.0845  2 08 x 02
0.1321  7 08 x 03    0.1322  7 08 x 03    0.0869  1 08 x 05    0.0870  1 08 x 05
0.1341  0 03 x 02    0.1341  0 03 x 02    0.0910  7 08 x 05    0.0910  7 08 x 05
0.1346  2 08 x 02    0.1346  2 08 x 02    0.0925  1 08 x 04    0.0926  1 08 x 04
0.1362  1 08 x 05    0.1364  1 08 x 05    0.0963  7 08 x 04    0.0963  7 08 x 04
0.1408  6 08 x 02    0.1407  6 08 x 02    0.1005  6 08 x 02    0.1004  6 08 x 02
0.1452  1 08 x 04    0.1452  1 08 x 04    0.1036  1 08 x 03    0.1035  1 08 x 03
0.1639  1 08 x 03    0.1634  1 08 x 03    0.1046  7 08 x 03    0.1044  7 08 x 03
0.1704  7 08 x 02    0.1700  7 08 x 02    0.1078  0 01 x 01    0.1077  0 01 x 01
0.1768  1 08 x 02    0.1768  1 08 x 02    0.1090  0 05 x 01    0.1088  0 05 x 01
0.1824  0 01 x 01    0.1824  0 01 x 01    0.1097  0 04 x 01    0.1096  0 04 x 01
0.1828  0 06 x 01    0.1827  0 06 x 01    0.1105  0 00 x 01    0.1104  0 00 x 01
0.1830  0 05 x 01    0.1830  0 05 x 01    0.1106  0 30 x 01    0.1106  0 30 x 01
0.1836  0 02 x 02    0.1830  0 02 x 03    0.1108  0 28 x 01    0.1108  0 28 x 01
0.1837  0 02 x 03    0.1836  0 02 x 02    0.1110  0 06 x 01    0.1109  0 06 x 01
0.1847  0 04 x 01    0.1846  0 04 x 01    0.1119  1 08 x 02    0.1118  1 08 x 02
0.1859  0 07 x 01    0.1858  0 07 x 01    0.1138  0 29 x 01    0.1138  0 29 x 01
0.1867  0 28 x 01    0.1867  0 28 x 01    0.1139  0 07 x 01    0.1138  0 07 x 01
0.1871  0 30 x 01    0.1870  0 30 x 01    0.1142  0 32 x 01    0.1140  0 32 x 01
0.1873  0 00 x 01    0.1872  0 00 x 01    0.1157  0 27 x 01    0.1156  0 27 x 01
0.1908  0 29 x 01    0.1908  0 29 x 01    0.1162  0 02 x 03    0.1161  0 02 x 03
0.1912  0 32 x 01    0.1912  0 32 x 01    0.1163  0 31 x 01    0.1162  0 31 x 01
0.1941  0 31 x 01    0.1941  0 31 x 01    0.1163  0 02 x 02    0.1162  0 02 x 02
0.1951  0 02 x 01    0.1949  0 02 x 01    0.1186  0 02 x 01    0.1185  0 02 x 01
0.1966  0 27 x 01    0.1964  0 27 x 01    0.1242  4 08 x 01    0.1241  4 08 x 01
0.1991  0 02 x 08    0.1990  0 02 x 08    0.1263  0 02 x 07    0.1263  0 02 x 08
0.1992  0 02 x 07    0.1992  0 02 x 07    0.1263  0 02 x 04    0.1264  0 02 x 04
0.1996  0 02 x 06    0.1996  0 02 x 06    0.1264  0 02 x 08    0.1264  0 02 x 07
0.2000  0 02 x 04    0.2001  0 02 x 04    0.1265  0 02 x 06    0.1265  0 02 x 06
0.2007  0 02 x 05    0.2005  0 02 x 05    0.1270  0 02 x 05    0.1271  0 02 x 05
0.2025  0 02 x 12    0.2026  0 02 x 12    0.1279  3 08 x 01    0.1278  3 08 x 01
0.2057  4 08 x 01    0.2056  4 08 x 01    0.1289  0 02 x 12    0.1290  0 02 x 12
0.2072  0 02 x 10    0.2072  0 02 x 10    0.1302  5 08 x 01    0.1302  5 08 x 01
0.2090  5 08 x 01    0.2089  5 08 x 01    0.1316  0 02 x 10    0.1317  0 02 x 10
0.2147  3 08 x 01    0.2146  3 08 x 01    0.1330  7 08 x 02    0.1329  7 08 x 02
0.2303  6 08 x 01    0.2302  6 08 x 01    0.1356  0 03 x 01    0.1355  0 03 x 01
0.2306  0 03 x 01    0.2306  0 03 x 01    0.1441  2 08 x 01    0.1439  2 08 x 01
0.2428  2 08 x 01    0.2426  2 08 x 01    0.1535  6 08 x 01    0.1534  6 08 x 01
0.2859  7 08 x 01    0.2858  7 08 x 01    0.1967  1 08 x 01    0.1964  1 08 x 01
0.3265  1 08 x 01    0.3263  1 08 x 01    0.2114  7 08 x 01    0.2113  7 08 x 01
---Benchmark Program Finished---
