
./testbench.sh clang++ O3 MontgomeryQuarter uint64_t 191 8 22 -DTEST_ARRAY -DHURCHALLA_MONTGOMERY_TWO_POW_USE_CSELECT_ON_BIT -DHURCHALLA_ALLOW_INLINE_ASM_ALL

compilation finished, now executing:
---Running Program---

begin benchmarks - array two_pow
(ignore)3718609572885830787

OVERALL BEST:
0.2082  0 32 x 08
0.2082  0 28 x 08
0.2096  0 30 x 08
0.2098  0 31 x 10
0.2101  0 32 x 07
0.2101  0 29 x 07
0.2103  0 30 x 12
0.2104  0 29 x 08
0.2106  0 28 x 07
0.2108  0 29 x 05
0.2112  0 30 x 10
0.2112  0 32 x 05
0.2113  0 28 x 05
0.2117  0 29 x 06
0.2117  0 32 x 06
0.2118  0 31 x 07
0.2119  0 28 x 06
0.2119  0 30 x 07
0.2123  0 29 x 10
0.2126  0 32 x 12
0.2127  0 32 x 10
0.2127  0 28 x 10
0.2127  0 28 x 12
0.2129  0 29 x 12
0.2132  0 31 x 08
0.2135  0 31 x 06
0.2140  0 31 x 12
0.2156  0 30 x 06
0.2165  0 27 x 10
0.2174  0 27 x 12
0.2174  0 31 x 05
0.2178  0 27 x 08
0.2187  0 27 x 07
0.2210  0 30 x 05
0.2225  0 27 x 05
0.2229  0 27 x 06
0.2254  0 01 x 12
0.2263  0 01 x 06
0.2281  0 05 x 08
0.2283  0 01 x 10
0.2289  0 01 x 08
0.2298  0 01 x 07
0.2313  0 04 x 08
0.2320  0 01 x 05
0.2322  0 06 x 08
0.2333  0 30 x 04
0.2345  0 00 x 06
0.2360  0 00 x 12
0.2374  0 00 x 07
0.2385  0 00 x 08
0.2386  0 05 x 05
0.2388  0 31 x 04
0.2394  0 06 x 05
0.2394  0 28 x 04
0.2394  0 32 x 04
0.2397  0 29 x 04
0.2403  0 04 x 05
0.2409  0 00 x 05
0.2418  0 05 x 10
0.2425  0 00 x 10
0.2426  0 05 x 07
0.2426  0 05 x 06
0.2428  0 06 x 07
0.2429  0 03 x 12
0.2433  0 06 x 10
0.2435  0 04 x 07
0.2437  0 04 x 10
0.2438  0 27 x 04
0.2439  0 03 x 10
0.2440  0 04 x 06
0.2448  0 06 x 06
0.2452  0 06 x 12
0.2453  0 05 x 12
0.2464  0 03 x 07
0.2476  0 04 x 12
0.2485  0 03 x 06
0.2496  0 03 x 05
0.2503  0 03 x 08
0.2516  0 04 x 04
0.2534  3 08 x 08
0.2548  3 08 x 05
0.2553  4 08 x 06
0.2556  0 05 x 04
0.2573  0 07 x 08
0.2579  4 08 x 12
0.2581  0 06 x 04
0.2591  3 08 x 07
0.2612  4 08 x 05
0.2614  0 01 x 04
0.2620  0 00 x 04
0.2622  4 08 x 10
0.2622  0 03 x 04
0.2624  4 08 x 08
0.2624  0 28 x 03
0.2631  0 32 x 03
0.2643  4 08 x 04
0.2645  0 07 x 05
0.2660  3 08 x 04
0.2660  3 08 x 12
0.2661  3 08 x 06
0.2673  5 08 x 08
0.2676  0 29 x 03
0.2687  0 07 x 06
0.2687  5 08 x 12
0.2688  0 07 x 10
0.2688  5 08 x 07
0.2699  0 07 x 07
0.2704  0 31 x 03
0.2709  5 08 x 06
0.2711  4 08 x 07
0.2714  3 08 x 10
0.2717  5 08 x 10
0.2723  0 07 x 12
0.2730  0 27 x 03
0.2742  0 30 x 03
0.2743  5 08 x 05
0.2761  0 01 x 03
0.2763  2 08 x 05
0.2834  0 04 x 03
0.2850  0 00 x 03
0.2853  0 06 x 03
0.2860  0 07 x 04
0.2875  5 08 x 04
0.2879  0 05 x 03
0.2881  2 08 x 04
0.2962  3 08 x 03
0.3008  4 08 x 03
0.3048  6 08 x 12
0.3064  6 08 x 08
0.3065  6 08 x 10
0.3089  0 07 x 03
0.3101  0 03 x 03
0.3125  6 08 x 07
0.3135  6 08 x 06
0.3196  6 08 x 05
0.3224  6 08 x 04
0.3291  5 08 x 03
0.3405  0 01 x 02
0.3407  0 32 x 02
0.3407  0 28 x 02
0.3477  0 05 x 02
0.3499  0 04 x 02
0.3506  0 06 x 02
0.3522  0 30 x 02
0.3526  0 31 x 02
0.3527  6 08 x 03
0.3529  0 00 x 02
0.3562  0 27 x 02
0.3592  0 29 x 02
0.3628  2 08 x 03
0.3756  0 07 x 02
0.3954  1 08 x 05
0.3975  3 08 x 02
0.4014  4 08 x 02
0.4032  7 08 x 05
0.4116  5 08 x 02
0.4230  1 08 x 03
0.4248  7 08 x 04
0.4424  0 03 x 02
0.4437  2 08 x 02
0.4444  7 08 x 03
0.4609  6 08 x 02
0.4917  1 08 x 04
0.5782  7 08 x 02
0.5803  0 01 x 01
0.5819  0 05 x 01
0.5868  1 08 x 02
0.5877  0 04 x 01
0.5916  0 06 x 01
0.5935  0 00 x 01
0.6042  0 02 x 02
0.6044  0 02 x 03
0.6075  0 07 x 01
0.6145  0 27 x 01
0.6205  0 02 x 01
0.6330  0 02 x 04
0.6397  0 29 x 01
0.6460  0 31 x 01
0.6477  0 02 x 07
0.6485  0 02 x 08
0.6499  0 02 x 10
0.6499  0 32 x 01
0.6502  0 30 x 01
0.6502  0 28 x 01
0.6533  4 08 x 01
0.6567  0 02 x 05
0.6569  0 02 x 06
0.6736  5 08 x 01
0.6777  0 02 x 12
0.6952  3 08 x 01
0.7192  0 03 x 01
0.7723  6 08 x 01
0.7878  2 08 x 01
0.9760  7 08 x 01
1.0782  1 08 x 01
Timings By Test Type:
0.0629  0 32 x 08    0.0629  0 32 x 08    0.0412  0 31 x 10    0.0412  0 31 x 10
0.0629  0 28 x 08    0.0629  0 28 x 08    0.0412  0 32 x 08    0.0412  0 28 x 08
0.0633  0 30 x 08    0.0633  0 30 x 08    0.0413  0 28 x 08    0.0412  0 32 x 08
0.0635  0 32 x 07    0.0635  0 32 x 07    0.0414  0 29 x 07    0.0414  0 29 x 07
0.0635  0 29 x 05    0.0635  0 29 x 05    0.0414  0 29 x 08    0.0414  0 29 x 08
0.0636  0 29 x 07    0.0636  0 29 x 07    0.0415  0 30 x 12    0.0415  0 30 x 12
0.0637  0 30 x 12    0.0637  0 31 x 10    0.0415  0 30 x 08    0.0415  0 30 x 08
0.0637  0 29 x 08    0.0637  0 30 x 12    0.0415  0 30 x 10    0.0416  0 28 x 07
0.0638  0 28 x 07    0.0637  0 29 x 08    0.0415  0 32 x 07    0.0416  0 32 x 07
0.0638  0 31 x 10    0.0638  0 28 x 07    0.0415  0 28 x 07    0.0417  0 28 x 05
0.0639  0 32 x 05    0.0638  0 30 x 10    0.0417  0 29 x 10    0.0417  0 29 x 10
0.0640  0 28 x 05    0.0639  0 32 x 05    0.0417  0 31 x 07    0.0417  0 31 x 07
0.0640  0 30 x 07    0.0639  0 28 x 05    0.0417  0 32 x 05    0.0417  0 30 x 10
0.0640  0 32 x 06    0.0639  0 30 x 07    0.0418  0 28 x 05    0.0418  0 32 x 05
0.0640  0 29 x 06    0.0640  0 29 x 06    0.0418  0 32 x 12    0.0418  0 32 x 12
0.0640  0 28 x 06    0.0640  0 32 x 06    0.0418  0 28 x 12    0.0418  0 28 x 12
0.0641  0 30 x 10    0.0640  0 28 x 06    0.0419  0 29 x 06    0.0419  0 32 x 06
0.0641  0 31 x 07    0.0642  0 31 x 07    0.0419  0 32 x 06    0.0419  0 29 x 12
0.0644  0 32 x 10    0.0644  0 28 x 10    0.0419  0 31 x 08    0.0419  0 29 x 05
0.0644  0 28 x 10    0.0644  0 32 x 10    0.0419  0 29 x 05    0.0419  0 29 x 06
0.0645  0 29 x 10    0.0644  0 29 x 10    0.0419  0 29 x 12    0.0419  0 31 x 08
0.0646  0 32 x 12    0.0645  0 32 x 12    0.0419  0 28 x 06    0.0419  0 28 x 06
0.0646  0 28 x 12    0.0645  0 28 x 12    0.0419  0 32 x 10    0.0419  0 32 x 10
0.0646  0 29 x 12    0.0645  0 29 x 12    0.0420  0 28 x 10    0.0420  0 28 x 10
0.0646  0 31 x 06    0.0646  0 31 x 06    0.0420  0 31 x 12    0.0420  0 31 x 12
0.0647  0 31 x 08    0.0647  0 31 x 08    0.0420  0 30 x 07    0.0420  0 30 x 07
0.0650  0 31 x 12    0.0650  0 31 x 12    0.0421  0 31 x 06    0.0421  0 31 x 06
0.0654  0 30 x 06    0.0652  0 30 x 06    0.0425  0 30 x 06    0.0425  0 30 x 06
0.0656  0 27 x 10    0.0655  0 27 x 10    0.0427  0 27 x 10    0.0427  0 27 x 10
0.0659  0 31 x 05    0.0660  0 31 x 05    0.0427  0 27 x 12    0.0427  0 27 x 12
0.0660  0 27 x 12    0.0660  0 27 x 12    0.0427  0 31 x 05    0.0427  0 31 x 05
0.0660  0 27 x 08    0.0660  0 27 x 08    0.0429  0 27 x 08    0.0429  0 27 x 08
0.0663  0 27 x 07    0.0662  0 27 x 07    0.0431  0 27 x 07    0.0431  0 27 x 07
0.0671  0 30 x 05    0.0671  0 30 x 05    0.0434  0 30 x 05    0.0435  0 30 x 05
0.0673  0 27 x 05    0.0673  0 27 x 05    0.0438  0 27 x 06    0.0438  0 27 x 06
0.0676  0 27 x 06    0.0676  0 27 x 06    0.0439  0 27 x 05    0.0439  0 27 x 05
0.0678  0 05 x 08    0.0678  0 05 x 08    0.0447  0 01 x 12    0.0447  0 01 x 12
0.0680  0 01 x 12    0.0679  0 01 x 12    0.0451  0 01 x 06    0.0451  0 01 x 06
0.0680  0 01 x 06    0.0680  0 01 x 06    0.0452  0 01 x 08    0.0452  0 01 x 08
0.0687  0 06 x 08    0.0687  0 06 x 08    0.0452  0 01 x 10    0.0453  0 01 x 10
0.0689  0 01 x 10    0.0689  0 01 x 10    0.0457  0 01 x 07    0.0457  0 01 x 07
0.0692  0 01 x 08    0.0692  0 01 x 07    0.0458  0 04 x 08    0.0458  0 04 x 08
0.0693  0 01 x 07    0.0693  0 01 x 08    0.0460  0 01 x 05    0.0461  0 01 x 05
0.0699  0 04 x 08    0.0699  0 04 x 08    0.0462  0 05 x 08    0.0462  0 05 x 08
0.0699  0 01 x 05    0.0700  0 01 x 05    0.0463  0 30 x 04    0.0463  0 30 x 04
0.0704  0 30 x 04    0.0703  0 30 x 04    0.0463  0 00 x 06    0.0463  0 00 x 06
0.0708  0 06 x 05    0.0708  0 06 x 05    0.0464  0 00 x 12    0.0463  0 00 x 12
0.0709  0 00 x 06    0.0709  0 00 x 06    0.0467  0 00 x 07    0.0466  0 00 x 07
0.0712  0 05 x 05    0.0712  0 05 x 05    0.0468  0 31 x 04    0.0469  0 31 x 04
0.0716  0 00 x 12    0.0716  0 00 x 07    0.0469  0 00 x 08    0.0469  0 00 x 08
0.0717  0 05 x 10    0.0716  0 00 x 12    0.0472  0 32 x 04    0.0473  0 32 x 04
0.0720  0 06 x 10    0.0718  0 05 x 10    0.0473  0 00 x 05    0.0473  0 00 x 05
0.0720  0 06 x 07    0.0720  0 06 x 10    0.0474  0 28 x 04    0.0474  0 06 x 08
0.0721  0 05 x 07    0.0720  0 06 x 07    0.0474  0 06 x 08    0.0474  0 29 x 04
0.0721  0 05 x 06    0.0721  0 05 x 06    0.0475  0 00 x 10    0.0474  0 28 x 04
0.0721  0 04 x 05    0.0722  0 05 x 07    0.0476  0 29 x 04    0.0475  0 00 x 10
0.0723  0 28 x 04    0.0723  0 28 x 04    0.0480  0 04 x 05    0.0479  0 04 x 05
0.0723  0 29 x 04    0.0723  0 04 x 05    0.0481  0 05 x 05    0.0480  0 27 x 04
0.0723  0 00 x 08    0.0723  0 00 x 08    0.0481  0 27 x 04    0.0480  0 05 x 05
0.0724  0 32 x 04    0.0724  0 29 x 04    0.0482  0 03 x 12    0.0481  0 03 x 12
0.0725  0 00 x 07    0.0725  0 06 x 06    0.0482  0 04 x 10    0.0482  0 04 x 10
0.0725  0 06 x 06    0.0725  0 32 x 04    0.0483  0 04 x 07    0.0483  0 04 x 07
0.0726  0 31 x 04    0.0726  0 31 x 04    0.0484  0 03 x 10    0.0484  0 03 x 10
0.0726  0 06 x 12    0.0726  0 06 x 12    0.0486  0 04 x 06    0.0485  0 04 x 06
0.0728  0 05 x 12    0.0727  0 05 x 12    0.0487  0 03 x 07    0.0487  0 03 x 07
0.0731  0 00 x 05    0.0732  0 00 x 05    0.0489  0 06 x 05    0.0489  0 06 x 05
0.0733  0 03 x 12    0.0733  0 03 x 12    0.0489  0 04 x 12    0.0489  0 04 x 12
0.0734  0 04 x 07    0.0734  0 04 x 07    0.0490  0 03 x 06    0.0491  0 03 x 06
0.0734  0 04 x 06    0.0735  0 04 x 06    0.0491  0 05 x 10    0.0491  0 05 x 10
0.0736  0 03 x 10    0.0735  0 03 x 10    0.0491  0 05 x 07    0.0491  0 05 x 07
0.0736  0 04 x 10    0.0736  0 04 x 10    0.0492  0 05 x 06    0.0492  0 05 x 06
0.0737  0 00 x 10    0.0737  0 00 x 10    0.0493  0 06 x 07    0.0494  0 03 x 05
0.0739  0 27 x 04    0.0738  0 27 x 04    0.0494  0 03 x 05    0.0495  0 03 x 08
0.0745  0 03 x 07    0.0745  0 03 x 07    0.0495  0 03 x 08    0.0495  0 06 x 07
0.0748  0 04 x 12    0.0749  0 04 x 12    0.0497  0 06 x 10    0.0497  0 06 x 10
0.0750  0 07 x 08    0.0750  0 07 x 08    0.0499  0 05 x 12    0.0499  0 06 x 06
0.0752  0 03 x 06    0.0752  0 03 x 06    0.0499  0 06 x 06    0.0499  0 05 x 12
0.0754  0 03 x 05    0.0754  0 03 x 05    0.0500  0 04 x 04    0.0499  0 04 x 04
0.0755  4 08 x 06    0.0756  4 08 x 06    0.0500  0 06 x 12    0.0500  0 06 x 12
0.0756  0 03 x 08    0.0756  0 03 x 08    0.0509  3 08 x 08    0.0509  3 08 x 08
0.0759  3 08 x 08    0.0758  3 08 x 08    0.0513  3 08 x 05    0.0514  3 08 x 05
0.0759  0 04 x 04    0.0758  0 04 x 04    0.0514  0 05 x 04    0.0514  0 05 x 04
0.0760  3 08 x 05    0.0761  3 08 x 05    0.0515  0 00 x 04    0.0515  0 00 x 04
0.0764  0 05 x 04    0.0764  0 05 x 04    0.0517  0 01 x 04    0.0517  0 01 x 04
0.0766  0 06 x 04    0.0766  0 06 x 04    0.0518  0 28 x 03    0.0518  0 03 x 04
0.0766  4 08 x 12    0.0768  4 08 x 12    0.0518  0 03 x 04    0.0519  0 28 x 03
0.0772  0 07 x 05    0.0771  0 07 x 05    0.0520  3 08 x 07    0.0520  0 32 x 03
0.0775  4 08 x 05    0.0775  3 08 x 07    0.0521  4 08 x 06    0.0520  3 08 x 07
0.0775  3 08 x 07    0.0776  4 08 x 05    0.0521  0 32 x 03    0.0521  4 08 x 06
0.0780  4 08 x 10    0.0780  4 08 x 10    0.0523  4 08 x 12    0.0523  4 08 x 12
0.0780  4 08 x 08    0.0780  4 08 x 08    0.0525  0 06 x 04    0.0525  0 06 x 04
0.0781  5 08 x 08    0.0780  5 08 x 08    0.0526  0 29 x 03    0.0526  0 29 x 03
0.0783  5 08 x 07    0.0784  5 08 x 07    0.0529  0 31 x 03    0.0529  0 31 x 03
0.0784  0 07 x 10    0.0784  0 07 x 10    0.0531  4 08 x 05    0.0531  4 08 x 05
0.0784  0 07 x 06    0.0784  4 08 x 04    0.0531  3 08 x 12    0.0531  3 08 x 12
0.0784  4 08 x 04    0.0785  5 08 x 12    0.0531  3 08 x 04    0.0531  3 08 x 04
0.0785  5 08 x 12    0.0785  0 07 x 06    0.0531  4 08 x 10    0.0531  4 08 x 10
0.0787  0 07 x 07    0.0788  0 07 x 07    0.0531  4 08 x 08    0.0532  4 08 x 08
0.0790  0 01 x 04    0.0790  0 01 x 04    0.0533  3 08 x 06    0.0537  0 27 x 03
0.0790  5 08 x 06    0.0790  5 08 x 06    0.0537  0 07 x 08    0.0537  3 08 x 06
0.0793  0 03 x 04    0.0793  0 03 x 04    0.0537  4 08 x 04    0.0537  0 07 x 08
0.0794  0 07 x 12    0.0793  0 28 x 03    0.0538  0 27 x 03    0.0537  4 08 x 04
0.0794  0 28 x 03    0.0794  0 07 x 12    0.0538  0 30 x 03    0.0538  0 30 x 03
0.0794  5 08 x 10    0.0794  5 08 x 10    0.0542  3 08 x 10    0.0542  3 08 x 10
0.0795  0 32 x 03    0.0795  0 32 x 03    0.0545  0 01 x 03    0.0545  0 01 x 03
0.0795  0 00 x 04    0.0795  0 00 x 04    0.0547  4 08 x 07    0.0548  4 08 x 07
0.0795  3 08 x 06    0.0796  3 08 x 06    0.0549  2 08 x 05    0.0550  2 08 x 05
0.0798  3 08 x 04    0.0799  3 08 x 04    0.0551  0 07 x 05    0.0551  0 07 x 05
0.0799  3 08 x 12    0.0799  3 08 x 12    0.0556  5 08 x 08    0.0556  5 08 x 08
0.0802  5 08 x 05    0.0802  5 08 x 05    0.0558  0 04 x 03    0.0558  0 04 x 03
0.0808  4 08 x 07    0.0808  4 08 x 07    0.0559  0 07 x 06    0.0558  5 08 x 12
0.0812  0 29 x 03    0.0812  0 29 x 03    0.0559  5 08 x 12    0.0559  0 07 x 06
0.0815  3 08 x 10    0.0815  3 08 x 10    0.0560  5 08 x 07    0.0560  0 07 x 10
0.0823  0 31 x 03    0.0823  0 31 x 03    0.0560  0 07 x 10    0.0561  0 00 x 03
0.0828  0 27 x 03    0.0828  0 27 x 03    0.0561  0 00 x 03    0.0561  5 08 x 07
0.0832  2 08 x 05    0.0833  2 08 x 05    0.0562  0 07 x 07    0.0562  0 07 x 07
0.0833  0 30 x 03    0.0833  0 30 x 03    0.0564  5 08 x 06    0.0565  5 08 x 06
0.0835  0 01 x 03    0.0836  0 01 x 03    0.0564  5 08 x 10    0.0565  5 08 x 10
0.0837  0 07 x 04    0.0838  0 07 x 04    0.0568  0 07 x 12    0.0568  0 07 x 12
0.0841  5 08 x 04    0.0841  5 08 x 04    0.0569  5 08 x 05    0.0570  5 08 x 05
0.0849  0 06 x 03    0.0849  0 06 x 03    0.0571  2 08 x 04    0.0573  2 08 x 04
0.0859  0 04 x 03    0.0859  0 04 x 03    0.0575  0 05 x 03    0.0575  0 05 x 03
0.0864  0 00 x 03    0.0864  0 00 x 03    0.0577  0 06 x 03    0.0578  0 06 x 03
0.0865  0 05 x 03    0.0865  0 05 x 03    0.0589  3 08 x 03    0.0588  3 08 x 03
0.0868  2 08 x 04    0.0869  2 08 x 04    0.0593  0 07 x 04    0.0593  0 07 x 04
0.0877  6 08 x 12    0.0876  6 08 x 12    0.0596  5 08 x 04    0.0596  5 08 x 04
0.0879  6 08 x 08    0.0878  6 08 x 08    0.0603  4 08 x 03    0.0603  4 08 x 03
0.0882  6 08 x 10    0.0882  6 08 x 10    0.0610  0 03 x 03    0.0611  0 03 x 03
0.0892  3 08 x 03    0.0892  3 08 x 03    0.0635  0 07 x 03    0.0635  0 07 x 03
0.0896  6 08 x 07    0.0896  6 08 x 07    0.0647  6 08 x 12    0.0647  6 08 x 12
0.0900  4 08 x 03    0.0901  4 08 x 03    0.0651  6 08 x 10    0.0650  6 08 x 10
0.0904  6 08 x 06    0.0904  6 08 x 06    0.0654  6 08 x 08    0.0653  6 08 x 08
0.0909  0 07 x 03    0.0909  0 07 x 03    0.0663  0 01 x 02    0.0663  0 01 x 02
0.0918  6 08 x 05    0.0917  6 08 x 05    0.0664  6 08 x 06    0.0663  6 08 x 06
0.0924  6 08 x 04    0.0925  6 08 x 04    0.0664  0 28 x 02    0.0664  0 28 x 02
0.0940  0 03 x 03    0.0940  0 03 x 03    0.0665  0 32 x 02    0.0666  0 32 x 02
0.0974  5 08 x 03    0.0974  5 08 x 03    0.0666  6 08 x 07    0.0666  6 08 x 07
0.1018  6 08 x 03    0.1017  6 08 x 03    0.0671  5 08 x 03    0.0671  5 08 x 03
0.1038  0 32 x 02    0.1038  0 32 x 02    0.0681  6 08 x 05    0.0680  6 08 x 05
0.1040  0 01 x 02    0.1039  0 28 x 02    0.0683  0 05 x 02    0.0683  0 05 x 02
0.1041  0 28 x 02    0.1040  0 01 x 02    0.0685  0 04 x 02    0.0685  0 04 x 02
0.1055  0 06 x 02    0.1056  0 05 x 02    0.0685  0 30 x 02    0.0685  0 30 x 02
0.1056  0 05 x 02    0.1056  0 06 x 02    0.0687  6 08 x 04    0.0687  6 08 x 04
0.1064  0 04 x 02    0.1064  0 04 x 02    0.0687  0 00 x 02    0.0687  0 00 x 02
0.1075  0 31 x 02    0.1075  0 31 x 02    0.0688  0 31 x 02    0.0688  0 31 x 02
0.1075  0 30 x 02    0.1076  0 30 x 02    0.0691  0 27 x 02    0.0691  0 27 x 02
0.1077  0 00 x 02    0.1077  0 00 x 02    0.0698  0 06 x 02    0.0697  0 06 x 02
0.1091  0 27 x 02    0.1090  0 27 x 02    0.0701  0 29 x 02    0.0701  0 29 x 02
0.1095  0 29 x 02    0.1095  0 29 x 02    0.0716  2 08 x 03    0.0716  2 08 x 03
0.1098  2 08 x 03    0.1098  2 08 x 03    0.0746  6 08 x 03    0.0746  6 08 x 03
0.1117  7 08 x 05    0.1117  7 08 x 05    0.0759  0 07 x 02    0.0759  0 07 x 02
0.1119  0 07 x 02    0.1119  0 07 x 02    0.0778  1 08 x 05    0.0778  3 08 x 02
0.1185  7 08 x 04    0.1185  7 08 x 04    0.0778  3 08 x 02    0.0780  1 08 x 05
0.1197  1 08 x 05    0.1199  1 08 x 05    0.0799  4 08 x 02    0.0798  4 08 x 02
0.1208  4 08 x 02    0.1209  4 08 x 02    0.0831  1 08 x 03    0.0832  1 08 x 03
0.1209  3 08 x 02    0.1209  3 08 x 02    0.0837  5 08 x 02    0.0837  5 08 x 02
0.1221  5 08 x 02    0.1221  5 08 x 02    0.0859  0 03 x 02    0.0859  0 03 x 02
0.1238  7 08 x 03    0.1238  7 08 x 03    0.0864  2 08 x 02    0.0864  2 08 x 02
0.1283  1 08 x 03    0.1284  1 08 x 03    0.0899  7 08 x 05    0.0899  7 08 x 05
0.1340  6 08 x 02    0.1340  6 08 x 02    0.0939  7 08 x 04    0.0939  7 08 x 04
0.1353  0 03 x 02    0.1353  0 03 x 02    0.0964  1 08 x 04    0.0964  1 08 x 04
0.1354  2 08 x 02    0.1354  2 08 x 02    0.0965  6 08 x 02    0.0965  6 08 x 02
0.1495  1 08 x 04    0.1495  1 08 x 04    0.0984  7 08 x 03    0.0984  7 08 x 03
0.1626  7 08 x 02    0.1626  7 08 x 02    0.1092  0 01 x 01    0.1091  0 01 x 01
0.1792  1 08 x 02    0.1793  1 08 x 02    0.1101  0 05 x 01    0.1101  0 05 x 01
0.1808  0 05 x 01    0.1809  0 05 x 01    0.1110  0 04 x 01    0.1110  0 04 x 01
0.1810  0 01 x 01    0.1810  0 01 x 01    0.1112  0 00 x 01    0.1113  0 00 x 01
0.1826  0 06 x 01    0.1826  0 06 x 01    0.1132  0 06 x 01    0.1132  0 06 x 01
0.1829  0 04 x 01    0.1828  0 04 x 01    0.1141  1 08 x 02    0.1141  1 08 x 02
0.1836  0 02 x 02    0.1837  0 02 x 02    0.1151  0 27 x 01    0.1151  0 27 x 01
0.1838  0 02 x 03    0.1838  0 02 x 03    0.1174  0 07 x 01    0.1174  0 07 x 01
0.1855  0 00 x 01    0.1855  0 00 x 01    0.1180  0 02 x 01    0.1181  0 02 x 01
0.1864  0 07 x 01    0.1863  0 07 x 01    0.1183  0 02 x 03    0.1184  0 02 x 03
0.1922  0 02 x 01    0.1922  0 27 x 01    0.1184  0 02 x 02    0.1185  0 02 x 02
0.1922  0 27 x 01    0.1922  0 02 x 01    0.1197  0 29 x 01    0.1197  0 29 x 01
0.1925  0 02 x 04    0.1926  0 02 x 04    0.1212  0 31 x 01    0.1212  0 31 x 01
0.1967  0 02 x 07    0.1967  0 02 x 07    0.1238  4 08 x 01    0.1238  4 08 x 01
0.1969  0 02 x 08    0.1969  0 02 x 08    0.1240  0 02 x 04    0.1239  0 02 x 04
0.1972  0 02 x 10    0.1971  0 02 x 10    0.1255  0 32 x 01    0.1255  0 32 x 01
0.1995  0 32 x 01    0.1995  0 32 x 01    0.1255  0 28 x 01    0.1255  0 28 x 01
0.1995  0 30 x 01    0.1995  0 30 x 01    0.1255  0 30 x 01    0.1255  0 30 x 01
0.1996  0 02 x 05    0.1996  0 28 x 01    0.1266  7 08 x 02    0.1265  7 08 x 02
0.1996  0 28 x 01    0.1997  0 02 x 06    0.1271  0 02 x 07    0.1272  0 02 x 07
0.1997  0 02 x 06    0.1998  0 02 x 05    0.1274  0 02 x 08    0.1273  0 02 x 08
0.2001  0 29 x 01    0.2002  0 29 x 01    0.1277  0 02 x 10    0.1278  0 02 x 10
0.2018  0 31 x 01    0.2019  0 31 x 01    0.1287  0 02 x 05    0.1287  0 02 x 05
0.2029  4 08 x 01    0.2029  4 08 x 01    0.1288  0 02 x 06    0.1288  0 02 x 06
0.2057  0 02 x 12    0.2055  0 02 x 12    0.1306  5 08 x 01    0.1306  5 08 x 01
0.2062  5 08 x 01    0.2062  5 08 x 01    0.1311  3 08 x 01    0.1312  3 08 x 01
0.2164  3 08 x 01    0.2164  3 08 x 01    0.1332  0 02 x 12    0.1332  0 02 x 12
0.2251  0 03 x 01    0.2251  0 03 x 01    0.1345  0 03 x 01    0.1345  0 03 x 01
0.2301  6 08 x 01    0.2300  6 08 x 01    0.1489  2 08 x 01    0.1489  2 08 x 01
0.2450  2 08 x 01    0.2450  2 08 x 01    0.1561  6 08 x 01    0.1561  6 08 x 01
0.2801  7 08 x 01    0.2801  7 08 x 01    0.2047  1 08 x 01    0.2046  1 08 x 01
0.3344  1 08 x 01    0.3344  1 08 x 01    0.2079  7 08 x 01    0.2079  7 08 x 01
---Benchmark Program Finished---
