
./testbench.sh clang++ O3 MontgomeryQuarter uint64_t 191 8 22 -DTEST_ARRAY

compilation finished, now executing:
---Running Program---

begin benchmarks - array two_pow
(ignore)3718609572885830787

OVERALL BEST:
0.2059  0 32 x 10
0.2060  0 28 x 08
0.2061  0 32 x 08
0.2061  0 28 x 10
0.2065  0 32 x 12
0.2065  0 28 x 12
0.2070  0 29 x 10
0.2074  0 32 x 07
0.2078  0 29 x 07
0.2079  0 28 x 07
0.2080  0 28 x 05
0.2081  0 32 x 05
0.2094  0 29 x 05
0.2105  0 29 x 08
0.2108  0 32 x 06
0.2110  0 28 x 06
0.2115  0 29 x 06
0.2116  0 29 x 12
0.2157  0 30 x 07
0.2170  0 30 x 06
0.2170  0 30 x 08
0.2187  0 27 x 06
0.2193  0 30 x 10
0.2196  0 30 x 12
0.2199  0 27 x 08
0.2205  0 31 x 10
0.2211  0 31 x 12
0.2212  0 27 x 07
0.2219  0 30 x 05
0.2224  0 31 x 06
0.2224  0 27 x 05
0.2234  0 31 x 08
0.2241  0 01 x 12
0.2241  0 01 x 10
0.2244  0 31 x 05
0.2255  0 01 x 08
0.2266  0 27 x 12
0.2272  0 01 x 07
0.2272  0 27 x 10
0.2276  0 01 x 05
0.2278  0 32 x 04
0.2279  0 28 x 04
0.2280  0 05 x 08
0.2293  0 01 x 06
0.2309  0 04 x 08
0.2313  0 31 x 07
0.2323  0 06 x 08
0.2345  0 00 x 06
0.2364  0 00 x 12
0.2374  0 00 x 07
0.2383  0 05 x 05
0.2384  0 00 x 08
0.2396  0 04 x 05
0.2410  0 00 x 05
0.2415  0 27 x 04
0.2415  0 06 x 05
0.2415  0 05 x 10
0.2416  0 05 x 06
0.2423  0 00 x 10
0.2424  0 05 x 07
0.2427  0 30 x 04
0.2429  0 06 x 10
0.2430  0 06 x 07
0.2432  0 04 x 07
0.2436  0 04 x 06
0.2438  0 06 x 06
0.2439  0 04 x 10
0.2442  0 29 x 04
0.2450  0 01 x 04
0.2451  0 05 x 12
0.2475  0 04 x 12
0.2528  0 04 x 04
0.2536  3 08 x 08
0.2542  4 08 x 06
0.2551  4 08 x 05
0.2565  3 08 x 05
0.2571  0 31 x 04
0.2574  0 07 x 08
0.2579  0 28 x 03
0.2581  0 32 x 03
0.2590  0 06 x 12
0.2593  3 08 x 07
0.2602  0 05 x 04
0.2606  4 08 x 12
0.2619  0 30 x 03
0.2621  0 03 x 06
0.2625  0 00 x 04
0.2632  0 06 x 04
0.2638  0 03 x 07
0.2643  0 03 x 08
0.2651  4 08 x 10
0.2655  4 08 x 08
0.2655  0 03 x 12
0.2656  0 07 x 05
0.2667  3 08 x 06
0.2670  0 03 x 10
0.2670  3 08 x 12
0.2679  4 08 x 04
0.2685  0 07 x 06
0.2687  3 08 x 04
0.2689  0 07 x 10
0.2696  0 03 x 05
0.2701  5 08 x 05
0.2703  0 07 x 07
0.2722  3 08 x 10
0.2724  0 07 x 12
0.2727  5 08 x 08
0.2734  5 08 x 12
0.2743  0 29 x 03
0.2743  4 08 x 07
0.2754  0 03 x 04
0.2762  0 31 x 03
0.2773  5 08 x 06
0.2774  0 27 x 03
0.2776  5 08 x 10
0.2784  0 01 x 03
0.2805  5 08 x 07
0.2815  2 08 x 05
0.2839  0 05 x 03
0.2843  5 08 x 04
0.2849  0 00 x 03
0.2883  0 04 x 03
0.2883  0 07 x 04
0.2896  0 06 x 03
0.2919  3 08 x 03
0.2929  2 08 x 04
0.2985  4 08 x 03
0.3095  0 07 x 03
0.3137  5 08 x 03
0.3146  6 08 x 12
0.3183  6 08 x 10
0.3184  6 08 x 08
0.3201  6 08 x 06
0.3233  6 08 x 07
0.3243  6 08 x 05
0.3301  6 08 x 04
0.3312  0 03 x 03
0.3383  0 01 x 02
0.3408  0 28 x 02
0.3411  0 32 x 02
0.3455  0 30 x 02
0.3488  0 06 x 02
0.3497  0 27 x 02
0.3500  0 04 x 02
0.3527  0 29 x 02
0.3545  0 00 x 02
0.3550  0 05 x 02
0.3556  0 31 x 02
0.3632  2 08 x 03
0.3659  6 08 x 03
0.3761  0 07 x 02
0.3941  4 08 x 02
0.3954  1 08 x 05
0.3974  3 08 x 02
0.4079  5 08 x 02
0.4171  7 08 x 05
0.4233  1 08 x 03
0.4321  0 03 x 02
0.4448  2 08 x 02
0.4524  7 08 x 04
0.4699  7 08 x 03
0.4764  6 08 x 02
0.4921  1 08 x 04
0.5798  0 01 x 01
0.5859  1 08 x 02
0.5869  0 05 x 01
0.5887  0 06 x 01
0.5898  0 04 x 01
0.5919  0 02 x 02
0.5938  0 00 x 01
0.6023  0 07 x 01
0.6096  0 02 x 03
0.6127  7 08 x 02
0.6162  0 27 x 01
0.6296  0 02 x 01
0.6367  0 02 x 04
0.6481  0 02 x 07
0.6521  0 32 x 01
0.6524  0 28 x 01
0.6524  0 30 x 01
0.6533  0 02 x 06
0.6535  0 02 x 08
0.6535  0 29 x 01
0.6559  0 02 x 10
0.6569  0 02 x 05
0.6656  0 31 x 01
0.6663  4 08 x 01
0.6764  0 02 x 12
0.6814  5 08 x 01
0.6986  3 08 x 01
0.7188  0 03 x 01
0.7755  6 08 x 01
0.7898  2 08 x 01
0.9872  7 08 x 01
1.0780  1 08 x 01
Timings By Test Type:
0.0623  0 28 x 08    0.0623  0 32 x 08    0.0406  0 32 x 10    0.0405  0 32 x 10
0.0623  0 32 x 08    0.0623  0 28 x 08    0.0406  0 29 x 10    0.0406  0 29 x 10
0.0624  0 28 x 10    0.0624  0 32 x 10    0.0407  0 28 x 12    0.0406  0 28 x 12
0.0624  0 32 x 10    0.0624  0 28 x 10    0.0407  0 28 x 10    0.0407  0 28 x 10
0.0626  0 32 x 12    0.0626  0 32 x 12    0.0407  0 32 x 12    0.0407  0 32 x 12
0.0626  0 28 x 12    0.0626  0 28 x 12    0.0407  0 32 x 08    0.0407  0 32 x 08
0.0626  0 32 x 07    0.0627  0 32 x 07    0.0407  0 28 x 08    0.0407  0 28 x 08
0.0627  0 28 x 07    0.0627  0 28 x 05    0.0410  0 29 x 07    0.0410  0 29 x 07
0.0627  0 28 x 05    0.0628  0 32 x 05    0.0410  0 32 x 07    0.0411  0 32 x 07
0.0628  0 32 x 05    0.0628  0 29 x 10    0.0411  0 28 x 07    0.0411  0 28 x 07
0.0629  0 29 x 10    0.0629  0 29 x 07    0.0413  0 32 x 05    0.0413  0 28 x 05
0.0629  0 29 x 07    0.0631  0 28 x 07    0.0413  0 28 x 05    0.0413  0 32 x 05
0.0633  0 29 x 05    0.0632  0 29 x 05    0.0415  0 29 x 05    0.0415  0 29 x 05
0.0636  0 29 x 08    0.0636  0 29 x 08    0.0416  0 29 x 08    0.0416  0 29 x 08
0.0638  0 32 x 06    0.0638  0 32 x 06    0.0416  0 32 x 06    0.0416  0 32 x 06
0.0638  0 28 x 06    0.0638  0 28 x 06    0.0417  0 29 x 06    0.0417  0 29 x 06
0.0641  0 29 x 12    0.0641  0 29 x 12    0.0417  0 28 x 06    0.0417  0 29 x 12
0.0641  0 29 x 06    0.0641  0 29 x 06    0.0417  0 29 x 12    0.0417  0 28 x 06
0.0653  0 30 x 07    0.0654  0 30 x 07    0.0425  0 30 x 07    0.0425  0 30 x 07
0.0655  0 30 x 06    0.0654  0 30 x 06    0.0427  0 30 x 08    0.0427  0 30 x 08
0.0659  0 30 x 08    0.0658  0 30 x 08    0.0430  0 30 x 06    0.0430  0 30 x 06
0.0659  0 27 x 06    0.0660  0 27 x 06    0.0431  0 30 x 10    0.0432  0 27 x 08
0.0664  0 30 x 10    0.0664  0 30 x 12    0.0432  0 27 x 08    0.0432  0 31 x 10
0.0666  0 30 x 12    0.0665  0 30 x 10    0.0433  0 30 x 12    0.0433  0 30 x 10
0.0667  0 27 x 08    0.0667  0 27 x 08    0.0433  0 31 x 10    0.0433  0 30 x 12
0.0669  0 27 x 07    0.0669  0 27 x 07    0.0434  0 27 x 06    0.0434  0 31 x 12
0.0670  0 31 x 10    0.0670  0 31 x 10    0.0434  0 31 x 12    0.0434  0 27 x 06
0.0671  0 30 x 05    0.0671  0 30 x 05    0.0436  0 27 x 07    0.0437  0 27 x 07
0.0672  0 31 x 12    0.0672  0 31 x 12    0.0437  0 31 x 06    0.0437  0 31 x 06
0.0673  0 27 x 05    0.0673  0 27 x 05    0.0438  0 30 x 05    0.0438  0 30 x 05
0.0675  0 31 x 06    0.0675  0 31 x 06    0.0439  0 31 x 08    0.0438  0 31 x 08
0.0677  0 01 x 10    0.0676  0 01 x 10    0.0439  0 27 x 05    0.0439  0 27 x 05
0.0677  0 01 x 12    0.0677  0 01 x 12    0.0441  0 31 x 05    0.0441  0 31 x 05
0.0678  0 05 x 08    0.0679  0 31 x 08    0.0444  0 01 x 12    0.0443  0 01 x 12
0.0679  0 31 x 08    0.0679  0 05 x 08    0.0444  0 01 x 10    0.0444  0 01 x 10
0.0680  0 01 x 08    0.0679  0 01 x 08    0.0445  0 27 x 12    0.0445  0 27 x 12
0.0681  0 31 x 05    0.0681  0 31 x 05    0.0445  0 27 x 10    0.0445  0 27 x 10
0.0684  0 01 x 07    0.0683  0 01 x 05    0.0448  0 01 x 08    0.0448  0 01 x 08
0.0684  0 01 x 05    0.0684  0 01 x 07    0.0449  0 32 x 04    0.0450  0 32 x 04
0.0687  0 06 x 08    0.0687  0 06 x 08    0.0451  0 28 x 04    0.0451  0 28 x 04
0.0688  0 27 x 12    0.0688  0 27 x 12    0.0452  0 01 x 07    0.0452  0 01 x 07
0.0688  0 28 x 04    0.0688  0 28 x 04    0.0453  0 31 x 07    0.0453  0 31 x 07
0.0689  0 32 x 04    0.0689  0 01 x 06    0.0455  0 01 x 05    0.0455  0 01 x 05
0.0689  0 01 x 06    0.0690  0 32 x 04    0.0457  0 01 x 06    0.0457  0 01 x 06
0.0690  0 27 x 10    0.0691  0 27 x 10    0.0457  0 04 x 08    0.0458  0 04 x 08
0.0696  0 04 x 08    0.0698  0 04 x 08    0.0462  0 05 x 08    0.0462  0 05 x 08
0.0703  0 31 x 07    0.0703  0 31 x 07    0.0463  0 00 x 06    0.0463  0 00 x 06
0.0709  0 00 x 06    0.0709  0 00 x 06    0.0464  0 00 x 12    0.0464  0 00 x 12
0.0711  0 05 x 05    0.0711  0 05 x 05    0.0467  0 00 x 07    0.0469  0 00 x 07
0.0715  0 06 x 05    0.0715  0 06 x 05    0.0469  0 00 x 08    0.0469  0 00 x 08
0.0718  0 05 x 10    0.0717  0 05 x 10    0.0473  0 00 x 05    0.0473  0 00 x 05
0.0718  0 05 x 06    0.0718  0 00 x 12    0.0474  0 27 x 04    0.0474  0 27 x 04
0.0718  0 00 x 07    0.0718  0 05 x 06    0.0475  0 06 x 08    0.0474  0 06 x 08
0.0718  0 00 x 12    0.0719  0 06 x 10    0.0475  0 00 x 10    0.0475  0 00 x 10
0.0719  0 06 x 10    0.0720  0 00 x 07    0.0477  0 04 x 05    0.0476  0 04 x 05
0.0720  0 05 x 07    0.0720  0 06 x 07    0.0479  0 30 x 04    0.0479  0 30 x 04
0.0720  0 06 x 07    0.0721  0 06 x 06    0.0480  0 05 x 05    0.0481  0 05 x 05
0.0722  0 04 x 05    0.0722  0 04 x 05    0.0483  0 04 x 10    0.0483  0 04 x 10
0.0722  0 06 x 06    0.0722  0 05 x 07    0.0483  0 04 x 07    0.0483  0 04 x 07
0.0723  0 00 x 08    0.0723  0 00 x 08    0.0485  0 04 x 06    0.0485  0 04 x 06
0.0728  0 05 x 12    0.0727  0 05 x 12    0.0485  0 01 x 04    0.0486  0 29 x 04
0.0732  0 00 x 05    0.0732  0 00 x 05    0.0486  0 29 x 04    0.0486  0 01 x 04
0.0732  0 04 x 07    0.0733  0 04 x 07    0.0489  0 04 x 12    0.0488  0 04 x 12
0.0733  0 04 x 06    0.0733  0 27 x 04    0.0490  0 05 x 06    0.0490  0 05 x 06
0.0733  0 27 x 04    0.0734  0 04 x 06    0.0490  0 05 x 10    0.0490  0 05 x 10
0.0734  0 30 x 04    0.0734  0 30 x 04    0.0491  0 05 x 07    0.0491  0 05 x 07
0.0735  0 29 x 04    0.0735  0 29 x 04    0.0492  0 06 x 05    0.0492  0 06 x 05
0.0736  0 04 x 10    0.0736  0 00 x 10    0.0495  0 06 x 07    0.0496  0 06 x 07
0.0737  0 00 x 10    0.0737  0 04 x 10    0.0496  0 06 x 10    0.0496  0 06 x 10
0.0739  0 01 x 04    0.0739  0 01 x 04    0.0498  0 06 x 06    0.0497  0 06 x 06
0.0749  0 04 x 12    0.0749  0 04 x 12    0.0498  0 05 x 12    0.0498  0 05 x 12
0.0750  0 07 x 08    0.0750  0 07 x 08    0.0501  0 04 x 04    0.0501  0 04 x 04
0.0754  4 08 x 06    0.0754  4 08 x 06    0.0506  0 28 x 03    0.0506  0 28 x 03
0.0758  4 08 x 05    0.0758  4 08 x 05    0.0507  0 32 x 03    0.0507  0 32 x 03
0.0759  3 08 x 08    0.0760  0 06 x 12    0.0508  0 31 x 04    0.0508  0 31 x 04
0.0760  0 06 x 12    0.0761  3 08 x 08    0.0509  3 08 x 08    0.0508  3 08 x 08
0.0763  0 04 x 04    0.0763  0 04 x 04    0.0513  3 08 x 05    0.0513  3 08 x 05
0.0770  3 08 x 05    0.0769  3 08 x 05    0.0514  0 00 x 04    0.0514  0 00 x 04
0.0773  4 08 x 12    0.0773  4 08 x 12    0.0514  0 30 x 03    0.0514  0 30 x 03
0.0775  3 08 x 07    0.0774  3 08 x 07    0.0517  4 08 x 05    0.0517  4 08 x 05
0.0775  0 07 x 05    0.0775  0 07 x 05    0.0517  4 08 x 06    0.0517  4 08 x 06
0.0778  0 31 x 04    0.0778  0 31 x 04    0.0518  0 03 x 06    0.0518  0 03 x 06
0.0780  0 05 x 04    0.0780  0 05 x 04    0.0521  0 05 x 04    0.0521  0 05 x 04
0.0782  0 06 x 04    0.0783  0 06 x 04    0.0521  0 03 x 07    0.0521  0 03 x 07
0.0783  0 28 x 03    0.0783  0 32 x 03    0.0522  3 08 x 07    0.0522  3 08 x 07
0.0784  0 07 x 06    0.0783  0 07 x 06    0.0523  0 03 x 08    0.0523  0 03 x 08
0.0784  0 07 x 10    0.0784  0 28 x 03    0.0526  0 03 x 12    0.0525  0 03 x 12
0.0784  0 32 x 03    0.0784  0 07 x 10    0.0529  0 03 x 10    0.0529  0 03 x 10
0.0787  4 08 x 10    0.0786  4 08 x 10    0.0530  4 08 x 12    0.0530  4 08 x 12
0.0787  5 08 x 05    0.0787  5 08 x 05    0.0534  0 03 x 05    0.0533  0 03 x 05
0.0788  4 08 x 08    0.0788  4 08 x 08    0.0534  0 06 x 04    0.0534  3 08 x 12
0.0789  0 07 x 07    0.0789  0 07 x 07    0.0534  3 08 x 06    0.0534  0 06 x 04
0.0792  0 03 x 06    0.0792  0 03 x 06    0.0535  3 08 x 12    0.0534  3 08 x 06
0.0794  0 07 x 12    0.0793  5 08 x 08    0.0535  0 06 x 12    0.0535  0 06 x 12
0.0794  4 08 x 04    0.0794  4 08 x 04    0.0537  0 07 x 08    0.0536  0 07 x 08
0.0795  5 08 x 08    0.0795  0 07 x 12    0.0538  3 08 x 04    0.0538  3 08 x 04
0.0795  0 30 x 03    0.0795  0 30 x 03    0.0539  4 08 x 10    0.0539  4 08 x 10
0.0797  5 08 x 12    0.0796  5 08 x 12    0.0539  4 08 x 08    0.0540  4 08 x 08
0.0798  0 03 x 07    0.0797  0 03 x 07    0.0541  0 27 x 03    0.0541  0 27 x 03
0.0798  0 03 x 08    0.0799  0 00 x 04    0.0544  0 03 x 04    0.0544  0 03 x 04
0.0799  0 00 x 04    0.0799  0 03 x 08    0.0544  3 08 x 10    0.0544  3 08 x 10
0.0800  3 08 x 06    0.0800  3 08 x 06    0.0545  0 29 x 03    0.0545  0 29 x 03
0.0800  3 08 x 12    0.0802  3 08 x 12    0.0545  4 08 x 04    0.0545  4 08 x 04
0.0801  0 03 x 12    0.0803  0 03 x 12    0.0546  0 31 x 03    0.0546  0 31 x 03
0.0805  3 08 x 04    0.0806  0 03 x 10    0.0547  0 01 x 03    0.0547  0 01 x 03
0.0807  0 03 x 10    0.0806  3 08 x 04    0.0553  0 07 x 05    0.0553  0 07 x 05
0.0808  5 08 x 06    0.0808  5 08 x 06    0.0556  4 08 x 07    0.0556  4 08 x 07
0.0808  5 08 x 10    0.0809  5 08 x 10    0.0558  2 08 x 05    0.0559  2 08 x 05
0.0815  0 03 x 05    0.0815  0 03 x 05    0.0559  0 07 x 06    0.0559  0 07 x 06
0.0816  4 08 x 07    0.0816  4 08 x 07    0.0560  0 07 x 10    0.0560  0 07 x 10
0.0818  3 08 x 10    0.0817  3 08 x 10    0.0560  0 00 x 03    0.0560  0 00 x 03
0.0820  5 08 x 07    0.0819  5 08 x 07    0.0562  0 07 x 07    0.0563  0 07 x 07
0.0827  0 29 x 03    0.0826  0 29 x 03    0.0563  5 08 x 05    0.0563  5 08 x 05
0.0831  5 08 x 04    0.0831  5 08 x 04    0.0565  0 05 x 03    0.0566  0 05 x 03
0.0833  0 03 x 04    0.0833  0 03 x 04    0.0566  0 04 x 03    0.0566  0 04 x 03
0.0835  0 31 x 03    0.0835  0 31 x 03    0.0568  0 07 x 12    0.0567  0 07 x 12
0.0845  2 08 x 05    0.0845  0 01 x 03    0.0569  5 08 x 08    0.0569  5 08 x 08
0.0845  0 01 x 03    0.0845  0 07 x 04    0.0571  5 08 x 12    0.0571  5 08 x 12
0.0846  0 07 x 04    0.0846  0 27 x 03    0.0578  5 08 x 06    0.0578  5 08 x 06
0.0846  0 27 x 03    0.0853  2 08 x 05    0.0579  5 08 x 10    0.0579  5 08 x 10
0.0854  0 05 x 03    0.0854  0 05 x 03    0.0580  3 08 x 03    0.0580  3 08 x 03
0.0864  0 06 x 03    0.0864  0 06 x 03    0.0581  2 08 x 04    0.0581  2 08 x 04
0.0864  0 00 x 03    0.0864  0 00 x 03    0.0583  5 08 x 07    0.0583  5 08 x 07
0.0875  0 04 x 03    0.0875  0 04 x 03    0.0584  0 06 x 03    0.0584  0 06 x 03
0.0879  3 08 x 03    0.0879  3 08 x 03    0.0590  5 08 x 04    0.0591  5 08 x 04
0.0884  2 08 x 04    0.0883  2 08 x 04    0.0596  0 07 x 04    0.0596  0 07 x 04
0.0890  4 08 x 03    0.0892  4 08 x 03    0.0601  4 08 x 03    0.0602  4 08 x 03
0.0901  6 08 x 12    0.0901  6 08 x 12    0.0638  0 07 x 03    0.0639  0 07 x 03
0.0909  0 07 x 03    0.0909  0 07 x 03    0.0648  5 08 x 03    0.0648  5 08 x 03
0.0911  6 08 x 08    0.0910  6 08 x 08    0.0650  0 03 x 03    0.0649  0 03 x 03
0.0911  6 08 x 10    0.0912  6 08 x 10    0.0659  0 01 x 02    0.0659  0 01 x 02
0.0914  6 08 x 06    0.0915  6 08 x 06    0.0660  0 32 x 02    0.0660  0 32 x 02
0.0920  5 08 x 03    0.0921  5 08 x 03    0.0663  0 28 x 02    0.0662  0 28 x 02
0.0923  6 08 x 07    0.0923  6 08 x 07    0.0672  6 08 x 12    0.0672  6 08 x 12
0.0930  6 08 x 05    0.0931  6 08 x 05    0.0672  0 30 x 02    0.0673  0 30 x 02
0.0944  6 08 x 04    0.0944  6 08 x 04    0.0676  0 27 x 02    0.0677  0 27 x 02
0.1006  0 03 x 03    0.1006  0 03 x 03    0.0680  6 08 x 10    0.0680  6 08 x 10
0.1033  0 01 x 02    0.1033  0 01 x 02    0.0681  6 08 x 08    0.0681  6 08 x 08
0.1042  0 28 x 02    0.1042  0 28 x 02    0.0683  0 04 x 02    0.0683  0 04 x 02
0.1046  0 32 x 02    0.1045  0 32 x 02    0.0686  6 08 x 06    0.0686  6 08 x 06
0.1050  0 06 x 02    0.1049  0 06 x 02    0.0689  0 00 x 02    0.0689  0 00 x 02
0.1054  6 08 x 03    0.1054  6 08 x 03    0.0690  0 29 x 02    0.0690  0 29 x 02
0.1056  0 30 x 02    0.1055  0 30 x 02    0.0691  6 08 x 05    0.0691  6 08 x 05
0.1067  0 04 x 02    0.1067  0 04 x 02    0.0694  6 08 x 07    0.0694  6 08 x 07
0.1072  0 27 x 02    0.1072  0 27 x 02    0.0694  0 06 x 02    0.0694  0 06 x 02
0.1074  0 29 x 02    0.1074  0 29 x 02    0.0699  0 05 x 02    0.0699  0 31 x 02
0.1076  0 05 x 02    0.1075  0 31 x 02    0.0701  0 31 x 02    0.0699  0 05 x 02
0.1081  0 31 x 02    0.1076  0 05 x 02    0.0706  6 08 x 04    0.0706  6 08 x 04
0.1084  0 00 x 02    0.1083  0 00 x 02    0.0715  2 08 x 03    0.0716  2 08 x 03
0.1100  2 08 x 03    0.1101  2 08 x 03    0.0761  0 07 x 02    0.0762  0 07 x 02
0.1119  0 07 x 02    0.1119  0 07 x 02    0.0776  6 08 x 03    0.0775  6 08 x 03
0.1154  7 08 x 05    0.1154  7 08 x 05    0.0778  3 08 x 02    0.0778  3 08 x 02
0.1192  4 08 x 02    0.1189  4 08 x 02    0.0778  1 08 x 05    0.0778  1 08 x 05
0.1198  1 08 x 05    0.1199  1 08 x 05    0.0780  4 08 x 02    0.0780  4 08 x 02
0.1209  3 08 x 02    0.1209  3 08 x 02    0.0827  5 08 x 02    0.0827  5 08 x 02
0.1212  5 08 x 02    0.1212  5 08 x 02    0.0832  1 08 x 03    0.0832  1 08 x 03
0.1257  7 08 x 04    0.1257  7 08 x 04    0.0840  0 03 x 02    0.0839  0 03 x 02
0.1284  1 08 x 03    0.1285  1 08 x 03    0.0867  2 08 x 02    0.0867  2 08 x 02
0.1304  7 08 x 03    0.1304  7 08 x 03    0.0932  7 08 x 05    0.0932  7 08 x 05
0.1321  0 03 x 02    0.1321  0 03 x 02    0.0965  1 08 x 04    0.0965  1 08 x 04
0.1357  2 08 x 02    0.1357  2 08 x 02    0.1002  6 08 x 02    0.1002  6 08 x 02
0.1380  6 08 x 02    0.1380  6 08 x 02    0.1005  7 08 x 04    0.1005  7 08 x 04
0.1495  1 08 x 04    0.1495  1 08 x 04    0.1046  7 08 x 03    0.1046  7 08 x 03
0.1713  7 08 x 02    0.1713  7 08 x 02    0.1091  0 01 x 01    0.1090  0 01 x 01
0.1789  1 08 x 02    0.1790  1 08 x 02    0.1112  0 05 x 01    0.1112  0 05 x 01
0.1798  0 02 x 02    0.1799  0 02 x 02    0.1113  0 00 x 01    0.1113  0 00 x 01
0.1808  0 01 x 01    0.1809  0 01 x 01    0.1116  0 04 x 01    0.1116  0 04 x 01
0.1820  0 06 x 01    0.1820  0 06 x 01    0.1124  0 06 x 01    0.1124  0 06 x 01
0.1822  0 05 x 01    0.1823  0 05 x 01    0.1140  1 08 x 02    0.1141  1 08 x 02
0.1833  0 04 x 01    0.1833  0 04 x 01    0.1155  0 27 x 01    0.1156  0 27 x 01
0.1851  0 07 x 01    0.1850  0 07 x 01    0.1160  0 02 x 02    0.1161  0 02 x 02
0.1854  0 02 x 03    0.1854  0 02 x 03    0.1161  0 07 x 01    0.1161  0 07 x 01
0.1855  0 00 x 01    0.1856  0 00 x 01    0.1193  0 02 x 03    0.1195  0 02 x 03
0.1925  0 27 x 01    0.1925  0 27 x 01    0.1200  0 02 x 01    0.1200  0 02 x 01
0.1937  0 02 x 04    0.1938  0 02 x 04    0.1235  0 29 x 01    0.1235  0 29 x 01
0.1949  0 02 x 01    0.1948  0 02 x 01    0.1247  0 02 x 04    0.1246  0 02 x 04
0.1968  0 02 x 07    0.1969  0 02 x 07    0.1259  0 31 x 01    0.1259  0 31 x 01
0.1984  0 02 x 08    0.1984  0 02 x 08    0.1260  0 32 x 01    0.1260  0 32 x 01
0.1985  0 02 x 06    0.1986  0 02 x 06    0.1261  0 28 x 01    0.1261  0 28 x 01
0.1991  0 02 x 10    0.1990  0 02 x 10    0.1261  0 30 x 01    0.1261  0 30 x 01
0.1998  0 02 x 05    0.1996  0 02 x 05    0.1270  4 08 x 01    0.1270  4 08 x 01
0.2000  0 32 x 01    0.2000  0 32 x 01    0.1272  0 02 x 07    0.1272  0 02 x 07
0.2001  0 30 x 01    0.2001  0 30 x 01    0.1281  0 02 x 06    0.1282  0 02 x 06
0.2001  0 28 x 01    0.2001  0 28 x 01    0.1283  0 02 x 08    0.1283  0 02 x 08
0.2033  0 29 x 01    0.2033  0 29 x 01    0.1287  0 02 x 05    0.1288  0 02 x 05
0.2052  0 02 x 12    0.2050  0 02 x 12    0.1289  0 02 x 10    0.1289  0 02 x 10
0.2061  4 08 x 01    0.2061  4 08 x 01    0.1320  3 08 x 01    0.1320  3 08 x 01
0.2069  0 31 x 01    0.2069  0 31 x 01    0.1326  5 08 x 01    0.1326  5 08 x 01
0.2081  5 08 x 01    0.2081  5 08 x 01    0.1331  0 02 x 12    0.1331  0 02 x 12
0.2173  3 08 x 01    0.2172  3 08 x 01    0.1345  0 03 x 01    0.1345  0 03 x 01
0.2249  0 03 x 01    0.2250  0 03 x 01    0.1351  7 08 x 02    0.1351  7 08 x 02
0.2308  6 08 x 01    0.2308  6 08 x 01    0.1494  2 08 x 01    0.1494  2 08 x 01
0.2455  2 08 x 01    0.2455  2 08 x 01    0.1570  6 08 x 01    0.1570  6 08 x 01
0.2828  7 08 x 01    0.2828  7 08 x 01    0.2047  1 08 x 01    0.2047  1 08 x 01
0.3344  1 08 x 01    0.3344  1 08 x 01    0.2108  7 08 x 01    0.2108  7 08 x 01
---Benchmark Program Finished---
