
./testbench.sh g++ O3 MontgomeryQuarter uint64_t 191 8 22 -DTEST_ARRAY -DHURCHALLA_MONTGOMERY_TWO_POW_USE_CSELECT_ON_BIT -DHURCHALLA_ALLOW_INLINE_ASM_ALL

compilation finished, now executing:
---Running Program---

begin benchmarks - array two_pow
(ignore)3718609572885830787

OVERALL BEST:
0.2127  0 28 x 08
0.2128  0 29 x 07
0.2130  0 32 x 07
0.2131  0 29 x 08
0.2132  0 32 x 08
0.2141  0 28 x 10
0.2146  0 28 x 07
0.2160  0 30 x 10
0.2163  0 31 x 10
0.2163  0 30 x 08
0.2164  0 32 x 06
0.2165  0 28 x 12
0.2165  0 29 x 06
0.2167  0 27 x 07
0.2169  0 31 x 07
0.2175  0 27 x 08
0.2176  0 32 x 10
0.2177  0 29 x 10
0.2182  0 29 x 12
0.2182  0 32 x 12
0.2188  0 30 x 12
0.2201  0 31 x 08
0.2202  0 28 x 06
0.2202  0 30 x 07
0.2216  0 32 x 05
0.2217  0 29 x 05
0.2223  0 27 x 06
0.2225  0 31 x 06
0.2237  0 30 x 06
0.2247  0 27 x 12
0.2251  0 27 x 10
0.2256  0 30 x 05
0.2260  0 31 x 05
0.2269  0 31 x 12
0.2272  0 28 x 05
0.2273  0 01 x 08
0.2280  0 01 x 12
0.2289  0 01 x 10
0.2290  0 01 x 07
0.2296  0 01 x 06
0.2302  0 04 x 08
0.2308  0 05 x 08
0.2322  0 06 x 08
0.2325  0 27 x 05
0.2345  0 05 x 05
0.2355  0 01 x 05
0.2355  0 00 x 10
0.2355  0 04 x 05
0.2361  0 05 x 12
0.2366  0 04 x 07
0.2370  0 04 x 06
0.2374  0 04 x 10
0.2377  0 04 x 12
0.2383  0 00 x 08
0.2388  0 31 x 04
0.2389  0 00 x 12
0.2390  0 05 x 10
0.2393  0 06 x 10
0.2416  0 00 x 05
0.2422  0 28 x 04
0.2427  0 32 x 04
0.2429  0 29 x 04
0.2433  0 05 x 07
0.2441  0 06 x 07
0.2450  0 00 x 07
0.2453  0 06 x 05
0.2460  0 30 x 04
0.2466  0 00 x 06
0.2469  0 03 x 06
0.2472  0 01 x 04
0.2479  0 05 x 06
0.2482  0 06 x 06
0.2498  4 08 x 08
0.2499  0 27 x 04
0.2514  0 04 x 04
0.2514  0 05 x 04
0.2521  0 06 x 12
0.2529  4 08 x 07
0.2547  4 08 x 06
0.2574  5 08 x 08
0.2575  4 08 x 10
0.2581  5 08 x 10
0.2592  0 06 x 04
0.2597  4 08 x 12
0.2597  4 08 x 05
0.2605  0 00 x 04
0.2607  5 08 x 07
0.2612  0 03 x 05
0.2618  5 08 x 12
0.2623  5 08 x 06
0.2631  3 08 x 08
0.2640  0 32 x 03
0.2641  0 29 x 03
0.2651  0 03 x 04
0.2676  0 07 x 05
0.2678  5 08 x 05
0.2690  0 30 x 03
0.2692  3 08 x 06
0.2692  3 08 x 05
0.2709  3 08 x 07
0.2713  0 28 x 03
0.2718  0 31 x 03
0.2744  0 27 x 03
0.2751  3 08 x 10
0.2789  0 03 x 07
0.2802  0 01 x 03
0.2811  0 05 x 03
0.2812  0 07 x 04
0.2815  4 08 x 04
0.2821  0 03 x 08
0.2821  0 07 x 06
0.2822  0 07 x 08
0.2825  0 04 x 03
0.2843  6 08 x 08
0.2858  0 06 x 03
0.2861  3 08 x 04
0.2870  6 08 x 10
0.2871  5 08 x 04
0.2879  6 08 x 06
0.2879  0 00 x 03
0.2906  6 08 x 07
0.2926  3 08 x 12
0.2926  6 08 x 12
0.2936  0 07 x 07
0.2939  6 08 x 05
0.2942  0 03 x 03
0.3016  2 08 x 05
0.3066  4 08 x 03
0.3073  0 07 x 03
0.3078  0 07 x 10
0.3089  0 07 x 12
0.3101  2 08 x 04
0.3105  0 03 x 12
0.3151  6 08 x 04
0.3157  5 08 x 03
0.3178  0 03 x 10
0.3181  3 08 x 03
0.3385  0 05 x 02
0.3404  0 01 x 02
0.3411  0 00 x 02
0.3414  0 04 x 02
0.3428  0 32 x 02
0.3434  0 29 x 02
0.3451  0 28 x 02
0.3452  0 06 x 02
0.3491  0 31 x 02
0.3497  6 08 x 03
0.3515  0 30 x 02
0.3522  0 27 x 02
0.3676  7 08 x 05
0.3688  0 07 x 02
0.3757  2 08 x 03
0.3876  0 03 x 02
0.3891  7 08 x 04
0.3988  4 08 x 02
0.4129  5 08 x 02
0.4166  1 08 x 05
0.4227  3 08 x 02
0.4239  1 08 x 04
0.4324  7 08 x 03
0.4561  2 08 x 02
0.4579  6 08 x 02
0.4956  1 08 x 03
0.5529  7 08 x 02
0.5680  0 00 x 01
0.5690  0 04 x 01
0.5742  0 01 x 01
0.5756  0 32 x 01
0.5756  0 29 x 01
0.5765  0 05 x 01
0.5794  0 06 x 01
0.5813  0 28 x 01
0.5850  1 08 x 02
0.5913  0 07 x 01
0.5951  0 27 x 01
0.5984  0 30 x 01
0.5997  0 02 x 02
0.6048  0 02 x 01
0.6207  0 31 x 01
0.6294  4 08 x 01
0.6575  5 08 x 01
0.6612  0 02 x 03
0.6632  3 08 x 01
0.6756  0 03 x 01
0.7334  0 02 x 04
0.7442  6 08 x 01
0.7454  2 08 x 01
0.8066  0 02 x 05
0.8265  0 02 x 06
0.8554  0 02 x 07
0.8726  0 02 x 08
0.8813  0 02 x 12
0.8905  0 02 x 10
0.9471  7 08 x 01
1.0157  1 08 x 01
Timings By Test Type:
0.0645  0 28 x 08    0.0645  0 28 x 08    0.0418  0 32 x 08    0.0418  0 29 x 08
0.0646  0 29 x 07    0.0646  0 29 x 07    0.0418  0 29 x 08    0.0418  0 32 x 08
0.0646  0 32 x 07    0.0646  0 32 x 07    0.0418  0 29 x 07    0.0418  0 29 x 07
0.0648  0 32 x 08    0.0647  0 29 x 08    0.0418  0 28 x 08    0.0418  0 28 x 08
0.0648  0 29 x 08    0.0648  0 32 x 08    0.0419  0 32 x 07    0.0419  0 32 x 07
0.0649  0 28 x 07    0.0649  0 28 x 07    0.0419  0 28 x 10    0.0419  0 28 x 10
0.0652  0 28 x 10    0.0651  0 28 x 10    0.0424  0 28 x 07    0.0424  0 28 x 07
0.0655  0 30 x 10    0.0654  0 30 x 10    0.0424  0 32 x 06    0.0425  0 31 x 10
0.0656  0 31 x 07    0.0656  0 30 x 08    0.0424  0 31 x 10    0.0425  0 29 x 06
0.0657  0 31 x 10    0.0656  0 31 x 07    0.0425  0 29 x 06    0.0425  0 32 x 06
0.0657  0 30 x 08    0.0657  0 31 x 10    0.0425  0 30 x 12    0.0425  0 30 x 12
0.0657  0 28 x 12    0.0657  0 28 x 12    0.0425  0 30 x 08    0.0425  0 28 x 12
0.0657  0 32 x 06    0.0658  0 27 x 07    0.0425  0 28 x 12    0.0426  0 30 x 08
0.0658  0 27 x 07    0.0658  0 32 x 06    0.0426  0 30 x 10    0.0426  0 27 x 07
0.0658  0 29 x 06    0.0658  0 29 x 06    0.0426  0 27 x 08    0.0426  0 30 x 10
0.0661  0 27 x 08    0.0661  0 32 x 10    0.0426  0 27 x 07    0.0426  0 27 x 08
0.0662  0 29 x 10    0.0661  0 32 x 12    0.0426  0 32 x 10    0.0427  0 32 x 10
0.0662  0 32 x 10    0.0662  0 27 x 08    0.0427  0 29 x 10    0.0427  0 29 x 10
0.0662  0 29 x 12    0.0662  0 29 x 12    0.0429  0 31 x 07    0.0429  0 31 x 07
0.0662  0 32 x 12    0.0662  0 29 x 10    0.0429  0 29 x 12    0.0429  0 29 x 12
0.0663  0 30 x 07    0.0663  0 30 x 07    0.0430  0 32 x 12    0.0429  0 32 x 12
0.0666  0 28 x 06    0.0666  0 28 x 06    0.0434  0 31 x 08    0.0434  0 31 x 08
0.0666  0 31 x 08    0.0667  0 31 x 08    0.0435  0 28 x 06    0.0435  0 28 x 06
0.0669  0 30 x 12    0.0669  0 30 x 12    0.0435  0 27 x 06    0.0436  0 27 x 06
0.0670  0 32 x 05    0.0670  0 32 x 05    0.0438  0 29 x 05    0.0438  0 29 x 05
0.0671  0 29 x 05    0.0670  0 29 x 05    0.0438  0 32 x 05    0.0438  0 27 x 10
0.0672  0 31 x 06    0.0673  0 31 x 06    0.0438  0 27 x 10    0.0438  0 30 x 07
0.0673  0 30 x 06    0.0673  0 30 x 06    0.0438  0 30 x 07    0.0438  0 32 x 05
0.0676  0 27 x 06    0.0676  0 27 x 06    0.0440  0 31 x 06    0.0440  0 31 x 06
0.0681  0 30 x 05    0.0681  0 30 x 05    0.0441  0 27 x 12    0.0441  0 27 x 12
0.0683  0 27 x 12    0.0683  0 27 x 12    0.0444  0 31 x 12    0.0445  0 31 x 12
0.0685  0 31 x 05    0.0685  0 31 x 05    0.0445  0 31 x 05    0.0445  0 31 x 05
0.0686  0 01 x 08    0.0686  0 01 x 08    0.0446  0 30 x 06    0.0446  0 30 x 06
0.0686  0 01 x 12    0.0687  0 28 x 05    0.0447  0 30 x 05    0.0447  0 30 x 05
0.0687  0 28 x 05    0.0687  0 01 x 12    0.0449  0 28 x 05    0.0449  0 28 x 05
0.0688  0 27 x 10    0.0688  0 05 x 08    0.0451  0 01 x 08    0.0451  0 01 x 08
0.0688  0 05 x 08    0.0688  0 27 x 10    0.0454  0 01 x 12    0.0453  0 01 x 12
0.0689  0 06 x 08    0.0689  0 06 x 08    0.0454  0 01 x 07    0.0454  0 01 x 07
0.0689  0 01 x 10    0.0689  0 31 x 12    0.0455  0 01 x 10    0.0455  0 01 x 10
0.0691  0 31 x 12    0.0690  0 01 x 10    0.0455  0 01 x 06    0.0455  0 01 x 06
0.0691  0 01 x 07    0.0691  0 01 x 07    0.0455  0 04 x 08    0.0455  0 04 x 08
0.0693  0 01 x 06    0.0692  0 01 x 06    0.0458  0 27 x 05    0.0459  0 27 x 05
0.0696  0 04 x 08    0.0696  0 04 x 08    0.0460  0 00 x 10    0.0460  0 00 x 10
0.0699  0 05 x 05    0.0699  0 05 x 05    0.0466  0 05 x 08    0.0466  0 05 x 08
0.0702  0 05 x 12    0.0702  0 05 x 12    0.0466  0 04 x 05    0.0466  0 04 x 05
0.0704  0 27 x 05    0.0704  0 27 x 05    0.0467  0 01 x 05    0.0467  0 01 x 05
0.0710  0 06 x 10    0.0710  0 06 x 10    0.0468  0 04 x 06    0.0468  0 00 x 12
0.0711  0 01 x 05    0.0710  0 05 x 10    0.0468  0 00 x 08    0.0468  0 04 x 06
0.0711  0 04 x 05    0.0711  0 01 x 05    0.0468  0 04 x 12    0.0468  0 00 x 08
0.0711  0 05 x 10    0.0711  0 04 x 05    0.0469  0 00 x 12    0.0469  0 04 x 10
0.0713  0 04 x 07    0.0713  0 04 x 07    0.0470  0 04 x 10    0.0470  0 04 x 12
0.0717  0 04 x 10    0.0717  0 00 x 10    0.0470  0 04 x 07    0.0471  0 04 x 07
0.0717  0 04 x 06    0.0717  0 04 x 06    0.0472  0 06 x 08    0.0472  0 06 x 08
0.0717  0 00 x 10    0.0718  0 04 x 12    0.0473  0 31 x 04    0.0473  0 31 x 04
0.0720  0 04 x 12    0.0718  0 04 x 10    0.0473  0 05 x 05    0.0473  0 05 x 05
0.0721  0 31 x 04    0.0722  0 31 x 04    0.0476  0 00 x 05    0.0476  0 00 x 05
0.0722  0 06 x 07    0.0722  0 06 x 07    0.0478  0 32 x 04    0.0478  0 05 x 12
0.0724  0 00 x 08    0.0724  0 00 x 08    0.0478  0 05 x 12    0.0479  0 32 x 04
0.0724  0 05 x 07    0.0724  0 05 x 07    0.0479  0 28 x 04    0.0479  0 28 x 04
0.0726  0 00 x 12    0.0726  0 06 x 05    0.0479  0 29 x 04    0.0480  0 29 x 04
0.0726  0 06 x 05    0.0726  0 00 x 12    0.0480  0 00 x 07    0.0480  0 00 x 07
0.0732  0 00 x 05    0.0732  0 00 x 05    0.0484  0 00 x 06    0.0484  0 05 x 10
0.0732  0 28 x 04    0.0732  0 28 x 04    0.0484  0 05 x 10    0.0484  0 00 x 06
0.0735  0 29 x 04    0.0735  0 32 x 04    0.0486  0 03 x 06    0.0486  0 03 x 06
0.0735  0 32 x 04    0.0735  0 29 x 04    0.0486  0 06 x 10    0.0487  0 06 x 10
0.0737  0 06 x 06    0.0737  0 06 x 06    0.0487  0 30 x 04    0.0487  0 30 x 04
0.0739  0 05 x 06    0.0739  0 05 x 06    0.0489  0 01 x 04    0.0489  0 01 x 04
0.0743  0 06 x 12    0.0743  0 30 x 04    0.0492  0 05 x 07    0.0492  0 05 x 07
0.0743  0 30 x 04    0.0744  0 06 x 12    0.0493  0 27 x 04    0.0493  0 27 x 04
0.0745  0 00 x 07    0.0745  0 00 x 07    0.0498  0 04 x 04    0.0498  0 04 x 04
0.0747  0 01 x 04    0.0746  0 01 x 04    0.0498  0 06 x 07    0.0498  0 06 x 07
0.0748  4 08 x 08    0.0748  4 08 x 08    0.0501  0 06 x 05    0.0501  0 06 x 05
0.0749  0 03 x 06    0.0749  0 03 x 06    0.0501  4 08 x 08    0.0501  0 05 x 06
0.0749  0 00 x 06    0.0749  0 00 x 06    0.0501  0 05 x 06    0.0501  4 08 x 08
0.0752  0 05 x 04    0.0752  0 05 x 04    0.0504  0 06 x 06    0.0504  0 06 x 06
0.0756  4 08 x 07    0.0756  4 08 x 07    0.0505  0 05 x 04    0.0505  0 05 x 04
0.0756  5 08 x 08    0.0757  5 08 x 08    0.0507  0 03 x 05    0.0507  0 03 x 05
0.0757  0 27 x 04    0.0757  0 27 x 04    0.0509  4 08 x 07    0.0508  4 08 x 07
0.0759  0 04 x 04    0.0759  0 04 x 04    0.0513  4 08 x 10    0.0513  0 00 x 04
0.0759  4 08 x 06    0.0759  4 08 x 06    0.0513  0 00 x 04    0.0513  4 08 x 10
0.0761  5 08 x 10    0.0761  5 08 x 10    0.0514  4 08 x 06    0.0515  4 08 x 06
0.0766  5 08 x 07    0.0766  5 08 x 07    0.0517  0 06 x 12    0.0517  0 06 x 12
0.0769  0 06 x 04    0.0768  0 06 x 04    0.0519  4 08 x 05    0.0520  4 08 x 05
0.0770  5 08 x 12    0.0770  5 08 x 12    0.0520  0 32 x 03    0.0520  3 08 x 08
0.0773  5 08 x 06    0.0772  5 08 x 06    0.0521  3 08 x 08    0.0521  0 32 x 03
0.0775  4 08 x 12    0.0773  4 08 x 10    0.0521  0 03 x 04    0.0521  0 03 x 04
0.0775  4 08 x 10    0.0775  4 08 x 12    0.0523  0 29 x 03    0.0523  0 29 x 03
0.0779  4 08 x 05    0.0779  4 08 x 05    0.0523  4 08 x 12    0.0524  4 08 x 12
0.0781  0 07 x 05    0.0781  0 07 x 05    0.0526  0 30 x 03    0.0526  0 30 x 03
0.0790  0 00 x 04    0.0789  0 00 x 04    0.0528  0 06 x 04    0.0528  0 06 x 04
0.0791  5 08 x 05    0.0791  5 08 x 05    0.0529  0 28 x 03    0.0529  0 28 x 03
0.0795  3 08 x 08    0.0795  3 08 x 08    0.0530  5 08 x 10    0.0530  5 08 x 10
0.0798  0 29 x 03    0.0798  0 29 x 03    0.0530  3 08 x 05    0.0531  3 08 x 05
0.0799  0 03 x 05    0.0799  0 03 x 05    0.0531  5 08 x 08    0.0531  5 08 x 08
0.0800  0 32 x 03    0.0800  0 32 x 03    0.0532  3 08 x 06    0.0532  3 08 x 06
0.0805  0 03 x 04    0.0804  0 03 x 04    0.0534  0 31 x 03    0.0534  0 31 x 03
0.0814  3 08 x 06    0.0814  0 07 x 08    0.0535  0 03 x 07    0.0534  0 03 x 07
0.0814  0 07 x 08    0.0815  3 08 x 06    0.0537  0 27 x 03    0.0537  0 27 x 03
0.0816  3 08 x 05    0.0816  3 08 x 05    0.0538  3 08 x 07    0.0538  5 08 x 07
0.0816  3 08 x 07    0.0816  3 08 x 07    0.0538  5 08 x 07    0.0539  0 03 x 08
0.0819  0 30 x 03    0.0819  0 30 x 03    0.0538  0 03 x 08    0.0539  3 08 x 07
0.0821  0 07 x 06    0.0821  0 07 x 06    0.0539  5 08 x 06    0.0539  5 08 x 12
0.0821  6 08 x 08    0.0822  6 08 x 08    0.0539  5 08 x 12    0.0539  5 08 x 06
0.0824  0 07 x 04    0.0824  0 07 x 04    0.0542  3 08 x 10    0.0542  3 08 x 10
0.0825  0 31 x 03    0.0825  0 31 x 03    0.0547  0 01 x 03    0.0547  0 01 x 03
0.0827  0 28 x 03    0.0828  0 28 x 03    0.0548  5 08 x 05    0.0548  5 08 x 05
0.0831  6 08 x 10    0.0831  6 08 x 10    0.0555  0 04 x 03    0.0555  0 04 x 03
0.0833  3 08 x 10    0.0834  3 08 x 10    0.0557  0 07 x 05    0.0557  0 07 x 05
0.0834  6 08 x 06    0.0836  0 27 x 03    0.0562  0 05 x 03    0.0562  0 05 x 03
0.0835  0 27 x 03    0.0836  6 08 x 06    0.0564  0 00 x 03    0.0564  0 00 x 03
0.0840  4 08 x 04    0.0840  4 08 x 04    0.0565  3 08 x 04    0.0565  3 08 x 04
0.0840  6 08 x 07    0.0841  6 08 x 07    0.0568  4 08 x 04    0.0568  4 08 x 04
0.0844  0 05 x 03    0.0844  0 05 x 03    0.0576  0 03 x 03    0.0576  0 03 x 03
0.0848  5 08 x 04    0.0848  5 08 x 04    0.0577  0 06 x 03    0.0577  0 06 x 03
0.0849  6 08 x 12    0.0848  6 08 x 12    0.0582  3 08 x 12    0.0581  3 08 x 12
0.0851  0 06 x 03    0.0852  0 06 x 03    0.0582  0 07 x 04    0.0582  0 07 x 04
0.0853  6 08 x 05    0.0852  6 08 x 05    0.0588  5 08 x 04    0.0587  5 08 x 04
0.0853  0 07 x 07    0.0853  0 07 x 07    0.0589  0 07 x 06    0.0590  0 07 x 06
0.0854  0 01 x 03    0.0854  0 01 x 03    0.0590  2 08 x 05    0.0591  2 08 x 05
0.0858  0 04 x 03    0.0857  0 04 x 03    0.0597  0 07 x 08    0.0597  0 07 x 08
0.0860  0 03 x 07    0.0860  0 03 x 07    0.0600  6 08 x 08    0.0600  6 08 x 08
0.0865  3 08 x 04    0.0865  3 08 x 04    0.0604  6 08 x 10    0.0604  6 08 x 10
0.0872  0 03 x 08    0.0872  0 03 x 08    0.0604  6 08 x 06    0.0604  6 08 x 06
0.0876  0 00 x 03    0.0876  0 00 x 03    0.0610  2 08 x 04    0.0610  2 08 x 04
0.0880  0 07 x 12    0.0882  0 07 x 10    0.0612  4 08 x 03    0.0612  6 08 x 07
0.0881  3 08 x 12    0.0882  3 08 x 12    0.0612  6 08 x 07    0.0612  4 08 x 03
0.0882  0 07 x 10    0.0883  0 07 x 12    0.0615  6 08 x 12    0.0614  0 07 x 07
0.0895  0 03 x 03    0.0896  0 03 x 03    0.0615  0 07 x 07    0.0615  6 08 x 12
0.0907  0 07 x 03    0.0908  0 07 x 03    0.0616  0 03 x 12    0.0616  0 03 x 12
0.0917  6 08 x 04    0.0917  2 08 x 05    0.0617  6 08 x 05    0.0617  6 08 x 05
0.0917  2 08 x 05    0.0917  6 08 x 04    0.0624  0 03 x 10    0.0625  0 03 x 10
0.0921  4 08 x 03    0.0921  4 08 x 03    0.0625  3 08 x 03    0.0625  3 08 x 03
0.0936  5 08 x 03    0.0936  0 03 x 12    0.0629  0 07 x 03    0.0629  0 07 x 03
0.0936  0 03 x 12    0.0936  5 08 x 03    0.0643  5 08 x 03    0.0643  5 08 x 03
0.0940  2 08 x 04    0.0940  2 08 x 04    0.0657  0 07 x 10    0.0657  0 07 x 10
0.0965  0 03 x 10    0.0965  0 03 x 10    0.0658  6 08 x 04    0.0658  6 08 x 04
0.0965  3 08 x 03    0.0966  3 08 x 03    0.0661  0 01 x 02    0.0661  0 01 x 02
0.1020  6 08 x 03    0.1021  6 08 x 03    0.0663  0 00 x 02    0.0662  0 07 x 12
0.1027  7 08 x 05    0.1027  7 08 x 05    0.0663  0 32 x 02    0.0663  0 00 x 02
0.1027  0 05 x 02    0.1027  0 05 x 02    0.0664  0 07 x 12    0.0663  0 32 x 02
0.1039  0 06 x 02    0.1039  0 06 x 02    0.0665  0 29 x 02    0.0665  0 05 x 02
0.1040  0 04 x 02    0.1040  0 04 x 02    0.0666  0 05 x 02    0.0665  0 29 x 02
0.1041  0 01 x 02    0.1041  0 01 x 02    0.0667  0 04 x 02    0.0667  0 04 x 02
0.1043  0 00 x 02    0.1043  0 00 x 02    0.0668  0 28 x 02    0.0668  0 28 x 02
0.1051  0 32 x 02    0.1050  0 32 x 02    0.0679  0 31 x 02    0.0679  0 31 x 02
0.1052  0 29 x 02    0.1052  0 29 x 02    0.0683  0 27 x 02    0.0683  0 27 x 02
0.1058  0 28 x 02    0.1057  0 28 x 02    0.0684  0 30 x 02    0.0684  0 30 x 02
0.1066  0 31 x 02    0.1067  0 31 x 02    0.0687  0 06 x 02    0.0687  0 06 x 02
0.1073  0 30 x 02    0.1073  0 30 x 02    0.0728  6 08 x 03    0.0728  6 08 x 03
0.1078  0 27 x 02    0.1078  0 27 x 02    0.0742  2 08 x 03    0.0742  2 08 x 03
0.1093  7 08 x 04    0.1093  7 08 x 04    0.0744  0 07 x 02    0.0744  0 07 x 02
0.1100  0 07 x 02    0.1101  0 07 x 02    0.0752  0 03 x 02    0.0751  0 03 x 02
0.1137  2 08 x 03    0.1137  2 08 x 03    0.0780  4 08 x 02    0.0780  4 08 x 02
0.1187  0 03 x 02    0.1186  0 03 x 02    0.0811  1 08 x 05    0.0811  1 08 x 05
0.1214  4 08 x 02    0.1214  4 08 x 02    0.0812  7 08 x 05    0.0811  7 08 x 05
0.1220  7 08 x 03    0.1220  7 08 x 03    0.0815  3 08 x 02    0.0816  3 08 x 02
0.1238  5 08 x 02    0.1237  5 08 x 02    0.0827  5 08 x 02    0.0827  5 08 x 02
0.1272  1 08 x 05    0.1272  1 08 x 05    0.0829  1 08 x 04    0.0829  1 08 x 04
0.1290  1 08 x 04    0.1291  1 08 x 04    0.0853  7 08 x 04    0.0853  7 08 x 04
0.1298  3 08 x 02    0.1298  3 08 x 02    0.0871  2 08 x 02    0.0871  2 08 x 02
0.1346  6 08 x 02    0.1346  6 08 x 02    0.0942  7 08 x 03    0.0942  7 08 x 03
0.1410  2 08 x 02    0.1410  2 08 x 02    0.0944  6 08 x 02    0.0944  6 08 x 02
0.1517  1 08 x 03    0.1517  1 08 x 03    0.0961  1 08 x 03    0.0961  1 08 x 03
0.1572  7 08 x 02    0.1572  7 08 x 02    0.1054  0 00 x 01    0.1054  0 00 x 01
0.1777  0 04 x 01    0.1778  0 04 x 01    0.1068  0 04 x 01    0.1068  0 04 x 01
0.1783  1 08 x 02    0.1783  1 08 x 02    0.1069  0 29 x 01    0.1069  0 29 x 01
0.1786  0 00 x 01    0.1785  0 00 x 01    0.1070  0 32 x 01    0.1070  0 32 x 01
0.1792  0 01 x 01    0.1792  0 06 x 01    0.1079  0 01 x 01    0.1079  0 01 x 01
0.1792  0 06 x 01    0.1792  0 05 x 01    0.1082  0 28 x 01    0.1082  0 28 x 01
0.1792  0 05 x 01    0.1792  0 01 x 01    0.1090  0 05 x 01    0.1090  0 05 x 01
0.1808  0 32 x 01    0.1808  0 32 x 01    0.1105  0 06 x 01    0.1105  0 06 x 01
0.1809  0 29 x 01    0.1809  0 29 x 01    0.1107  0 27 x 01    0.1106  0 27 x 01
0.1821  0 07 x 01    0.1821  0 07 x 01    0.1120  0 02 x 02    0.1120  0 02 x 02
0.1824  0 28 x 01    0.1824  0 28 x 01    0.1125  0 30 x 01    0.1125  0 30 x 01
0.1868  0 30 x 01    0.1868  0 30 x 01    0.1136  0 07 x 01    0.1136  0 07 x 01
0.1868  0 02 x 01    0.1869  0 02 x 01    0.1142  1 08 x 02    0.1142  1 08 x 02
0.1869  0 27 x 01    0.1869  0 27 x 01    0.1156  0 02 x 01    0.1155  0 02 x 01
0.1879  0 02 x 02    0.1878  0 02 x 02    0.1171  0 31 x 01    0.1171  0 31 x 01
0.1933  0 31 x 01    0.1933  0 31 x 01    0.1185  4 08 x 01    0.1185  4 08 x 01
0.1962  4 08 x 01    0.1962  4 08 x 01    0.1192  7 08 x 02    0.1193  7 08 x 02
0.2016  5 08 x 01    0.2016  5 08 x 01    0.1222  0 02 x 03    0.1224  0 02 x 03
0.2074  3 08 x 01    0.2074  3 08 x 01    0.1241  3 08 x 01    0.1241  3 08 x 01
0.2083  0 02 x 03    0.2083  0 02 x 03    0.1265  0 03 x 01    0.1265  0 03 x 01
0.2113  0 03 x 01    0.2113  0 03 x 01    0.1271  5 08 x 01    0.1271  5 08 x 01
0.2225  6 08 x 01    0.2226  6 08 x 01    0.1356  0 02 x 04    0.1356  0 02 x 04
0.2311  0 02 x 04    0.2310  0 02 x 04    0.1390  2 08 x 01    0.1390  2 08 x 01
0.2337  2 08 x 01    0.2337  2 08 x 01    0.1496  6 08 x 01    0.1495  6 08 x 01
0.2481  0 02 x 05    0.2479  0 02 x 05    0.1554  0 02 x 05    0.1553  0 02 x 05
0.2524  0 02 x 06    0.2524  0 02 x 06    0.1609  0 02 x 06    0.1608  0 02 x 06
0.2604  0 02 x 07    0.2602  0 02 x 07    0.1673  0 02 x 07    0.1674  0 02 x 07
0.2661  0 02 x 08    0.2662  0 02 x 08    0.1702  0 02 x 08    0.1701  0 02 x 08
0.2680  0 02 x 12    0.2678  0 02 x 12    0.1727  0 02 x 12    0.1728  0 02 x 12
0.2713  0 02 x 10    0.2713  0 02 x 10    0.1739  0 02 x 10    0.1740  0 02 x 10
0.2722  7 08 x 01    0.2722  7 08 x 01    0.1918  1 08 x 01    0.1918  1 08 x 01
0.3161  1 08 x 01    0.3161  1 08 x 01    0.2014  7 08 x 01    0.2014  7 08 x 01
---Benchmark Program Finished---
