
./testbench.sh g++ O3 MontgomeryQuarter uint64_t 191 8 22 -DTEST_ARRAY

compilation finished, now executing:
---Running Program---

begin benchmarks - array two_pow
(ignore)3718609572885830787

OVERALL BEST:
0.2112  0 29 x 10
0.2113  0 32 x 10
0.2127  0 28 x 07
0.2130  0 29 x 07
0.2131  0 32 x 07
0.2139  0 30 x 08
0.2145  0 28 x 08
0.2148  0 28 x 10
0.2160  0 31 x 10
0.2162  0 32 x 08
0.2163  0 29 x 08
0.2163  0 32 x 06
0.2163  0 29 x 06
0.2181  0 31 x 08
0.2189  0 30 x 10
0.2193  0 27 x 08
0.2194  0 29 x 12
0.2195  0 28 x 12
0.2196  0 32 x 12
0.2210  0 32 x 05
0.2211  0 29 x 05
0.2215  0 30 x 07
0.2222  0 28 x 06
0.2225  0 31 x 05
0.2228  0 30 x 06
0.2229  0 31 x 12
0.2237  0 31 x 06
0.2242  0 30 x 12
0.2246  0 27 x 07
0.2253  0 31 x 07
0.2263  0 28 x 05
0.2267  0 27 x 12
0.2268  0 30 x 05
0.2280  0 27 x 06
0.2284  0 01 x 10
0.2286  0 27 x 10
0.2287  0 04 x 08
0.2292  0 01 x 12
0.2297  0 05 x 08
0.2300  0 01 x 08
0.2317  0 01 x 07
0.2322  0 06 x 08
0.2325  0 01 x 06
0.2345  0 05 x 05
0.2352  0 04 x 10
0.2352  0 27 x 05
0.2355  0 00 x 10
0.2359  0 04 x 07
0.2360  0 05 x 12
0.2362  0 04 x 06
0.2364  0 04 x 05
0.2366  0 01 x 05
0.2374  0 04 x 12
0.2379  0 00 x 08
0.2380  0 31 x 04
0.2383  0 00 x 12
0.2384  0 05 x 10
0.2410  0 00 x 05
0.2416  0 06 x 10
0.2418  0 28 x 04
0.2426  0 05 x 07
0.2432  0 32 x 04
0.2438  0 06 x 05
0.2439  0 06 x 07
0.2447  0 00 x 07
0.2455  0 29 x 04
0.2463  0 30 x 04
0.2467  0 05 x 06
0.2469  0 00 x 06
0.2476  0 06 x 06
0.2489  0 05 x 04
0.2492  0 01 x 04
0.2503  0 27 x 04
0.2504  4 08 x 08
0.2525  0 04 x 04
0.2528  0 03 x 05
0.2539  0 06 x 04
0.2547  0 06 x 12
0.2553  0 03 x 06
0.2559  4 08 x 07
0.2589  4 08 x 06
0.2591  4 08 x 10
0.2599  5 08 x 08
0.2606  0 00 x 04
0.2609  5 08 x 10
0.2614  0 03 x 07
0.2617  4 08 x 12
0.2630  4 08 x 05
0.2639  3 08 x 08
0.2645  0 07 x 05
0.2647  5 08 x 07
0.2672  3 08 x 07
0.2679  0 03 x 04
0.2687  5 08 x 06
0.2690  5 08 x 12
0.2704  0 03 x 08
0.2718  0 31 x 03
0.2721  3 08 x 05
0.2722  0 29 x 03
0.2724  0 32 x 03
0.2725  0 30 x 03
0.2730  0 28 x 03
0.2740  5 08 x 05
0.2744  3 08 x 06
0.2761  3 08 x 10
0.2763  0 07 x 04
0.2769  0 05 x 03
0.2773  0 01 x 03
0.2776  0 03 x 10
0.2788  0 07 x 06
0.2824  0 06 x 03
0.2831  0 04 x 03
0.2853  4 08 x 04
0.2865  0 07 x 10
0.2870  0 00 x 03
0.2873  3 08 x 04
0.2875  3 08 x 12
0.2885  0 27 x 03
0.2929  6 08 x 08
0.2940  5 08 x 04
0.2942  6 08 x 07
0.2946  0 07 x 08
0.2970  6 08 x 10
0.2982  6 08 x 06
0.2987  0 03 x 12
0.3017  6 08 x 12
0.3020  0 07 x 07
0.3021  0 07 x 12
0.3046  2 08 x 05
0.3048  6 08 x 05
0.3054  0 07 x 03
0.3062  4 08 x 03
0.3099  0 03 x 03
0.3106  2 08 x 04
0.3207  5 08 x 03
0.3275  3 08 x 03
0.3276  6 08 x 04
0.3341  0 04 x 02
0.3353  0 01 x 02
0.3377  0 05 x 02
0.3387  0 29 x 02
0.3399  0 32 x 02
0.3405  0 00 x 02
0.3427  0 06 x 02
0.3468  0 28 x 02
0.3494  2 08 x 03
0.3497  0 31 x 02
0.3501  0 30 x 02
0.3514  0 27 x 02
0.3595  6 08 x 03
0.3674  0 07 x 02
0.3844  7 08 x 05
0.4021  0 03 x 02
0.4038  4 08 x 02
0.4116  7 08 x 04
0.4122  1 08 x 05
0.4177  5 08 x 02
0.4241  1 08 x 04
0.4250  3 08 x 02
0.4505  7 08 x 03
0.4567  2 08 x 02
0.4634  6 08 x 02
0.4946  1 08 x 03
0.5583  7 08 x 02
0.5599  0 04 x 01
0.5687  0 00 x 01
0.5733  0 01 x 01
0.5791  0 05 x 01
0.5792  0 28 x 01
0.5802  0 06 x 01
0.5817  0 32 x 01
0.5821  0 29 x 01
0.5862  1 08 x 02
0.5901  0 07 x 01
0.5962  0 27 x 01
0.5975  0 30 x 01
0.6008  0 02 x 02
0.6114  0 02 x 01
0.6119  0 31 x 01
0.6388  4 08 x 01
0.6607  0 02 x 03
0.6648  3 08 x 01
0.6701  5 08 x 01
0.6766  0 03 x 01
0.7346  0 02 x 04
0.7436  2 08 x 01
0.7533  6 08 x 01
0.8070  0 02 x 05
0.8290  0 02 x 06
0.8584  0 02 x 07
0.8705  0 02 x 08
0.8849  0 02 x 12
0.8926  0 02 x 10
0.9576  7 08 x 01
1.0123  1 08 x 01
Timings By Test Type:
0.0641  0 29 x 10    0.0641  0 32 x 10    0.0415  0 29 x 10    0.0415  0 32 x 10
0.0641  0 32 x 10    0.0641  0 29 x 10    0.0415  0 32 x 10    0.0415  0 29 x 10
0.0646  0 29 x 07    0.0646  0 28 x 07    0.0417  0 28 x 07    0.0417  0 28 x 07
0.0646  0 28 x 07    0.0646  0 29 x 07    0.0419  0 29 x 07    0.0419  0 29 x 07
0.0646  0 32 x 07    0.0646  0 32 x 07    0.0420  0 32 x 07    0.0419  0 32 x 07
0.0648  0 30 x 08    0.0647  0 30 x 08    0.0421  0 28 x 10    0.0421  0 28 x 10
0.0651  0 28 x 08    0.0651  0 28 x 08    0.0421  0 28 x 08    0.0421  0 28 x 08
0.0653  0 28 x 10    0.0653  0 28 x 10    0.0422  0 30 x 08    0.0422  0 30 x 08
0.0656  0 31 x 10    0.0656  0 31 x 10    0.0423  0 32 x 06    0.0423  0 32 x 06
0.0657  0 32 x 08    0.0657  0 32 x 08    0.0423  0 29 x 06    0.0423  0 29 x 06
0.0658  0 29 x 08    0.0658  0 29 x 08    0.0423  0 32 x 08    0.0423  0 29 x 08
0.0658  0 32 x 06    0.0659  0 29 x 06    0.0424  0 29 x 08    0.0423  0 32 x 08
0.0659  0 29 x 06    0.0659  0 32 x 06    0.0424  0 31 x 10    0.0424  0 31 x 10
0.0661  0 31 x 08    0.0660  0 31 x 08    0.0427  0 28 x 12    0.0427  0 28 x 12
0.0666  0 29 x 12    0.0666  0 29 x 12    0.0428  0 30 x 10    0.0428  0 27 x 08
0.0667  0 32 x 12    0.0667  0 30 x 10    0.0428  0 27 x 08    0.0428  0 30 x 10
0.0667  0 30 x 10    0.0667  0 32 x 12    0.0430  0 31 x 08    0.0430  0 31 x 08
0.0668  0 29 x 05    0.0668  0 27 x 08    0.0431  0 29 x 12    0.0431  0 29 x 12
0.0669  0 27 x 08    0.0669  0 29 x 05    0.0431  0 32 x 12    0.0431  0 32 x 12
0.0669  0 32 x 05    0.0669  0 32 x 05    0.0432  0 30 x 12    0.0432  0 30 x 12
0.0669  0 30 x 07    0.0669  0 30 x 07    0.0436  0 32 x 05    0.0436  0 31 x 12
0.0671  0 28 x 12    0.0671  0 28 x 12    0.0437  0 31 x 12    0.0436  0 32 x 05
0.0673  0 30 x 06    0.0672  0 30 x 06    0.0437  0 29 x 05    0.0437  0 29 x 05
0.0673  0 31 x 05    0.0673  0 31 x 05    0.0437  0 28 x 06    0.0437  0 28 x 06
0.0674  0 28 x 06    0.0674  0 28 x 06    0.0437  0 27 x 07    0.0437  0 27 x 07
0.0679  0 31 x 12    0.0678  0 31 x 12    0.0438  0 30 x 07    0.0438  0 30 x 07
0.0680  0 31 x 06    0.0680  0 31 x 06    0.0438  0 27 x 12    0.0438  0 31 x 06
0.0684  0 28 x 05    0.0684  0 28 x 05    0.0439  0 31 x 06    0.0438  0 27 x 12
0.0685  0 30 x 05    0.0684  0 05 x 08    0.0440  0 31 x 05    0.0440  0 31 x 05
0.0685  0 31 x 07    0.0685  0 31 x 07    0.0441  0 31 x 07    0.0441  0 30 x 06
0.0685  0 05 x 08    0.0686  0 30 x 05    0.0442  0 30 x 06    0.0441  0 31 x 07
0.0685  0 27 x 07    0.0686  0 27 x 07    0.0442  0 27 x 10    0.0442  0 27 x 10
0.0689  0 30 x 12    0.0688  0 01 x 10    0.0444  0 27 x 06    0.0444  0 27 x 06
0.0689  0 01 x 10    0.0689  0 30 x 12    0.0448  0 28 x 05    0.0448  0 28 x 05
0.0689  0 06 x 08    0.0690  0 06 x 08    0.0449  0 30 x 05    0.0449  0 30 x 05
0.0691  0 01 x 12    0.0690  0 01 x 12    0.0452  0 04 x 08    0.0453  0 04 x 08
0.0691  0 04 x 08    0.0691  0 04 x 08    0.0453  0 01 x 10    0.0453  0 01 x 10
0.0693  0 01 x 08    0.0693  0 01 x 08    0.0456  0 01 x 12    0.0456  0 01 x 12
0.0695  0 27 x 12    0.0695  0 27 x 12    0.0457  0 01 x 08    0.0457  0 01 x 08
0.0696  0 27 x 06    0.0696  0 27 x 06    0.0460  0 00 x 10    0.0460  0 00 x 10
0.0698  0 01 x 07    0.0698  0 01 x 07    0.0460  0 01 x 07    0.0460  0 01 x 07
0.0700  0 05 x 05    0.0700  0 05 x 05    0.0460  0 27 x 05    0.0461  0 27 x 05
0.0701  0 27 x 10    0.0701  0 27 x 10    0.0462  0 01 x 06    0.0461  0 01 x 06
0.0701  0 01 x 06    0.0701  0 01 x 06    0.0463  0 04 x 10    0.0463  0 04 x 10
0.0703  0 05 x 12    0.0702  0 05 x 12    0.0463  0 05 x 08    0.0464  0 05 x 08
0.0709  0 05 x 10    0.0709  0 05 x 10    0.0466  0 04 x 06    0.0466  0 04 x 06
0.0712  0 01 x 05    0.0712  0 01 x 05    0.0467  0 04 x 07    0.0466  0 04 x 07
0.0713  0 04 x 07    0.0712  0 04 x 10    0.0467  0 00 x 12    0.0467  0 00 x 08
0.0713  0 04 x 10    0.0713  0 04 x 07    0.0467  0 00 x 08    0.0468  0 00 x 12
0.0714  0 04 x 05    0.0714  0 04 x 12    0.0468  0 04 x 05    0.0468  0 04 x 05
0.0715  0 04 x 06    0.0714  0 04 x 05    0.0469  0 31 x 04    0.0469  0 31 x 04
0.0715  0 27 x 05    0.0714  0 06 x 10    0.0470  0 04 x 12    0.0471  0 04 x 12
0.0718  0 06 x 10    0.0715  0 04 x 06    0.0470  0 01 x 05    0.0471  0 06 x 08
0.0718  0 00 x 10    0.0715  0 27 x 05    0.0472  0 05 x 05    0.0472  0 01 x 05
0.0720  0 04 x 12    0.0717  0 00 x 10    0.0472  0 06 x 08    0.0472  0 05 x 05
0.0721  0 31 x 04    0.0721  0 31 x 04    0.0475  0 00 x 05    0.0475  0 28 x 04
0.0722  0 00 x 08    0.0721  0 06 x 05    0.0475  0 28 x 04    0.0475  0 00 x 05
0.0722  0 06 x 05    0.0722  0 00 x 08    0.0477  0 05 x 12    0.0478  0 05 x 12
0.0723  0 06 x 07    0.0723  0 05 x 07    0.0480  0 32 x 04    0.0480  0 32 x 04
0.0723  0 05 x 07    0.0723  0 06 x 07    0.0480  0 00 x 07    0.0480  0 00 x 07
0.0725  0 00 x 12    0.0724  0 00 x 12    0.0483  0 05 x 10    0.0483  0 05 x 10
0.0730  0 00 x 05    0.0730  0 00 x 05    0.0484  0 29 x 04    0.0484  0 29 x 04
0.0734  0 06 x 06    0.0734  0 06 x 06    0.0485  0 00 x 06    0.0485  0 00 x 06
0.0734  0 28 x 04    0.0734  0 28 x 04    0.0486  0 30 x 04    0.0486  0 30 x 04
0.0735  0 05 x 06    0.0735  0 05 x 06    0.0490  0 05 x 07    0.0490  0 05 x 07
0.0736  0 32 x 04    0.0736  0 32 x 04    0.0491  0 27 x 04    0.0491  0 27 x 04
0.0743  0 06 x 12    0.0743  0 00 x 07    0.0492  0 06 x 10    0.0492  0 03 x 07
0.0743  0 00 x 07    0.0744  0 29 x 04    0.0492  0 03 x 07    0.0493  0 06 x 10
0.0743  0 29 x 04    0.0746  0 30 x 04    0.0493  0 01 x 04    0.0494  0 01 x 04
0.0746  0 05 x 04    0.0746  0 05 x 04    0.0495  0 03 x 05    0.0496  0 03 x 05
0.0746  0 30 x 04    0.0748  4 08 x 08    0.0496  0 06 x 07    0.0497  0 06 x 07
0.0748  4 08 x 08    0.0750  0 00 x 06    0.0497  0 06 x 05    0.0497  0 06 x 05
0.0750  0 00 x 06    0.0752  0 01 x 04    0.0498  0 05 x 06    0.0498  0 05 x 06
0.0752  0 01 x 04    0.0754  0 06 x 04    0.0499  0 05 x 04    0.0499  0 05 x 04
0.0754  0 06 x 04    0.0754  0 06 x 12    0.0500  0 04 x 04    0.0500  0 03 x 06
0.0761  0 27 x 04    0.0761  0 27 x 04    0.0500  0 03 x 06    0.0500  0 04 x 04
0.0762  5 08 x 08    0.0762  0 04 x 04    0.0504  0 06 x 06    0.0504  4 08 x 08
0.0762  0 04 x 04    0.0763  4 08 x 07    0.0504  4 08 x 08    0.0504  0 06 x 06
0.0763  4 08 x 07    0.0763  5 08 x 08    0.0513  0 00 x 04    0.0513  0 00 x 04
0.0765  5 08 x 10    0.0765  5 08 x 10    0.0515  0 06 x 04    0.0515  0 06 x 04
0.0769  0 03 x 05    0.0769  0 03 x 05    0.0516  4 08 x 07    0.0517  4 08 x 07
0.0773  0 07 x 05    0.0773  4 08 x 06    0.0519  4 08 x 10    0.0519  4 08 x 10
0.0774  4 08 x 06    0.0774  0 07 x 05    0.0520  0 06 x 12    0.0520  3 08 x 08
0.0776  0 03 x 06    0.0776  0 03 x 06    0.0520  3 08 x 08    0.0521  4 08 x 06
0.0776  5 08 x 07    0.0777  4 08 x 10    0.0521  4 08 x 06    0.0521  0 03 x 08
0.0776  4 08 x 10    0.0777  5 08 x 07    0.0521  0 03 x 08    0.0527  4 08 x 12
0.0781  4 08 x 12    0.0781  4 08 x 12    0.0527  0 03 x 04    0.0527  0 03 x 04
0.0787  4 08 x 05    0.0787  4 08 x 05    0.0528  4 08 x 12    0.0528  4 08 x 05
0.0787  5 08 x 06    0.0787  5 08 x 06    0.0529  4 08 x 05    0.0530  0 31 x 03
0.0789  0 00 x 04    0.0790  0 00 x 04    0.0530  0 31 x 03    0.0530  0 06 x 12
0.0792  5 08 x 12    0.0793  5 08 x 12    0.0531  3 08 x 07    0.0530  3 08 x 07
0.0799  3 08 x 08    0.0799  3 08 x 08    0.0531  0 28 x 03    0.0531  0 28 x 03
0.0806  3 08 x 07    0.0806  3 08 x 07    0.0533  0 29 x 03    0.0533  0 29 x 03
0.0807  5 08 x 05    0.0807  5 08 x 05    0.0533  0 03 x 10    0.0533  0 32 x 03
0.0812  0 07 x 04    0.0812  0 07 x 04    0.0534  0 32 x 03    0.0534  0 03 x 10
0.0812  0 07 x 06    0.0812  0 07 x 06    0.0535  0 30 x 03    0.0535  0 30 x 03
0.0812  0 03 x 04    0.0812  0 03 x 04    0.0537  5 08 x 08    0.0536  5 08 x 08
0.0815  0 03 x 07    0.0815  0 03 x 07    0.0537  3 08 x 05    0.0537  3 08 x 05
0.0823  3 08 x 05    0.0823  3 08 x 05    0.0540  5 08 x 10    0.0540  5 08 x 10
0.0827  0 30 x 03    0.0827  0 30 x 03    0.0544  3 08 x 10    0.0544  3 08 x 10
0.0827  3 08 x 06    0.0828  0 29 x 03    0.0545  3 08 x 06    0.0545  3 08 x 06
0.0828  0 29 x 03    0.0828  0 32 x 03    0.0546  0 01 x 03    0.0547  0 01 x 03
0.0828  0 07 x 10    0.0828  0 07 x 10    0.0547  5 08 x 07    0.0547  5 08 x 07
0.0828  0 32 x 03    0.0828  3 08 x 06    0.0549  0 07 x 05    0.0549  0 07 x 05
0.0829  0 31 x 03    0.0829  0 31 x 03    0.0552  0 05 x 03    0.0552  0 05 x 03
0.0831  0 03 x 08    0.0831  0 03 x 08    0.0552  5 08 x 12    0.0552  5 08 x 12
0.0832  0 05 x 03    0.0832  0 05 x 03    0.0556  0 04 x 03    0.0556  5 08 x 06
0.0833  0 28 x 03    0.0834  0 28 x 03    0.0557  5 08 x 06    0.0557  0 04 x 03
0.0836  3 08 x 10    0.0836  3 08 x 10    0.0560  0 00 x 03    0.0560  0 00 x 03
0.0840  0 01 x 03    0.0840  0 01 x 03    0.0563  5 08 x 05    0.0563  5 08 x 05
0.0842  0 06 x 03    0.0842  0 06 x 03    0.0564  0 27 x 03    0.0564  0 27 x 03
0.0845  0 07 x 08    0.0844  0 07 x 08    0.0569  3 08 x 04    0.0569  3 08 x 04
0.0847  6 08 x 08    0.0846  6 08 x 08    0.0570  0 07 x 04    0.0570  0 07 x 04
0.0849  4 08 x 04    0.0849  4 08 x 04    0.0570  0 06 x 03    0.0570  0 06 x 03
0.0851  6 08 x 07    0.0850  6 08 x 07    0.0571  3 08 x 12    0.0571  3 08 x 12
0.0855  0 03 x 10    0.0854  0 03 x 10    0.0578  4 08 x 04    0.0578  4 08 x 04
0.0858  6 08 x 10    0.0858  6 08 x 10    0.0582  0 07 x 06    0.0583  0 07 x 06
0.0859  0 04 x 03    0.0859  0 04 x 03    0.0589  0 03 x 12    0.0589  0 03 x 12
0.0862  6 08 x 06    0.0863  6 08 x 06    0.0599  2 08 x 05    0.0599  2 08 x 05
0.0864  5 08 x 04    0.0865  5 08 x 04    0.0604  0 07 x 10    0.0604  0 07 x 10
0.0866  3 08 x 12    0.0867  0 07 x 12    0.0605  0 03 x 03    0.0605  0 03 x 03
0.0867  0 07 x 12    0.0867  3 08 x 12    0.0605  5 08 x 04    0.0605  5 08 x 04
0.0868  3 08 x 04    0.0868  3 08 x 04    0.0609  4 08 x 03    0.0609  4 08 x 03
0.0871  0 07 x 07    0.0871  0 07 x 07    0.0610  2 08 x 04    0.0610  2 08 x 04
0.0873  6 08 x 12    0.0872  6 08 x 12    0.0618  6 08 x 08    0.0619  6 08 x 08
0.0875  0 00 x 03    0.0875  0 00 x 03    0.0621  6 08 x 07    0.0621  6 08 x 07
0.0878  0 27 x 03    0.0879  0 27 x 03    0.0624  0 07 x 03    0.0624  0 07 x 03
0.0880  6 08 x 05    0.0880  6 08 x 05    0.0627  6 08 x 10    0.0627  6 08 x 10
0.0903  0 07 x 03    0.0903  0 07 x 03    0.0628  0 07 x 08    0.0628  6 08 x 06
0.0904  0 03 x 12    0.0904  0 03 x 12    0.0630  6 08 x 06    0.0629  0 07 x 08
0.0921  4 08 x 03    0.0922  4 08 x 03    0.0636  6 08 x 12    0.0636  6 08 x 12
0.0924  2 08 x 05    0.0924  2 08 x 05    0.0639  0 07 x 07    0.0639  0 07 x 07
0.0943  2 08 x 04    0.0942  2 08 x 04    0.0644  6 08 x 05    0.0644  0 07 x 12
0.0945  0 03 x 03    0.0945  0 03 x 03    0.0644  0 07 x 12    0.0644  6 08 x 05
0.0948  6 08 x 04    0.0948  6 08 x 04    0.0645  3 08 x 03    0.0644  3 08 x 03
0.0948  5 08 x 03    0.0949  5 08 x 03    0.0650  0 04 x 02    0.0650  0 01 x 02
0.0994  3 08 x 03    0.0993  3 08 x 03    0.0651  0 01 x 02    0.0650  0 04 x 02
0.1020  0 04 x 02    0.1020  0 04 x 02    0.0655  5 08 x 03    0.0655  5 08 x 03
0.1023  0 05 x 02    0.1023  0 05 x 02    0.0656  0 29 x 02    0.0656  0 29 x 02
0.1026  0 01 x 02    0.1026  0 01 x 02    0.0660  0 32 x 02    0.0660  0 32 x 02
0.1031  0 06 x 02    0.1032  0 06 x 02    0.0662  0 00 x 02    0.0662  0 00 x 02
0.1038  0 29 x 02    0.1038  0 29 x 02    0.0665  0 05 x 02    0.0665  0 05 x 02
0.1039  0 32 x 02    0.1039  0 32 x 02    0.0671  0 28 x 02    0.0671  0 28 x 02
0.1041  0 00 x 02    0.1041  0 00 x 02    0.0678  0 31 x 02    0.0678  0 31 x 02
0.1044  6 08 x 03    0.1045  6 08 x 03    0.0681  0 27 x 02    0.0681  0 27 x 02
0.1062  2 08 x 03    0.1062  2 08 x 03    0.0682  0 06 x 02    0.0682  0 06 x 02
0.1063  0 28 x 02    0.1063  0 28 x 02    0.0682  0 30 x 02    0.0682  0 30 x 02
0.1068  0 30 x 02    0.1068  0 30 x 02    0.0685  2 08 x 03    0.0686  2 08 x 03
0.1069  7 08 x 05    0.1068  7 08 x 05    0.0690  6 08 x 04    0.0690  6 08 x 04
0.1070  0 31 x 02    0.1071  0 31 x 02    0.0739  0 07 x 02    0.0739  0 07 x 02
0.1076  0 27 x 02    0.1076  0 27 x 02    0.0753  6 08 x 03    0.0753  6 08 x 03
0.1098  0 07 x 02    0.1098  0 07 x 02    0.0779  0 03 x 02    0.0779  0 03 x 02
0.1149  7 08 x 04    0.1149  7 08 x 04    0.0792  4 08 x 02    0.0792  4 08 x 02
0.1227  4 08 x 02    0.1226  4 08 x 02    0.0808  1 08 x 05    0.0809  1 08 x 05
0.1231  0 03 x 02    0.1231  0 03 x 02    0.0822  3 08 x 02    0.0822  3 08 x 02
0.1251  5 08 x 02    0.1251  5 08 x 02    0.0830  1 08 x 04    0.0830  1 08 x 04
0.1253  1 08 x 05    0.1253  1 08 x 05    0.0838  5 08 x 02    0.0838  5 08 x 02
0.1265  7 08 x 03    0.1266  7 08 x 03    0.0853  7 08 x 05    0.0854  7 08 x 05
0.1291  1 08 x 04    0.1291  1 08 x 04    0.0873  2 08 x 02    0.0873  2 08 x 02
0.1303  3 08 x 02    0.1303  3 08 x 02    0.0909  7 08 x 04    0.0909  7 08 x 04
0.1360  6 08 x 02    0.1360  6 08 x 02    0.0957  6 08 x 02    0.0957  6 08 x 02
0.1411  2 08 x 02    0.1411  2 08 x 02    0.0959  1 08 x 03    0.0960  1 08 x 03
0.1513  1 08 x 03    0.1514  1 08 x 03    0.0987  7 08 x 03    0.0987  7 08 x 03
0.1587  7 08 x 02    0.1587  7 08 x 02    0.1043  0 04 x 01    0.1043  0 04 x 01
0.1756  0 04 x 01    0.1756  0 04 x 01    0.1056  0 00 x 01    0.1056  0 00 x 01
0.1786  1 08 x 02    0.1785  1 08 x 02    0.1076  0 28 x 01    0.1076  0 28 x 01
0.1787  0 00 x 01    0.1788  0 00 x 01    0.1078  0 01 x 01    0.1078  0 01 x 01
0.1788  0 01 x 01    0.1788  0 01 x 01    0.1081  0 32 x 01    0.1081  0 32 x 01
0.1795  0 06 x 01    0.1795  0 06 x 01    0.1082  0 29 x 01    0.1082  0 29 x 01
0.1800  0 05 x 01    0.1800  0 05 x 01    0.1096  0 05 x 01    0.1096  0 05 x 01
0.1817  0 07 x 01    0.1817  0 07 x 01    0.1106  0 06 x 01    0.1106  0 06 x 01
0.1820  0 28 x 01    0.1820  0 28 x 01    0.1111  0 30 x 01    0.1111  0 30 x 01
0.1827  0 32 x 01    0.1828  0 32 x 01    0.1111  0 27 x 01    0.1111  0 27 x 01
0.1829  0 29 x 01    0.1829  0 29 x 01    0.1120  0 02 x 02    0.1120  0 02 x 02
0.1870  0 27 x 01    0.1870  0 27 x 01    0.1134  0 07 x 01    0.1134  0 07 x 01
0.1877  0 30 x 01    0.1877  0 30 x 01    0.1146  1 08 x 02    0.1146  1 08 x 02
0.1884  0 02 x 02    0.1883  0 02 x 02    0.1156  0 31 x 01    0.1157  0 31 x 01
0.1886  0 02 x 01    0.1886  0 02 x 01    0.1171  0 02 x 01    0.1171  0 02 x 01
0.1903  0 31 x 01    0.1904  0 31 x 01    0.1204  7 08 x 02    0.1204  7 08 x 02
0.1985  4 08 x 01    0.1985  4 08 x 01    0.1209  4 08 x 01    0.1209  4 08 x 01
0.2048  5 08 x 01    0.2048  5 08 x 01    0.1221  0 02 x 03    0.1222  0 02 x 03
0.2078  3 08 x 01    0.2078  3 08 x 01    0.1246  3 08 x 01    0.1246  3 08 x 01
0.2082  0 02 x 03    0.2082  0 02 x 03    0.1267  0 03 x 01    0.1267  0 03 x 01
0.2116  0 03 x 01    0.2116  0 03 x 01    0.1303  5 08 x 01    0.1303  5 08 x 01
0.2248  6 08 x 01    0.2248  6 08 x 01    0.1360  0 02 x 04    0.1360  0 02 x 04
0.2312  0 02 x 04    0.2314  0 02 x 04    0.1393  2 08 x 01    0.1392  2 08 x 01
0.2325  2 08 x 01    0.2325  2 08 x 01    0.1518  6 08 x 01    0.1518  6 08 x 01
0.2483  0 02 x 05    0.2483  0 02 x 05    0.1552  0 02 x 05    0.1552  0 02 x 05
0.2524  0 02 x 06    0.2525  0 02 x 06    0.1621  0 02 x 06    0.1621  0 02 x 06
0.2605  0 02 x 07    0.2603  0 02 x 07    0.1688  0 02 x 07    0.1688  0 02 x 07
0.2655  0 02 x 08    0.2656  0 02 x 08    0.1697  0 02 x 08    0.1697  0 02 x 08
0.2691  0 02 x 12    0.2689  0 02 x 12    0.1734  0 02 x 12    0.1734  0 02 x 12
0.2721  0 02 x 10    0.2719  0 02 x 10    0.1743  0 02 x 10    0.1743  0 02 x 10
0.2747  7 08 x 01    0.2747  7 08 x 01    0.1909  1 08 x 01    0.1909  1 08 x 01
0.3152  1 08 x 01    0.3152  1 08 x 01    0.2041  7 08 x 01    0.2041  7 08 x 01
---Benchmark Program Finished---
