
./testbench_2kary.sh g++ O3 MontgomeryHalf __uint128_t 191 8 40 -DTEST_ARRAY

compilation finished, now executing:
---Running Program---

begin benchmarks - array pow
(ignore)191842519652605806623837767804209934280

OVERALL BEST:
3.8050  4 01 x 02
3.8276  4 01 x 08
3.8377  4 01 x 07
3.8383  4 01 x 12
3.8398  4 01 x 10
3.8462  4 00 x 02
3.8699  5 01 x 02
3.9101  4 01 x 04
3.9172  4 00 x 04
3.9224  5 00 x 02
3.9314  5 01 x 08
3.9314  5 01 x 12
3.9347  5 01 x 06
3.9355  5 01 x 07
3.9446  4 01 x 05
3.9451  5 01 x 05
3.9512  4 01 x 06
4.0443  4 00 x 08
4.0535  5 00 x 04
4.0749  4 00 x 03
4.0749  4 01 x 03
4.0795  5 01 x 03
4.0907  4 00 x 10
4.1067  4 00 x 12
4.1638  5 01 x 10
4.1651  3 01 x 07
4.1694  5 01 x 04
4.1985  5 00 x 12
4.2049  3 01 x 10
4.2093  5 00 x 06
4.2305  3 01 x 08
4.2449  3 01 x 12
4.2513  3 01 x 05
4.2569  4 00 x 07
4.2790  5 00 x 07
4.2875  5 00 x 08
4.3026  3 01 x 03
4.3065  4 00 x 06
4.3558  3 01 x 06
4.3648  3 00 x 02
4.3666  3 00 x 03
4.3673  5 00 x 03
4.3784  3 00 x 04
4.3902  5 00 x 05
4.3922  5 00 x 10
4.3969  3 01 x 02
4.4013  3 01 x 04
4.4107  3 00 x 12
4.4467  4 00 x 05
4.6484  3 00 x 10
4.6889  3 00 x 08
4.7764  3 00 x 07
4.8054  3 00 x 06
5.0740  3 00 x 05
5.2882  2 01 x 02
5.3016  2 00 x 02
5.3553  2 00 x 04
5.4270  2 00 x 03
5.4657  2 01 x 03
5.4994  2 01 x 12
5.5020  2 01 x 04
5.5191  2 01 x 05
5.5306  2 01 x 10
5.5731  2 01 x 07
5.5772  2 01 x 06
5.6241  2 00 x 10
5.6265  2 01 x 08
5.6318  2 00 x 12
6.1223  2 00 x 08
6.2397  2 00 x 07
6.3440  2 00 x 06
6.5472  2 00 x 05
Timings By Test Type:
1.1506  4 01 x 07    1.0838  5 01 x 12    0.7916  4 01 x 02    0.7433  4 01 x 02
1.1575  4 01 x 12    1.0887  5 01 x 07    0.8133  4 01 x 08    0.7635  4 01 x 08
1.1580  4 01 x 08    1.0896  4 01 x 07    0.8149  4 01 x 10    0.7639  4 01 x 10
1.1606  4 01 x 02    1.0908  5 01 x 08    0.8184  4 00 x 02    0.7690  4 01 x 12
1.1612  4 00 x 02    1.0929  4 01 x 08    0.8185  4 01 x 12    0.7713  4 00 x 02
1.1640  4 01 x 10    1.0932  4 01 x 12    0.8209  4 01 x 07    0.7719  5 01 x 02
1.1644  5 01 x 08    1.0953  4 00 x 02    0.8235  4 01 x 04    0.7765  4 01 x 07
1.1645  5 01 x 06    1.0969  5 01 x 02    0.8319  4 00 x 04    0.7810  5 00 x 02
1.1660  5 01 x 02    1.0971  4 01 x 10    0.8344  4 01 x 05    0.7831  4 01 x 04
1.1683  5 01 x 05    1.1003  5 01 x 06    0.8352  5 01 x 02    0.7937  4 00 x 04
1.1700  5 01 x 07    1.1052  5 01 x 05    0.8424  5 00 x 02    0.7978  5 01 x 12
1.1723  4 00 x 04    1.1094  4 01 x 02    0.8426  4 01 x 06    0.7989  4 01 x 05
1.1749  5 01 x 12    1.1115  5 00 x 02    0.8485  4 01 x 03    0.8016  4 01 x 06
1.1775  4 01 x 04    1.1193  4 00 x 04    0.8513  4 00 x 08    0.8053  5 01 x 07
1.1805  4 01 x 05    1.1259  4 01 x 06    0.8600  5 01 x 06    0.8079  4 00 x 08
1.1810  4 01 x 06    1.1261  4 01 x 04    0.8612  5 01 x 05    0.8091  5 01 x 08
1.1875  5 00 x 02    1.1308  4 01 x 05    0.8670  5 01 x 08    0.8096  4 01 x 03
1.1967  5 00 x 04    1.1326  5 00 x 04    0.8694  4 00 x 10    0.8098  5 01 x 06
1.2123  4 00 x 03    1.1485  5 00 x 12    0.8713  3 01 x 07    0.8103  5 01 x 05
1.2130  5 01 x 03    1.1517  4 00 x 03    0.8715  5 01 x 07    0.8120  4 00 x 10
1.2220  4 00 x 08    1.1544  5 01 x 03    0.8748  5 01 x 12    0.8168  4 00 x 12
1.2289  4 01 x 03    1.1573  5 01 x 10    0.8766  4 00 x 12    0.8308  5 01 x 03
1.2336  5 01 x 10    1.1630  4 00 x 08    0.8774  4 00 x 03    0.8335  4 00 x 03
1.2393  5 00 x 06    1.1685  4 00 x 10    0.8776  3 01 x 04    0.8361  3 01 x 07
1.2407  4 00 x 10    1.1691  4 00 x 12    0.8812  5 01 x 03    0.8381  5 00 x 04
1.2435  5 01 x 04    1.1721  5 00 x 06    0.8832  3 01 x 05    0.8413  5 01 x 04
1.2442  4 00 x 12    1.1880  4 01 x 03    0.8847  3 01 x 12    0.8451  3 01 x 04
1.2518  3 01 x 07    1.1909  5 00 x 07    0.8847  3 01 x 10    0.8495  3 01 x 10
1.2529  5 00 x 12    1.1928  5 01 x 04    0.8861  5 00 x 04    0.8506  3 01 x 08
1.2582  3 01 x 10    1.1984  5 00 x 08    0.8873  3 01 x 08    0.8510  3 01 x 05
1.2589  5 00 x 08    1.2059  3 01 x 07    0.8918  5 01 x 04    0.8510  3 01 x 12
1.2678  4 00 x 07    1.2100  5 00 x 10    0.8950  3 01 x 03    0.8546  5 00 x 12
1.2686  3 01 x 08    1.2125  3 01 x 10    0.9009  3 01 x 02    0.8568  5 01 x 10
1.2700  5 00 x 07    1.2174  5 00 x 03    0.9048  4 00 x 07    0.8638  4 00 x 07
1.2756  5 00 x 03    1.2204  4 00 x 07    0.9094  3 01 x 06    0.8665  3 01 x 03
1.2788  3 01 x 12    1.2239  3 01 x 08    0.9095  3 00 x 02    0.8667  3 01 x 02
1.2824  3 01 x 05    1.2300  5 00 x 05    0.9127  4 00 x 06    0.8712  3 00 x 02
1.2848  4 00 x 06    1.2303  3 01 x 12    0.9129  3 00 x 03    0.8730  4 00 x 06
1.2910  3 01 x 03    1.2348  3 01 x 05    0.9161  5 01 x 10    0.8739  5 00 x 06
1.2919  5 00 x 05    1.2360  4 00 x 06    0.9206  3 00 x 12    0.8747  5 00 x 07
1.3025  3 01 x 06    1.2501  3 01 x 03    0.9240  5 00 x 06    0.8797  3 00 x 03
1.3031  3 00 x 04    1.2560  3 00 x 04    0.9257  3 00 x 04    0.8824  3 01 x 06
1.3031  5 00 x 10    1.2615  3 01 x 06    0.9356  5 00 x 08    0.8893  3 00 x 12
1.3118  3 00 x 03    1.2623  3 00 x 03    0.9383  4 00 x 05    0.8936  3 00 x 04
1.3177  3 00 x 02    1.2664  3 00 x 02    0.9426  5 00 x 12    0.8945  5 00 x 08
1.3212  4 00 x 05    1.2790  3 00 x 12    0.9435  5 00 x 07    0.9033  5 00 x 10
1.3218  3 00 x 12    1.2799  4 00 x 05    0.9569  5 00 x 03    0.9072  4 00 x 05
1.3325  3 01 x 02    1.2967  3 01 x 02    0.9576  5 00 x 05    0.9107  5 00 x 05
1.3537  3 01 x 04    1.3250  3 01 x 04    0.9624  3 00 x 10    0.9175  5 00 x 03
1.4024  3 00 x 08    1.3562  3 00 x 10    0.9734  3 00 x 08    0.9230  3 00 x 10
1.4069  3 00 x 10    1.3651  3 00 x 08    0.9758  5 00 x 10    0.9480  3 00 x 08
1.4387  3 00 x 07    1.3986  3 00 x 07    0.9843  3 00 x 07    0.9548  3 00 x 07
1.4428  3 00 x 06    1.4014  3 00 x 06    0.9964  3 00 x 06    0.9649  3 00 x 06
1.5198  3 00 x 05    1.4880  3 00 x 05    1.0432  3 00 x 05    1.0231  3 00 x 05
1.5904  2 00 x 02    1.5599  2 00 x 02    1.0638  2 01 x 02    1.0450  2 01 x 02
1.5999  2 01 x 02    1.5751  2 00 x 04    1.0866  2 00 x 02    1.0647  2 00 x 02
1.6024  2 00 x 04    1.5795  2 01 x 02    1.0980  2 00 x 04    1.0798  2 00 x 04
1.6230  2 00 x 03    1.5964  2 00 x 03    1.1014  2 01 x 04    1.0863  2 01 x 04
1.6369  2 01 x 12    1.6160  2 01 x 12    1.1086  2 01 x 05    1.0896  2 01 x 05
1.6394  2 01 x 03    1.6190  2 01 x 03    1.1115  2 01 x 03    1.0943  2 00 x 03
1.6476  2 01 x 10    1.6270  2 01 x 10    1.1133  2 00 x 03    1.0958  2 01 x 03
1.6656  2 01 x 04    1.6479  2 01 x 05    1.1216  2 01 x 06    1.1016  2 01 x 07
1.6730  2 01 x 05    1.6488  2 01 x 04    1.1219  2 01 x 07    1.1023  2 01 x 06
1.6765  2 00 x 10    1.6551  2 00 x 10    1.1305  2 01 x 12    1.1160  2 01 x 12
1.6781  2 00 x 12    1.6569  2 00 x 12    1.1348  2 01 x 08    1.1168  2 01 x 08
1.6893  2 01 x 07    1.6603  2 01 x 07    1.1353  2 01 x 10    1.1208  2 01 x 10
1.6901  2 01 x 06    1.6632  2 01 x 06    1.1535  2 00 x 10    1.1390  2 00 x 10
1.6997  2 01 x 08    1.6751  2 01 x 08    1.1547  2 00 x 12    1.1421  2 00 x 12
1.8480  2 00 x 08    1.8218  2 00 x 08    1.2347  2 00 x 08    1.2177  2 00 x 08
1.8842  2 00 x 07    1.8595  2 00 x 07    1.2559  2 00 x 07    1.2401  2 00 x 07
1.9057  2 00 x 06    1.8824  2 00 x 06    1.2857  2 00 x 06    1.2703  2 00 x 06
1.9576  2 00 x 05    1.9375  2 00 x 05    1.3325  2 00 x 05    1.3197  2 00 x 05
---Benchmark Program Finished---
