
./testbench_2kary.sh clang++ O3 MontgomeryHalf __uint128_t 191 8 40 -DTEST_ARRAY

compilation finished, now executing:
---Running Program---

begin benchmarks - array pow
(ignore)191842519652605806623837767804209934280

OVERALL BEST:
1.8644  4 01 x 07
1.8760  4 01 x 08
1.8854  4 00 x 04
1.8936  4 01 x 05
1.8954  4 01 x 12
1.9043  4 01 x 06
1.9112  4 01 x 10
1.9116  4 00 x 08
1.9179  4 00 x 05
1.9193  4 00 x 12
1.9202  4 00 x 03
1.9218  4 00 x 06
1.9248  4 00 x 07
1.9300  4 00 x 10
1.9441  4 01 x 03
1.9506  3 01 x 08
1.9522  3 01 x 07
1.9540  3 01 x 12
1.9603  3 01 x 05
1.9712  4 01 x 04
1.9744  5 01 x 07
1.9777  3 00 x 03
1.9789  3 00 x 04
1.9845  3 01 x 10
1.9882  3 00 x 08
1.9908  5 01 x 05
1.9912  5 01 x 08
1.9918  3 00 x 10
1.9983  3 00 x 12
1.9985  3 00 x 05
1.9987  3 01 x 06
2.0051  5 01 x 12
2.0091  3 00 x 07
2.0095  5 00 x 08
2.0105  4 00 x 02
2.0108  5 01 x 06
2.0116  5 00 x 04
2.0129  3 00 x 06
2.0155  5 01 x 10
2.0170  5 00 x 06
2.0177  5 00 x 03
2.0198  5 00 x 12
2.0205  3 01 x 04
2.0207  5 00 x 05
2.0211  5 00 x 07
2.0275  5 00 x 10
2.0460  5 01 x 04
2.0589  5 01 x 03
2.0617  4 01 x 02
2.1204  3 00 x 02
2.1260  5 00 x 02
2.1342  3 01 x 02
2.1413  3 01 x 03
2.1516  5 01 x 02
2.1932  2 01 x 07
2.2090  2 01 x 02
2.2573  2 01 x 12
2.2679  2 01 x 05
2.2745  2 01 x 06
2.2826  2 01 x 10
2.2949  2 00 x 03
2.2979  2 00 x 12
2.2998  2 01 x 08
2.3002  2 00 x 04
2.3011  2 01 x 04
2.3068  2 00 x 08
2.3089  2 00 x 10
2.3094  2 00 x 07
2.3123  2 00 x 06
2.3370  2 00 x 05
2.3572  2 00 x 02
2.3633  2 01 x 03
Timings By Test Type:
0.5451  4 01 x 07    0.5452  4 01 x 07    0.3870  4 01 x 07    0.3871  4 01 x 07
0.5480  4 01 x 08    0.5481  4 01 x 08    0.3899  4 01 x 08    0.3900  4 01 x 08
0.5515  4 00 x 04    0.5506  4 00 x 04    0.3916  4 00 x 04    0.3918  4 00 x 04
0.5538  4 01 x 05    0.5536  4 01 x 05    0.3929  4 01 x 05    0.3933  4 01 x 05
0.5544  4 01 x 12    0.5542  4 01 x 12    0.3934  4 01 x 12    0.3934  4 01 x 12
0.5567  4 01 x 06    0.5568  4 01 x 06    0.3954  4 01 x 06    0.3954  4 01 x 06
0.5583  4 00 x 08    0.5583  4 00 x 08    0.3968  4 01 x 10    0.3967  4 01 x 10
0.5589  4 01 x 10    0.5587  4 01 x 10    0.3975  4 00 x 08    0.3975  4 00 x 08
0.5606  4 00 x 05    0.5607  4 00 x 05    0.3983  4 00 x 03    0.3983  4 00 x 05
0.5613  4 00 x 12    0.5613  4 00 x 12    0.3984  4 00 x 05    0.3983  4 00 x 03
0.5617  4 00 x 03    0.5618  4 00 x 03    0.3984  4 00 x 12    0.3984  4 00 x 12
0.5620  4 00 x 06    0.5620  4 00 x 06    0.3990  4 00 x 06    0.3989  4 00 x 06
0.5630  4 00 x 07    0.5631  4 00 x 07    0.3993  4 00 x 07    0.3993  4 00 x 07
0.5646  4 00 x 10    0.5640  4 00 x 10    0.4006  4 00 x 10    0.4008  4 00 x 10
0.5681  5 01 x 07    0.5683  5 01 x 07    0.4012  3 01 x 08    0.4012  3 01 x 08
0.5685  4 01 x 03    0.5687  4 01 x 03    0.4013  3 01 x 07    0.4013  3 01 x 07
0.5724  5 01 x 05    0.5725  5 01 x 05    0.4025  3 01 x 12    0.4024  3 01 x 12
0.5730  5 01 x 08    0.5729  5 01 x 08    0.4030  3 01 x 05    0.4030  3 01 x 05
0.5741  3 01 x 08    0.5741  3 01 x 08    0.4034  4 01 x 03    0.4035  4 01 x 03
0.5745  3 01 x 12    0.5745  3 01 x 12    0.4065  3 00 x 04    0.4064  3 00 x 04
0.5748  3 01 x 07    0.5747  3 01 x 07    0.4068  3 00 x 03    0.4066  3 00 x 03
0.5767  5 01 x 12    0.5767  5 01 x 12    0.4083  3 01 x 10    0.4084  3 01 x 10
0.5768  4 01 x 04    0.5768  4 01 x 04    0.4088  4 01 x 04    0.4087  4 01 x 04
0.5772  3 01 x 05    0.5772  3 01 x 05    0.4090  3 00 x 08    0.4089  3 00 x 08
0.5782  5 00 x 08    0.5782  5 00 x 08    0.4099  3 00 x 10    0.4098  3 00 x 10
0.5785  5 01 x 06    0.5785  5 01 x 06    0.4100  3 01 x 06    0.4104  3 01 x 06
0.5793  5 00 x 04    0.5791  5 00 x 04    0.4111  3 00 x 05    0.4110  3 00 x 05
0.5799  5 01 x 10    0.5798  5 01 x 10    0.4114  3 00 x 12    0.4114  3 00 x 12
0.5803  5 00 x 06    0.5805  5 00 x 06    0.4131  3 00 x 07    0.4130  3 00 x 07
0.5808  5 00 x 03    0.5808  5 00 x 03    0.4136  3 00 x 06    0.4138  3 00 x 06
0.5811  5 00 x 12    0.5813  5 00 x 12    0.4153  3 01 x 04    0.4156  3 01 x 04
0.5814  5 00 x 05    0.5815  5 00 x 05    0.4169  4 00 x 02    0.4169  4 00 x 02
0.5821  5 00 x 07    0.5821  5 00 x 07    0.4190  5 01 x 07    0.4190  5 01 x 07
0.5822  3 00 x 03    0.5822  3 00 x 03    0.4227  5 01 x 08    0.4226  5 01 x 08
0.5829  3 00 x 04    0.5831  3 00 x 04    0.4228  5 01 x 05    0.4231  5 01 x 05
0.5837  5 00 x 10    0.5835  5 00 x 10    0.4258  5 01 x 12    0.4259  5 01 x 12
0.5841  3 01 x 10    0.5837  3 01 x 10    0.4267  5 00 x 04    0.4264  5 00 x 08
0.5851  3 00 x 08    0.5852  3 00 x 08    0.4267  5 00 x 08    0.4266  5 00 x 04
0.5861  3 00 x 10    0.5860  3 00 x 10    0.4268  4 01 x 02    0.4268  5 01 x 06
0.5878  3 00 x 12    0.5874  3 00 x 05    0.4269  5 01 x 06    0.4268  4 01 x 02
0.5880  3 01 x 06    0.5878  3 00 x 12    0.4279  5 01 x 10    0.4279  5 01 x 10
0.5883  4 00 x 02    0.5884  4 00 x 02    0.4280  5 00 x 03    0.4280  5 00 x 03
0.5890  3 00 x 05    0.5891  5 01 x 04    0.4281  5 00 x 06    0.4281  5 00 x 06
0.5895  5 01 x 04    0.5902  3 01 x 06    0.4285  5 00 x 07    0.4284  5 00 x 07
0.5915  3 00 x 07    0.5915  3 00 x 07    0.4287  5 00 x 12    0.4287  5 00 x 12
0.5929  3 00 x 06    0.5927  3 00 x 06    0.4288  5 00 x 05    0.4290  5 00 x 05
0.5933  5 01 x 03    0.5932  5 01 x 03    0.4301  5 00 x 10    0.4302  5 00 x 10
0.5951  3 01 x 04    0.5945  3 01 x 04    0.4338  5 01 x 04    0.4336  5 01 x 04
0.6040  4 01 x 02    0.6040  4 01 x 02    0.4350  3 00 x 02    0.4350  3 00 x 02
0.6126  5 00 x 02    0.6125  5 00 x 02    0.4361  5 01 x 03    0.4363  5 01 x 03
0.6210  5 01 x 02    0.6212  5 01 x 02    0.4377  3 01 x 02    0.4377  3 01 x 02
0.6251  3 00 x 02    0.6252  3 00 x 02    0.4387  3 01 x 03    0.4388  3 01 x 03
0.6289  3 01 x 02    0.6299  3 01 x 02    0.4485  2 01 x 07    0.4485  2 01 x 07
0.6319  3 01 x 03    0.6319  3 01 x 03    0.4510  2 01 x 02    0.4488  5 00 x 02
0.6481  2 01 x 07    0.6481  2 01 x 07    0.4522  5 00 x 02    0.4509  2 01 x 02
0.6535  2 01 x 02    0.6535  2 01 x 02    0.4548  5 01 x 02    0.4546  5 01 x 02
0.6673  2 01 x 12    0.6673  2 01 x 12    0.4615  2 01 x 12    0.4612  2 01 x 12
0.6709  2 01 x 05    0.6702  2 01 x 05    0.4636  2 01 x 05    0.4632  2 01 x 05
0.6720  2 01 x 06    0.6717  2 01 x 06    0.4652  2 01 x 06    0.4656  2 01 x 06
0.6748  2 01 x 10    0.6750  2 01 x 10    0.4665  2 01 x 10    0.4664  2 01 x 10
0.6789  2 00 x 04    0.6781  2 00 x 04    0.4685  2 00 x 03    0.4684  2 00 x 03
0.6789  2 00 x 03    0.6789  2 00 x 12    0.4699  2 00 x 12    0.4698  2 00 x 12
0.6793  2 00 x 12    0.6790  2 00 x 03    0.4700  2 01 x 04    0.4701  2 01 x 04
0.6796  2 01 x 08    0.6796  2 01 x 08    0.4701  2 00 x 04    0.4702  2 01 x 08
0.6805  2 01 x 04    0.6805  2 01 x 04    0.4704  2 01 x 08    0.4715  2 00 x 08
0.6817  2 00 x 08    0.6819  2 00 x 08    0.4716  2 00 x 07    0.4718  2 00 x 10
0.6825  2 00 x 10    0.6824  2 00 x 07    0.4716  2 00 x 08    0.4725  2 00 x 06
0.6828  2 00 x 07    0.6827  2 00 x 10    0.4719  2 00 x 10    0.4726  2 00 x 07
0.6839  2 00 x 06    0.6835  2 00 x 06    0.4724  2 00 x 06    0.4732  2 00 x 04
0.6912  2 00 x 05    0.6912  2 00 x 05    0.4773  2 00 x 05    0.4773  2 00 x 05
0.6980  2 00 x 02    0.6982  2 00 x 02    0.4807  2 00 x 02    0.4804  2 00 x 02
0.6987  2 01 x 03    0.6990  2 01 x 03    0.4829  2 01 x 03    0.4827  2 01 x 03
---Benchmark Program Finished---
