
./testbench_2kary.sh g++ O3 MontgomeryHalf __uint128_t 191 8 40 -DTEST_ARRAY -DHURCHALLA_MONTGOMERY_POW_2KARY_USE_CSELECT_ON_BIT -DHURCHALLA_ALLOW_INLINE_ASM_ALL

compilation finished, now executing:
---Running Program---

begin benchmarks - array pow
(ignore)191842519652605806623837767804209934280

OVERALL BEST:
1.9121  4 01 x 03
1.9214  4 00 x 03
1.9586  5 00 x 03
1.9697  5 01 x 03
1.9812  4 01 x 06
1.9878  4 01 x 12
1.9921  4 01 x 08
1.9989  4 01 x 02
2.0195  4 01 x 10
2.0268  4 00 x 02
2.0306  3 01 x 02
2.0460  3 01 x 10
2.0728  3 00 x 02
2.0819  5 01 x 02
2.0912  3 00 x 03
2.0935  5 01 x 04
2.1000  5 00 x 02
2.1071  4 01 x 04
2.1110  4 00 x 12
2.1117  3 01 x 03
2.1131  4 01 x 07
2.1137  3 00 x 10
2.1152  4 01 x 05
2.1208  5 01 x 12
2.1304  3 01 x 12
2.1413  5 01 x 08
2.1434  5 01 x 05
2.1661  5 00 x 12
2.1665  4 00 x 08
2.1995  5 01 x 10
2.2039  4 00 x 10
2.2136  5 01 x 07
2.2222  4 00 x 05
2.2245  4 00 x 07
2.2255  5 00 x 08
2.2324  5 01 x 06
2.2416  5 00 x 06
2.2439  3 00 x 12
2.2627  5 00 x 10
2.2858  2 01 x 02
2.2981  4 00 x 06
2.2992  3 01 x 08
2.3030  5 00 x 07
2.3264  5 00 x 05
2.3267  2 00 x 02
2.3327  3 01 x 04
2.3413  3 00 x 08
2.3836  3 01 x 07
2.4166  5 00 x 04
2.4334  3 00 x 07
2.4360  2 00 x 03
2.4567  2 01 x 03
2.4609  4 00 x 04
2.4777  3 01 x 06
2.4817  3 00 x 06
2.5324  3 00 x 05
2.5523  3 01 x 05
2.6368  2 00 x 04
2.6515  3 00 x 04
2.7807  2 01 x 12
2.7957  2 00 x 12
2.9266  2 00 x 10
2.9436  2 01 x 07
2.9472  2 01 x 08
2.9953  2 01 x 10
3.0303  2 00 x 08
3.1072  2 01 x 06
3.1213  2 00 x 07
3.1427  2 01 x 05
3.1440  2 00 x 06
3.1598  2 01 x 04
3.3901  2 00 x 05
Timings By Test Type:
0.5593  5 01 x 03    0.5593  5 01 x 03    0.3828  4 01 x 03    0.3828  4 01 x 03
0.5615  5 00 x 03    0.5619  5 00 x 03    0.3932  4 00 x 03    0.3933  4 00 x 03
0.5674  4 00 x 03    0.5674  4 00 x 03    0.4149  4 01 x 12    0.4150  4 01 x 12
0.5687  4 01 x 02    0.5686  4 01 x 02    0.4150  4 01 x 06    0.4151  4 01 x 06
0.5733  4 01 x 03    0.5733  4 01 x 03    0.4175  5 00 x 03    0.4177  4 01 x 08
0.5755  4 01 x 06    0.5756  4 01 x 06    0.4179  4 01 x 08    0.4177  5 00 x 03
0.5785  4 01 x 08    0.5780  4 01 x 08    0.4195  3 01 x 02    0.4196  3 01 x 02
0.5789  4 01 x 12    0.5791  4 01 x 12    0.4225  3 00 x 03    0.4224  3 00 x 03
0.5812  4 00 x 02    0.5811  4 00 x 02    0.4233  3 01 x 10    0.4230  3 01 x 10
0.5860  4 01 x 10    0.5865  4 01 x 10    0.4237  4 01 x 10    0.4233  4 01 x 10
0.5958  3 01 x 02    0.5957  3 01 x 02    0.4256  5 01 x 03    0.4256  5 01 x 03
0.5977  5 01 x 02    0.5980  5 01 x 02    0.4295  3 00 x 02    0.4294  3 00 x 02
0.5998  3 01 x 10    0.5999  3 01 x 10    0.4296  3 01 x 03    0.4295  3 01 x 03
0.6042  5 00 x 02    0.6041  5 00 x 02    0.4308  4 01 x 02    0.4308  4 01 x 02
0.6069  3 00 x 02    0.6070  3 00 x 02    0.4313  4 00 x 12    0.4322  4 00 x 02
0.6131  5 01 x 04    0.6112  5 01 x 04    0.4322  4 00 x 02    0.4334  4 00 x 12
0.6135  4 01 x 05    0.6122  4 01 x 05    0.4353  5 01 x 04    0.4339  5 01 x 04
0.6144  4 01 x 07    0.6143  4 01 x 07    0.4356  3 00 x 10    0.4358  3 00 x 10
0.6152  5 01 x 12    0.6152  5 01 x 12    0.4363  4 01 x 04    0.4377  4 01 x 04
0.6164  4 01 x 04    0.6166  4 01 x 04    0.4379  5 01 x 05    0.4377  5 01 x 05
0.6192  5 01 x 08    0.6194  5 01 x 08    0.4421  4 01 x 07    0.4423  4 01 x 07
0.6208  3 00 x 10    0.6214  3 00 x 10    0.4426  3 01 x 12    0.4428  3 01 x 12
0.6226  3 01 x 12    0.6225  3 01 x 12    0.4430  4 00 x 08    0.4429  5 01 x 02
0.6230  4 00 x 12    0.6232  3 00 x 03    0.4433  5 01 x 02    0.4436  4 00 x 08
0.6232  3 00 x 03    0.6233  4 00 x 12    0.4441  4 01 x 05    0.4453  5 01 x 12
0.6262  3 01 x 03    0.6263  3 01 x 03    0.4450  5 01 x 12    0.4453  4 01 x 05
0.6270  5 00 x 12    0.6264  5 00 x 12    0.4459  5 00 x 02    0.4458  5 00 x 02
0.6333  5 01 x 10    0.6330  5 01 x 10    0.4497  4 00 x 05    0.4497  4 00 x 05
0.6343  5 01 x 05    0.6336  5 01 x 05    0.4512  5 01 x 08    0.4516  5 01 x 08
0.6390  5 01 x 07    0.6392  5 01 x 07    0.4546  4 00 x 07    0.4561  4 00 x 07
0.6405  4 00 x 08    0.6394  4 00 x 08    0.4557  5 00 x 12    0.4569  4 00 x 10
0.6450  4 00 x 10    0.6445  5 00 x 08    0.4571  4 00 x 10    0.4570  5 00 x 12
0.6453  5 00 x 08    0.6448  4 00 x 10    0.4595  3 00 x 12    0.4602  3 00 x 12
0.6453  5 01 x 06    0.6453  5 01 x 06    0.4667  5 01 x 10    0.4666  5 01 x 10
0.6509  5 00 x 06    0.6511  5 00 x 06    0.4667  3 01 x 04    0.4668  3 01 x 04
0.6527  5 00 x 10    0.6524  5 00 x 10    0.4677  5 01 x 07    0.4676  5 00 x 08
0.6567  4 00 x 07    0.6570  4 00 x 07    0.4681  5 00 x 08    0.4678  5 01 x 07
0.6623  3 00 x 12    0.6605  4 00 x 05    0.4682  2 01 x 02    0.4680  2 01 x 02
0.6623  4 00 x 05    0.6620  3 00 x 12    0.4697  5 00 x 06    0.4699  5 00 x 06
0.6731  5 00 x 07    0.6732  4 00 x 06    0.4703  3 01 x 08    0.4701  3 01 x 08
0.6732  4 00 x 06    0.6735  5 00 x 07    0.4710  5 01 x 06    0.4707  5 01 x 06
0.6748  2 01 x 02    0.6748  2 01 x 02    0.4713  3 00 x 08    0.4749  3 00 x 08
0.6768  5 00 x 05    0.6754  5 00 x 05    0.4758  4 00 x 06    0.4758  4 00 x 06
0.6793  3 01 x 08    0.6795  3 01 x 08    0.4768  2 00 x 02    0.4767  2 00 x 02
0.6865  2 00 x 02    0.6867  2 00 x 02    0.4781  5 00 x 07    0.4784  5 00 x 07
0.6965  5 00 x 04    0.6967  5 00 x 04    0.4785  5 00 x 10    0.4792  5 00 x 10
0.6977  3 00 x 08    0.6974  3 00 x 08    0.4871  5 00 x 05    0.4871  5 00 x 05
0.6996  3 01 x 04    0.6997  3 01 x 04    0.4884  3 01 x 07    0.4886  3 01 x 07
0.7034  3 01 x 07    0.7032  3 01 x 07    0.4997  3 00 x 07    0.4984  3 00 x 07
0.7174  2 00 x 03    0.7172  3 00 x 07    0.5006  2 00 x 03    0.5007  2 00 x 03
0.7181  3 00 x 07    0.7174  2 00 x 03    0.5040  2 01 x 03    0.5039  2 01 x 03
0.7239  4 00 x 04    0.7236  4 00 x 04    0.5068  4 00 x 04    0.5046  3 01 x 06
0.7244  2 01 x 03    0.7244  2 01 x 03    0.5068  3 01 x 06    0.5066  4 00 x 04
0.7315  3 00 x 06    0.7313  3 00 x 06    0.5095  3 00 x 06    0.5093  3 00 x 06
0.7331  3 01 x 06    0.7331  3 01 x 06    0.5101  3 00 x 05    0.5095  3 00 x 05
0.7567  3 00 x 05    0.7561  3 00 x 05    0.5115  5 00 x 04    0.5119  5 00 x 04
0.7595  3 01 x 05    0.7594  3 01 x 05    0.5166  3 01 x 05    0.5167  3 01 x 05
0.7771  2 00 x 04    0.7771  2 00 x 04    0.5371  3 00 x 04    0.5374  3 00 x 04
0.7885  3 00 x 04    0.7886  3 00 x 04    0.5413  2 00 x 04    0.5413  2 00 x 04
0.8124  2 01 x 12    0.8119  2 01 x 12    0.5606  2 00 x 12    0.5613  2 00 x 12
0.8385  2 00 x 12    0.8353  2 00 x 12    0.5780  2 01 x 12    0.5785  2 01 x 12
0.8698  2 01 x 08    0.8704  2 01 x 08    0.5922  2 00 x 10    0.5902  2 00 x 10
0.8712  2 01 x 07    0.8710  2 01 x 07    0.6008  2 01 x 07    0.6007  2 01 x 07
0.8719  2 00 x 10    0.8723  2 00 x 10    0.6035  2 01 x 08    0.6035  2 01 x 08
0.8776  2 01 x 10    0.8778  2 01 x 10    0.6058  2 00 x 08    0.6056  2 00 x 08
0.9100  2 00 x 08    0.9089  2 00 x 08    0.6180  2 01 x 10    0.6219  2 01 x 10
0.9194  2 01 x 06    0.9198  2 01 x 06    0.6334  2 01 x 05    0.6336  2 01 x 05
0.9235  2 00 x 07    0.9231  2 00 x 07    0.6340  2 01 x 04    0.6338  2 01 x 06
0.9368  2 00 x 06    0.9363  2 00 x 06    0.6342  2 01 x 06    0.6340  2 01 x 04
0.9379  2 01 x 05    0.9377  2 01 x 05    0.6354  2 00 x 06    0.6356  2 00 x 06
0.9459  2 01 x 04    0.9459  2 01 x 04    0.6373  2 00 x 07    0.6374  2 00 x 07
1.0171  2 00 x 05    1.0170  2 00 x 05    0.6779  2 00 x 05    0.6780  2 00 x 05
---Benchmark Program Finished---
