
./testbench_2kary.sh clang++ O3 MontgomeryQuarter __uint128_t 191 8 40 -DTEST_ARRAY

compilation finished, now executing:
---Running Program---

begin benchmarks - array pow
(ignore)219437624277362681049646736861362201740

OVERALL BEST:
1.7411  4 01 x 08
1.7520  4 01 x 04
1.7655  4 01 x 03
1.7703  3 01 x 04
1.7719  3 01 x 08
1.7754  4 01 x 07
1.7817  4 01 x 06
1.7895  4 01 x 10
1.7992  4 00 x 08
1.8099  4 00 x 10
1.8152  3 01 x 07
1.8177  4 00 x 03
1.8181  4 00 x 07
1.8244  4 01 x 12
1.8254  4 00 x 04
1.8260  4 00 x 12
1.8361  4 01 x 05
1.8361  3 01 x 10
1.8374  3 01 x 03
1.8379  3 01 x 06
1.8560  3 00 x 08
1.8571  5 01 x 08
1.8603  4 00 x 05
1.8620  3 00 x 03
1.8644  5 01 x 04
1.8698  3 01 x 12
1.8746  4 00 x 06
1.8757  5 01 x 03
1.8797  3 00 x 10
1.8844  3 00 x 07
1.8850  5 01 x 06
1.8867  3 01 x 05
1.8868  3 00 x 12
1.8900  5 01 x 07
1.8999  5 01 x 10
1.9007  3 00 x 04
1.9044  5 00 x 08
1.9080  5 00 x 10
1.9197  3 01 x 02
1.9218  5 00 x 07
1.9228  5 00 x 03
1.9229  4 01 x 02
1.9241  5 00 x 04
1.9264  5 00 x 12
1.9322  3 00 x 06
1.9347  5 01 x 12
1.9487  5 01 x 05
1.9492  4 00 x 02
1.9496  5 00 x 05
1.9498  3 00 x 05
1.9662  5 00 x 06
1.9880  2 01 x 08
2.0062  2 01 x 07
2.0132  3 00 x 02
2.0297  2 01 x 04
2.0327  5 01 x 02
2.0538  5 00 x 02
2.0680  2 00 x 08
2.0715  2 01 x 10
2.0854  2 01 x 06
2.1001  2 01 x 03
2.1007  2 01 x 12
2.1134  2 01 x 05
2.1135  2 00 x 10
2.1418  2 00 x 12
2.1535  2 00 x 03
2.1615  2 00 x 07
2.1648  2 00 x 04
2.1860  2 01 x 02
2.2040  2 00 x 06
2.2055  2 00 x 02
2.2114  2 00 x 05
Timings By Test Type:
0.5074  4 01 x 08    0.5074  4 01 x 08    0.3631  4 01 x 08    0.3632  4 01 x 08
0.5108  4 01 x 04    0.5110  4 01 x 04    0.3649  4 01 x 04    0.3654  4 01 x 04
0.5148  4 01 x 03    0.5148  4 01 x 03    0.3661  3 01 x 04    0.3661  3 01 x 04
0.5175  4 01 x 07    0.5172  4 01 x 07    0.3670  3 01 x 08    0.3671  3 01 x 08
0.5189  3 01 x 08    0.5189  3 01 x 08    0.3679  4 01 x 03    0.3680  4 01 x 03
0.5190  3 01 x 04    0.5191  3 01 x 04    0.3702  4 01 x 07    0.3704  4 01 x 07
0.5194  4 01 x 06    0.5195  4 01 x 06    0.3714  4 01 x 06    0.3714  4 01 x 06
0.5225  4 01 x 10    0.5220  4 01 x 10    0.3728  4 01 x 10    0.3722  4 01 x 10
0.5246  4 00 x 08    0.5246  4 00 x 08    0.3747  4 00 x 08    0.3753  4 00 x 08
0.5280  4 00 x 10    0.5281  4 00 x 10    0.3755  3 01 x 07    0.3759  3 01 x 07
0.5299  4 00 x 03    0.5303  4 00 x 07    0.3769  4 00 x 10    0.3770  4 00 x 10
0.5302  4 00 x 07    0.5304  4 00 x 03    0.3787  4 00 x 07    0.3784  4 00 x 03
0.5318  3 01 x 07    0.5320  3 01 x 07    0.3790  4 00 x 03    0.3790  4 00 x 07
0.5321  5 01 x 08    0.5322  4 01 x 12    0.3793  3 01 x 03    0.3795  3 01 x 03
0.5323  4 01 x 12    0.5323  5 01 x 08    0.3800  4 01 x 12    0.3800  4 01 x 12
0.5323  4 00 x 04    0.5324  4 00 x 04    0.3800  3 01 x 06    0.3801  3 01 x 06
0.5327  4 00 x 12    0.5327  4 00 x 12    0.3803  4 00 x 12    0.3803  4 00 x 12
0.5346  5 01 x 04    0.5346  5 01 x 04    0.3804  3 01 x 10    0.3803  4 00 x 04
0.5354  4 01 x 05    0.5353  4 01 x 05    0.3804  4 00 x 04    0.3804  3 01 x 10
0.5376  3 01 x 10    0.5377  3 01 x 10    0.3826  4 01 x 05    0.3827  4 01 x 05
0.5380  5 01 x 03    0.5381  5 01 x 03    0.3842  3 00 x 08    0.3842  3 00 x 08
0.5389  3 01 x 06    0.5390  3 01 x 06    0.3851  3 00 x 03    0.3852  3 00 x 03
0.5393  3 01 x 03    0.5392  3 01 x 03    0.3873  4 00 x 05    0.3867  3 01 x 12
0.5408  5 01 x 06    0.5407  5 01 x 06    0.3882  3 01 x 12    0.3880  4 00 x 05
0.5419  5 01 x 07    0.5418  5 01 x 07    0.3892  3 00 x 10    0.3891  3 00 x 10
0.5427  4 00 x 05    0.5424  4 00 x 05    0.3898  3 01 x 05    0.3898  3 00 x 07
0.5438  3 00 x 08    0.5438  3 00 x 08    0.3898  3 00 x 07    0.3899  3 01 x 05
0.5450  5 01 x 10    0.5450  5 01 x 10    0.3901  4 00 x 06    0.3903  4 00 x 06
0.5459  3 00 x 03    0.5457  3 00 x 03    0.3908  3 00 x 12    0.3911  3 00 x 12
0.5465  5 00 x 08    0.5463  3 01 x 12    0.3926  3 00 x 04    0.3928  3 00 x 04
0.5473  4 00 x 06    0.5467  5 00 x 08    0.3964  5 01 x 08    0.3961  3 01 x 02
0.5474  5 00 x 10    0.5470  4 00 x 06    0.3965  3 01 x 02    0.3963  5 01 x 08
0.5486  3 01 x 12    0.5473  5 00 x 10    0.3976  5 01 x 04    0.3976  5 01 x 04
0.5507  3 00 x 10    0.5506  3 00 x 10    0.3992  3 00 x 06    0.3992  3 00 x 06
0.5513  5 00 x 07    0.5513  5 00 x 07    0.3999  5 01 x 03    0.3997  5 01 x 03
0.5521  5 00 x 03    0.5522  5 00 x 04    0.3999  4 01 x 02    0.3998  4 01 x 02
0.5522  3 00 x 12    0.5522  5 00 x 03    0.4017  5 01 x 06    0.4018  5 01 x 06
0.5522  5 00 x 04    0.5524  3 00 x 07    0.4027  3 00 x 05    0.4027  3 00 x 05
0.5524  3 00 x 07    0.5527  3 00 x 12    0.4031  5 01 x 07    0.4032  5 01 x 07
0.5528  5 00 x 12    0.5531  5 00 x 12    0.4047  4 00 x 02    0.4047  4 00 x 02
0.5535  3 01 x 05    0.5535  3 01 x 05    0.4049  5 01 x 10    0.4050  5 01 x 10
0.5557  5 01 x 12    0.5555  5 01 x 12    0.4056  5 00 x 08    0.4057  5 00 x 08
0.5572  3 00 x 04    0.5581  3 00 x 04    0.4065  5 00 x 10    0.4067  5 00 x 10
0.5591  5 01 x 05    0.5593  5 01 x 05    0.4088  2 01 x 08    0.4089  2 01 x 08
0.5592  5 00 x 05    0.5599  5 00 x 05    0.4092  5 00 x 03    0.4093  5 00 x 03
0.5615  4 01 x 02    0.5616  4 01 x 02    0.4096  5 00 x 07    0.4096  5 00 x 07
0.5632  3 01 x 02    0.5640  3 01 x 02    0.4097  5 00 x 04    0.4100  5 00 x 04
0.5651  5 00 x 06    0.5652  5 00 x 06    0.4103  5 00 x 12    0.4103  5 00 x 12
0.5669  3 00 x 06    0.5669  3 00 x 06    0.4120  5 01 x 12    0.4115  5 01 x 12
0.5697  4 00 x 02    0.5701  4 00 x 02    0.4123  2 01 x 07    0.4123  2 01 x 07
0.5722  3 00 x 05    0.5722  3 00 x 05    0.4151  5 01 x 05    0.4152  5 01 x 05
0.5840  5 01 x 02    0.5839  5 01 x 02    0.4152  5 00 x 05    0.4153  5 00 x 05
0.5852  2 01 x 08    0.5852  2 01 x 08    0.4152  3 00 x 02    0.4153  3 00 x 02
0.5904  5 00 x 02    0.5906  5 00 x 02    0.4169  2 01 x 04    0.4169  2 01 x 04
0.5907  2 01 x 07    0.5909  2 01 x 07    0.4180  5 00 x 06    0.4180  5 00 x 06
0.5914  3 00 x 02    0.5914  3 00 x 02    0.4225  2 00 x 08    0.4259  2 00 x 08
0.5979  2 01 x 04    0.5979  2 01 x 04    0.4261  2 01 x 10    0.4260  2 01 x 10
0.6091  2 00 x 08    0.6097  2 01 x 10    0.4285  2 01 x 06    0.4285  2 01 x 06
0.6097  2 01 x 10    0.6105  2 00 x 08    0.4311  2 01 x 03    0.4311  2 01 x 03
0.6143  2 01 x 06    0.6142  2 01 x 06    0.4323  2 01 x 12    0.4320  2 01 x 12
0.6181  2 01 x 12    0.6182  2 01 x 12    0.4323  5 01 x 02    0.4326  5 01 x 02
0.6190  2 01 x 03    0.6189  2 01 x 03    0.4341  2 01 x 05    0.4341  2 01 x 05
0.6221  2 00 x 10    0.6223  2 00 x 10    0.4345  2 00 x 10    0.4347  2 00 x 10
0.6226  2 01 x 05    0.6226  2 01 x 05    0.4364  5 00 x 02    0.4364  5 00 x 02
0.6305  2 00 x 12    0.6306  2 00 x 12    0.4404  2 00 x 12    0.4404  2 00 x 12
0.6341  2 00 x 03    0.6347  2 00 x 03    0.4428  2 00 x 03    0.4419  2 00 x 03
0.6366  2 00 x 07    0.6366  2 00 x 07    0.4441  2 00 x 07    0.4441  2 00 x 07
0.6380  2 00 x 04    0.6379  2 00 x 04    0.4444  2 00 x 04    0.4445  2 00 x 04
0.6446  2 01 x 02    0.6447  2 01 x 02    0.4483  2 01 x 02    0.4484  2 01 x 02
0.6492  2 00 x 06    0.6493  2 00 x 06    0.4521  2 00 x 02    0.4521  2 00 x 02
0.6505  2 00 x 02    0.6509  2 00 x 02    0.4527  2 00 x 06    0.4527  2 00 x 06
0.6516  2 00 x 05    0.6516  2 00 x 05    0.4541  2 00 x 05    0.4541  2 00 x 05
---Benchmark Program Finished---
