
./testbench_2kary.sh clang++ O3 MontgomeryHalf __uint128_t 191 8 40 -DTEST_ARRAY -DHURCHALLA_MONTGOMERY_POW_2KARY_USE_CSELECT_ON_BIT -DHURCHALLA_ALLOW_INLINE_ASM_ALL

compilation finished, now executing:
---Running Program---

begin benchmarks - array pow
(ignore)191842519652605806623837767804209934280

OVERALL BEST:
1.6751  4 00 x 04
1.6952  4 01 x 03
1.7205  4 01 x 07
1.7250  4 01 x 08
1.7407  4 01 x 12
1.7408  4 01 x 10
1.7418  4 00 x 05
1.7431  4 01 x 06
1.7496  4 01 x 05
1.7509  4 00 x 10
1.7521  4 00 x 08
1.7551  3 01 x 03
1.7589  4 00 x 12
1.7701  3 00 x 04
1.7762  4 00 x 06
1.7838  3 01 x 08
1.7861  3 00 x 05
1.7887  4 01 x 04
1.7891  3 01 x 04
1.7927  4 00 x 03
1.7966  4 00 x 07
1.8031  3 01 x 07
1.8055  3 01 x 10
1.8149  5 00 x 04
1.8190  3 00 x 08
1.8212  3 01 x 06
1.8221  3 01 x 12
1.8231  5 01 x 08
1.8251  5 01 x 10
1.8265  3 00 x 12
1.8317  3 00 x 10
1.8334  5 01 x 07
1.8374  5 01 x 06
1.8435  3 00 x 03
1.8460  5 01 x 05
1.8477  5 01 x 12
1.8502  5 00 x 10
1.8503  5 00 x 06
1.8529  5 00 x 08
1.8540  3 00 x 07
1.8548  3 00 x 06
1.8582  5 00 x 12
1.8584  5 00 x 05
1.8621  4 01 x 02
1.8656  4 00 x 02
1.8668  5 00 x 03
1.8730  5 01 x 03
1.8745  3 01 x 05
1.8915  5 00 x 07
1.9005  3 01 x 02
1.9025  5 01 x 04
1.9289  3 00 x 02
1.9512  2 01 x 03
1.9696  5 01 x 02
1.9714  5 00 x 02
1.9835  2 01 x 08
2.0057  2 01 x 04
2.0097  2 01 x 05
2.0276  2 01 x 07
2.0654  2 01 x 12
2.0737  2 01 x 10
2.0816  2 00 x 03
2.0823  2 00 x 05
2.0903  2 00 x 04
2.0916  2 01 x 06
2.1017  2 00 x 12
2.1060  2 00 x 06
2.1065  2 00 x 08
2.1153  2 01 x 02
2.1188  2 00 x 10
2.1342  2 00 x 07
2.1946  2 00 x 02
Timings By Test Type:
0.4888  4 00 x 04    0.4890  4 00 x 04    0.3487  4 00 x 04    0.3486  4 00 x 04
0.4955  4 01 x 03    0.4955  4 01 x 03    0.3519  4 01 x 03    0.3523  4 01 x 03
0.5024  4 01 x 07    0.5025  4 01 x 07    0.3578  4 01 x 07    0.3579  4 01 x 07
0.5039  4 01 x 08    0.5040  4 01 x 08    0.3585  4 01 x 08    0.3587  4 01 x 08
0.5087  4 01 x 10    0.5088  4 01 x 10    0.3607  3 01 x 03    0.3608  3 01 x 03
0.5089  4 01 x 12    0.5088  4 01 x 12    0.3615  4 01 x 12    0.3614  4 01 x 12
0.5093  4 01 x 06    0.5090  4 00 x 05    0.3616  4 01 x 10    0.3616  4 00 x 05
0.5095  4 00 x 05    0.5095  4 01 x 06    0.3617  4 00 x 05    0.3616  4 01 x 10
0.5111  4 01 x 05    0.5112  4 01 x 05    0.3622  4 01 x 06    0.3621  4 01 x 06
0.5115  4 00 x 08    0.5118  4 00 x 10    0.3636  4 00 x 10    0.3636  4 01 x 05
0.5118  4 00 x 10    0.5124  4 00 x 08    0.3636  4 01 x 05    0.3637  4 00 x 10
0.5143  4 00 x 12    0.5148  4 00 x 12    0.3639  3 00 x 04    0.3640  3 00 x 04
0.5168  3 01 x 03    0.5167  3 01 x 03    0.3641  4 00 x 08    0.3641  4 00 x 08
0.5193  4 00 x 06    0.5193  4 00 x 06    0.3650  4 00 x 12    0.3648  4 00 x 12
0.5208  5 00 x 04    0.5209  5 00 x 04    0.3672  3 00 x 05    0.3672  3 01 x 08
0.5209  3 00 x 04    0.5213  3 00 x 04    0.3674  3 01 x 08    0.3673  3 00 x 05
0.5229  4 01 x 04    0.5228  4 01 x 04    0.3680  3 01 x 04    0.3681  3 01 x 04
0.5240  4 00 x 03    0.5241  4 00 x 03    0.3687  4 00 x 06    0.3689  4 00 x 06
0.5242  5 01 x 08    0.5241  5 01 x 08    0.3708  3 01 x 07    0.3714  3 01 x 07
0.5244  3 01 x 08    0.5248  5 01 x 10    0.3714  4 01 x 04    0.3716  4 01 x 04
0.5247  5 01 x 10    0.5248  3 01 x 08    0.3718  3 01 x 10    0.3717  3 01 x 10
0.5253  4 00 x 07    0.5253  4 00 x 07    0.3722  4 00 x 03    0.3724  4 00 x 03
0.5260  3 00 x 05    0.5255  3 00 x 05    0.3730  4 00 x 07    0.3730  4 00 x 07
0.5265  3 01 x 04    0.5265  3 01 x 04    0.3744  3 00 x 08    0.3741  3 01 x 06
0.5270  5 01 x 07    0.5271  5 01 x 07    0.3753  3 01 x 12    0.3744  3 00 x 08
0.5285  5 01 x 06    0.5285  5 01 x 06    0.3760  3 00 x 12    0.3758  3 01 x 12
0.5301  3 01 x 07    0.5306  5 01 x 05    0.3772  3 00 x 10    0.3767  3 00 x 12
0.5307  5 01 x 05    0.5307  3 01 x 07    0.3776  3 01 x 06    0.3772  3 00 x 10
0.5310  3 01 x 10    0.5310  3 01 x 10    0.3787  3 00 x 03    0.3789  3 00 x 03
0.5310  5 01 x 12    0.5315  5 01 x 12    0.3813  3 00 x 07    0.3813  3 00 x 07
0.5321  5 00 x 06    0.5324  5 00 x 10    0.3813  3 00 x 06    0.3814  3 00 x 06
0.5322  5 00 x 10    0.5324  5 00 x 06    0.3836  3 01 x 05    0.3832  3 01 x 05
0.5332  5 00 x 08    0.5332  5 00 x 08    0.3861  4 01 x 02    0.3862  4 01 x 02
0.5342  3 00 x 08    0.5346  5 00 x 12    0.3864  5 00 x 04    0.3867  5 00 x 04
0.5345  5 00 x 12    0.5349  3 01 x 06    0.3870  4 00 x 02    0.3871  4 00 x 02
0.5346  3 01 x 06    0.5349  5 00 x 05    0.3875  5 01 x 08    0.3873  5 01 x 08
0.5348  5 00 x 05    0.5354  3 01 x 12    0.3878  5 01 x 10    0.3879  5 01 x 10
0.5356  3 01 x 12    0.5360  3 00 x 08    0.3896  5 01 x 07    0.3897  5 01 x 07
0.5370  3 00 x 12    0.5368  3 00 x 12    0.3902  5 01 x 06    0.3899  3 01 x 02
0.5372  5 00 x 03    0.5372  5 00 x 03    0.3902  3 01 x 02    0.3903  5 01 x 06
0.5380  5 01 x 03    0.5380  5 01 x 03    0.3923  5 01 x 05    0.3923  5 01 x 05
0.5386  3 00 x 10    0.5388  3 00 x 10    0.3926  5 01 x 12    0.3927  5 01 x 12
0.5430  3 00 x 03    0.5430  3 00 x 03    0.3928  5 00 x 10    0.3929  5 00 x 10
0.5443  5 00 x 07    0.5445  5 00 x 07    0.3929  5 00 x 06    0.3930  5 00 x 06
0.5449  4 01 x 02    0.5449  4 01 x 02    0.3933  5 00 x 08    0.3933  5 00 x 08
0.5456  3 00 x 07    0.5458  3 00 x 07    0.3943  5 00 x 05    0.3943  5 00 x 05
0.5457  4 00 x 02    0.5458  4 00 x 02    0.3945  5 00 x 12    0.3946  5 00 x 12
0.5460  3 00 x 06    0.5460  3 00 x 06    0.3962  5 00 x 03    0.3962  3 00 x 02
0.5473  5 01 x 04    0.5474  5 01 x 04    0.3962  3 00 x 02    0.3962  5 00 x 03
0.5539  3 01 x 05    0.5537  3 01 x 05    0.3985  5 01 x 03    0.3984  5 01 x 03
0.5604  3 01 x 02    0.5600  3 01 x 02    0.3987  2 01 x 03    0.3988  2 01 x 03
0.5673  5 01 x 02    0.5673  5 01 x 02    0.4014  5 00 x 07    0.4013  5 00 x 07
0.5679  5 00 x 02    0.5682  5 00 x 02    0.4042  5 01 x 04    0.4036  5 01 x 04
0.5682  3 00 x 02    0.5683  3 00 x 02    0.4051  2 01 x 08    0.4052  2 01 x 08
0.5768  2 01 x 03    0.5769  2 01 x 03    0.4098  2 01 x 04    0.4098  2 01 x 04
0.5861  2 01 x 08    0.5871  2 01 x 08    0.4109  2 01 x 05    0.4110  2 01 x 05
0.5931  2 01 x 04    0.5931  2 01 x 04    0.4146  2 01 x 07    0.4148  2 01 x 07
0.5939  2 01 x 05    0.5939  2 01 x 05    0.4171  5 00 x 02    0.4175  5 01 x 02
0.5992  2 01 x 07    0.5990  2 01 x 07    0.4175  5 01 x 02    0.4182  5 00 x 02
0.6102  2 01 x 12    0.6104  2 01 x 12    0.4224  2 01 x 12    0.4224  2 01 x 12
0.6127  2 01 x 10    0.6130  2 01 x 10    0.4239  2 01 x 10    0.4240  2 01 x 10
0.6153  2 01 x 06    0.6155  2 00 x 05    0.4250  2 00 x 03    0.4251  2 00 x 03
0.6154  2 00 x 05    0.6158  2 00 x 03    0.4253  2 00 x 05    0.4260  2 00 x 05
0.6158  2 00 x 03    0.6191  2 00 x 04    0.4265  2 00 x 04    0.4263  2 00 x 04
0.6183  2 00 x 04    0.6201  2 01 x 06    0.4270  2 01 x 06    0.4292  2 01 x 06
0.6212  2 00 x 12    0.6211  2 00 x 12    0.4296  2 00 x 12    0.4299  2 00 x 12
0.6221  2 00 x 06    0.6227  2 00 x 08    0.4304  2 00 x 08    0.4304  2 00 x 06
0.6228  2 00 x 08    0.6230  2 00 x 06    0.4305  2 00 x 06    0.4305  2 00 x 08
0.6256  2 01 x 02    0.6255  2 01 x 02    0.4320  2 01 x 02    0.4321  2 01 x 02
0.6263  2 00 x 10    0.6264  2 00 x 10    0.4331  2 00 x 10    0.4331  2 00 x 10
0.6320  2 00 x 07    0.6313  2 00 x 07    0.4348  2 00 x 07    0.4360  2 00 x 07
0.6488  2 00 x 02    0.6484  2 00 x 02    0.4487  2 00 x 02    0.4486  2 00 x 02
---Benchmark Program Finished---
