
./testbench_2kary.sh clang++ O3 MontgomeryQuarter __uint128_t 191 8 40 -DTEST_ARRAY -DHURCHALLA_MONTGOMERY_POW_2KARY_USE_CSELECT_ON_BIT -DHURCHALLA_ALLOW_INLINE_ASM_ALL

compilation finished, now executing:
---Running Program---

begin benchmarks - array pow
(ignore)219437624277362681049646736861362201740

OVERALL BEST:
1.6832  4 01 x 10
1.6910  4 00 x 12
1.6972  4 00 x 07
1.7054  4 00 x 08
1.7093  4 01 x 05
1.7111  4 01 x 08
1.7124  4 01 x 07
1.7141  4 00 x 10
1.7164  4 01 x 06
1.7284  3 01 x 10
1.7352  4 00 x 05
1.7376  4 01 x 04
1.7445  4 01 x 12
1.7465  4 00 x 06
1.7483  3 00 x 12
1.7487  3 00 x 08
1.7509  3 01 x 08
1.7510  3 00 x 07
1.7543  4 01 x 03
1.7657  3 01 x 05
1.7720  3 01 x 06
1.7730  3 00 x 10
1.7738  5 01 x 10
1.7764  3 00 x 06
1.7848  4 00 x 04
1.7872  3 01 x 07
1.7876  5 00 x 08
1.7899  5 00 x 12
1.7901  5 00 x 07
1.7973  5 01 x 05
1.8014  3 00 x 03
1.8016  5 00 x 06
1.8038  3 01 x 04
1.8076  3 01 x 12
1.8089  5 00 x 10
1.8143  5 01 x 06
1.8144  4 00 x 03
1.8169  5 00 x 05
1.8231  3 00 x 05
1.8242  5 01 x 07
1.8251  3 01 x 03
1.8272  4 01 x 02
1.8297  5 01 x 08
1.8372  5 01 x 04
1.8384  5 01 x 12
1.8462  3 00 x 04
1.8587  5 00 x 04
1.8663  5 01 x 03
1.8709  5 00 x 03
1.8770  3 01 x 02
1.9276  2 01 x 08
1.9435  4 00 x 02
1.9452  2 01 x 10
1.9528  2 01 x 07
1.9703  2 01 x 06
1.9707  2 01 x 03
1.9716  2 00 x 12
1.9838  2 00 x 08
1.9841  2 00 x 03
1.9859  2 00 x 04
2.0071  2 01 x 04
2.0215  2 01 x 05
2.0380  2 01 x 12
2.0475  2 00 x 06
2.0600  2 01 x 02
2.0652  3 00 x 02
2.0664  2 00 x 10
2.0667  5 00 x 02
2.0685  5 01 x 02
2.0750  2 00 x 05
2.0765  2 00 x 07
2.2681  2 00 x 02
Timings By Test Type:
0.4910  4 01 x 10    0.4910  4 01 x 10    0.3506  4 01 x 10    0.3506  4 01 x 10
0.4931  4 00 x 12    0.4932  4 00 x 12    0.3523  4 00 x 12    0.3524  4 00 x 12
0.4950  4 00 x 07    0.4949  4 00 x 07    0.3537  4 00 x 07    0.3536  4 00 x 07
0.4975  4 00 x 08    0.4975  4 00 x 08    0.3552  4 00 x 08    0.3552  4 00 x 08
0.4983  4 01 x 05    0.4984  4 01 x 05    0.3563  4 01 x 05    0.3563  4 01 x 05
0.4992  4 01 x 08    0.4986  4 01 x 08    0.3566  4 01 x 08    0.3567  4 01 x 08
0.4994  4 01 x 07    0.4994  4 01 x 07    0.3568  4 01 x 07    0.3568  4 01 x 07
0.4999  4 00 x 10    0.4999  4 00 x 10    0.3571  4 00 x 10    0.3572  4 00 x 10
0.5007  4 01 x 06    0.5006  4 01 x 06    0.3576  4 01 x 06    0.3576  4 01 x 06
0.5060  3 01 x 10    0.5060  3 01 x 10    0.3582  3 01 x 10    0.3582  3 01 x 10
0.5061  4 00 x 05    0.5062  4 00 x 05    0.3614  4 00 x 05    0.3614  4 00 x 05
0.5071  4 01 x 04    0.5069  4 01 x 04    0.3615  3 00 x 08    0.3617  3 00 x 08
0.5089  5 01 x 10    0.5089  4 01 x 12    0.3618  4 01 x 04    0.3619  4 01 x 04
0.5090  4 01 x 12    0.5089  5 01 x 10    0.3624  3 00 x 07    0.3623  3 00 x 07
0.5100  4 00 x 06    0.5096  4 00 x 06    0.3624  3 01 x 08    0.3624  3 01 x 08
0.5113  4 01 x 03    0.5112  4 01 x 03    0.3624  3 00 x 12    0.3624  3 00 x 12
0.5117  3 00 x 12    0.5117  3 00 x 12    0.3633  4 01 x 12    0.3633  4 00 x 06
0.5124  3 00 x 08    0.5130  3 00 x 08    0.3635  4 00 x 06    0.3633  4 01 x 12
0.5131  3 00 x 07    0.5130  3 01 x 08    0.3649  3 01 x 05    0.3650  3 01 x 05
0.5132  3 01 x 08    0.5132  3 00 x 07    0.3663  3 01 x 06    0.3653  4 01 x 03
0.5135  5 00 x 08    0.5136  5 00 x 12    0.3665  4 01 x 03    0.3664  3 01 x 06
0.5136  5 00 x 12    0.5136  5 00 x 07    0.3671  3 00 x 10    0.3670  3 00 x 06
0.5136  5 00 x 07    0.5137  5 00 x 08    0.3673  3 00 x 06    0.3672  3 00 x 10
0.5159  5 01 x 05    0.5159  5 01 x 05    0.3695  3 01 x 07    0.3695  3 01 x 07
0.5174  5 00 x 06    0.5175  5 00 x 06    0.3713  4 00 x 04    0.3713  4 00 x 04
0.5179  3 01 x 05    0.5179  3 01 x 05    0.3719  3 01 x 04    0.3720  3 00 x 03
0.5194  3 00 x 10    0.5194  3 00 x 10    0.3719  3 00 x 03    0.3740  3 01 x 04
0.5196  5 00 x 10    0.5195  5 00 x 10    0.3744  3 01 x 12    0.3744  3 01 x 12
0.5197  3 01 x 06    0.5196  3 01 x 06    0.3767  3 00 x 05    0.3765  3 00 x 05
0.5208  5 01 x 06    0.5208  5 01 x 06    0.3768  3 01 x 03    0.3767  3 01 x 03
0.5210  3 00 x 06    0.5210  3 00 x 06    0.3773  4 00 x 03    0.3774  4 00 x 03
0.5211  4 00 x 04    0.5211  4 00 x 04    0.3779  5 01 x 10    0.3780  5 01 x 10
0.5217  5 00 x 05    0.5218  5 00 x 05    0.3796  5 00 x 08    0.3808  5 00 x 08
0.5239  5 01 x 07    0.5239  5 01 x 07    0.3810  3 00 x 04    0.3808  3 00 x 04
0.5241  3 01 x 07    0.5242  3 01 x 07    0.3813  4 01 x 02    0.3812  4 01 x 02
0.5261  5 01 x 08    0.5261  5 01 x 08    0.3813  5 00 x 12    0.3814  5 00 x 12
0.5279  5 01 x 04    0.5281  5 01 x 04    0.3814  5 00 x 07    0.3814  5 00 x 07
0.5282  5 01 x 12    0.5281  5 01 x 12    0.3828  5 01 x 05    0.3828  5 01 x 05
0.5287  3 00 x 03    0.5288  3 00 x 03    0.3834  5 00 x 06    0.3834  5 00 x 06
0.5288  3 01 x 04    0.5291  3 01 x 04    0.3849  5 00 x 10    0.3849  5 00 x 10
0.5294  3 01 x 12    0.5293  3 01 x 12    0.3863  5 01 x 06    0.3863  5 01 x 06
0.5299  4 00 x 03    0.5299  4 00 x 03    0.3866  5 00 x 05    0.3867  5 00 x 05
0.5324  4 01 x 02    0.5324  4 01 x 02    0.3873  3 01 x 02    0.3872  3 01 x 02
0.5346  5 00 x 04    0.5346  5 00 x 04    0.3883  5 01 x 07    0.3881  5 01 x 07
0.5349  3 00 x 05    0.5350  3 00 x 05    0.3884  5 01 x 08    0.3891  5 01 x 08
0.5357  3 01 x 03    0.5358  3 01 x 03    0.3906  5 01 x 04    0.3906  5 01 x 04
0.5362  5 01 x 03    0.5361  5 01 x 03    0.3911  5 01 x 12    0.3910  5 01 x 12
0.5378  5 00 x 03    0.5379  5 00 x 03    0.3947  5 00 x 04    0.3947  5 00 x 04
0.5422  3 00 x 04    0.5422  3 00 x 04    0.3964  2 01 x 08    0.3963  2 01 x 08
0.5513  3 01 x 02    0.5512  3 01 x 02    0.3969  5 01 x 03    0.3970  5 01 x 03
0.5674  2 01 x 08    0.5666  4 00 x 02    0.3976  5 00 x 03    0.3976  5 00 x 03
0.5690  4 00 x 02    0.5675  2 01 x 08    0.4001  2 01 x 10    0.4001  2 01 x 10
0.5725  2 01 x 10    0.5725  2 01 x 10    0.4015  2 01 x 07    0.4016  2 01 x 07
0.5749  2 01 x 07    0.5748  2 01 x 07    0.4039  4 00 x 02    0.4041  4 00 x 02
0.5802  2 00 x 12    0.5799  2 01 x 06    0.4047  2 01 x 03    0.4045  2 01 x 03
0.5803  2 01 x 06    0.5804  2 00 x 12    0.4050  2 01 x 06    0.4051  2 01 x 06
0.5808  2 01 x 03    0.5807  2 01 x 03    0.4055  2 00 x 12    0.4055  2 00 x 12
0.5838  2 00 x 08    0.5843  2 00 x 08    0.4073  2 00 x 03    0.4072  2 00 x 03
0.5845  2 00 x 03    0.5851  2 00 x 03    0.4076  2 00 x 04    0.4077  2 00 x 04
0.5852  2 00 x 04    0.5853  2 00 x 04    0.4078  2 00 x 08    0.4079  2 00 x 08
0.5918  2 01 x 04    0.5910  2 01 x 04    0.4124  2 01 x 04    0.4119  2 01 x 04
0.5954  5 01 x 02    0.5954  5 01 x 02    0.4152  2 01 x 05    0.4151  2 01 x 05
0.5957  2 01 x 05    0.5955  2 01 x 05    0.4191  2 01 x 12    0.4191  2 01 x 12
0.5961  5 00 x 02    0.5962  5 00 x 02    0.4206  2 00 x 06    0.4207  2 00 x 06
0.5999  2 01 x 12    0.5999  2 01 x 12    0.4225  2 01 x 02    0.4225  2 01 x 02
0.6031  2 00 x 06    0.6031  2 00 x 06    0.4248  2 00 x 10    0.4249  2 00 x 10
0.6070  3 00 x 02    0.6069  3 00 x 02    0.4257  3 00 x 02    0.4256  3 00 x 02
0.6074  2 01 x 02    0.6075  2 01 x 02    0.4261  2 00 x 05    0.4261  2 00 x 05
0.6082  2 00 x 10    0.6085  2 00 x 10    0.4268  2 00 x 07    0.4268  2 00 x 07
0.6113  2 00 x 07    0.6113  2 00 x 05    0.4372  5 00 x 02    0.4371  5 00 x 02
0.6114  2 00 x 05    0.6116  2 00 x 07    0.4388  5 01 x 02    0.4388  5 01 x 02
0.6689  2 00 x 02    0.6690  2 00 x 02    0.4651  2 00 x 02    0.4651  2 00 x 02
---Benchmark Program Finished---
