
./testbench_2kary.sh g++ O3 MontgomeryQuarter __uint128_t 191 8 40 -DTEST_ARRAY -DHURCHALLA_MONTGOMERY_POW_2KARY_USE_CSELECT_ON_BIT -DHURCHALLA_ALLOW_INLINE_ASM_ALL

compilation finished, now executing:
---Running Program---

begin benchmarks - array pow
(ignore)219437624277362681049646736861362201740

OVERALL BEST:
1.7579  4 01 x 04
1.8046  4 01 x 03
1.8138  5 01 x 03
1.8184  5 01 x 04
1.8274  4 00 x 04
1.8699  5 00 x 03
1.8722  4 00 x 03
1.8746  4 01 x 10
1.8772  5 00 x 04
1.8912  4 01 x 02
1.9066  4 00 x 02
1.9073  4 01 x 12
1.9316  3 01 x 02
1.9430  3 00 x 04
1.9443  3 01 x 04
1.9484  4 00 x 07
1.9545  4 01 x 07
1.9571  4 01 x 08
1.9589  3 01 x 03
1.9658  4 00 x 12
1.9687  5 01 x 02
1.9803  3 00 x 02
1.9920  3 00 x 03
2.0001  5 01 x 12
2.0106  5 00 x 12
2.0198  5 01 x 10
2.0242  5 01 x 07
2.0283  5 00 x 02
2.0286  4 01 x 06
2.0321  4 00 x 08
2.0324  5 01 x 08
2.0336  4 00 x 10
2.0347  3 00 x 12
2.0426  3 00 x 10
2.0442  5 00 x 08
2.0678  3 01 x 10
2.0709  5 00 x 10
2.0841  5 00 x 07
2.0882  4 01 x 05
2.1087  5 01 x 06
2.1094  3 01 x 08
2.1100  3 01 x 12
2.1257  5 00 x 06
2.1265  4 00 x 06
2.1417  4 00 x 05
2.1743  3 01 x 07
2.1745  2 01 x 04
2.1879  2 01 x 02
2.1975  2 01 x 03
2.2089  3 00 x 08
2.2156  5 01 x 05
2.2505  5 00 x 05
2.2651  2 00 x 03
2.2801  3 01 x 06
2.2823  3 00 x 07
2.2857  2 00 x 02
2.2898  2 00 x 04
2.3478  3 00 x 06
2.4846  3 01 x 05
2.4851  2 00 x 07
2.5137  2 00 x 06
2.5598  3 00 x 05
2.6089  2 01 x 12
2.7068  2 01 x 10
2.7290  2 00 x 10
2.7474  2 00 x 12
2.7501  2 01 x 07
2.7910  2 01 x 08
2.7940  2 00 x 08
2.8443  2 01 x 06
2.9898  2 01 x 05
3.0581  2 00 x 05
Timings By Test Type:
0.5148  5 01 x 03    0.5149  5 01 x 03    0.3633  4 01 x 04    0.3635  4 01 x 04
0.5154  4 01 x 04    0.5156  4 01 x 04    0.3771  4 01 x 03    0.3772  4 01 x 03
0.5217  5 01 x 04    0.5217  5 01 x 04    0.3798  4 00 x 04    0.3798  4 00 x 04
0.5251  4 01 x 03    0.5252  4 01 x 03    0.3874  5 01 x 04    0.3875  5 01 x 04
0.5339  4 00 x 04    0.5339  4 00 x 04    0.3895  4 00 x 03    0.3894  4 00 x 03
0.5361  5 00 x 03    0.5359  5 00 x 03    0.3917  4 01 x 10    0.3914  4 01 x 10
0.5414  5 00 x 04    0.5413  5 00 x 04    0.3920  5 01 x 03    0.3920  5 01 x 03
0.5456  4 01 x 10    0.5458  4 01 x 10    0.3926  4 01 x 12    0.3940  4 01 x 12
0.5467  4 00 x 03    0.5467  4 00 x 03    0.3945  4 01 x 02    0.3946  4 01 x 02
0.5511  4 01 x 02    0.5511  4 01 x 02    0.3965  4 00 x 02    0.3967  3 00 x 04
0.5565  4 00 x 02    0.5566  4 00 x 02    0.3966  3 00 x 04    0.3970  4 00 x 02
0.5605  4 01 x 12    0.5602  4 01 x 12    0.3972  5 00 x 04    0.3972  5 00 x 04
0.5641  5 01 x 02    0.5648  5 01 x 02    0.3980  3 01 x 04    0.3982  3 01 x 04
0.5660  3 01 x 02    0.5665  3 01 x 02    0.3991  5 00 x 03    0.3988  5 00 x 03
0.5711  4 00 x 07    0.5713  4 00 x 07    0.3994  3 01 x 03    0.3995  3 01 x 03
0.5741  3 01 x 04    0.5740  3 01 x 04    0.3995  3 01 x 02    0.3996  3 01 x 02
0.5748  3 00 x 04    0.5740  5 01 x 12    0.4003  4 01 x 07    0.4003  4 01 x 07
0.5748  4 01 x 08    0.5741  4 01 x 08    0.4025  4 00 x 07    0.4034  4 00 x 07
0.5753  5 01 x 12    0.5748  3 00 x 04    0.4043  4 01 x 08    0.4039  4 01 x 08
0.5771  4 01 x 07    0.5767  4 01 x 07    0.4055  4 00 x 12    0.4057  4 00 x 12
0.5777  4 00 x 12    0.5769  4 00 x 12    0.4075  3 00 x 02    0.4094  3 00 x 02
0.5794  5 00 x 12    0.5792  5 00 x 12    0.4098  3 00 x 03    0.4099  3 00 x 03
0.5800  3 01 x 03    0.5800  3 01 x 03    0.4160  3 00 x 12    0.4161  3 00 x 12
0.5810  5 01 x 08    0.5809  3 00 x 02    0.4178  4 00 x 08    0.4175  4 00 x 08
0.5810  5 01 x 10    0.5810  5 01 x 08    0.4198  5 01 x 02    0.4200  5 01 x 02
0.5823  5 00 x 02    0.5813  5 01 x 10    0.4252  4 01 x 06    0.4252  4 01 x 06
0.5826  3 00 x 02    0.5830  5 00 x 02    0.4255  5 01 x 12    0.4253  5 01 x 12
0.5849  5 00 x 08    0.5832  5 01 x 07    0.4255  4 00 x 10    0.4258  3 01 x 10
0.5857  5 01 x 07    0.5842  5 00 x 08    0.4256  3 01 x 10    0.4259  5 00 x 12
0.5861  3 00 x 03    0.5862  3 00 x 03    0.4261  5 00 x 12    0.4260  4 00 x 10
0.5889  4 01 x 06    0.5893  4 01 x 06    0.4272  5 01 x 07    0.4273  3 00 x 10
0.5909  4 00 x 10    0.5911  4 00 x 10    0.4273  3 00 x 10    0.4280  4 01 x 05
0.5940  3 00 x 10    0.5940  3 00 x 10    0.4277  4 01 x 05    0.4281  5 01 x 07
0.5979  5 00 x 07    0.5970  5 00 x 07    0.4287  5 01 x 10    0.4287  5 01 x 10
0.5985  4 00 x 08    0.5983  4 00 x 08    0.4315  5 00 x 02    0.4315  5 00 x 02
0.6014  3 00 x 12    0.6012  3 00 x 12    0.4317  3 01 x 08    0.4316  3 01 x 08
0.6030  5 00 x 10    0.6031  5 00 x 10    0.4323  5 00 x 10    0.4324  5 00 x 10
0.6082  3 01 x 10    0.6081  3 01 x 10    0.4329  3 01 x 12    0.4329  3 01 x 12
0.6144  5 00 x 06    0.6144  5 00 x 06    0.4353  5 01 x 08    0.4351  5 01 x 08
0.6154  5 01 x 06    0.6154  5 01 x 06    0.4360  4 00 x 05    0.4358  4 00 x 05
0.6163  4 01 x 05    0.6163  4 01 x 05    0.4374  5 00 x 08    0.4377  5 00 x 08
0.6214  4 00 x 06    0.6222  3 01 x 12    0.4389  5 01 x 06    0.4389  5 01 x 06
0.6221  3 01 x 12    0.6224  4 00 x 06    0.4412  4 00 x 06    0.4416  4 00 x 06
0.6231  3 01 x 08    0.6231  3 01 x 08    0.4427  3 01 x 07    0.4441  3 01 x 07
0.6352  4 00 x 05    0.6346  4 00 x 05    0.4445  5 00 x 07    0.4448  5 00 x 07
0.6370  5 01 x 05    0.6371  5 01 x 05    0.4467  2 01 x 04    0.4467  2 01 x 04
0.6406  2 01 x 04    0.6406  2 01 x 04    0.4484  5 00 x 06    0.4485  5 00 x 06
0.6431  5 00 x 05    0.6429  5 00 x 05    0.4494  3 00 x 08    0.4497  3 00 x 08
0.6435  2 01 x 02    0.6431  3 01 x 07    0.4505  2 01 x 02    0.4502  2 01 x 02
0.6443  3 01 x 07    0.6436  2 01 x 02    0.4506  2 01 x 03    0.4506  2 01 x 03
0.6481  2 01 x 03    0.6481  2 01 x 03    0.4634  3 01 x 06    0.4625  3 01 x 06
0.6543  3 00 x 08    0.6555  3 00 x 08    0.4646  2 00 x 03    0.4644  2 00 x 03
0.6677  3 00 x 07    0.6682  3 00 x 07    0.4658  2 00 x 04    0.4657  2 00 x 04
0.6678  2 00 x 03    0.6683  2 00 x 03    0.4677  2 00 x 02    0.4675  2 00 x 02
0.6754  2 00 x 02    0.6752  2 00 x 02    0.4710  5 01 x 05    0.4706  5 01 x 05
0.6767  3 01 x 06    0.6775  3 01 x 06    0.4734  3 00 x 07    0.4730  3 00 x 07
0.6791  2 00 x 04    0.6791  2 00 x 04    0.4743  3 00 x 06    0.4747  3 00 x 06
0.6996  3 00 x 06    0.6991  3 00 x 06    0.4823  5 00 x 05    0.4823  5 00 x 05
0.7254  3 01 x 05    0.7258  3 01 x 05    0.4975  2 00 x 07    0.4972  2 00 x 07
0.7451  2 00 x 07    0.7453  2 00 x 07    0.4983  2 00 x 06    0.4978  2 00 x 06
0.7587  2 00 x 06    0.7589  2 00 x 06    0.5167  3 01 x 05    0.5168  3 01 x 05
0.7625  3 00 x 05    0.7628  3 00 x 05    0.5169  3 00 x 05    0.5177  3 00 x 05
0.7684  2 01 x 12    0.7684  2 01 x 12    0.5355  2 01 x 12    0.5366  2 01 x 12
0.7912  2 00 x 10    0.7911  2 00 x 10    0.5538  2 01 x 07    0.5538  2 01 x 07
0.7943  2 00 x 12    0.7938  2 00 x 12    0.5567  2 01 x 10    0.5556  2 01 x 10
0.7973  2 01 x 10    0.7972  2 01 x 10    0.5725  2 00 x 10    0.5742  2 00 x 10
0.8015  2 00 x 08    0.8019  2 00 x 08    0.5761  2 01 x 08    0.5761  2 01 x 08
0.8192  2 01 x 08    0.8196  2 01 x 08    0.5796  2 00 x 12    0.5796  2 00 x 12
0.8209  2 01 x 07    0.8216  2 01 x 07    0.5827  2 01 x 06    0.5827  2 01 x 06
0.8394  2 01 x 06    0.8395  2 01 x 06    0.5953  2 00 x 08    0.5954  2 00 x 08
0.8675  2 00 x 05    0.8667  2 00 x 05    0.6062  2 01 x 05    0.6059  2 01 x 05
0.8887  2 01 x 05    0.8890  2 01 x 05    0.6611  2 00 x 05    0.6628  2 00 x 05
---Benchmark Program Finished---
