
./testbench_2kary.sh g++ O3 MontgomeryQuarter __uint128_t 191 8 40 -DTEST_ARRAY

compilation finished, now executing:
---Running Program---

begin benchmarks - array pow
(ignore)219437624277362681049646736861362201740

OVERALL BEST:
2.6998  4 00 x 05
2.7035  4 01 x 05
2.7119  4 01 x 03
2.7197  4 01 x 08
2.7293  4 00 x 03
2.7339  5 01 x 02
2.7349  4 00 x 06
2.7412  5 00 x 02
2.7487  4 01 x 10
2.7516  4 01 x 07
2.7520  4 01 x 04
2.7553  4 00 x 04
2.7687  4 01 x 06
2.7792  5 00 x 03
2.7858  4 01 x 12
2.7986  5 01 x 03
2.8112  5 00 x 05
2.8524  5 01 x 07
2.8583  3 01 x 05
2.8610  3 00 x 05
2.8624  5 01 x 05
2.8663  5 00 x 06
2.8681  5 01 x 04
2.8688  5 01 x 08
2.8724  5 00 x 04
2.8739  5 01 x 10
2.8815  4 00 x 10
2.8818  5 01 x 06
2.8838  3 01 x 08
2.8875  5 01 x 12
2.8880  4 00 x 12
2.8963  3 00 x 06
2.8998  3 01 x 06
2.9047  3 01 x 07
2.9336  3 01 x 10
2.9508  3 01 x 12
2.9726  4 00 x 08
2.9833  5 00 x 12
2.9855  5 00 x 10
3.0122  3 01 x 04
3.0145  4 00 x 07
3.0211  4 01 x 02
3.0235  3 00 x 04
3.0250  4 00 x 02
3.0522  5 00 x 08
3.0572  3 00 x 03
3.0614  3 01 x 03
3.0946  5 00 x 07
3.1043  3 00 x 12
3.1204  3 01 x 02
3.1205  3 00 x 10
3.1683  3 00 x 02
3.2162  3 00 x 08
3.2660  3 00 x 07
3.4839  2 00 x 04
3.4900  2 01 x 04
3.4926  2 00 x 05
3.5011  2 01 x 05
3.5012  2 00 x 06
3.5042  2 01 x 06
3.5306  2 01 x 02
3.5925  2 01 x 10
3.5995  2 01 x 08
3.6041  2 00 x 02
3.6056  2 01 x 12
3.6764  2 01 x 07
3.6765  2 01 x 03
3.7088  2 00 x 12
3.7161  2 00 x 03
3.9545  2 00 x 10
4.0545  2 00 x 08
4.2167  2 00 x 07
Timings By Test Type:
0.7605  5 01 x 02    0.7605  5 01 x 02    0.5567  4 01 x 03    0.5568  4 01 x 03
0.7742  5 00 x 02    0.7741  5 00 x 02    0.5602  4 00 x 05    0.5603  4 00 x 05
0.7897  4 00 x 05    0.7896  4 00 x 05    0.5613  4 00 x 03    0.5613  4 01 x 05
0.7903  4 01 x 05    0.7903  4 01 x 05    0.5615  4 01 x 05    0.5615  4 00 x 03
0.7949  4 01 x 08    0.7950  4 01 x 08    0.5649  4 01 x 08    0.5649  4 01 x 08
0.7988  4 00 x 06    0.7986  4 00 x 06    0.5688  4 00 x 06    0.5686  4 00 x 06
0.7992  4 01 x 03    0.7993  4 01 x 03    0.5700  4 01 x 10    0.5702  4 01 x 10
0.8032  4 00 x 03    0.8021  4 01 x 07    0.5717  4 01 x 04    0.5715  4 01 x 04
0.8034  4 01 x 07    0.8033  4 00 x 03    0.5730  4 00 x 04    0.5728  4 01 x 07
0.8040  4 01 x 10    0.8045  4 01 x 04    0.5733  4 01 x 07    0.5730  4 00 x 04
0.8043  4 01 x 04    0.8045  4 01 x 10    0.5766  4 01 x 06    0.5767  4 01 x 06
0.8046  4 00 x 04    0.8047  4 00 x 04    0.5795  4 01 x 12    0.5797  4 01 x 12
0.8067  5 00 x 03    0.8068  5 00 x 03    0.5828  5 00 x 03    0.5828  5 00 x 03
0.8077  4 01 x 06    0.8077  4 01 x 06    0.5890  3 01 x 05    0.5890  3 01 x 05
0.8083  5 00 x 05    0.8084  5 01 x 03    0.5897  3 00 x 05    0.5897  3 00 x 05
0.8083  5 01 x 03    0.8085  5 00 x 05    0.5910  5 01 x 03    0.5909  5 01 x 03
0.8134  4 01 x 12    0.8133  4 01 x 12    0.5955  3 01 x 08    0.5957  3 01 x 08
0.8197  5 01 x 07    0.8193  5 01 x 07    0.5964  5 00 x 02    0.5964  5 00 x 02
0.8210  5 01 x 05    0.8210  5 01 x 05    0.5974  5 00 x 05    0.5971  5 00 x 05
0.8222  5 00 x 06    0.8223  5 00 x 06    0.5974  3 00 x 06    0.5974  3 00 x 06
0.8241  5 01 x 08    0.8242  5 01 x 08    0.5985  3 01 x 06    0.5986  3 01 x 06
0.8251  5 01 x 10    0.8252  5 01 x 10    0.6008  3 01 x 07    0.6008  4 00 x 10
0.8262  5 01 x 04    0.8261  5 01 x 04    0.6009  4 00 x 10    0.6014  3 01 x 07
0.8262  5 00 x 04    0.8262  5 00 x 04    0.6012  4 00 x 12    0.6014  4 00 x 12
0.8266  5 01 x 06    0.8270  5 01 x 06    0.6055  3 01 x 10    0.6056  3 01 x 10
0.8294  5 01 x 12    0.8294  5 01 x 12    0.6065  5 01 x 02    0.6064  5 01 x 02
0.8400  3 01 x 05    0.8397  4 00 x 10    0.6067  5 01 x 07    0.6067  5 01 x 07
0.8400  4 00 x 10    0.8403  3 01 x 05    0.6080  5 01 x 04    0.6078  5 01 x 04
0.8408  3 00 x 05    0.8408  3 00 x 05    0.6100  5 00 x 04    0.6100  5 00 x 04
0.8422  4 00 x 12    0.8432  4 00 x 12    0.6101  5 01 x 08    0.6103  5 01 x 05
0.8462  3 01 x 08    0.8463  3 01 x 08    0.6102  5 01 x 05    0.6104  5 01 x 08
0.8508  3 00 x 06    0.8507  3 00 x 06    0.6109  5 00 x 06    0.6109  5 00 x 06
0.8513  3 01 x 06    0.8510  3 01 x 07    0.6118  5 01 x 10    0.6119  3 01 x 12
0.8514  3 01 x 07    0.8514  3 01 x 06    0.6118  3 01 x 12    0.6119  5 01 x 10
0.8563  5 00 x 10    0.8562  5 00 x 10    0.6142  5 01 x 06    0.6141  5 01 x 06
0.8570  5 00 x 12    0.8568  5 00 x 12    0.6142  5 01 x 12    0.6144  5 01 x 12
0.8598  4 00 x 08    0.8596  4 00 x 08    0.6181  3 01 x 04    0.6182  3 01 x 04
0.8613  3 01 x 10    0.8612  3 01 x 10    0.6211  3 00 x 04    0.6212  3 00 x 04
0.8632  3 01 x 12    0.8639  3 01 x 12    0.6229  4 00 x 02    0.6230  4 00 x 02
0.8709  5 00 x 08    0.8716  5 00 x 08    0.6241  4 01 x 02    0.6242  4 01 x 02
0.8734  4 00 x 07    0.8733  4 00 x 07    0.6271  4 00 x 08    0.6262  4 00 x 08
0.8865  4 01 x 02    0.8863  4 01 x 02    0.6294  3 00 x 03    0.6294  3 00 x 03
0.8866  5 00 x 07    0.8873  5 00 x 07    0.6319  3 01 x 03    0.6318  3 01 x 03
0.8879  3 01 x 04    0.8880  3 01 x 04    0.6342  4 00 x 07    0.6336  4 00 x 07
0.8896  4 00 x 02    0.8896  4 00 x 02    0.6349  5 00 x 12    0.6346  5 00 x 12
0.8906  3 00 x 04    0.8906  3 00 x 04    0.6365  5 00 x 10    0.6365  5 00 x 10
0.8988  3 01 x 03    0.8989  3 01 x 03    0.6392  3 01 x 02    0.6394  3 01 x 02
0.8992  3 00 x 03    0.8992  3 00 x 03    0.6465  3 00 x 02    0.6465  3 00 x 02
0.9051  3 00 x 12    0.9054  3 00 x 12    0.6470  3 00 x 12    0.6468  3 00 x 12
0.9081  3 00 x 10    0.9084  3 00 x 10    0.6520  3 00 x 10    0.6520  3 00 x 10
0.9208  3 01 x 02    0.9211  3 01 x 02    0.6548  5 00 x 08    0.6549  5 00 x 08
0.9326  3 00 x 08    0.9326  3 00 x 08    0.6603  5 00 x 07    0.6605  5 00 x 07
0.9376  3 00 x 02    0.9377  3 00 x 02    0.6754  3 00 x 08    0.6755  3 00 x 08
0.9479  3 00 x 07    0.9486  3 00 x 07    0.6834  3 00 x 07    0.6861  3 00 x 07
1.0271  2 00 x 04    1.0271  2 00 x 04    0.7149  2 00 x 04    0.7149  2 00 x 04
1.0283  2 01 x 04    1.0284  2 01 x 04    0.7166  2 00 x 05    0.7166  2 00 x 05
1.0297  2 00 x 05    1.0297  2 00 x 05    0.7166  2 01 x 04    0.7167  2 01 x 04
1.0311  2 01 x 05    1.0312  2 01 x 05    0.7188  2 00 x 06    0.7188  2 00 x 06
1.0317  2 00 x 06    1.0318  2 00 x 06    0.7194  2 01 x 05    0.7194  2 01 x 05
1.0320  2 01 x 06    1.0319  2 01 x 06    0.7201  2 01 x 06    0.7201  2 01 x 06
1.0444  2 01 x 02    1.0447  2 01 x 02    0.7207  2 01 x 02    0.7207  2 01 x 02
1.0629  2 01 x 08    1.0628  2 01 x 08    0.7325  2 00 x 02    0.7325  2 00 x 02
1.0632  2 01 x 10    1.0631  2 01 x 10    0.7330  2 01 x 10    0.7333  2 01 x 10
1.0646  2 01 x 12    1.0650  2 01 x 12    0.7369  2 01 x 08    0.7369  2 01 x 08
1.0696  2 00 x 02    1.0694  2 00 x 02    0.7380  2 01 x 12    0.7380  2 01 x 12
1.0822  2 01 x 07    1.0820  2 01 x 07    0.7516  2 01 x 03    0.7515  2 01 x 03
1.0865  2 01 x 03    1.0869  2 01 x 03    0.7562  2 01 x 07    0.7560  2 01 x 07
1.0923  2 00 x 12    1.0922  2 00 x 12    0.7578  2 00 x 03    0.7580  2 00 x 03
1.1000  2 00 x 03    1.1003  2 00 x 03    0.7625  2 00 x 12    0.7618  2 00 x 12
1.1623  2 00 x 10    1.1633  2 00 x 10    0.8150  2 00 x 10    0.8140  2 00 x 10
1.1832  2 00 x 08    1.1847  2 00 x 08    0.8417  2 00 x 08    0.8449  2 00 x 08
1.2373  2 00 x 07    1.2378  2 00 x 07    0.8701  2 00 x 07    0.8715  2 00 x 07
---Benchmark Program Finished---
