
./testbench_2kary.sh g++ O3 MontgomeryFull __uint128_t 191 8 40 -DTEST_ARRAY -DHURCHALLA_MONTGOMERY_POW_2KARY_USE_CSELECT_ON_BIT -DHURCHALLA_ALLOW_INLINE_ASM_ALL

compilation finished, now executing:
---Running Program---

begin benchmarks - array pow
(ignore)251318326240536503308785632794580174688

OVERALL BEST:
1.9657  4 00 x 03
1.9763  4 01 x 03
2.0149  4 00 x 08
2.0226  4 01 x 04
2.0233  5 01 x 03
2.0497  4 00 x 07
2.0511  5 00 x 03
2.0520  4 00 x 10
2.0599  5 01 x 04
2.0631  4 01 x 12
2.0704  4 00 x 12
2.0807  5 01 x 08
2.0837  5 01 x 07
2.0875  4 01 x 10
2.0926  4 01 t 02
2.0990  5 00 x 08
2.1004  4 00 x 06
2.1047  4 01 x 07
2.1064  5 00 x 06
2.1072  4 01 x 08
2.1081  5 01 x 10
2.1082  4 01 x 02
2.1086  5 00 x 07
2.1214  5 00 x 10
2.1253  5 01 x 12
2.1281  4 00 x 02
2.1285  5 00 x 12
2.1287  4 01 x 06
2.1299  4 00 t 02
2.1385  4 00 x 05
2.1495  5 00 x 05
2.1543  3 01 x 10
2.1663  3 00 x 08
2.1751  5 01 t 03
2.1765  5 00 x 04
2.1779  5 01 x 06
2.1839  3 00 x 07
2.1861  3 01 x 02
2.1897  3 01 x 12
2.1982  5 00 t 03
2.2005  5 01 x 02
2.2026  3 00 x 10
2.2059  4 00 t 07
2.2081  4 01 t 03
2.2106  4 00 x 04
2.2117  3 01 x 07
2.2118  4 00 t 08
2.2122  4 01 t 08
2.2165  4 01 t 10
2.2232  4 01 t 06
2.2243  3 00 x 12
2.2254  3 01 x 08
2.2261  3 01 t 02
2.2287  4 00 t 06
2.2320  5 00 x 02
2.2323  4 01 t 12
2.2339  4 01 t 07
2.2343  5 01 t 02
2.2369  5 01 t 08
2.2384  4 00 t 10
2.2398  3 00 t 02
2.2426  5 00 t 02
2.2461  5 01 x 05
2.2467  5 00 t 08
2.2472  3 00 x 06
2.2480  5 01 t 07
2.2541  5 00 t 07
2.2550  4 00 t 03
2.2586  3 01 x 03
2.2648  5 01 t 04
2.2675  4 00 t 12
2.2688  5 01 t 10
2.2725  5 01 t 12
2.2728  5 01 t 06
2.2815  3 00 x 02
2.2839  5 00 t 06
2.2858  5 00 t 04
2.2908  4 01 t 05
2.2919  4 01 x 05
2.2966  4 01 t 04
2.2996  5 00 t 10
2.3014  3 00 x 03
2.3063  3 01 x 04
2.3068  4 00 t 05
2.3156  5 01 t 05
2.3162  5 00 t 12
2.3173  5 00 t 05
2.3401  4 00 t 04
2.3664  3 01 x 06
2.3889  3 00 x 04
2.4104  2 01 x 02
2.4120  3 01 t 03
2.4172  3 01 t 08
2.4244  3 00 t 03
2.4341  3 00 x 05
2.4342  3 00 t 08
2.4347  3 01 t 10
2.4410  3 01 t 04
2.4495  3 00 t 07
2.4589  2 00 x 02
2.4629  3 01 t 07
2.4646  3 01 t 12
2.4751  3 01 t 06
2.4799  3 00 t 06
2.4939  3 00 t 10
2.4944  3 00 t 12
2.5119  3 00 t 04
2.5147  3 01 t 05
2.5158  3 01 x 05
2.5306  3 00 t 05
2.5349  2 01 t 02
2.5536  2 00 t 07
2.5540  2 00 t 04
2.5598  2 00 t 08
2.5623  2 00 t 02
2.5655  2 00 t 05
2.5716  2 01 t 05
2.5916  2 00 t 10
2.5935  2 01 t 07
2.6050  2 00 t 06
2.6174  2 01 t 03
2.6176  2 01 t 08
2.6224  2 00 t 03
2.6228  2 00 t 12
2.6228  2 01 x 04
2.6245  2 01 x 03
2.6277  2 01 t 10
2.6337  2 00 x 03
2.6470  2 01 t 06
2.6627  2 01 t 12
2.6778  2 01 t 04
2.7023  2 01 x 12
2.7128  2 00 x 10
2.7313  2 01 x 10
2.7416  2 00 x 12
2.7851  2 00 x 06
2.7880  2 01 x 06
2.8042  2 01 x 08
2.8084  2 01 x 05
2.8205  2 00 x 07
2.8575  2 00 x 08
2.9223  2 00 x 04
2.9305  2 00 x 05
2.9881  2 01 x 07
Timings By Test Type:
0.5804  5 01 x 03    0.5797  5 01 x 03    0.3941  4 01 x 03    0.3961  4 01 x 03
0.5858  4 00 x 03    0.5807  4 00 x 03    0.3990  4 00 x 03    0.4002  4 00 x 03
0.5907  4 00 x 08    0.5893  4 00 x 08    0.4149  4 01 x 04    0.4136  4 01 x 04
0.5916  5 00 x 03    0.5908  5 00 x 03    0.4177  4 00 x 08    0.4172  4 00 x 08
0.5941  4 01 x 03    0.5920  4 01 x 03    0.4242  4 00 x 10    0.4240  4 00 x 10
0.5973  4 01 x 04    0.5968  4 01 x 04    0.4249  4 01 x 12    0.4253  4 00 x 07
0.5995  4 00 x 07    0.5990  4 00 x 07    0.4259  4 00 x 07    0.4275  4 01 x 12
0.6003  5 01 x 04    0.6000  5 01 x 08    0.4277  4 01 x 10    0.4278  4 00 x 12
0.6021  5 01 x 07    0.6004  5 01 x 04    0.4281  4 00 x 12    0.4285  4 01 x 07
0.6023  4 00 x 10    0.6008  5 01 x 07    0.4283  4 01 x 07    0.4298  4 01 x 10
0.6026  5 01 x 08    0.6016  4 00 x 10    0.4286  5 01 x 04    0.4306  5 01 x 04
0.6051  4 01 t 02    0.6016  4 01 t 02    0.4318  5 01 x 03    0.4313  5 01 x 03
0.6074  4 00 x 12    0.6030  4 01 x 12    0.4327  4 00 x 06    0.4338  5 00 x 03
0.6076  4 01 x 12    0.6046  5 00 x 08    0.4339  4 01 x 08    0.4346  4 00 x 06
0.6077  5 00 x 08    0.6070  5 00 x 07    0.4343  4 00 x 04    0.4352  4 01 x 08
0.6097  5 01 x 10    0.6072  4 00 x 12    0.4349  5 00 x 03    0.4373  4 00 x 04
0.6105  5 00 x 07    0.6075  5 01 x 10    0.4370  4 01 x 06    0.4383  4 01 x 06
0.6105  5 00 x 06    0.6081  5 00 x 06    0.4384  4 00 x 05    0.4392  5 01 x 08
0.6141  4 01 x 02    0.6114  5 00 x 10    0.4388  5 01 x 08    0.4398  4 01 x 02
0.6148  5 00 x 10    0.6131  4 01 x 10    0.4394  4 00 x 02    0.4399  5 01 x 07
0.6149  5 00 x 12    0.6139  4 01 x 02    0.4404  4 01 x 02    0.4402  4 00 x 05
0.6165  5 01 x 12    0.6143  4 00 x 06    0.4409  5 01 x 07    0.4406  4 00 x 02
0.6170  4 01 x 10    0.6149  5 00 x 12    0.4421  5 00 x 08    0.4419  3 01 x 10
0.6187  4 00 x 06    0.6153  5 01 x 12    0.4423  3 01 x 10    0.4425  4 01 t 02
0.6205  4 00 t 02    0.6174  4 01 x 08    0.4427  3 00 x 08    0.4430  4 01 t 03
0.6207  4 01 x 08    0.6184  4 00 t 02    0.4432  5 00 x 06    0.4436  3 00 x 08
0.6223  5 00 x 05    0.6220  5 00 x 05    0.4434  4 01 t 02    0.4445  5 00 x 08
0.6245  4 00 x 02    0.6228  4 01 x 07    0.4444  4 01 t 03    0.4445  4 00 t 02
0.6251  4 01 x 07    0.6236  4 00 x 02    0.4445  5 01 x 10    0.4447  5 00 x 06
0.6270  5 01 x 06    0.6242  4 01 x 06    0.4446  5 00 x 07    0.4457  3 01 x 08
0.6292  4 01 x 06    0.6261  5 01 x 06    0.4462  5 01 x 12    0.4463  3 01 x 02
0.6325  4 00 x 05    0.6275  4 00 x 05    0.4465  4 00 t 02    0.4464  5 00 x 07
0.6350  5 01 t 03    0.6327  5 01 t 03    0.4470  3 01 x 08    0.4465  5 01 x 10
0.6364  5 01 t 02    0.6332  5 01 t 02    0.4473  3 00 x 07    0.4471  5 00 x 10
0.6367  3 01 x 10    0.6334  3 01 x 10    0.4477  3 01 x 12    0.4474  5 01 x 12
0.6383  5 01 x 02    0.6360  5 01 x 02    0.4481  5 00 x 10    0.4476  3 01 x 12
0.6387  5 00 x 04    0.6375  5 00 x 04    0.4484  3 01 x 02    0.4491  3 00 x 07
0.6413  3 00 x 08    0.6383  5 00 t 02    0.4494  5 00 x 12    0.4493  5 00 x 12
0.6415  5 00 t 02    0.6386  3 00 x 08    0.4498  5 00 x 04    0.4500  3 00 x 10
0.6439  5 00 t 03    0.6396  5 00 t 03    0.4499  4 00 t 03    0.4505  5 00 x 04
0.6449  5 00 x 02    0.6418  3 00 x 07    0.4502  3 00 x 06    0.4519  3 01 t 02
0.6457  3 01 x 02    0.6439  5 00 x 02    0.4511  3 00 x 10    0.4522  3 00 x 06
0.6457  3 00 x 07    0.6448  5 01 t 08    0.4520  5 00 x 05    0.4524  4 00 t 03
0.6469  5 01 t 08    0.6457  3 01 x 02    0.4537  3 01 t 02    0.4525  5 01 t 03
0.6476  4 00 t 07    0.6457  3 01 x 12    0.4541  3 01 x 07    0.4531  5 00 x 05
0.6487  3 01 x 12    0.6464  4 00 t 07    0.4550  5 01 t 03    0.4532  3 01 x 07
0.6503  4 00 t 08    0.6474  4 01 t 08    0.4551  4 00 t 07    0.4548  3 00 x 12
0.6515  5 00 t 08    0.6475  4 00 t 08    0.4552  4 00 t 08    0.4555  3 01 x 03
0.6516  5 01 t 07    0.6479  5 00 t 08    0.4563  3 01 x 03    0.4558  4 01 t 08
0.6518  4 01 t 08    0.6484  4 01 t 10    0.4564  3 00 x 12    0.4564  5 00 t 03
0.6521  4 01 t 10    0.6486  5 01 t 07    0.4571  4 01 t 06    0.4567  4 00 t 07
0.6526  5 00 t 07    0.6489  3 00 x 10    0.4573  4 01 t 08    0.4569  3 00 t 02
0.6526  3 00 x 10    0.6503  3 01 x 07    0.4574  3 00 t 02    0.4579  4 01 t 10
0.6541  3 01 x 07    0.6509  4 01 t 06    0.4581  4 01 t 10    0.4587  4 00 t 08
0.6547  4 01 t 06    0.6511  5 00 t 07    0.4583  5 00 t 03    0.4604  4 00 t 06
0.6556  4 01 t 12    0.6518  4 00 t 06    0.4601  4 00 t 06    0.4605  4 01 t 06
0.6563  5 01 t 10    0.6531  4 01 t 12    0.4614  4 01 t 07    0.4616  5 01 x 06
0.6564  4 00 t 06    0.6536  4 01 t 07    0.4616  4 01 t 12    0.4617  4 00 t 10
0.6567  4 01 t 07    0.6545  3 00 x 12    0.4619  5 01 x 02    0.4620  4 01 t 12
0.6582  4 00 t 10    0.6549  5 01 t 12    0.4622  4 00 t 10    0.4621  4 01 t 07
0.6586  3 00 x 12    0.6551  5 01 t 10    0.4633  5 01 x 06    0.4640  3 00 x 02
0.6590  5 01 t 06    0.6553  5 01 t 06    0.4636  5 01 x 05    0.4643  5 01 x 02
0.6593  5 01 t 12    0.6564  4 00 t 10    0.4637  3 00 x 02    0.4656  5 01 x 05
0.6596  5 00 t 06    0.6570  5 01 x 05    0.4644  3 00 x 03    0.4659  3 00 x 03
0.6599  5 01 x 05    0.6583  4 01 t 03    0.4671  5 01 t 04    0.4678  4 00 t 12
0.6617  3 01 t 02    0.6585  5 00 t 06    0.4672  4 00 t 12    0.4688  4 01 t 04
0.6623  4 01 t 03    0.6588  3 01 t 02    0.4675  4 01 t 04    0.4700  5 01 t 04
0.6642  5 00 t 04    0.6612  3 00 t 02    0.4701  4 01 t 05    0.4704  4 01 t 05
0.6643  3 00 t 02    0.6623  5 00 t 10    0.4721  4 01 x 05    0.4711  5 00 x 02
0.6653  5 01 t 04    0.6624  5 00 t 04    0.4721  5 00 x 02    0.4719  5 01 t 08
0.6670  5 00 t 10    0.6624  5 01 t 04    0.4722  3 01 x 04    0.4723  3 01 x 04
0.6676  3 01 x 08    0.6632  4 00 t 12    0.4733  5 01 t 08    0.4730  4 01 x 05
0.6693  4 00 t 12    0.6652  3 01 x 08    0.4739  5 00 t 08    0.4731  5 01 t 07
0.6706  5 00 t 05    0.6673  4 00 x 04    0.4747  5 01 t 07    0.4735  5 00 t 08
0.6711  5 00 t 12    0.6680  5 00 t 12    0.4753  5 00 t 07    0.4749  4 00 t 05
0.6716  4 00 x 04    0.6696  3 00 x 06    0.4767  4 00 t 05    0.4751  5 00 t 07
0.6723  5 01 t 05    0.6698  5 00 t 05    0.4777  5 01 t 10    0.4775  5 00 t 04
0.6739  3 01 x 03    0.6702  5 01 t 05    0.4788  5 01 t 12    0.4785  5 01 t 06
0.6741  4 01 x 05    0.6725  4 01 t 05    0.4799  5 01 t 06    0.4796  5 01 t 12
0.6752  3 00 x 06    0.6727  4 01 x 05    0.4800  3 01 x 06    0.4797  5 01 t 10
0.6777  4 00 t 03    0.6729  3 01 x 03    0.4815  5 00 t 02    0.4813  5 00 t 02
0.6777  4 01 t 05    0.6750  4 00 t 03    0.4818  5 00 t 04    0.4815  3 01 x 06
0.6780  3 00 x 02    0.6758  3 00 x 02    0.4823  4 00 t 04    0.4817  5 01 t 02
0.6789  4 00 t 05    0.6763  4 00 t 05    0.4830  5 01 t 02    0.4818  5 00 t 06
0.6819  4 01 t 04    0.6784  4 01 t 04    0.4832  3 00 x 04    0.4818  4 00 t 04
0.6820  3 01 x 04    0.6797  3 01 x 04    0.4840  5 00 t 06    0.4853  5 00 t 10
0.6864  3 00 x 03    0.6847  3 00 x 03    0.4850  5 00 t 10    0.4853  5 01 t 05
0.6889  4 00 t 04    0.6871  4 00 t 04    0.4878  5 01 t 05    0.4870  3 00 x 04
0.7047  3 01 x 06    0.7002  3 01 x 06    0.4890  5 00 t 12    0.4876  5 00 t 05
0.7104  3 00 x 04    0.7082  3 00 x 04    0.4891  3 00 x 05    0.4881  5 00 t 12
0.7133  3 01 t 08    0.7108  3 01 t 08    0.4892  5 00 t 05    0.4890  3 00 x 05
0.7152  2 01 x 02    0.7137  2 01 x 02    0.4899  3 01 t 03    0.4900  3 01 t 03
0.7168  3 01 t 03    0.7154  3 01 t 03    0.4903  2 01 x 02    0.4912  2 01 x 02
0.7196  3 00 t 03    0.7163  3 01 t 10    0.4940  3 00 t 03    0.4942  3 00 t 03
0.7196  3 00 t 08    0.7166  3 00 t 03    0.4961  3 01 t 08    0.4969  3 01 t 08
0.7205  3 01 t 10    0.7167  3 00 t 08    0.4976  3 01 t 04    0.4980  3 01 t 04
0.7237  3 01 t 04    0.7214  3 00 t 07    0.4977  3 01 t 10    0.4990  2 00 x 02
0.7246  3 00 t 07    0.7217  3 01 t 04    0.4978  3 00 t 08    0.5001  3 00 t 08
0.7280  3 01 t 07    0.7236  3 01 t 07    0.4995  2 00 x 02    0.5003  3 01 t 10
0.7299  3 00 x 05    0.7261  3 00 x 05    0.4996  2 01 t 05    0.5003  2 01 t 05
0.7302  3 01 t 12    0.7263  3 01 t 12    0.5001  3 00 t 07    0.5023  2 00 t 04
0.7329  3 01 t 06    0.7272  2 00 x 02    0.5023  3 01 t 12    0.5034  3 00 t 07
0.7331  2 00 x 02    0.7284  3 01 t 06    0.5029  3 01 x 05    0.5038  3 01 x 05
0.7343  3 00 t 06    0.7334  3 00 t 10    0.5052  3 01 t 07    0.5054  3 00 t 06
0.7373  3 00 t 10    0.7343  3 00 t 12    0.5058  3 00 t 06    0.5057  3 01 t 12
0.7380  3 00 t 12    0.7344  3 00 t 06    0.5072  3 01 t 06    0.5060  3 01 t 07
0.7444  3 00 t 04    0.7411  3 00 t 04    0.5073  2 00 t 04    0.5067  3 01 t 06
0.7445  3 01 t 05    0.7415  3 01 t 05    0.5113  3 00 t 10    0.5103  3 00 t 12
0.7498  3 00 t 05    0.7457  3 00 t 05    0.5118  3 00 t 12    0.5119  3 00 t 10
0.7545  2 01 t 02    0.7498  2 01 t 02    0.5141  3 00 t 04    0.5123  3 00 t 04
0.7551  3 01 x 05    0.7540  3 01 x 05    0.5146  3 01 t 05    0.5141  3 01 t 05
0.7581  2 00 t 07    0.7568  2 00 t 07    0.5158  2 01 t 02    0.5147  2 01 t 02
0.7599  2 00 t 08    0.7570  2 00 t 08    0.5193  3 00 t 05    0.5158  3 00 t 05
0.7607  2 00 t 02    0.7594  2 00 t 02    0.5195  2 00 t 07    0.5191  2 00 t 07
0.7629  2 00 t 05    0.7595  2 00 t 05    0.5205  2 00 t 08    0.5204  2 00 t 02
0.7697  2 00 t 10    0.7676  2 00 t 10    0.5217  2 00 t 02    0.5211  2 00 t 05
0.7717  2 00 t 06    0.7682  2 01 t 07    0.5220  2 00 t 05    0.5223  2 00 t 08
0.7730  2 00 t 04    0.7700  2 00 t 06    0.5259  2 01 t 07    0.5250  2 01 t 07
0.7744  2 01 t 07    0.7713  2 00 t 04    0.5272  2 00 t 10    0.5270  2 00 t 10
0.7770  2 01 x 04    0.7739  2 00 t 12    0.5306  2 01 t 08    0.5275  2 01 t 08
0.7774  2 00 t 12    0.7740  2 01 t 03    0.5317  2 00 t 06    0.5302  2 01 t 03
0.7775  2 01 x 03    0.7743  2 01 x 04    0.5343  2 01 x 03    0.5316  2 00 t 06
0.7785  2 01 t 03    0.7748  2 00 t 03    0.5346  2 01 t 03    0.5319  2 01 t 10
0.7790  2 00 t 03    0.7759  2 01 x 03    0.5353  2 01 x 04    0.5322  2 00 t 03
0.7804  2 01 t 08    0.7790  2 00 x 03    0.5360  2 00 x 03    0.5354  2 00 t 12
0.7805  2 01 t 10    0.7791  2 01 t 10    0.5361  2 00 t 12    0.5361  2 01 x 04
0.7822  2 00 x 03    0.7791  2 01 t 08    0.5363  2 01 t 10    0.5364  2 00 x 03
0.7864  2 01 t 06    0.7810  2 01 t 06    0.5364  2 00 t 03    0.5368  2 01 x 03
0.7884  2 01 t 05    0.7834  2 01 t 05    0.5395  2 01 t 06    0.5402  2 01 t 06
0.7905  2 01 t 12    0.7863  2 01 t 12    0.5436  2 01 t 12    0.5423  2 01 t 12
0.7945  2 01 t 04    0.7908  2 01 t 04    0.5481  2 01 t 04    0.5442  2 01 t 04
0.8017  2 01 x 12    0.7978  2 01 x 12    0.5509  2 01 x 12    0.5520  2 01 x 12
0.8054  2 00 x 10    0.7992  2 00 x 10    0.5526  2 00 x 06    0.5538  2 00 x 10
0.8105  2 01 x 10    0.8062  2 01 x 10    0.5544  2 00 x 10    0.5549  2 00 x 06
0.8165  2 00 x 12    0.8106  2 00 x 12    0.5566  2 00 x 12    0.5577  2 01 x 10
0.8224  2 01 x 06    0.8230  2 01 x 06    0.5569  2 01 x 10    0.5579  2 00 x 12
0.8341  2 01 x 08    0.8240  2 01 x 08    0.5636  2 00 x 08    0.5637  2 00 x 08
0.8389  2 01 x 05    0.8359  2 00 x 06    0.5656  2 01 x 05    0.5677  2 01 x 05
0.8417  2 00 x 06    0.8362  2 01 x 05    0.5686  2 00 x 07    0.5685  2 00 x 07
0.8430  2 00 x 07    0.8404  2 00 x 07    0.5691  2 01 x 06    0.5735  2 01 x 06
0.8667  2 00 x 08    0.8635  2 00 x 08    0.5712  2 01 x 08    0.5749  2 01 x 08
0.8843  2 00 x 04    0.8788  2 00 x 04    0.5789  2 00 x 04    0.5802  2 00 x 04
0.8868  2 00 x 05    0.8814  2 00 x 05    0.5802  2 00 x 05    0.5821  2 00 x 05
0.8966  2 01 x 07    0.8956  2 01 x 07    0.5981  2 01 x 07    0.5978  2 01 x 07
---Benchmark Program Finished---
