
./testbench_2kary.sh clang++ O3 MontgomeryFull __uint128_t 191 8 40 -DTEST_ARRAY

compilation finished, now executing:
---Running Program---

begin benchmarks - array pow
(ignore)251318326240536503308785632794580174688

OVERALL BEST:
1.9847  4 01 x 04
2.0049  4 01 x 06
2.0109  4 01 x 08
2.0208  4 01 x 05
2.0301  3 01 x 04
2.0395  4 01 x 03
2.0446  3 01 x 05
2.0472  4 01 x 10
2.0562  4 01 x 12
2.0569  3 01 x 06
2.0581  4 00 x 08
2.0649  4 01 x 07
2.0665  3 01 x 08
2.0854  3 01 x 03
2.0902  4 00 x 06
2.0903  4 00 x 10
2.0922  3 01 x 10
2.0954  4 01 t 04
2.0993  4 00 x 05
2.0999  4 00 x 07
2.1035  3 01 x 12
2.1111  4 00 x 12
2.1134  5 01 x 04
2.1214  3 01 x 07
2.1238  4 00 x 04
2.1306  5 01 x 06
2.1329  4 01 t 05
2.1341  3 00 x 08
2.1344  5 01 x 05
2.1350  4 00 x 03
2.1357  5 01 x 08
2.1385  4 01 t 08
2.1386  4 01 t 06
2.1509  4 00 t 08
2.1538  4 01 t 10
2.1543  4 01 t 07
2.1597  4 01 t 12
2.1689  3 00 x 06
2.1690  5 01 x 12
2.1696  3 00 x 04
2.1701  4 00 t 04
2.1718  5 00 x 08
2.1720  5 01 x 10
2.1772  3 00 x 07
2.1799  5 01 x 03
2.1800  3 00 x 10
2.1843  5 01 x 07
2.1964  3 00 x 05
2.1989  4 00 t 05
2.1991  4 01 x 02
2.2004  3 01 t 08
2.2004  3 00 x 12
2.2033  4 00 t 06
2.2040  3 01 t 05
2.2044  5 00 x 06
2.2045  4 01 t 03
2.2082  4 00 t 07
2.2084  4 00 t 10
2.2094  3 01 t 04
2.2128  3 01 t 06
2.2129  5 00 x 05
2.2165  5 00 x 07
2.2182  4 00 t 03
2.2208  3 00 x 03
2.2243  4 00 t 12
2.2277  5 01 t 04
2.2293  5 00 x 12
2.2309  5 00 x 10
2.2322  5 00 x 04
2.2338  3 01 t 12
2.2371  3 01 t 10
2.2387  3 00 t 04
2.2399  3 00 t 03
2.2413  5 00 x 03
2.2452  4 00 x 02
2.2530  5 01 t 05
2.2541  3 01 t 07
2.2568  5 01 t 06
2.2585  3 00 t 08
2.2588  5 01 t 08
2.2669  5 00 t 08
2.2689  3 01 t 03
2.2714  5 01 t 10
2.2716  5 00 t 04
2.2732  3 00 t 05
2.2831  5 01 t 12
2.2849  2 01 x 05
2.3009  5 01 t 07
2.3021  2 01 x 04
2.3033  3 00 t 06
2.3037  5 01 t 03
2.3079  5 00 t 05
2.3088  5 00 t 10
2.3092  2 01 x 08
2.3106  5 00 t 07
2.3115  3 00 t 07
2.3117  5 00 t 06
2.3162  2 01 x 06
2.3222  5 00 t 12
2.3349  3 00 t 10
2.3350  5 01 x 02
2.3451  2 01 x 12
2.3500  2 01 x 10
2.3554  3 00 t 12
2.3578  5 00 t 03
2.3608  5 01 t 02
2.3610  5 00 x 02
2.3613  3 01 t 02
2.3629  3 00 t 02
2.3870  2 01 x 07
2.4006  2 00 t 04
2.4089  2 00 x 08
2.4113  2 01 t 05
2.4116  2 01 x 03
2.4144  3 00 x 02
2.4165  2 01 t 06
2.4204  3 01 x 02
2.4217  2 00 t 08
2.4250  2 01 t 07
2.4422  2 00 x 12
2.4452  2 00 x 04
2.4533  2 01 t 04
2.4609  5 00 t 02
2.4637  2 00 x 03
2.4649  2 01 t 08
2.4722  2 01 t 10
2.4732  2 01 t 03
2.4752  2 00 x 10
2.4799  2 00 x 02
2.4819  4 00 t 02
2.4875  2 00 t 07
2.5026  2 00 t 06
2.5080  2 00 x 07
2.5124  2 01 t 12
2.5129  2 01 x 02
2.5130  2 00 t 05
2.5175  2 00 t 03
2.5219  2 00 x 06
2.5220  2 00 x 05
2.5270  4 01 t 02
2.5342  2 00 t 12
2.5694  2 00 t 10
2.5853  2 01 t 02
2.7104  2 00 t 02
Timings By Test Type:
0.5818  4 01 x 04    0.5823  4 01 x 04    0.4099  4 01 x 04    0.4108  4 01 x 04
0.5856  4 01 x 06    0.5871  4 01 x 06    0.4152  3 01 x 04    0.4158  3 01 x 04
0.5896  4 01 x 08    0.5885  4 01 x 08    0.4160  4 01 x 08    0.4161  4 01 x 06
0.5924  4 01 x 05    0.5916  4 01 x 05    0.4160  4 01 x 06    0.4168  4 01 x 08
0.5988  4 01 x 03    0.5981  4 01 x 03    0.4174  4 01 x 05    0.4191  3 01 x 05
0.5994  3 01 x 04    0.5997  4 01 x 10    0.4179  3 01 x 05    0.4194  4 01 x 05
0.5995  4 01 x 10    0.5998  3 01 x 04    0.4205  4 01 x 03    0.4218  3 01 x 06
0.6023  4 00 x 08    0.6019  4 01 x 12    0.4210  3 01 x 06    0.4221  4 01 x 03
0.6033  3 01 x 05    0.6032  4 00 x 08    0.4228  3 01 x 08    0.4223  3 01 x 08
0.6037  4 01 x 12    0.6042  4 01 x 07    0.4243  4 01 x 10    0.4238  4 01 x 10
0.6046  4 01 x 07    0.6043  3 01 x 05    0.4248  4 01 x 12    0.4258  4 01 x 12
0.6073  3 01 x 06    0.6068  3 01 x 06    0.4252  3 01 x 03    0.4265  4 00 x 08
0.6088  5 01 x 04    0.6110  5 01 x 04    0.4262  4 00 x 08    0.4272  3 01 x 03
0.6101  3 01 x 08    0.6113  3 01 x 08    0.4284  3 01 x 10    0.4277  4 01 x 07
0.6127  4 00 x 10    0.6131  4 00 x 06    0.4285  4 01 x 07    0.4288  3 01 x 10
0.6132  4 00 x 06    0.6131  4 00 x 10    0.4309  3 01 x 12    0.4307  3 01 x 12
0.6153  4 01 t 04    0.6144  4 01 t 04    0.4323  4 00 x 10    0.4316  4 00 x 06
0.6155  5 01 x 06    0.6145  5 01 x 06    0.4324  4 00 x 06    0.4322  4 00 x 10
0.6156  5 01 x 05    0.6145  4 00 x 05    0.4332  4 01 t 04    0.4326  4 01 t 04
0.6157  4 00 x 07    0.6151  4 00 x 07    0.4335  4 00 x 05    0.4338  3 01 x 07
0.6159  5 01 x 08    0.6161  3 01 x 03    0.4343  4 00 x 07    0.4348  4 00 x 07
0.6161  4 00 x 05    0.6167  5 01 x 05    0.4344  3 01 x 07    0.4351  4 00 x 05
0.6168  3 01 x 03    0.6167  5 01 x 08    0.4363  4 00 x 12    0.4359  3 00 x 08
0.6182  3 01 x 10    0.6168  3 01 x 10    0.4373  3 00 x 08    0.4364  4 00 x 12
0.6189  4 00 x 12    0.6195  4 00 x 12    0.4388  4 00 x 04    0.4384  4 00 x 04
0.6223  3 01 x 12    0.6196  3 01 x 12    0.4409  4 00 x 03    0.4404  4 01 t 05
0.6233  4 00 x 04    0.6234  4 00 x 04    0.4413  4 01 t 05    0.4413  4 01 t 06
0.6251  5 01 x 12    0.6256  4 01 t 05    0.4418  4 01 t 06    0.4414  4 00 x 03
0.6256  4 01 t 05    0.6261  5 01 x 12    0.4419  4 01 t 08    0.4417  4 01 t 08
0.6265  4 00 x 03    0.6263  4 00 x 03    0.4429  4 00 t 08    0.4442  3 00 x 06
0.6268  5 01 x 10    0.6263  3 01 x 07    0.4432  3 00 x 04    0.4445  4 00 t 08
0.6269  3 01 x 07    0.6264  5 00 x 08    0.4435  3 00 x 06    0.4445  4 01 t 10
0.6270  5 00 x 08    0.6267  5 01 x 10    0.4448  4 01 t 07    0.4447  3 00 x 04
0.6271  4 01 t 08    0.6275  4 01 t 06    0.4450  4 01 t 10    0.4449  4 01 t 07
0.6281  4 01 t 06    0.6278  4 01 t 08    0.4455  4 01 t 12    0.4454  4 01 t 12
0.6293  5 01 x 03    0.6288  5 01 x 03    0.4457  3 00 x 07    0.4463  3 00 x 07
0.6307  5 01 x 07    0.6299  3 00 x 08    0.4463  5 01 x 04    0.4470  3 00 x 10
0.6310  3 00 x 08    0.6309  5 01 x 07    0.4464  3 00 x 10    0.4473  5 01 x 04
0.6317  4 00 t 08    0.6314  4 01 t 10    0.4467  4 00 t 04    0.4487  3 01 t 05
0.6329  4 01 t 10    0.6316  4 01 t 07    0.4489  3 00 x 05    0.4488  4 00 t 04
0.6330  4 01 t 07    0.6317  4 00 t 08    0.4494  3 01 t 08    0.4492  3 00 x 05
0.6346  4 01 t 12    0.6342  4 01 t 12    0.4498  5 01 x 06    0.4504  3 00 x 12
0.6366  5 00 x 06    0.6368  5 00 x 06    0.4504  5 01 x 05    0.4508  5 01 x 06
0.6373  5 00 x 05    0.6372  4 00 t 04    0.4505  3 00 x 12    0.4513  3 01 t 04
0.6375  4 00 t 04    0.6397  5 00 x 07    0.4506  3 01 t 05    0.4517  5 01 x 05
0.6400  5 00 x 07    0.6400  5 00 x 05    0.4513  5 01 x 08    0.4517  3 01 t 08
0.6409  3 00 x 04    0.6403  3 00 x 06    0.4521  3 01 t 04    0.4518  5 01 x 08
0.6410  3 00 x 06    0.6408  3 00 x 04    0.4526  3 01 t 06    0.4531  3 01 t 06
0.6434  3 00 x 07    0.6418  3 00 x 07    0.4534  4 01 x 02    0.4537  4 00 t 05
0.6438  3 00 x 10    0.6428  3 00 x 10    0.4536  3 00 x 03    0.4537  4 01 x 02
0.6443  5 00 x 10    0.6433  5 01 t 04    0.4542  4 00 t 05    0.4548  4 00 t 07
0.6444  5 01 t 04    0.6447  5 00 x 10    0.4552  4 00 t 10    0.4549  4 01 t 03
0.6444  5 00 x 12    0.6452  5 00 x 12    0.4556  4 00 t 06    0.4551  4 00 t 06
0.6449  4 00 t 05    0.6457  5 00 x 04    0.4556  4 00 t 07    0.4551  3 00 x 03
0.6458  4 00 t 06    0.6460  4 01 x 02    0.4563  4 01 t 03    0.4552  4 00 t 10
0.6460  5 00 x 04    0.6461  4 00 t 05    0.4567  4 00 t 03    0.4572  3 00 t 03
0.6461  4 01 x 02    0.6469  4 00 t 06    0.4572  3 00 t 03    0.4575  3 00 t 04
0.6462  4 01 t 03    0.6472  4 01 t 03    0.4574  3 01 t 12    0.4575  4 00 t 12
0.6469  5 00 x 03    0.6480  5 00 x 03    0.4575  3 00 t 04    0.4582  5 00 x 08
0.6483  4 00 t 10    0.6482  3 01 t 08    0.4576  3 01 t 10    0.4584  3 01 t 10
0.6489  4 00 t 07    0.6489  4 00 t 07    0.4584  5 01 x 12    0.4584  4 00 t 03
0.6491  3 00 x 05    0.6491  3 00 x 05    0.4596  5 01 x 10    0.4589  5 01 x 10
0.6499  3 00 x 12    0.6496  3 00 x 12    0.4598  4 00 t 12    0.4594  3 01 t 12
0.6510  3 01 t 08    0.6497  4 00 t 10    0.4603  5 00 x 08    0.4595  5 01 x 12
0.6517  4 00 t 03    0.6509  3 01 t 05    0.4608  5 01 x 07    0.4607  5 01 x 03
0.6518  5 01 t 05    0.6513  4 00 t 03    0.4611  5 01 x 03    0.4609  3 01 t 07
0.6520  4 00 t 12    0.6517  5 01 t 05    0.4613  3 01 t 07    0.4614  3 00 t 08
0.6526  5 01 t 06    0.6521  5 01 t 06    0.4629  3 01 t 03    0.4619  5 01 x 07
0.6527  3 01 t 04    0.6524  3 01 t 06    0.4634  4 00 x 02    0.4628  3 01 t 03
0.6530  5 01 t 08    0.6528  5 01 t 08    0.4638  3 00 t 08    0.4638  4 00 x 02
0.6537  3 01 t 05    0.6533  3 01 t 04    0.4645  2 01 x 05    0.4651  3 00 t 05
0.6546  3 01 t 06    0.6548  5 00 t 08    0.4646  3 00 t 05    0.4656  5 00 x 06
0.6555  5 00 t 08    0.6549  4 00 t 12    0.4654  5 00 x 06    0.4659  2 01 x 05
0.6558  3 00 x 03    0.6558  5 01 t 10    0.4673  2 01 x 04    0.4677  5 00 x 05
0.6574  5 01 t 10    0.6562  3 00 x 03    0.4680  5 00 x 05    0.4677  5 00 x 07
0.6582  5 00 t 04    0.6576  5 00 t 04    0.4691  5 00 x 07    0.4683  2 01 x 04
0.6584  3 01 t 12    0.6586  3 01 t 12    0.4692  2 01 x 08    0.4700  5 00 x 12
0.6590  5 01 t 12    0.6586  4 00 x 02    0.4696  5 00 x 12    0.4702  5 01 t 04
0.6594  4 00 x 02    0.6591  3 01 t 10    0.4698  5 01 t 04    0.4702  3 00 t 06
0.6613  3 00 t 04    0.6604  5 01 t 12    0.4703  5 00 x 04    0.4703  5 00 x 04
0.6620  3 01 t 10    0.6617  3 00 t 03    0.4703  2 01 x 06    0.4713  2 01 x 08
0.6639  3 00 t 03    0.6625  3 00 t 04    0.4705  5 00 x 10    0.4714  5 00 x 10
0.6640  5 01 t 07    0.6649  3 01 t 07    0.4709  3 00 t 06    0.4722  3 00 t 07
0.6661  5 01 t 03    0.6660  3 00 t 08    0.4730  5 00 x 03    0.4730  2 01 x 06
0.6669  3 01 t 07    0.6661  5 01 t 07    0.4736  3 00 t 07    0.4734  5 00 x 03
0.6673  5 00 t 10    0.6670  5 01 t 03    0.4746  5 01 t 05    0.4749  5 01 t 05
0.6674  3 00 t 08    0.6675  5 00 t 10    0.4759  5 01 t 06    0.4762  5 01 t 06
0.6680  5 00 t 05    0.6681  5 00 t 07    0.4762  5 01 t 08    0.4768  5 01 t 08
0.6685  5 00 t 07    0.6687  5 00 t 05    0.4769  2 01 x 12    0.4768  3 00 t 10
0.6693  5 00 t 06    0.6692  5 00 t 06    0.4778  5 00 t 04    0.4779  5 00 t 08
0.6709  3 01 t 03    0.6715  3 00 t 05    0.4786  3 00 t 10    0.4780  5 00 t 04
0.6710  5 00 t 12    0.6723  3 01 t 03    0.4786  5 00 t 08    0.4787  2 01 x 12
0.6720  3 00 t 05    0.6723  5 00 t 12    0.4787  5 01 t 10    0.4795  5 01 t 10
0.6759  5 01 x 02    0.6755  5 01 x 02    0.4788  2 01 x 10    0.4802  2 01 x 10
0.6771  2 01 x 05    0.6774  2 01 x 05    0.4811  3 01 t 02    0.4809  3 01 t 02
0.6825  5 00 t 03    0.6795  3 00 t 06    0.4815  3 00 t 02    0.4813  3 00 t 12
0.6826  5 01 t 02    0.6815  3 00 t 07    0.4821  5 01 t 12    0.4816  3 00 t 02
0.6827  5 00 x 02    0.6817  2 01 x 04    0.4838  3 00 t 12    0.4816  5 01 t 12
0.6828  3 00 t 06    0.6828  5 00 t 03    0.4844  2 01 x 07    0.4851  5 01 t 03
0.6842  3 00 t 07    0.6834  2 01 x 08    0.4854  5 00 t 05    0.4851  5 01 t 07
0.6848  2 01 x 04    0.6837  5 01 t 02    0.4855  5 01 t 03    0.4853  2 01 x 07
0.6851  2 01 x 06    0.6843  5 00 x 02    0.4857  5 01 t 07    0.4858  5 00 t 05
0.6853  2 01 x 08    0.6879  2 01 x 06    0.4863  5 00 t 06    0.4868  5 00 t 10
0.6907  3 00 t 10    0.6888  3 00 t 10    0.4869  5 00 t 07    0.4869  5 00 t 06
0.6945  2 01 x 12    0.6933  3 00 t 12    0.4871  5 00 t 10    0.4872  5 00 t 07
0.6960  2 01 x 10    0.6950  2 01 x 10    0.4886  2 00 t 04    0.4883  2 00 t 04
0.6970  3 00 t 12    0.6950  2 01 x 12    0.4895  5 00 t 12    0.4893  5 00 t 12
0.6996  3 00 t 02    0.6995  3 01 t 02    0.4902  2 01 x 03    0.4902  2 01 x 03
0.6999  3 01 t 02    0.7002  3 00 t 02    0.4909  2 00 x 08    0.4902  2 01 t 05
0.7083  2 01 x 07    0.7088  2 01 x 07    0.4912  2 01 t 05    0.4903  2 00 x 08
0.7127  2 00 t 04    0.7111  2 00 t 04    0.4916  5 01 x 02    0.4919  2 01 t 06
0.7136  5 00 t 02    0.7133  5 00 t 02    0.4918  2 01 t 06    0.4920  5 01 x 02
0.7138  2 00 x 08    0.7140  2 00 x 08    0.4921  2 00 t 08    0.4927  3 00 x 02
0.7151  3 00 x 02    0.7141  3 00 x 02    0.4926  3 00 x 02    0.4933  2 01 t 07
0.7153  2 01 t 05    0.7146  2 01 t 05    0.4935  3 01 x 02    0.4944  2 00 t 08
0.7156  2 01 x 03    0.7151  2 01 t 06    0.4935  2 01 t 07    0.4947  3 01 x 02
0.7157  3 01 x 02    0.7155  2 01 x 03    0.4959  2 00 x 04    0.4960  5 00 t 03
0.7177  2 01 t 06    0.7160  2 00 t 08    0.4965  5 00 t 03    0.4972  5 00 x 02
0.7187  2 01 t 07    0.7164  3 01 x 02    0.4967  5 00 x 02    0.4973  2 00 x 04
0.7192  2 00 t 08    0.7195  2 01 t 07    0.4971  5 01 t 02    0.4974  5 01 t 02
0.7230  2 00 x 12    0.7232  2 00 x 12    0.4977  2 00 x 12    0.4983  2 00 x 12
0.7252  2 00 x 04    0.7267  2 00 x 04    0.4989  2 01 t 04    0.4985  2 01 t 04
0.7282  2 01 t 04    0.7277  2 01 t 04    0.4995  2 00 x 03    0.5002  2 00 x 03
0.7309  2 01 t 08    0.7308  2 01 t 08    0.5017  2 01 t 08    0.5015  2 01 t 08
0.7318  2 00 x 03    0.7311  4 00 t 02    0.5020  2 01 t 03    0.5019  2 01 t 03
0.7322  2 01 t 10    0.7322  2 00 x 03    0.5025  2 00 x 02    0.5027  2 01 t 10
0.7331  4 00 t 02    0.7330  2 01 t 10    0.5034  2 00 x 10    0.5034  2 00 x 10
0.7338  2 00 x 10    0.7345  2 00 x 10    0.5042  2 01 t 10    0.5048  2 00 t 07
0.7344  2 01 t 03    0.7349  2 01 t 03    0.5060  2 00 t 07    0.5054  2 00 x 02
0.7355  2 00 x 02    0.7358  2 00 t 07    0.5092  2 00 t 06    0.5082  4 00 t 02
0.7408  2 00 t 07    0.7365  2 00 x 02    0.5095  4 00 t 02    0.5085  2 00 t 06
0.7436  2 01 t 12    0.7412  2 00 t 06    0.5098  2 00 x 07    0.5094  2 01 x 02
0.7436  2 00 t 06    0.7435  4 01 t 02    0.5099  2 01 x 02    0.5099  2 00 x 07
0.7438  4 01 t 02    0.7443  2 00 x 07    0.5102  2 00 t 03    0.5103  2 00 t 05
0.7440  2 00 x 07    0.7446  2 00 t 05    0.5112  2 00 t 05    0.5122  2 00 t 03
0.7470  2 00 t 05    0.7447  2 01 t 12    0.5119  2 01 t 12    0.5122  2 00 x 06
0.7475  2 01 x 02    0.7461  2 01 x 02    0.5121  2 00 x 05    0.5122  2 01 t 12
0.7476  2 00 x 05    0.7462  2 00 t 03    0.5130  2 00 x 06    0.5141  2 00 x 05
0.7489  2 00 t 03    0.7477  2 00 x 06    0.5143  2 00 t 12    0.5151  2 00 t 12
0.7491  2 00 x 06    0.7482  2 00 x 05    0.5168  5 00 t 02    0.5172  5 00 t 02
0.7532  2 00 t 12    0.7516  2 00 t 12    0.5200  4 01 t 02    0.5197  4 01 t 02
0.7632  2 00 t 10    0.7624  2 00 t 10    0.5221  2 00 t 10    0.5217  2 00 t 10
0.7676  2 01 t 02    0.7683  2 01 t 02    0.5244  2 01 t 02    0.5249  2 01 t 02
0.8070  2 00 t 02    0.8051  2 00 t 02    0.5488  2 00 t 02    0.5495  2 00 t 02
---Benchmark Program Finished---
