
./testbench_2kary.sh g++ O3 MontgomeryFull __uint128_t 191 8 40 -DTEST_ARRAY

compilation finished, now executing:
---Running Program---

begin benchmarks - array pow
(ignore)251318326240536503308785632794580174688

OVERALL BEST:
3.7241  4 01 x 03
3.7297  4 00 x 03
3.7429  4 01 x 02
3.7443  4 00 x 04
3.7459  4 01 x 04
3.7484  4 00 x 02
3.8103  5 01 x 02
3.8121  4 01 x 05
3.8198  4 00 x 05
3.8237  4 01 t 02
3.8344  5 00 x 02
3.8375  4 00 x 06
3.8390  4 00 t 02
3.8430  4 01 x 08
3.8499  4 01 x 07
3.8525  3 01 x 04
3.8531  3 01 x 02
3.8572  3 00 x 04
3.8573  3 00 x 02
3.8763  4 00 x 07
3.8786  4 01 x 06
3.8802  4 01 x 12
3.8818  5 01 t 02
3.8975  4 01 x 10
3.8989  3 01 x 05
3.8997  3 00 x 05
3.9077  4 00 t 04
3.9100  5 01 x 04
3.9111  5 00 x 04
3.9114  5 00 t 02
3.9226  4 01 t 04
3.9311  5 01 x 03
3.9326  3 01 t 02
3.9339  4 00 x 12
3.9509  5 00 x 03
3.9649  3 01 x 03
3.9701  3 00 x 03
3.9817  3 00 x 06
3.9928  4 00 x 08
3.9991  3 00 t 02
4.0068  5 01 x 05
4.0128  4 01 t 03
4.0188  4 00 t 03
4.0206  5 00 x 05
4.0229  4 01 t 05
4.0263  4 00 t 05
4.0307  5 00 x 06
4.0334  5 01 x 07
4.0347  4 00 x 10
4.0355  5 01 x 08
4.0378  5 01 x 06
4.0455  5 00 t 03
4.0517  3 01 x 07
4.0551  5 01 t 03
4.0680  3 01 x 10
4.0769  3 01 x 12
4.0770  5 00 x 07
4.0781  3 01 t 03
4.0879  4 00 t 06
4.0936  3 01 x 06
4.1022  5 00 x 08
4.1025  5 01 t 04
4.1055  5 00 t 04
4.1173  3 00 x 08
4.1181  3 00 t 03
4.1346  3 01 x 08
4.1550  4 00 t 07
4.1688  3 00 x 12
4.1691  3 00 x 07
4.1751  4 00 t 08
4.1976  3 00 x 10
4.2071  3 01 t 04
4.2131  5 01 t 05
4.2147  3 00 t 04
4.2232  4 01 t 07
4.2242  5 00 t 05
4.2545  4 01 t 08
4.2677  4 00 t 10
4.2897  5 00 t 06
4.2916  5 01 x 10
4.2918  3 01 t 05
4.2922  5 00 x 12
4.3036  3 00 t 05
4.3060  5 01 t 07
4.3131  5 01 t 06
4.3251  2 00 t 02
4.3259  2 01 t 02
4.3261  5 00 x 10
4.3309  4 01 t 06
4.3312  2 01 x 02
4.3334  2 00 x 02
4.3469  3 00 t 06
4.3625  5 01 t 08
4.3654  5 00 t 07
4.3950  3 00 t 08
4.4066  5 00 t 08
4.4149  5 01 x 12
4.4245  3 00 t 07
4.4460  3 01 t 08
4.4477  4 01 t 10
4.4552  4 01 t 12
4.4556  3 01 t 06
4.5003  2 01 x 03
4.5067  2 00 x 04
4.5089  3 01 t 10
4.5165  2 01 x 05
4.5241  2 01 x 04
4.5241  3 00 t 10
4.5254  3 01 t 12
4.5314  2 00 x 05
4.5321  2 00 x 03
4.5351  3 00 t 12
4.5412  3 01 t 07
4.5717  2 00 x 06
4.5856  2 01 t 03
4.6072  5 00 t 12
4.6497  2 00 t 03
4.6536  5 01 t 10
4.6734  5 00 t 10
4.6765  4 00 t 12
4.6799  2 00 t 05
4.6928  2 00 t 06
4.7197  2 01 x 06
4.7709  2 00 x 07
4.7749  2 00 x 08
4.7758  5 01 t 12
4.7967  2 01 t 05
4.8008  2 01 x 08
4.8073  2 01 t 04
4.8136  2 00 t 04
4.8261  2 01 x 07
4.8387  2 01 x 10
4.8453  2 00 x 10
4.8466  2 01 t 07
4.8467  2 00 t 08
4.8546  2 01 x 12
4.8558  2 00 x 12
4.8636  2 01 t 06
4.8916  2 01 t 08
4.9155  2 00 t 07
5.1224  2 01 t 10
5.2206  2 00 t 12
5.3009  2 00 t 10
5.4205  2 01 t 12
Timings By Test Type:
1.2844  4 01 t 02    0.8589  5 01 x 02    0.8977  4 01 t 02    0.6101  4 00 x 03
1.2901  4 00 t 02    0.8648  4 00 x 04    0.8980  4 01 x 02    0.6145  4 00 x 04
1.2923  4 01 x 02    0.8703  4 01 x 04    0.8999  4 00 t 02    0.6152  4 01 x 04
1.2961  4 00 x 02    0.8754  5 00 x 02    0.9016  4 00 x 02    0.6183  4 01 x 03
1.3050  4 01 x 03    0.8846  4 00 x 03    0.9099  3 01 t 02    0.6279  4 01 x 06
1.3072  5 01 t 02    0.8860  4 00 x 05    0.9103  3 01 x 02    0.6299  4 01 x 07
1.3136  4 00 x 03    0.8863  4 01 x 03    0.9131  3 00 x 02    0.6310  4 01 x 08
1.3167  5 00 t 02    0.8904  4 01 x 07    0.9145  4 01 x 03    0.6315  3 00 x 04
1.3227  4 01 t 03    0.8913  4 01 x 05    0.9214  4 00 x 03    0.6332  4 00 x 05
1.3255  3 01 x 02    0.8922  5 00 x 04    0.9222  3 00 t 02    0.6343  4 01 x 05
1.3263  4 00 t 04    0.8930  4 01 x 08    0.9280  4 01 t 03    0.6348  3 01 x 04
1.3268  3 01 t 02    0.8946  4 00 x 06    0.9291  4 01 t 04    0.6349  4 00 x 02
1.3276  4 01 x 04    0.8963  5 01 x 04    0.9299  4 00 t 04    0.6351  4 01 x 02
1.3293  4 00 t 03    0.8980  4 01 x 06    0.9308  3 01 x 03    0.6388  3 00 x 05
1.3312  4 00 x 04    0.9069  4 01 x 10    0.9318  4 00 t 03    0.6396  4 00 x 06
1.3332  4 01 t 04    0.9078  4 00 x 07    0.9328  4 01 x 04    0.6429  4 00 x 07
1.3391  3 00 x 02    0.9083  4 01 x 12    0.9337  4 00 x 04    0.6440  4 01 x 12
1.3402  5 01 x 02    0.9085  5 01 x 03    0.9342  3 00 x 03    0.6446  3 01 x 05
1.3403  4 01 x 05    0.9103  5 00 x 03    0.9384  3 01 t 03    0.6447  4 01 x 10
1.3425  3 00 t 02    0.9109  3 00 x 04    0.9397  3 01 x 04    0.6468  3 00 x 02
1.3444  5 00 x 02    0.9134  5 01 x 06    0.9459  3 00 x 04    0.6481  5 01 x 02
1.3454  5 00 t 03    0.9158  4 00 x 02    0.9463  4 01 x 05    0.6499  5 00 x 02
1.3455  5 01 t 03    0.9166  3 01 x 04    0.9498  3 00 t 03    0.6542  3 01 x 02
1.3489  4 00 x 05    0.9173  5 01 x 07    0.9499  4 01 t 05    0.6566  5 01 x 03
1.3493  3 01 x 03    0.9175  4 01 x 02    0.9499  4 00 x 06    0.6574  3 01 x 06
1.3534  4 01 t 05    0.9188  5 01 x 05    0.9506  3 01 x 05    0.6588  3 01 x 07
1.3534  4 00 x 06    0.9199  5 01 x 08    0.9517  4 00 x 05    0.6596  5 00 x 04
1.3595  4 00 t 05    0.9202  5 00 x 05    0.9526  5 01 t 02    0.6598  5 00 x 03
1.3614  3 01 x 04    0.9254  5 00 x 06    0.9533  3 00 x 05    0.6599  3 00 x 06
1.3617  5 01 x 04    0.9276  3 00 x 05    0.9548  4 00 t 05    0.6607  5 01 x 04
1.3619  4 01 x 08    0.9284  4 00 x 12    0.9572  4 01 x 08    0.6619  4 00 x 12
1.3627  3 00 x 03    0.9308  3 01 x 05    0.9594  4 01 x 07    0.6707  4 01 t 02
1.3634  4 00 x 07    0.9343  5 00 x 07    0.9604  4 01 x 12    0.6724  3 01 x 10
1.3638  5 01 t 04    0.9412  5 00 x 08    0.9605  5 00 t 02    0.6740  5 01 x 06
1.3661  5 00 x 04    0.9430  5 01 t 02    0.9622  4 00 x 07    0.6748  4 00 t 02
1.3668  3 01 t 03    0.9483  3 00 x 06    0.9631  5 01 x 02    0.6774  5 00 x 05
1.3674  4 01 x 12    0.9490  5 00 t 02    0.9640  4 00 t 06    0.6775  5 01 x 07
1.3689  3 00 x 04    0.9494  4 00 x 08    0.9647  5 00 x 02    0.6781  3 01 x 12
1.3693  5 01 x 03    0.9582  3 00 x 02    0.9651  3 01 t 04    0.6790  3 00 x 03
1.3702  4 01 x 07    0.9597  4 00 x 10    0.9661  4 01 x 06    0.6790  5 01 t 02
1.3708  5 00 t 04    0.9598  3 01 x 07    0.9679  4 01 x 10    0.6792  5 01 x 05
1.3709  4 00 t 06    0.9631  3 01 x 02    0.9683  3 00 t 04    0.6808  5 01 x 08
1.3728  3 01 x 05    0.9649  3 01 x 10    0.9684  4 01 t 08    0.6822  5 00 x 06
1.3734  4 00 x 08    0.9682  4 00 t 04    0.9690  4 00 t 07    0.6832  4 00 t 04
1.3736  4 00 x 12    0.9710  4 01 t 02    0.9693  4 01 t 07    0.6852  5 00 t 02
1.3780  4 01 x 10    0.9742  4 00 t 02    0.9700  4 00 x 12    0.6857  3 01 t 02
1.3783  5 00 x 03    0.9743  4 01 t 04    0.9704  3 00 x 06    0.6860  4 01 t 04
1.3800  3 00 x 05    0.9746  3 01 x 12    0.9711  4 00 t 08    0.6873  3 01 x 03
1.3823  4 01 t 08    0.9770  3 01 x 06    0.9820  5 00 t 03    0.6877  4 00 x 08
1.3823  4 00 t 08    0.9827  3 01 x 08    0.9823  4 00 x 08    0.6910  5 00 x 07
1.3834  4 01 t 07    0.9890  3 00 x 08    0.9824  5 01 t 03    0.6934  3 01 x 08
1.3845  4 00 t 07    0.9942  3 00 x 03    0.9858  3 01 t 05    0.6942  4 00 x 10
1.3866  4 01 x 06    0.9968  5 00 t 03    0.9887  3 01 x 07    0.6990  3 00 x 08
1.3870  3 00 t 03    0.9974  3 01 x 03    0.9892  4 00 t 10    0.6999  5 00 x 08
1.3902  4 00 x 10    0.9984  3 00 x 07    0.9900  3 00 t 05    0.7049  3 00 x 07
1.3902  5 01 t 05    1.0001  5 01 t 03    0.9906  4 00 x 10    0.7068  3 00 t 02
1.3910  5 01 x 05    1.0034  4 00 t 05    0.9909  3 01 x 12    0.7086  4 00 t 05
1.3945  5 00 t 05    1.0040  5 01 x 10    0.9914  5 01 x 04    0.7089  3 00 x 12
1.3988  5 00 x 05    1.0052  3 00 x 12    0.9917  4 01 t 06    0.7091  4 01 t 05
1.4012  5 00 x 06    1.0055  5 00 t 04    0.9926  3 01 x 10    0.7157  3 00 x 10
1.4020  4 00 t 10    1.0081  5 01 t 04    0.9932  5 00 x 04    0.7189  3 01 t 03
1.4030  3 01 t 04    1.0101  3 01 t 02    0.9942  5 01 t 04    0.7213  5 00 t 03
1.4032  3 00 x 06    1.0105  5 00 x 12    0.9947  2 01 t 02    0.7240  3 00 t 03
1.4038  4 01 t 06    1.0106  4 01 t 05    0.9966  3 01 x 06    0.7243  4 00 t 06
1.4066  5 01 t 07    1.0128  3 00 x 10    0.9967  5 01 x 03    0.7243  4 01 t 03
1.4079  5 01 x 08    1.0174  5 00 x 10    0.9973  5 00 t 04    0.7248  4 00 t 03
1.4105  5 00 t 06    1.0275  3 00 t 02    0.9985  2 00 t 02    0.7271  5 01 t 03
1.4112  5 01 x 07    1.0287  4 00 t 06    0.9989  3 00 x 08    0.7319  5 00 t 04
1.4113  5 01 t 08    1.0329  4 00 t 03    0.9989  3 00 t 06    0.7334  2 00 x 02
1.4147  3 00 t 04    1.0378  4 01 t 03    0.9990  3 01 t 06    0.7350  2 01 x 02
1.4159  5 00 x 07    1.0401  5 01 x 12    1.0025  5 00 x 03    0.7364  5 01 t 04
1.4162  5 01 t 06    1.0439  5 01 t 05    1.0052  4 01 t 10    0.7459  4 00 t 07
1.4190  5 01 x 06    1.0460  5 00 t 05    1.0069  3 01 x 08    0.7481  2 00 t 02
1.4202  5 00 x 08    1.0540  3 01 t 03    1.0074  3 01 t 08    0.7504  3 00 t 04
1.4219  4 01 t 10    1.0556  4 00 t 07    1.0083  3 00 x 12    0.7525  3 01 t 04
1.4249  5 00 t 07    1.0573  3 00 t 03    1.0101  4 01 t 12    0.7552  4 00 t 08
1.4249  5 00 t 08    1.0665  4 00 t 08    1.0128  2 01 x 02    0.7557  2 01 t 02
1.4255  4 01 t 12    1.0704  5 00 t 06    1.0134  3 00 x 07    0.7615  5 01 t 05
1.4304  3 00 x 08    1.0813  3 00 t 04    1.0148  2 00 x 02    0.7632  5 00 t 05
1.4324  3 01 t 05    1.0866  3 01 t 04    1.0150  3 00 x 10    0.7636  5 01 x 10
1.4332  3 01 x 12    1.0896  5 01 t 06    1.0154  3 01 t 07    0.7643  4 01 t 07
1.4381  3 01 x 10    1.0903  2 00 x 02    1.0175  5 01 t 05    0.7647  5 00 x 12
1.4420  3 00 t 05    1.0928  5 01 t 07    1.0177  5 01 x 05    0.7652  3 00 t 05
1.4444  3 01 x 07    1.0928  2 01 x 02    1.0191  3 00 t 07    0.7677  3 01 t 05
1.4454  5 00 x 12    1.0994  4 00 t 10    1.0206  5 00 t 05    0.7704  5 00 x 10
1.4464  3 00 x 12    1.1015  5 00 t 07    1.0210  3 00 t 08    0.7722  3 00 t 06
1.4468  5 01 x 10    1.1060  3 01 t 05    1.0219  5 00 x 06    0.7746  2 01 x 03
1.4515  3 01 x 08    1.1062  4 01 t 07    1.0243  5 00 x 05    0.7752  2 00 x 04
1.4524  3 00 x 07    1.1064  3 00 t 05    1.0245  5 01 t 07    0.7763  2 00 x 03
1.4541  3 00 x 10    1.1110  2 00 t 02    1.0269  5 01 x 08    0.7771  4 00 t 10
1.4545  5 00 x 10    1.1151  5 01 t 08    1.0275  5 01 x 07    0.7782  4 01 t 08
1.4561  3 01 t 08    1.1160  2 01 t 02    1.0278  5 01 t 06    0.7794  5 00 t 06
1.4567  3 00 t 06    1.1190  3 00 t 08    1.0294  5 00 t 06    0.7795  2 00 x 05
1.4596  2 01 t 02    1.1191  3 00 t 06    1.0315  5 01 x 06    0.7795  5 01 t 06
1.4606  5 01 t 10    1.1210  5 00 t 08    1.0350  3 01 t 12    0.7821  5 01 t 07
1.4625  3 01 x 06    1.1256  4 01 t 08    1.0356  3 01 t 10    0.7833  2 01 x 04
1.4649  3 01 t 06    1.1319  4 01 t 06    1.0359  5 00 x 07    0.7838  2 01 x 05
1.4662  3 00 t 08    1.1326  3 00 t 07    1.0361  5 00 t 07    0.7887  3 00 t 08
1.4675  2 00 t 02    1.1361  2 00 x 04    1.0361  3 00 t 12    0.7894  2 00 x 06
1.4700  5 00 t 10    1.1397  2 01 x 04    1.0366  2 01 t 03    0.7931  2 01 x 06
1.4733  3 00 t 07    1.1433  2 00 x 05    1.0380  5 01 t 08    0.7981  5 01 t 08
1.4753  3 01 t 07    1.1441  2 01 x 05    1.0393  3 00 t 10    0.7996  3 00 t 07
1.4756  5 01 x 12    1.1485  2 01 x 03    1.0409  5 00 x 08    0.8006  3 01 t 06
1.4824  5 00 t 12    1.1515  2 00 x 06    1.0418  2 01 x 03    0.8010  5 01 x 12
1.4906  2 01 x 02    1.1547  2 00 x 03    1.0451  5 00 t 08    0.8030  5 00 t 07
1.4948  5 01 t 12    1.1658  3 01 t 10    1.0489  2 01 x 05    0.8035  4 01 t 06
1.4949  2 00 x 02    1.1674  3 00 t 10    1.0496  2 00 x 04    0.8088  3 01 t 10
1.4963  4 00 t 12    1.1696  3 01 t 08    1.0507  2 00 t 03    0.8092  3 00 t 10
1.4979  3 01 t 12    1.1745  5 00 t 12    1.0512  2 00 x 03    0.8129  3 01 t 08
1.4987  3 01 t 10    1.1763  3 01 t 12    1.0522  2 01 x 04    0.8156  5 00 t 08
1.5040  3 00 t 12    1.1778  3 00 t 12    1.0563  2 00 x 05    0.8163  3 01 t 12
1.5083  3 00 t 10    1.1799  4 01 t 12    1.0568  2 01 t 04    0.8170  2 00 x 07
1.5172  2 01 t 03    1.1832  4 01 t 10    1.0619  2 00 t 04    0.8171  3 00 t 12
1.5351  2 00 t 03    1.1911  3 01 t 06    1.0626  2 01 t 05    0.8203  2 01 x 08
1.5354  2 01 x 03    1.1923  2 00 x 07    1.0657  2 00 x 06    0.8203  2 00 x 08
1.5396  2 01 x 05    1.1977  2 01 x 06    1.0692  2 00 t 05    0.8221  2 01 x 07
1.5458  2 00 x 04    1.2064  2 00 x 08    1.0701  4 00 t 12    0.8225  2 00 x 10
1.5488  2 01 x 04    1.2065  2 01 t 03    1.0702  2 00 t 06    0.8253  2 01 t 03
1.5499  2 00 x 03    1.2068  2 01 x 12    1.0717  5 00 x 12    0.8295  2 01 x 10
1.5523  2 00 x 05    1.2124  2 00 x 12    1.0771  5 01 x 10    0.8305  2 00 x 12
1.5601  2 00 t 05    1.2153  5 00 t 10    1.0832  5 01 t 10    0.8319  2 01 x 12
1.5651  2 00 x 06    1.2158  5 01 t 10    1.0837  5 00 x 10    0.8330  3 01 t 07
1.5651  2 00 t 06    1.2166  2 00 t 05    1.0843  5 00 t 10    0.8340  2 00 t 05
1.5697  2 01 t 04    1.2174  3 01 t 07    1.0941  5 00 t 12    0.8343  2 01 t 05
1.5771  2 00 t 04    1.2194  2 01 x 08    1.0982  5 01 x 12    0.8375  4 01 t 10
1.6120  2 00 t 08    1.2197  2 00 t 06    1.0988  2 01 x 06    0.8378  2 00 t 06
1.6120  2 01 t 05    1.2208  2 00 t 03    1.0993  2 00 t 08    0.8397  4 01 t 12
1.6161  2 01 t 07    1.2220  2 00 x 10    1.0999  5 01 t 12    0.8430  2 00 t 03
1.6192  2 01 t 08    1.2233  2 01 x 10    1.1005  2 01 t 07    0.8562  5 00 t 12
1.6301  2 01 x 06    1.2256  2 01 x 07    1.1077  2 01 t 06    0.8628  2 01 t 06
1.6337  2 01 t 06    1.2265  4 00 t 12    1.1092  2 01 t 08    0.8646  2 01 t 07
1.6353  2 00 x 08    1.2545  5 01 t 12    1.1128  2 00 x 08    0.8658  2 01 t 04
1.6462  2 00 t 07    1.2594  2 01 t 06    1.1130  2 01 x 08    0.8659  2 00 t 04
1.6465  2 00 x 07    1.2655  2 01 t 07    1.1150  2 00 x 07    0.8694  2 00 t 08
1.6480  2 01 x 08    1.2660  2 00 t 08    1.1188  2 01 x 07    0.8740  2 00 t 07
1.6596  2 01 x 07    1.2733  2 00 t 07    1.1218  2 01 x 10    0.8814  2 01 t 08
1.6640  2 01 x 10    1.2817  2 01 t 08    1.1220  2 00 t 07    0.8836  4 00 t 12
1.6717  2 00 x 12    1.2877  2 01 t 05    1.1267  2 00 x 10    0.8939  5 01 t 10
1.6731  2 01 x 12    1.3087  2 00 t 04    1.1300  2 01 t 10    0.9038  5 00 t 10
1.6741  2 00 x 10    1.3151  2 01 t 04    1.1411  2 00 x 12    0.9084  2 01 t 10
1.6794  2 00 t 12    1.3763  2 01 t 10    1.1428  2 01 x 12    0.9265  5 01 t 12
1.7060  2 00 t 10    1.4250  2 00 t 12    1.1449  2 00 t 12    0.9713  2 00 t 12
1.7077  2 01 t 10    1.4479  2 00 t 10    1.1592  2 00 t 10    0.9877  2 00 t 10
1.7341  2 01 t 12    1.4913  2 01 t 12    1.1753  2 01 t 12    1.0198  2 01 t 12
---Benchmark Program Finished---
