
./testbench_2kary.sh g++ O3 MontgomeryFull uint64_t 191 8 22 -DTEST_ARRAY

compilation finished, now executing:
---Running Program---

begin benchmarks - array pow
(ignore)604918524362530784

OVERALL BEST:
0.2546  3 01 x 05
0.2644  3 01 x 06
0.2695  4 01 x 05
0.2706  3 00 x 08
0.2725  3 00 x 07
0.2732  3 00 x 06
0.2741  3 01 t 05
0.2744  3 01 x 08
0.2781  4 00 x 08
0.2786  3 00 x 05
0.2787  4 00 x 06
0.2797  3 00 t 08
0.2801  3 01 x 07
0.2807  3 01 x 10
0.2811  3 00 t 06
0.2816  3 01 t 04
0.2820  4 01 t 05
0.2822  2 01 x 06
0.2826  3 00 t 04
0.2826  4 01 x 06
0.2827  4 01 x 08
0.2842  4 00 t 05
0.2842  3 00 t 05
0.2845  3 00 t 07
0.2847  3 01 t 06
0.2851  4 00 x 05
0.2856  2 00 x 05
0.2862  3 00 x 10
0.2864  4 01 t 06
0.2864  4 01 x 10
0.2870  4 00 x 10
0.2870  3 01 x 04
0.2873  3 01 t 03
0.2873  4 00 t 04
0.2888  2 00 x 08
0.2889  4 00 t 06
0.2895  3 01 t 07
0.2896  3 01 t 08
0.2903  2 00 x 07
0.2909  2 01 x 05
0.2912  3 01 x 12
0.2913  3 00 t 03
0.2915  4 01 t 04
0.2920  4 01 x 04
0.2944  2 01 x 08
0.2952  4 00 t 08
0.2957  2 01 t 05
0.2958  4 01 x 07
0.2961  4 00 x 04
0.2963  4 00 t 07
0.2967  3 00 x 04
0.2979  4 01 x 12
0.2982  2 01 x 07
0.2993  2 00 x 06
0.2996  4 01 t 08
0.2996  3 00 x 12
0.3003  4 01 t 07
0.3012  4 00 x 07
0.3016  3 00 x 03
0.3019  3 01 t 10
0.3033  2 00 x 04
0.3039  3 00 t 10
0.3042  4 00 x 12
0.3055  2 00 x 10
0.3064  4 00 t 03
0.3065  2 01 t 04
0.3071  2 00 t 05
0.3074  4 01 t 03
0.3094  3 01 x 03
0.3094  2 00 t 04
0.3112  2 00 t 08
0.3122  2 00 t 07
0.3140  3 00 t 12
0.3155  2 00 x 12
0.3158  3 01 t 12
0.3174  4 01 x 03
0.3191  2 01 t 06
0.3196  2 01 t 07
0.3201  2 00 t 06
0.3206  2 01 x 10
0.3209  5 01 x 08
0.3213  2 01 x 04
0.3223  2 01 x 12
0.3232  5 00 x 08
0.3246  4 00 x 03
0.3250  2 01 t 08
0.3250  5 00 x 07
0.3276  5 01 x 06
0.3279  5 01 x 05
0.3292  5 01 x 07
0.3301  5 01 x 10
0.3305  5 00 t 05
0.3326  2 00 t 10
0.3330  2 01 t 03
0.3332  2 00 t 03
0.3348  2 00 t 12
0.3365  2 00 x 03
0.3372  5 01 x 12
0.3379  2 01 t 10
0.3387  5 00 x 05
0.3389  5 01 t 05
0.3390  5 00 x 06
0.3409  5 01 t 06
0.3410  5 00 x 12
0.3413  5 00 x 10
0.3414  5 00 t 04
0.3424  5 01 t 04
0.3440  5 00 t 06
0.3441  2 01 x 03
0.3443  5 01 x 04
0.3480  5 00 x 04
0.3578  5 01 t 03
0.3659  5 00 t 03
0.3680  2 01 t 12
0.3685  5 01 x 03
0.3722  3 00 t 02
0.3780  3 01 t 02
0.3836  4 01 t 02
0.3839  5 00 x 03
0.3901  4 00 t 02
0.3983  3 00 x 02
0.4007  3 01 x 02
0.4152  2 01 t 02
0.4168  4 00 x 02
0.4181  2 00 t 02
0.4183  4 01 x 02
0.4288  5 01 t 02
0.4288  5 00 t 02
0.4408  2 00 x 02
0.4439  2 01 x 02
0.4442  5 00 t 07
0.4463  5 00 t 08
0.4479  4 00 t 10
0.4520  5 01 t 07
0.4566  5 01 t 08
0.4574  4 01 t 10
0.4588  4 00 t 12
0.4614  5 01 x 02
0.4629  5 00 t 10
0.4650  5 00 x 02
0.4653  4 01 t 12
0.4692  5 01 t 10
0.4839  5 00 t 12
0.4900  5 01 t 12
Timings By Test Type:
0.0762  3 01 x 05    0.0762  3 01 x 05    0.0511  3 01 x 05    0.0511  3 01 x 05
0.0789  4 01 x 05    0.0789  4 01 x 05    0.0532  3 01 x 06    0.0532  3 01 x 06
0.0790  3 01 x 06    0.0790  3 01 x 06    0.0541  3 00 x 08    0.0541  3 00 x 08
0.0812  3 00 x 08    0.0812  3 00 x 08    0.0544  3 01 t 05    0.0545  3 00 x 07
0.0817  4 00 x 08    0.0817  4 00 x 08    0.0545  3 00 x 07    0.0545  3 01 t 05
0.0818  3 00 x 07    0.0818  3 00 x 07    0.0547  3 00 x 06    0.0546  3 00 x 06
0.0819  3 00 x 06    0.0820  3 00 x 06    0.0548  3 01 x 08    0.0547  3 01 x 08
0.0820  4 00 x 06    0.0820  4 00 x 06    0.0550  3 00 t 08    0.0550  3 00 t 08
0.0824  3 01 x 08    0.0825  3 01 x 08    0.0555  3 00 x 05    0.0555  3 00 x 05
0.0826  3 01 t 05    0.0826  3 01 t 05    0.0558  3 00 t 06    0.0558  3 00 t 06
0.0830  4 01 x 06    0.0830  4 01 x 06    0.0559  4 01 x 05    0.0559  4 01 x 05
0.0832  4 01 x 08    0.0832  4 01 x 08    0.0560  3 01 x 10    0.0560  3 01 t 06
0.0832  4 01 t 05    0.0832  4 01 t 05    0.0560  3 01 t 06    0.0561  3 01 x 07
0.0836  4 00 x 05    0.0837  4 00 x 05    0.0560  2 01 x 06    0.0561  3 01 x 10
0.0838  3 00 x 05    0.0837  3 00 x 05    0.0561  3 01 x 07    0.0561  2 01 x 06
0.0839  3 01 x 07    0.0839  4 01 x 10    0.0564  3 01 t 04    0.0565  2 00 x 05
0.0840  4 01 x 10    0.0840  3 01 x 07    0.0565  2 00 x 05    0.0565  3 01 t 04
0.0840  4 00 t 05    0.0840  4 00 x 10    0.0566  3 00 t 07    0.0566  3 00 t 07
0.0841  4 00 x 10    0.0840  4 00 t 05    0.0566  3 00 t 05    0.0566  3 00 t 05
0.0841  4 00 t 04    0.0841  4 00 t 04    0.0567  3 01 t 07    0.0567  3 01 t 07
0.0842  3 01 t 04    0.0843  3 01 x 10    0.0567  3 01 t 08    0.0567  3 01 t 08
0.0843  3 01 x 10    0.0845  3 01 t 04    0.0567  3 00 t 04    0.0568  3 01 t 03
0.0845  3 00 t 04    0.0845  3 00 t 04    0.0568  3 01 t 03    0.0568  3 00 t 04
0.0848  3 00 t 06    0.0848  3 00 t 06    0.0571  3 00 x 10    0.0572  3 00 x 10
0.0849  3 00 t 08    0.0849  3 00 t 08    0.0573  3 00 t 03    0.0573  3 00 t 03
0.0850  2 01 x 06    0.0850  2 01 x 06    0.0573  2 00 x 08    0.0573  2 00 x 08
0.0852  4 01 x 04    0.0852  4 01 x 04    0.0573  4 00 x 06    0.0573  4 00 x 06
0.0852  4 01 t 04    0.0852  4 01 t 04    0.0573  4 00 x 08    0.0573  3 01 x 04
0.0855  3 00 t 05    0.0855  3 00 t 05    0.0573  3 01 x 04    0.0574  4 00 x 08
0.0856  4 00 t 06    0.0857  3 00 t 07    0.0574  2 01 x 05    0.0574  2 01 x 05
0.0856  3 00 t 07    0.0857  4 00 t 06    0.0575  2 00 x 07    0.0575  2 00 x 07
0.0857  4 01 t 06    0.0857  4 01 t 06    0.0575  4 01 t 06    0.0575  4 01 t 06
0.0860  3 00 x 10    0.0860  3 00 x 10    0.0576  2 01 t 05    0.0576  2 01 t 05
0.0862  3 01 x 04    0.0862  3 01 x 04    0.0578  4 01 t 05    0.0578  4 01 t 05
0.0863  2 00 x 05    0.0863  3 01 t 06    0.0581  4 00 t 05    0.0581  4 00 t 05
0.0863  3 01 t 06    0.0864  2 00 x 05    0.0581  3 01 x 12    0.0581  3 01 x 12
0.0868  4 01 x 07    0.0868  4 01 x 07    0.0582  4 01 x 08    0.0582  4 01 x 08
0.0869  3 01 t 03    0.0869  3 01 t 03    0.0583  4 01 x 06    0.0583  4 01 x 06
0.0871  2 00 x 08    0.0870  4 00 x 04    0.0585  2 01 x 08    0.0585  2 01 x 08
0.0871  4 00 x 04    0.0871  2 00 x 08    0.0588  4 00 t 06    0.0588  4 00 t 06
0.0875  3 01 x 12    0.0875  4 01 x 12    0.0589  4 00 x 05    0.0589  4 00 x 05
0.0877  2 00 x 07    0.0875  3 01 x 12    0.0590  2 01 x 07    0.0590  2 01 x 07
0.0877  4 01 x 12    0.0877  2 00 x 07    0.0591  2 00 x 06    0.0591  2 00 x 06
0.0880  2 01 x 05    0.0880  2 01 x 05    0.0591  4 00 t 08    0.0591  4 00 t 08
0.0881  3 01 t 08    0.0881  3 01 t 07    0.0594  4 01 x 10    0.0592  4 01 x 10
0.0881  3 01 t 07    0.0882  3 01 t 08    0.0595  4 00 x 10    0.0595  4 00 x 10
0.0883  3 00 t 03    0.0884  3 00 t 03    0.0596  4 00 t 07    0.0596  4 00 t 04
0.0885  4 00 t 08    0.0885  4 00 t 08    0.0596  4 00 t 04    0.0596  4 00 t 07
0.0886  4 00 t 07    0.0886  4 00 t 07    0.0596  3 00 x 12    0.0597  3 00 x 04
0.0886  4 00 x 07    0.0887  4 00 x 07    0.0597  3 00 x 04    0.0597  3 00 x 12
0.0887  3 00 x 04    0.0887  3 00 x 04    0.0599  3 01 t 10    0.0599  3 01 t 10
0.0887  2 01 x 08    0.0887  2 01 x 08    0.0601  3 00 x 03    0.0601  3 00 x 03
0.0893  4 00 x 12    0.0888  4 00 t 10    0.0601  3 00 t 10    0.0601  3 00 t 10
0.0894  4 01 t 07    0.0893  4 01 t 07    0.0602  2 00 x 04    0.0602  2 00 x 04
0.0895  4 01 t 08    0.0895  4 00 x 12    0.0603  4 01 t 08    0.0603  4 01 t 08
0.0901  2 01 x 07    0.0895  4 01 t 08    0.0604  2 00 t 05    0.0603  2 00 t 05
0.0902  2 01 t 05    0.0901  3 00 x 12    0.0604  2 00 x 10    0.0605  2 00 x 10
0.0903  3 00 x 12    0.0901  2 01 x 07    0.0605  2 01 t 04    0.0605  2 01 t 04
0.0903  4 01 t 03    0.0902  2 01 t 05    0.0605  4 01 t 04    0.0606  4 01 t 04
0.0905  4 00 t 03    0.0903  4 01 t 03    0.0608  4 01 t 07    0.0608  4 01 x 04
0.0906  2 00 x 06    0.0904  4 00 t 03    0.0609  4 01 x 04    0.0608  4 01 t 07
0.0907  3 00 x 03    0.0905  2 00 x 06    0.0609  4 00 x 04    0.0611  4 00 x 04
0.0910  3 01 t 10    0.0907  3 00 x 03    0.0611  4 01 x 07    0.0611  4 01 x 07
0.0914  2 00 x 04    0.0911  3 01 t 10    0.0612  3 01 x 03    0.0612  3 01 x 03
0.0918  3 00 t 10    0.0914  2 00 x 04    0.0613  2 00 t 08    0.0613  2 00 t 04
0.0919  5 01 x 08    0.0919  3 00 t 10    0.0613  4 01 x 12    0.0613  2 00 t 08
0.0923  2 00 x 10    0.0919  5 01 x 08    0.0614  2 00 t 04    0.0614  4 01 x 12
0.0927  2 01 t 04    0.0920  4 01 t 10    0.0614  2 00 t 07    0.0614  2 00 t 07
0.0930  5 00 x 08    0.0923  2 00 x 10    0.0620  4 00 x 07    0.0619  4 00 x 07
0.0931  5 01 x 05    0.0928  2 01 t 04    0.0620  3 00 t 12    0.0620  3 00 t 12
0.0932  2 00 t 05    0.0930  5 00 x 08    0.0620  2 01 t 06    0.0620  2 01 t 06
0.0932  5 00 x 07    0.0932  5 01 x 05    0.0625  2 00 x 12    0.0624  2 00 x 12
0.0934  2 00 t 04    0.0932  2 00 t 05    0.0626  3 01 t 12    0.0626  3 01 t 12
0.0934  3 01 x 03    0.0932  5 00 x 07    0.0627  4 00 x 12    0.0627  4 00 x 12
0.0935  4 01 x 03    0.0933  2 00 t 04    0.0627  4 00 t 03    0.0627  4 00 t 03
0.0938  5 01 x 07    0.0935  3 01 x 03    0.0629  2 01 t 07    0.0629  2 01 t 07
0.0943  2 00 t 08    0.0935  4 01 x 03    0.0631  2 00 t 06    0.0631  2 00 t 06
0.0943  5 01 x 06    0.0938  5 01 x 07    0.0633  2 01 x 10    0.0634  4 01 t 03
0.0947  2 00 t 07    0.0943  2 00 t 08    0.0634  4 01 t 03    0.0634  2 01 x 10
0.0947  5 01 x 10    0.0944  5 01 x 06    0.0635  2 01 x 04    0.0635  2 01 x 04
0.0948  5 00 t 05    0.0944  4 00 t 12    0.0640  2 01 x 12    0.0639  2 01 x 12
0.0950  3 00 t 12    0.0946  2 00 t 07    0.0641  2 01 t 08    0.0640  2 01 t 08
0.0952  3 01 t 12    0.0948  5 00 t 05    0.0653  4 01 x 03    0.0652  4 01 x 03
0.0953  2 00 x 12    0.0948  5 01 x 10    0.0655  2 00 t 10    0.0654  2 00 t 10
0.0956  4 00 x 03    0.0950  3 00 t 12    0.0656  2 00 t 03    0.0656  2 00 t 03
0.0966  5 00 x 05    0.0953  3 01 t 12    0.0659  2 01 t 03    0.0660  2 01 t 03
0.0966  5 01 x 12    0.0954  2 00 x 12    0.0663  2 00 t 12    0.0662  2 00 t 12
0.0969  2 01 t 07    0.0955  5 00 t 07    0.0665  2 00 x 03    0.0666  2 00 x 03
0.0969  2 00 t 06    0.0956  4 00 x 03    0.0666  2 01 t 10    0.0666  2 01 t 10
0.0970  2 01 x 10    0.0966  5 00 x 05    0.0667  4 00 x 03    0.0667  4 00 x 03
0.0971  2 01 x 04    0.0967  5 01 x 12    0.0676  2 01 x 03    0.0674  4 01 t 12
0.0972  2 01 x 12    0.0969  2 01 x 10    0.0685  5 00 x 08    0.0675  4 00 t 12
0.0973  5 00 x 06    0.0969  2 00 t 06    0.0686  5 01 x 08    0.0677  2 01 x 03
0.0975  5 00 t 04    0.0969  2 01 t 07    0.0693  5 00 x 07    0.0677  5 00 t 08
0.0975  2 01 t 06    0.0972  2 01 x 04    0.0694  5 01 x 06    0.0685  5 01 x 08
0.0977  5 01 t 05    0.0972  2 01 x 12    0.0703  5 01 x 10    0.0686  5 00 x 08
0.0978  5 01 x 04    0.0973  5 00 x 06    0.0705  5 00 t 05    0.0687  5 00 t 07
0.0978  5 01 t 04    0.0975  2 01 t 06    0.0708  5 01 x 07    0.0692  5 01 t 08
0.0980  5 00 x 10    0.0975  4 01 t 12    0.0708  5 01 x 05    0.0693  5 01 t 07
0.0983  5 00 x 12    0.0976  5 00 t 04    0.0717  5 01 t 05    0.0693  5 00 x 07
0.0985  2 01 t 08    0.0977  5 01 t 10    0.0719  5 01 t 06    0.0694  5 01 x 06
0.0986  5 01 t 06    0.0977  5 01 t 04    0.0720  5 01 x 12    0.0703  5 01 x 10
0.0997  5 00 x 04    0.0977  5 01 t 05    0.0721  5 00 x 12    0.0705  5 00 t 05
0.0998  5 00 t 06    0.0978  5 01 x 04    0.0722  5 00 x 06    0.0708  5 01 x 07
0.1005  2 01 t 03    0.0979  5 00 x 10    0.0722  5 00 t 06    0.0708  5 01 x 05
0.1009  2 00 t 10    0.0982  5 00 x 12    0.0726  5 00 x 10    0.0717  5 01 t 05
0.1010  2 00 t 03    0.0984  2 01 t 08    0.0728  5 00 x 05    0.0719  5 01 x 12
0.1011  2 00 t 12    0.0985  5 01 t 06    0.0730  5 00 t 04    0.0719  5 01 t 06
0.1017  2 00 x 03    0.0991  5 00 t 08    0.0734  5 01 t 04    0.0722  5 00 x 06
0.1020  5 01 t 03    0.0997  5 00 x 04    0.0736  3 00 t 02    0.0722  5 00 t 06
0.1024  2 01 t 10    0.0998  5 00 t 06    0.0738  2 01 t 12    0.0723  5 00 x 12
0.1044  2 01 x 03    0.0999  5 00 t 10    0.0742  3 01 t 02    0.0726  5 00 t 10
0.1047  5 00 t 03    0.1002  5 00 t 12    0.0743  5 01 x 04    0.0727  5 00 x 05
0.1054  5 01 x 03    0.1006  2 01 t 03    0.0746  5 00 x 04    0.0728  5 00 x 10
0.1101  5 00 x 03    0.1007  5 01 t 07    0.0769  5 01 t 03    0.0731  4 01 t 10
0.1102  2 01 t 12    0.1009  2 00 t 10    0.0780  4 01 t 02    0.0733  5 00 t 04
0.1125  3 00 t 02    0.1010  2 00 t 03    0.0782  3 00 x 02    0.0735  4 00 t 10
0.1138  4 01 t 02    0.1011  2 00 t 12    0.0783  5 00 t 03    0.0736  5 01 t 04
0.1148  3 01 t 02    0.1017  2 00 x 03    0.0786  3 01 x 02    0.0737  3 00 t 02
0.1159  4 00 t 02    0.1020  5 01 t 03    0.0788  5 01 x 03    0.0737  2 01 t 12
0.1210  3 00 x 02    0.1023  5 01 t 12    0.0792  4 00 t 02    0.0741  5 00 x 04
0.1218  3 01 x 02    0.1024  2 01 t 10    0.0811  2 01 t 02    0.0741  3 01 t 02
0.1241  4 00 x 02    0.1037  5 01 t 08    0.0817  2 00 t 02    0.0744  5 01 x 04
0.1242  5 00 t 02    0.1044  2 01 x 03    0.0819  5 00 x 03    0.0760  5 01 t 10
0.1242  5 01 t 02    0.1047  5 00 t 03    0.0844  4 00 x 02    0.0769  5 01 t 03
0.1245  4 01 x 02    0.1055  5 01 x 03    0.0846  4 01 x 02    0.0780  4 01 t 02
0.1265  2 01 t 02    0.1101  5 00 x 03    0.0862  2 00 x 02    0.0782  3 00 x 02
0.1273  2 00 t 02    0.1103  2 01 t 12    0.0867  2 01 x 02    0.0783  5 00 t 03
0.1343  2 00 x 02    0.1124  3 00 t 02    0.0901  5 01 t 02    0.0786  3 01 x 02
0.1346  5 01 x 02    0.1138  4 01 t 02    0.0902  5 00 t 02    0.0788  5 01 x 03
0.1353  2 01 x 02    0.1148  3 01 t 02    0.0961  5 01 x 02    0.0792  4 00 t 02
0.1354  5 00 x 02    0.1158  4 00 t 02    0.0969  5 00 x 02    0.0803  5 01 t 12
0.1662  5 00 t 08    0.1210  3 00 x 02    0.1106  4 00 t 10    0.0811  2 01 t 02
0.1680  5 00 t 07    0.1218  3 01 x 02    0.1119  5 00 t 07    0.0817  2 00 t 02
0.1684  5 01 t 08    0.1240  4 00 x 02    0.1133  5 00 t 08    0.0818  5 00 t 12
0.1686  5 01 t 07    0.1242  5 00 t 02    0.1134  5 01 t 07    0.0818  5 00 x 03
0.1734  5 00 t 10    0.1243  5 01 t 02    0.1135  4 01 t 10    0.0844  4 00 x 02
0.1749  4 00 t 10    0.1245  4 01 x 02    0.1153  5 01 t 08    0.0846  4 01 x 02
0.1768  5 01 t 10    0.1265  2 01 t 02    0.1163  4 00 t 12    0.0862  2 00 x 02
0.1788  4 01 t 10    0.1273  2 00 t 02    0.1171  5 00 t 10    0.0866  2 01 x 02
0.1800  5 00 t 12    0.1342  2 00 x 02    0.1177  4 01 t 12    0.0902  5 01 t 02
0.1805  4 00 t 12    0.1346  5 01 x 02    0.1188  5 01 t 10    0.0902  5 00 t 02
0.1826  4 01 t 12    0.1353  2 01 x 02    0.1219  5 00 t 12    0.0961  5 01 x 02
0.1836  5 01 t 12    0.1356  5 00 x 02    0.1238  5 01 t 12    0.0970  5 00 x 02
---Benchmark Program Finished---
