
./testbench_2kary.sh clang++ O3 MontgomeryFull uint64_t 191 8 22 -DTEST_ARRAY -DHURCHALLA_MONTGOMERY_POW_2KARY_USE_CSELECT_ON_BIT -DHURCHALLA_ALLOW_INLINE_ASM_ALL

compilation finished, now executing:
---Running Program---

begin benchmarks - array pow
(ignore)604918524362530784

OVERALL BEST:
0.2341  3 00 x 08
0.2377  4 00 x 12
0.2394  4 01 x 08
0.2413  3 00 x 12
0.2418  3 01 x 08
0.2432  4 01 x 12
0.2435  4 00 x 10
0.2438  4 00 x 08
0.2447  3 00 x 10
0.2457  4 01 x 10
0.2464  4 00 t 12
0.2467  3 01 t 08
0.2478  3 01 t 07
0.2482  4 00 t 10
0.2487  4 01 t 08
0.2495  3 01 x 12
0.2502  4 01 x 07
0.2504  4 00 t 08
0.2506  4 01 t 07
0.2514  4 01 x 06
0.2514  3 00 t 10
0.2523  3 01 x 07
0.2525  3 01 x 10
0.2533  4 00 t 07
0.2559  4 01 t 12
0.2565  4 01 t 05
0.2584  3 00 t 08
0.2586  4 01 t 06
0.2589  3 00 x 07
0.2589  3 01 x 06
0.2592  4 01 t 10
0.2593  3 01 t 10
0.2596  4 00 t 06
0.2600  3 00 t 05
0.2605  3 00 t 06
0.2616  3 00 t 12
0.2616  4 00 x 06
0.2619  4 00 x 05
0.2621  2 01 t 05
0.2622  3 00 x 06
0.2631  3 00 t 07
0.2635  2 01 t 08
0.2641  4 00 x 07
0.2643  3 01 t 05
0.2645  3 01 x 05
0.2650  5 00 x 12
0.2652  4 00 t 05
0.2662  4 01 t 04
0.2667  3 01 t 04
0.2676  5 01 x 08
0.2684  2 01 t 07
0.2689  3 01 t 12
0.2695  5 01 x 10
0.2703  5 01 x 12
0.2710  5 00 x 10
0.2711  5 00 x 08
0.2719  3 00 x 05
0.2719  2 01 x 08
0.2722  3 01 t 06
0.2728  5 00 t 12
0.2735  5 00 t 10
0.2742  2 01 x 06
0.2752  5 01 t 08
0.2756  4 01 x 05
0.2758  2 00 x 10
0.2759  5 01 t 07
0.2761  2 01 x 07
0.2763  5 00 t 08
0.2782  5 00 t 07
0.2788  2 01 x 10
0.2790  5 01 x 07
0.2792  2 01 t 12
0.2812  2 00 x 05
0.2814  2 00 x 12
0.2815  5 01 t 12
0.2827  2 00 x 06
0.2833  5 01 t 10
0.2834  3 00 t 04
0.2839  5 01 t 05
0.2840  2 00 t 08
0.2842  2 01 x 12
0.2846  5 01 x 06
0.2858  4 00 t 04
0.2858  2 01 x 05
0.2858  5 00 x 07
0.2862  4 00 x 04
0.2867  5 01 x 05
0.2884  2 00 x 08
0.2890  5 00 x 05
0.2910  2 00 t 07
0.2911  2 00 t 10
0.2917  2 01 t 10
0.2926  5 00 x 06
0.2930  3 01 t 03
0.2935  3 00 x 04
0.2936  2 00 t 12
0.2939  5 00 t 06
0.2947  5 00 t 05
0.2951  4 01 t 03
0.2952  4 00 t 03
0.2958  2 01 t 06
0.2958  2 00 t 06
0.2966  5 01 t 06
0.2973  4 01 x 04
0.2974  2 00 t 05
0.2974  3 01 x 04
0.2983  2 00 x 04
0.2990  5 01 x 04
0.2992  2 00 x 07
0.2996  2 00 t 04
0.3011  2 01 t 04
0.3033  3 00 t 03
0.3053  5 00 t 04
0.3067  3 00 x 03
0.3071  4 01 x 03
0.3076  5 01 t 04
0.3097  5 00 x 04
0.3110  2 01 x 03
0.3140  2 01 t 03
0.3155  4 00 x 03
0.3209  2 00 x 03
0.3212  5 00 t 03
0.3247  3 01 x 03
0.3296  2 00 t 03
0.3338  5 01 t 03
0.3351  2 01 x 04
0.3353  5 00 x 03
0.3428  5 01 x 03
0.3591  3 00 t 02
0.3625  3 01 t 02
0.3805  3 01 x 02
0.3891  3 00 x 02
0.3962  4 00 t 02
0.4083  2 00 t 02
0.4094  2 01 t 02
0.4162  4 01 t 02
0.4183  4 01 x 02
0.4200  2 01 x 02
0.4324  2 00 x 02
0.4344  4 00 x 02
0.4444  5 01 t 02
0.4522  5 00 t 02
0.4704  5 01 x 02
0.4767  5 00 x 02
Timings By Test Type:
0.0695  3 00 x 08    0.0696  4 00 x 12    0.0475  3 00 x 08    0.0475  3 00 x 08
0.0696  4 00 x 12    0.0696  3 00 x 08    0.0485  3 00 x 12    0.0485  3 00 x 12
0.0700  4 01 x 08    0.0700  4 01 x 08    0.0488  3 01 x 08    0.0489  3 01 x 08
0.0712  4 01 x 12    0.0712  4 01 x 12    0.0492  4 00 x 12    0.0492  3 00 x 10
0.0715  4 00 x 08    0.0715  4 00 x 10    0.0493  3 00 x 10    0.0492  4 00 x 12
0.0715  4 00 x 10    0.0715  4 00 x 08    0.0494  3 01 t 08    0.0494  3 01 t 08
0.0721  3 01 x 08    0.0720  3 01 x 08    0.0497  4 01 x 08    0.0497  4 01 x 08
0.0721  4 01 x 10    0.0721  4 01 x 10    0.0500  3 01 t 07    0.0500  3 01 x 12
0.0722  3 00 x 12    0.0722  3 00 x 12    0.0501  3 01 x 12    0.0500  3 01 t 07
0.0723  4 00 t 12    0.0723  4 00 t 12    0.0502  4 00 x 10    0.0502  4 00 x 10
0.0728  4 00 t 10    0.0729  4 01 t 08    0.0503  4 00 x 08    0.0504  4 00 x 08
0.0729  4 01 t 08    0.0730  4 00 t 10    0.0505  4 01 x 12    0.0504  4 01 x 12
0.0731  3 00 x 10    0.0731  3 00 x 10    0.0506  3 00 t 10    0.0507  3 00 t 10
0.0734  4 01 x 07    0.0735  4 01 x 07    0.0507  3 01 x 10    0.0507  3 01 x 10
0.0735  4 00 t 08    0.0735  4 00 t 08    0.0507  4 01 x 10    0.0507  4 01 x 10
0.0736  4 01 x 06    0.0735  4 01 t 07    0.0508  3 01 x 07    0.0509  4 00 t 12
0.0736  4 01 t 07    0.0736  4 01 x 06    0.0509  4 00 t 12    0.0510  3 01 x 07
0.0738  3 01 t 08    0.0738  3 01 t 07    0.0512  4 00 t 10    0.0512  4 00 t 10
0.0739  3 01 t 07    0.0741  3 01 t 08    0.0514  4 01 t 08    0.0514  4 01 t 08
0.0745  4 00 t 07    0.0745  4 00 t 07    0.0517  4 01 x 07    0.0516  4 01 t 07
0.0747  3 01 x 12    0.0748  3 01 x 12    0.0518  4 00 t 08    0.0517  4 01 x 07
0.0750  4 01 t 12    0.0750  3 00 t 10    0.0518  4 01 t 07    0.0517  4 00 t 08
0.0751  3 00 t 10    0.0751  4 01 t 12    0.0520  2 01 t 05    0.0519  3 00 t 08
0.0752  3 01 x 07    0.0753  4 01 t 05    0.0520  3 00 t 08    0.0520  2 01 t 05
0.0752  4 01 t 05    0.0753  3 01 x 07    0.0521  4 00 t 07    0.0521  3 00 x 07
0.0756  3 01 x 10    0.0755  3 01 x 10    0.0521  4 01 x 06    0.0521  4 00 t 07
0.0758  5 00 x 12    0.0758  4 01 t 06    0.0522  3 00 x 07    0.0521  4 01 x 06
0.0759  4 01 t 06    0.0759  5 00 x 12    0.0522  3 01 x 06    0.0522  3 01 x 06
0.0763  4 00 t 06    0.0761  4 01 t 10    0.0523  3 00 t 12    0.0523  3 01 t 10
0.0763  4 01 t 10    0.0763  4 00 t 06    0.0524  3 01 t 10    0.0523  3 00 t 12
0.0768  5 01 x 08    0.0768  5 01 x 08    0.0524  3 00 t 05    0.0525  3 00 t 05
0.0769  4 00 x 05    0.0768  4 00 x 06    0.0525  3 00 t 06    0.0526  3 00 t 06
0.0769  4 00 x 06    0.0769  4 00 x 05    0.0526  2 01 t 08    0.0526  2 01 t 08
0.0771  3 00 x 07    0.0771  3 00 t 08    0.0528  4 01 t 12    0.0528  3 00 x 06
0.0772  5 01 x 10    0.0772  3 01 x 06    0.0529  3 00 x 06    0.0529  3 00 t 07
0.0773  3 01 x 06    0.0772  5 01 x 10    0.0529  3 00 t 07    0.0530  4 01 t 05
0.0773  3 01 t 10    0.0772  3 01 t 10    0.0530  4 01 t 05    0.0530  4 01 t 12
0.0773  3 00 t 08    0.0773  5 01 x 12    0.0534  4 01 t 10    0.0534  4 01 t 10
0.0773  5 01 x 12    0.0775  3 00 t 05    0.0534  4 01 t 06    0.0535  4 01 t 06
0.0775  3 00 t 05    0.0775  3 00 x 07    0.0535  4 00 t 06    0.0535  3 01 x 05
0.0777  3 00 t 06    0.0776  5 00 x 08    0.0535  2 01 t 07    0.0535  2 01 t 07
0.0778  5 00 x 10    0.0778  3 00 t 06    0.0536  3 01 t 05    0.0535  3 01 t 05
0.0778  5 00 x 08    0.0778  5 00 x 10    0.0536  3 01 x 05    0.0536  4 00 t 06
0.0778  4 01 t 04    0.0778  4 01 t 04    0.0539  4 00 x 06    0.0538  3 01 t 12
0.0779  4 00 t 05    0.0779  4 00 t 05    0.0539  3 01 t 12    0.0539  4 00 x 06
0.0780  4 00 x 07    0.0780  4 00 x 07    0.0541  4 00 x 05    0.0541  4 00 x 07
0.0782  5 00 t 12    0.0782  5 00 t 12    0.0541  4 00 x 07    0.0541  3 01 t 04
0.0782  3 00 x 06    0.0784  3 00 x 06    0.0541  3 01 t 04    0.0541  4 00 x 05
0.0784  3 00 t 12    0.0785  5 00 t 10    0.0543  2 01 x 08    0.0543  2 01 x 08
0.0785  5 00 t 10    0.0786  3 00 t 12    0.0545  2 01 x 06    0.0544  2 01 x 06
0.0786  3 01 t 05    0.0786  3 01 t 05    0.0547  4 00 t 05    0.0547  3 00 x 05
0.0787  3 00 t 07    0.0787  3 00 t 07    0.0548  3 00 x 05    0.0547  4 00 t 05
0.0787  3 01 x 05    0.0787  3 01 x 05    0.0549  2 01 x 07    0.0550  3 01 t 06
0.0790  5 01 t 08    0.0789  5 01 t 08    0.0549  3 01 t 06    0.0550  2 01 x 07
0.0790  2 01 t 05    0.0790  2 01 t 05    0.0550  2 00 x 10    0.0550  2 00 x 10
0.0792  5 01 t 07    0.0792  2 01 t 08    0.0553  4 01 t 04    0.0553  4 01 t 04
0.0792  2 01 t 08    0.0792  3 01 t 04    0.0556  2 01 x 10    0.0556  2 01 x 10
0.0793  5 00 t 08    0.0792  5 01 t 07    0.0556  2 01 t 12    0.0557  2 00 x 05
0.0794  3 01 t 04    0.0793  5 00 t 08    0.0557  2 00 x 05    0.0557  2 01 t 12
0.0799  5 00 t 07    0.0799  5 01 x 07    0.0559  2 00 x 06    0.0560  2 00 x 06
0.0802  5 01 x 07    0.0800  5 00 t 07    0.0560  2 00 x 12    0.0560  2 00 x 12
0.0806  3 01 t 12    0.0806  3 01 t 12    0.0564  2 00 t 08    0.0565  2 00 t 08
0.0806  2 01 t 07    0.0807  5 01 t 12    0.0566  2 01 x 05    0.0566  5 00 x 12
0.0809  5 01 t 12    0.0807  2 01 t 07    0.0566  2 01 x 12    0.0567  2 01 x 05
0.0811  4 01 x 05    0.0811  4 01 x 05    0.0567  5 00 x 12    0.0567  2 01 x 12
0.0812  3 00 x 05    0.0811  3 01 t 06    0.0567  4 01 x 05    0.0568  4 01 x 05
0.0812  3 01 t 06    0.0812  3 00 x 05    0.0570  5 01 x 08    0.0570  5 01 x 08
0.0813  5 01 t 05    0.0814  5 01 t 05    0.0572  3 00 t 04    0.0572  3 00 t 04
0.0813  5 01 t 10    0.0814  5 01 t 10    0.0574  2 00 x 08    0.0574  2 00 x 08
0.0818  2 01 x 08    0.0816  2 01 x 08    0.0575  5 01 x 10    0.0575  5 01 x 10
0.0819  5 01 x 06    0.0818  5 01 x 06    0.0578  5 00 x 10    0.0577  5 00 x 10
0.0822  5 00 x 07    0.0822  5 00 x 07    0.0578  2 00 t 07    0.0578  5 01 x 12
0.0822  5 01 x 05    0.0822  5 01 x 05    0.0578  5 00 x 08    0.0579  2 00 t 10
0.0827  2 01 x 06    0.0825  2 01 x 06    0.0579  5 01 x 12    0.0579  5 00 x 08
0.0829  2 00 x 10    0.0829  2 00 x 10    0.0580  2 00 t 10    0.0580  2 00 t 07
0.0831  2 01 x 07    0.0831  5 00 x 05    0.0581  2 01 t 10    0.0582  2 01 t 10
0.0831  5 00 x 05    0.0832  2 01 x 07    0.0582  5 00 t 12    0.0582  5 00 t 10
0.0838  4 00 t 04    0.0837  2 01 x 10    0.0583  5 00 t 10    0.0582  5 00 t 12
0.0838  2 01 x 10    0.0839  4 00 x 04    0.0584  2 00 t 12    0.0584  2 00 t 12
0.0839  2 01 t 12    0.0840  2 01 t 12    0.0585  2 00 t 06    0.0586  5 01 t 08
0.0839  4 00 x 04    0.0841  4 00 t 04    0.0587  5 01 t 08    0.0586  2 00 t 06
0.0844  5 00 x 06    0.0844  3 00 t 04    0.0587  2 01 t 06    0.0586  2 01 t 06
0.0845  3 00 t 04    0.0844  5 00 x 06    0.0588  5 01 t 07    0.0588  5 01 t 07
0.0846  5 00 t 06    0.0846  5 00 t 06    0.0588  2 00 t 05    0.0588  5 00 t 08
0.0847  2 00 x 12    0.0846  2 00 x 12    0.0588  2 00 x 04    0.0588  2 00 x 04
0.0849  5 00 t 05    0.0848  5 00 t 05    0.0589  3 01 t 03    0.0589  2 00 t 05
0.0849  2 00 x 05    0.0849  2 00 x 05    0.0589  5 00 t 08    0.0589  3 01 t 03
0.0853  5 01 t 06    0.0853  2 00 x 06    0.0590  4 00 t 04    0.0589  4 00 t 04
0.0855  2 01 x 12    0.0854  5 01 t 06    0.0592  3 00 x 04    0.0591  5 00 t 07
0.0855  2 00 x 06    0.0854  2 01 x 12    0.0592  2 00 t 04    0.0592  3 00 x 04
0.0856  2 00 t 08    0.0855  2 00 t 08    0.0592  5 00 t 07    0.0592  4 00 x 04
0.0857  5 01 x 04    0.0856  5 01 x 04    0.0592  4 00 x 04    0.0592  2 00 t 04
0.0863  2 01 x 05    0.0862  2 01 x 05    0.0593  2 00 x 07    0.0595  5 01 x 07
0.0868  4 01 t 03    0.0868  2 00 x 08    0.0594  5 01 x 07    0.0595  2 00 x 07
0.0868  2 00 x 08    0.0868  4 01 t 03    0.0596  2 01 t 04    0.0597  2 01 t 04
0.0870  4 00 t 03    0.0870  4 00 t 03    0.0599  5 01 t 12    0.0599  3 01 x 04
0.0874  4 01 x 04    0.0874  4 01 x 04    0.0599  3 01 x 04    0.0600  5 01 t 12
0.0876  2 00 t 07    0.0875  2 00 t 10    0.0602  5 01 t 10    0.0603  5 01 t 10
0.0876  3 01 t 03    0.0876  3 01 t 03    0.0604  5 01 x 06    0.0604  5 01 x 06
0.0876  3 00 x 04    0.0876  3 00 x 04    0.0606  5 01 t 05    0.0606  4 00 t 03
0.0877  2 01 t 10    0.0877  2 00 t 07    0.0606  4 00 t 03    0.0606  5 01 t 05
0.0878  5 00 t 04    0.0877  2 01 t 10    0.0607  5 00 x 07    0.0607  5 00 x 07
0.0878  2 00 t 10    0.0878  5 00 t 04    0.0607  4 01 t 03    0.0607  4 01 t 03
0.0884  2 00 t 12    0.0883  2 00 t 12    0.0609  3 00 t 03    0.0609  3 00 t 03
0.0884  5 01 t 04    0.0884  5 01 t 04    0.0611  5 01 x 05    0.0611  5 01 x 05
0.0888  3 01 x 04    0.0888  3 01 x 04    0.0613  4 01 x 04    0.0612  4 01 x 04
0.0891  5 00 x 04    0.0891  5 00 x 04    0.0614  5 00 x 05    0.0614  5 00 x 05
0.0892  2 01 t 06    0.0892  2 01 t 06    0.0614  2 01 x 03    0.0615  2 01 x 03
0.0894  2 00 t 06    0.0893  2 00 t 06    0.0615  3 00 x 03    0.0616  3 00 x 03
0.0898  2 00 t 05    0.0899  2 00 t 05    0.0619  5 00 x 06    0.0619  5 00 x 06
0.0902  2 00 x 07    0.0901  2 00 x 07    0.0619  2 01 t 03    0.0619  2 01 t 03
0.0904  2 00 x 04    0.0902  2 00 x 04    0.0624  5 00 t 06    0.0624  5 00 t 06
0.0904  4 01 x 03    0.0904  4 01 x 03    0.0625  5 00 t 05    0.0625  5 00 t 05
0.0906  2 00 t 04    0.0906  2 00 t 04    0.0630  5 01 t 06    0.0629  5 01 t 06
0.0907  3 00 t 03    0.0908  3 00 t 03    0.0631  4 01 x 03    0.0631  4 01 x 03
0.0908  2 01 t 04    0.0909  2 01 t 04    0.0635  2 00 x 03    0.0635  2 00 x 03
0.0918  3 00 x 03    0.0918  3 00 x 03    0.0639  5 01 x 04    0.0639  5 01 x 04
0.0927  5 00 t 03    0.0927  5 00 t 03    0.0647  4 00 x 03    0.0647  4 00 x 03
0.0930  4 00 x 03    0.0931  4 00 x 03    0.0649  5 00 t 04    0.0648  5 00 t 04
0.0941  2 01 x 03    0.0941  2 01 x 03    0.0651  3 01 x 03    0.0650  3 01 x 03
0.0951  2 01 t 03    0.0951  2 01 t 03    0.0651  2 00 t 03    0.0652  2 00 t 03
0.0968  5 00 x 03    0.0967  5 00 x 03    0.0654  5 01 t 04    0.0653  5 01 t 04
0.0969  2 00 x 03    0.0968  5 01 t 03    0.0658  5 00 x 04    0.0658  5 00 x 04
0.0971  5 01 t 03    0.0969  2 00 x 03    0.0661  2 01 x 04    0.0661  2 01 x 04
0.0973  3 01 x 03    0.0973  3 01 x 03    0.0679  5 00 t 03    0.0679  5 00 t 03
0.0992  5 01 x 03    0.0992  5 01 x 03    0.0700  5 01 t 03    0.0699  5 01 t 03
0.0996  2 00 t 03    0.0997  2 00 t 03    0.0706  3 00 t 02    0.0706  3 00 t 02
0.1015  2 01 x 04    0.1015  2 01 x 04    0.0709  5 00 x 03    0.0709  5 00 x 03
0.1089  3 00 t 02    0.1089  3 00 t 02    0.0712  3 01 t 02    0.0712  3 01 t 02
0.1101  3 01 t 02    0.1101  3 01 t 02    0.0722  5 01 x 03    0.0722  5 01 x 03
0.1154  3 01 x 02    0.1154  3 01 x 02    0.0749  3 01 x 02    0.0749  3 01 x 02
0.1167  4 00 t 02    0.1167  4 00 t 02    0.0761  3 00 x 02    0.0761  3 00 x 02
0.1185  3 00 x 02    0.1185  3 00 x 02    0.0798  2 00 t 02    0.0798  2 00 t 02
0.1231  4 01 t 02    0.1231  4 01 t 02    0.0802  2 01 t 02    0.0802  2 01 t 02
0.1238  4 01 x 02    0.1238  4 01 x 02    0.0814  4 00 t 02    0.0813  4 00 t 02
0.1243  2 00 t 02    0.1244  2 00 t 02    0.0823  2 01 x 02    0.0823  2 01 x 02
0.1245  2 01 t 02    0.1245  2 01 t 02    0.0845  2 00 x 02    0.0844  2 00 x 02
0.1277  5 01 t 02    0.1277  5 01 t 02    0.0850  4 01 t 02    0.0850  4 01 t 02
0.1277  2 01 x 02    0.1277  2 01 x 02    0.0854  4 01 x 02    0.0854  4 01 x 02
0.1286  4 00 x 02    0.1287  4 00 x 02    0.0886  4 00 x 02    0.0886  4 00 x 02
0.1300  5 00 t 02    0.1301  5 00 t 02    0.0945  5 01 t 02    0.0945  5 01 t 02
0.1317  2 00 x 02    0.1318  2 00 x 02    0.0961  5 00 t 02    0.0961  5 00 t 02
0.1355  5 01 x 02    0.1356  5 01 x 02    0.0998  5 01 x 02    0.0994  5 01 x 02
0.1377  5 00 x 02    0.1377  5 00 x 02    0.1007  5 00 x 02    0.1007  5 00 x 02
---Benchmark Program Finished---
