
./testbench_2kary.sh g++ O3 MontgomeryFull uint64_t 191 8 22 -DTEST_ARRAY -DHURCHALLA_MONTGOMERY_POW_2KARY_USE_CSELECT_ON_BIT -DHURCHALLA_ALLOW_INLINE_ASM_ALL

compilation finished, now executing:
---Running Program---

begin benchmarks - array pow
(ignore)604918524362530784

OVERALL BEST:
0.2368  3 00 x 08
0.2429  3 00 x 07
0.2442  3 00 x 05
0.2446  3 01 x 08
0.2448  4 00 x 08
0.2476  4 01 x 08
0.2479  4 00 x 10
0.2481  3 00 x 06
0.2481  4 00 x 07
0.2485  3 01 x 05
0.2491  3 01 x 06
0.2499  4 00 x 12
0.2504  4 01 x 07
0.2510  3 01 x 07
0.2511  4 01 x 06
0.2526  4 00 x 05
0.2535  4 01 x 12
0.2539  3 00 x 10
0.2543  4 00 x 06
0.2545  4 01 x 05
0.2565  3 00 x 12
0.2583  3 01 x 10
0.2610  3 00 t 05
0.2624  3 01 t 05
0.2639  4 00 t 05
0.2645  3 00 t 04
0.2652  4 01 t 05
0.2662  4 01 x 10
0.2675  2 00 x 05
0.2685  3 01 x 12
0.2708  3 01 x 04
0.2713  3 01 t 04
0.2715  2 00 x 08
0.2721  3 00 t 08
0.2729  4 01 t 04
0.2736  3 00 t 06
0.2745  2 00 x 07
0.2746  4 00 t 06
0.2755  4 00 t 04
0.2757  3 00 x 04
0.2768  2 01 x 05
0.2780  3 00 t 07
0.2786  4 00 x 04
0.2794  2 00 x 06
0.2798  4 00 t 07
0.2804  4 01 t 06
0.2805  3 01 t 03
0.2809  3 01 t 06
0.2816  2 00 t 05
0.2819  4 01 x 04
0.2835  3 00 t 03
0.2836  2 01 x 06
0.2836  2 01 x 07
0.2843  4 00 t 08
0.2844  2 01 x 08
0.2846  5 01 x 10
0.2846  3 01 t 08
0.2859  4 00 t 12
0.2865  2 00 x 10
0.2873  2 01 t 05
0.2877  5 00 x 08
0.2890  3 01 t 07
0.2892  3 00 x 03
0.2909  2 00 t 04
0.2911  5 00 x 12
0.2921  5 00 x 07
0.2925  4 01 t 03
0.2926  5 01 x 07
0.2930  3 01 x 03
0.2934  2 00 t 06
0.2939  4 01 t 07
0.2943  4 00 t 03
0.2943  2 00 t 08
0.2945  5 00 x 10
0.2950  5 01 x 08
0.2958  4 01 t 12
0.2967  4 01 t 08
0.2978  2 01 x 04
0.2984  2 00 t 07
0.2986  5 01 x 12
0.2990  3 00 t 10
0.2993  5 01 x 06
0.2997  2 00 x 04
0.3001  5 01 x 05
0.3019  2 01 t 04
0.3025  5 00 x 06
0.3045  3 01 t 10
0.3047  4 00 t 10
0.3059  4 01 x 03
0.3059  5 00 x 05
0.3061  4 01 t 10
0.3065  4 00 x 03
0.3071  2 01 t 08
0.3094  3 00 t 12
0.3100  2 01 t 06
0.3104  5 00 t 05
0.3109  2 00 x 12
0.3119  2 01 t 07
0.3127  3 01 t 12
0.3137  2 00 x 03
0.3143  5 01 t 05
0.3146  2 00 t 10
0.3155  2 01 x 10
0.3158  2 01 t 03
0.3212  2 01 x 12
0.3245  2 01 t 10
0.3246  5 00 t 06
0.3248  2 00 t 03
0.3267  2 01 x 03
0.3272  5 00 t 04
0.3276  5 00 t 07
0.3292  5 01 t 04
0.3293  5 01 t 06
0.3299  5 00 t 12
0.3304  5 00 x 04
0.3307  5 00 t 10
0.3313  5 01 x 04
0.3317  5 00 t 08
0.3332  5 01 t 07
0.3354  5 01 t 12
0.3357  5 01 t 10
0.3358  5 00 t 03
0.3363  5 01 t 08
0.3411  5 01 t 03
0.3462  2 00 t 12
0.3486  5 01 x 03
0.3489  5 00 x 03
0.3564  3 00 t 02
0.3640  3 01 t 02
0.3656  4 00 t 02
0.3661  2 01 t 12
0.3694  4 01 t 02
0.3875  5 00 t 02
0.3890  3 00 x 02
0.3994  3 01 x 02
0.4010  4 01 x 02
0.4012  4 00 x 02
0.4034  5 01 t 02
0.4052  2 00 t 02
0.4093  2 01 t 02
0.4217  2 01 x 02
0.4290  5 01 x 02
0.4322  5 00 x 02
0.4386  2 00 x 02
Timings By Test Type:
0.0709  3 00 x 08    0.0709  3 00 x 08    0.0475  3 00 x 08    0.0475  3 00 x 08
0.0718  4 00 x 08    0.0717  4 00 x 08    0.0486  3 01 x 08    0.0487  3 01 x 08
0.0725  4 01 x 08    0.0724  4 01 x 08    0.0488  3 00 x 07    0.0488  3 00 x 07
0.0726  3 00 x 07    0.0726  4 00 x 07    0.0490  3 00 x 05    0.0490  3 00 x 05
0.0726  4 00 x 07    0.0726  3 00 x 07    0.0497  3 01 x 05    0.0496  3 01 x 05
0.0730  3 00 x 12    0.0729  3 00 x 12    0.0497  3 00 x 06    0.0497  3 00 x 06
0.0730  4 00 x 12    0.0730  4 00 x 12    0.0498  3 01 x 07    0.0499  3 01 x 06
0.0731  3 00 x 05    0.0731  3 00 x 05    0.0499  3 01 x 06    0.0499  3 01 x 07
0.0733  4 01 x 07    0.0732  4 01 x 07    0.0501  4 00 x 10    0.0501  4 00 x 10
0.0734  4 01 x 06    0.0734  4 01 x 06    0.0506  3 00 x 10    0.0506  3 00 x 10
0.0736  3 01 x 08    0.0737  3 01 x 08    0.0507  4 00 x 08    0.0507  4 00 x 08
0.0738  4 01 x 12    0.0739  4 00 x 10    0.0514  3 01 x 10    0.0513  3 01 x 10
0.0739  4 00 x 10    0.0740  4 01 x 12    0.0514  4 01 x 08    0.0514  4 01 x 08
0.0742  4 00 x 05    0.0742  4 00 x 05    0.0515  4 00 x 07    0.0515  3 00 t 05
0.0743  4 00 x 06    0.0743  3 00 x 06    0.0515  4 01 x 10    0.0515  4 00 x 07
0.0744  3 00 x 06    0.0744  4 00 x 06    0.0516  3 00 t 05    0.0515  4 01 x 10
0.0746  3 01 x 05    0.0746  3 01 x 05    0.0517  3 01 t 05    0.0518  3 01 t 05
0.0747  3 01 x 06    0.0747  4 01 x 05    0.0518  4 00 x 12    0.0519  4 01 x 07
0.0747  4 01 x 05    0.0747  3 01 x 06    0.0520  4 01 x 07    0.0520  4 00 x 12
0.0757  3 01 x 07    0.0756  3 01 x 07    0.0521  4 00 x 05    0.0521  4 00 x 05
0.0764  3 00 x 10    0.0764  3 00 x 10    0.0522  4 01 x 06    0.0522  4 01 x 06
0.0770  3 01 x 12    0.0770  3 01 x 12    0.0526  4 01 x 05    0.0526  4 01 x 05
0.0778  3 01 x 10    0.0778  3 01 x 10    0.0528  2 00 x 05    0.0528  4 00 x 06
0.0785  4 01 t 05    0.0785  4 01 t 05    0.0528  4 00 x 06    0.0528  2 00 x 05
0.0787  4 00 t 05    0.0788  4 00 t 05    0.0529  4 01 x 12    0.0529  4 01 x 12
0.0789  3 00 t 05    0.0790  3 00 t 05    0.0530  3 00 t 04    0.0529  3 00 t 04
0.0793  3 00 t 04    0.0793  3 00 t 04    0.0531  4 00 t 05    0.0532  4 00 t 05
0.0794  3 01 t 05    0.0794  3 01 t 05    0.0535  2 00 x 08    0.0536  2 00 x 08
0.0800  4 01 t 04    0.0801  4 01 t 04    0.0539  3 00 t 08    0.0539  3 00 t 08
0.0808  4 00 t 04    0.0808  4 00 t 04    0.0539  3 01 t 04    0.0540  3 01 t 04
0.0809  2 00 x 05    0.0809  2 00 x 05    0.0541  4 01 t 05    0.0541  3 00 t 06
0.0812  3 01 x 04    0.0811  3 01 x 04    0.0541  3 00 t 06    0.0541  4 01 t 05
0.0815  4 00 t 06    0.0815  5 01 x 10    0.0543  3 01 x 04    0.0543  3 01 x 04
0.0816  4 01 x 10    0.0815  4 00 t 06    0.0546  2 00 x 07    0.0546  2 00 x 07
0.0816  5 01 x 10    0.0816  4 01 x 10    0.0548  3 00 t 07    0.0548  3 00 t 07
0.0816  3 01 t 04    0.0817  4 00 x 04    0.0551  3 00 x 04    0.0551  2 01 x 05
0.0819  4 00 x 04    0.0818  3 01 t 04    0.0551  2 01 x 05    0.0551  3 00 x 04
0.0820  5 00 x 08    0.0820  5 00 x 08    0.0553  3 00 x 12    0.0553  3 00 x 12
0.0821  3 00 t 08    0.0821  3 00 t 08    0.0553  2 00 x 06    0.0553  2 00 x 06
0.0822  2 00 x 08    0.0822  2 00 x 08    0.0558  3 01 t 03    0.0557  3 01 t 03
0.0827  3 00 t 06    0.0826  3 00 t 06    0.0558  3 01 t 06    0.0558  3 01 t 06
0.0827  4 01 x 04    0.0827  4 01 x 04    0.0558  2 00 t 05    0.0558  4 00 t 06
0.0827  2 00 x 07    0.0827  2 00 x 07    0.0559  4 00 t 06    0.0558  2 00 t 05
0.0827  3 00 x 04    0.0827  3 00 x 04    0.0561  2 01 t 05    0.0560  2 01 x 07
0.0829  5 00 x 12    0.0829  5 00 x 12    0.0562  2 01 x 07    0.0561  2 01 t 05
0.0829  4 00 t 12    0.0830  4 00 t 12    0.0562  2 01 x 08    0.0562  3 00 t 03
0.0831  4 01 t 06    0.0831  4 01 t 06    0.0562  3 01 t 08    0.0562  2 01 x 08
0.0831  5 00 x 07    0.0831  5 00 x 07    0.0562  3 00 t 03    0.0562  3 01 t 08
0.0833  2 01 x 05    0.0833  2 01 x 05    0.0563  2 01 x 06    0.0563  2 01 x 06
0.0833  4 00 t 07    0.0833  4 00 t 07    0.0564  4 01 t 04    0.0564  4 01 t 04
0.0839  5 01 x 07    0.0840  5 01 x 07    0.0566  4 00 t 07    0.0566  4 00 t 07
0.0842  3 00 t 07    0.0842  3 00 t 07    0.0569  3 01 t 07    0.0569  2 00 x 10
0.0844  3 01 t 03    0.0844  2 00 x 06    0.0569  2 00 x 10    0.0569  3 01 t 07
0.0844  2 00 x 06    0.0847  3 01 t 03    0.0570  4 00 t 04    0.0570  4 00 t 04
0.0845  5 01 x 08    0.0847  3 01 t 06    0.0571  4 00 t 08    0.0571  4 00 t 08
0.0847  3 01 t 06    0.0847  5 01 x 08    0.0571  4 01 t 06    0.0571  4 01 t 06
0.0849  5 00 x 10    0.0849  5 00 x 10    0.0572  3 00 x 03    0.0572  3 00 x 03
0.0850  2 00 t 05    0.0849  2 00 t 05    0.0572  3 01 x 12    0.0572  3 01 x 12
0.0850  5 01 x 06    0.0850  5 01 x 06    0.0573  2 00 t 04    0.0573  2 00 t 04
0.0851  5 01 x 12    0.0851  4 00 t 08    0.0575  4 00 x 04    0.0574  4 00 x 04
0.0851  4 00 t 08    0.0851  5 01 x 12    0.0580  2 00 t 06    0.0579  2 00 t 06
0.0854  4 01 t 12    0.0853  4 01 t 12    0.0580  3 01 x 03    0.0581  3 01 x 03
0.0855  2 01 x 06    0.0855  2 01 x 06    0.0582  4 01 x 04    0.0583  4 01 x 04
0.0856  3 00 t 03    0.0855  3 00 t 03    0.0585  2 00 t 08    0.0584  2 00 t 08
0.0856  5 01 x 05    0.0856  5 01 x 05    0.0587  2 00 t 07    0.0588  2 00 t 07
0.0858  2 01 x 07    0.0857  2 01 x 07    0.0590  2 00 x 04    0.0590  2 00 x 04
0.0860  5 00 x 06    0.0860  2 01 x 08    0.0591  2 01 x 04    0.0591  2 01 x 04
0.0860  4 01 t 03    0.0860  4 01 t 03    0.0592  2 01 t 04    0.0592  4 01 t 07
0.0860  2 01 x 08    0.0861  3 01 t 08    0.0592  4 01 t 07    0.0592  2 01 t 04
0.0861  3 01 t 08    0.0861  5 00 x 06    0.0595  3 00 t 10    0.0595  3 00 t 10
0.0863  2 00 x 10    0.0864  2 00 x 10    0.0600  4 00 t 12    0.0600  4 00 t 12
0.0866  4 00 t 03    0.0866  4 00 t 03    0.0601  4 01 t 08    0.0601  4 01 t 08
0.0871  5 00 x 05    0.0871  5 00 x 05    0.0602  4 01 t 03    0.0602  2 01 t 06
0.0874  3 00 x 03    0.0874  3 00 x 03    0.0602  2 01 t 06    0.0603  4 01 t 03
0.0876  2 01 t 05    0.0876  2 01 t 05    0.0605  4 00 t 03    0.0606  4 00 t 03
0.0876  3 01 t 07    0.0876  3 01 t 07    0.0607  5 01 x 10    0.0607  5 01 x 10
0.0878  4 01 t 07    0.0877  4 01 t 07    0.0607  3 01 t 10    0.0609  3 01 t 10
0.0881  2 00 t 04    0.0881  2 00 t 04    0.0611  2 01 t 08    0.0612  2 01 t 08
0.0883  4 01 t 08    0.0883  4 01 t 08    0.0612  2 01 t 07    0.0613  2 01 t 07
0.0884  3 01 x 03    0.0885  3 01 x 03    0.0615  3 00 t 12    0.0616  3 00 t 12
0.0887  2 00 t 08    0.0887  2 00 t 08    0.0617  2 00 x 12    0.0617  2 00 x 12
0.0888  2 00 t 06    0.0888  2 00 t 06    0.0619  4 00 t 10    0.0618  4 00 t 10
0.0897  2 01 x 04    0.0897  2 01 x 04    0.0619  5 00 x 08    0.0619  5 00 x 08
0.0898  5 00 t 05    0.0898  5 00 t 05    0.0620  2 00 x 03    0.0620  2 00 x 03
0.0900  3 00 t 10    0.0900  3 00 t 10    0.0622  2 01 t 03    0.0621  2 01 t 03
0.0903  4 01 x 03    0.0901  5 01 t 05    0.0622  2 00 t 10    0.0623  2 00 t 10
0.0903  4 00 x 03    0.0902  4 01 x 03    0.0623  5 00 x 10    0.0624  5 01 x 07
0.0904  2 00 t 07    0.0904  4 00 x 03    0.0623  5 01 x 07    0.0624  5 00 x 10
0.0905  4 00 t 10    0.0905  2 00 t 07    0.0624  3 01 t 12    0.0624  3 01 t 12
0.0906  4 01 t 10    0.0905  4 00 t 10    0.0625  4 01 t 10    0.0625  4 01 t 10
0.0909  2 00 x 04    0.0906  4 01 t 10    0.0625  4 01 t 12    0.0625  4 01 t 12
0.0909  5 01 t 05    0.0908  2 00 x 04    0.0626  5 00 x 12    0.0627  5 00 x 12
0.0914  3 01 t 10    0.0914  3 01 t 10    0.0627  4 01 x 03    0.0627  4 01 x 03
0.0918  2 01 t 04    0.0918  2 01 t 04    0.0628  5 01 x 08    0.0629  4 00 x 03
0.0924  5 00 t 12    0.0924  2 01 t 08    0.0629  4 00 x 03    0.0630  5 00 x 07
0.0924  2 01 t 08    0.0924  5 00 t 12    0.0630  5 00 x 07    0.0630  5 01 x 08
0.0928  5 00 t 04    0.0928  5 00 t 04    0.0637  2 01 x 10    0.0638  2 01 x 10
0.0931  3 00 t 12    0.0931  3 00 t 12    0.0638  2 01 x 12    0.0638  2 01 x 12
0.0932  5 00 t 06    0.0932  5 00 t 06    0.0640  2 00 t 03    0.0641  2 00 t 03
0.0934  5 01 t 04    0.0932  5 01 t 04    0.0643  5 01 x 12    0.0642  5 01 x 12
0.0938  2 00 x 12    0.0938  2 00 x 12    0.0644  5 01 x 05    0.0644  2 01 t 10
0.0939  3 01 t 12    0.0939  5 01 t 12    0.0645  2 01 t 10    0.0645  5 01 x 05
0.0939  5 01 t 12    0.0939  3 01 t 12    0.0646  5 01 x 06    0.0646  5 01 x 06
0.0940  5 00 x 04    0.0940  2 01 x 10    0.0648  2 01 x 03    0.0646  2 01 x 03
0.0940  5 00 t 07    0.0940  5 00 x 04    0.0652  5 00 x 06    0.0652  5 00 x 06
0.0940  2 01 x 10    0.0942  5 00 t 07    0.0654  5 00 t 05    0.0654  5 00 t 05
0.0944  5 01 t 10    0.0944  5 01 t 10    0.0659  5 00 x 05    0.0659  5 00 x 05
0.0945  5 01 x 04    0.0946  5 01 x 04    0.0665  5 01 t 05    0.0668  5 01 t 05
0.0947  2 01 t 07    0.0947  2 01 t 07    0.0686  5 00 t 08    0.0686  5 00 t 08
0.0948  2 00 x 03    0.0948  2 00 x 03    0.0687  2 00 t 12    0.0688  2 00 t 12
0.0948  2 01 t 06    0.0948  2 01 t 06    0.0691  5 00 t 06    0.0691  5 00 t 06
0.0949  5 01 t 06    0.0949  5 01 t 06    0.0697  5 01 t 06    0.0698  5 00 t 07
0.0950  5 00 t 10    0.0950  2 00 t 10    0.0697  5 00 t 07    0.0698  5 01 t 06
0.0952  2 00 t 10    0.0950  5 00 t 10    0.0698  5 01 t 08    0.0699  5 01 t 08
0.0958  2 01 t 03    0.0957  2 01 t 03    0.0699  3 00 t 02    0.0699  3 00 t 02
0.0959  5 01 t 07    0.0958  5 01 t 07    0.0704  5 00 t 10    0.0704  5 00 t 10
0.0962  5 00 t 03    0.0962  5 00 t 03    0.0708  5 01 t 07    0.0705  5 00 t 04
0.0968  2 01 x 12    0.0969  2 01 x 12    0.0710  5 01 x 04    0.0707  5 01 t 07
0.0973  5 00 t 08    0.0972  5 00 t 08    0.0711  5 00 t 04    0.0711  5 00 x 04
0.0979  2 01 t 10    0.0978  2 01 t 10    0.0713  5 00 x 04    0.0712  5 01 x 04
0.0982  5 01 t 03    0.0981  5 01 t 03    0.0713  5 01 t 04    0.0713  5 01 t 04
0.0983  5 01 t 08    0.0983  5 01 t 08    0.0717  5 00 t 03    0.0717  5 00 t 03
0.0983  2 00 t 03    0.0983  2 00 t 03    0.0717  3 01 t 02    0.0717  3 01 t 02
0.0986  2 01 x 03    0.0986  2 01 x 03    0.0724  5 01 t 03    0.0725  2 01 t 12
0.1004  5 01 x 03    0.1004  5 00 x 03    0.0725  5 00 t 12    0.0725  5 01 t 03
0.1004  5 00 x 03    0.1004  5 01 x 03    0.0725  2 01 t 12    0.0725  5 00 t 12
0.1043  2 00 t 12    0.1043  2 00 t 12    0.0734  5 01 t 10    0.0734  5 01 t 10
0.1083  3 00 t 02    0.1083  3 00 t 02    0.0737  5 01 t 12    0.0737  4 00 t 02
0.1090  4 00 t 02    0.1090  4 00 t 02    0.0738  4 00 t 02    0.0738  5 01 t 12
0.1102  4 01 t 02    0.1102  4 01 t 02    0.0739  5 01 x 03    0.0740  5 01 x 03
0.1103  3 01 t 02    0.1104  3 01 t 02    0.0741  5 00 x 03    0.0741  5 00 x 03
0.1105  2 01 t 12    0.1106  2 01 t 12    0.0745  4 01 t 02    0.0745  4 01 t 02
0.1130  5 00 t 02    0.1130  5 00 t 02    0.0758  3 00 x 02    0.0759  3 00 x 02
0.1179  5 01 t 02    0.1179  5 01 t 02    0.0780  3 01 x 02    0.0779  3 01 x 02
0.1186  3 00 x 02    0.1187  3 00 x 02    0.0791  2 00 t 02    0.0791  2 00 t 02
0.1204  4 00 x 02    0.1205  4 01 x 02    0.0800  2 01 t 02    0.0799  2 01 t 02
0.1205  4 01 x 02    0.1205  4 00 x 02    0.0800  4 01 x 02    0.0801  4 01 x 02
0.1217  3 01 x 02    0.1217  3 01 x 02    0.0801  4 00 x 02    0.0802  4 00 x 02
0.1235  2 00 t 02    0.1235  2 00 t 02    0.0807  5 00 t 02    0.0807  5 00 t 02
0.1247  2 01 t 02    0.1246  2 01 t 02    0.0826  2 01 x 02    0.0826  2 01 x 02
0.1269  5 01 x 02    0.1268  5 01 x 02    0.0838  5 01 t 02    0.0838  5 01 t 02
0.1275  5 00 x 02    0.1275  5 00 x 02    0.0855  2 00 x 02    0.0856  2 00 x 02
0.1283  2 01 x 02    0.1283  2 01 x 02    0.0876  5 01 x 02    0.0876  5 01 x 02
0.1337  2 00 x 02    0.1338  2 00 x 02    0.0886  5 00 x 02    0.0886  5 00 x 02
---Benchmark Program Finished---
