
./testbench_2kary.sh clang++ O3 MontgomeryFull uint64_t 191 8 22 -DTEST_ARRAY

compilation finished, now executing:
---Running Program---

begin benchmarks - array pow
(ignore)604918524362530784

OVERALL BEST:
0.2430  3 01 t 07
0.2455  3 00 x 07
0.2459  3 01 t 05
0.2474  3 01 x 05
0.2477  3 01 t 08
0.2478  3 00 x 08
0.2488  4 01 t 07
0.2495  3 00 t 08
0.2498  4 00 x 08
0.2506  3 00 t 07
0.2543  3 01 t 06
0.2555  3 00 x 10
0.2563  3 01 t 10
0.2568  3 00 t 06
0.2569  4 00 t 10
0.2570  3 01 t 12
0.2572  4 01 t 10
0.2573  3 01 x 12
0.2574  3 00 t 10
0.2581  3 01 x 06
0.2583  3 01 x 10
0.2593  4 00 t 08
0.2601  4 01 x 10
0.2608  3 01 x 08
0.2610  4 01 x 12
0.2611  3 00 t 05
0.2613  4 00 t 06
0.2614  3 00 t 12
0.2615  4 01 t 05
0.2616  4 01 t 12
0.2620  4 01 t 06
0.2626  4 00 x 06
0.2635  4 00 t 12
0.2647  4 01 t 08
0.2648  4 01 x 08
0.2651  3 00 x 12
0.2665  2 01 t 07
0.2673  4 00 t 07
0.2673  4 00 x 07
0.2674  4 00 t 05
0.2678  3 00 x 06
0.2678  4 00 x 10
0.2685  4 01 x 06
0.2692  4 01 x 07
0.2695  3 01 x 07
0.2703  3 00 x 05
0.2710  4 01 x 05
0.2712  4 00 x 12
0.2715  2 01 t 08
0.2716  2 00 t 08
0.2722  2 00 x 08
0.2732  2 01 x 05
0.2752  2 00 t 07
0.2755  2 01 x 07
0.2759  4 00 x 05
0.2765  2 01 t 12
0.2767  2 01 t 10
0.2782  2 01 x 12
0.2790  2 01 x 08
0.2790  2 00 t 12
0.2806  2 01 x 06
0.2814  2 00 t 06
0.2819  2 00 x 05
0.2820  2 00 t 10
0.2827  4 00 t 04
0.2828  4 01 t 04
0.2831  2 00 t 05
0.2836  2 01 t 06
0.2842  2 01 x 10
0.2845  2 00 x 06
0.2845  3 01 t 04
0.2855  2 00 x 12
0.2862  3 00 t 04
0.2867  4 00 x 04
0.2873  2 00 x 10
0.2877  2 01 t 05
0.2877  5 01 t 07
0.2888  4 01 x 04
0.2894  3 00 x 04
0.2907  5 00 t 10
0.2917  5 01 t 10
0.2940  5 00 x 08
0.2943  3 01 x 04
0.2944  5 01 t 05
0.2949  5 00 x 06
0.2951  5 00 t 08
0.2952  5 00 t 06
0.2954  5 01 x 10
0.2956  5 01 t 06
0.2960  2 00 x 07
0.2985  5 00 x 10
0.2993  5 01 x 08
0.2995  5 00 x 07
0.3000  5 01 t 12
0.3011  5 01 x 12
0.3018  5 01 t 08
0.3019  5 00 t 12
0.3027  5 00 t 07
0.3034  2 01 t 04
0.3048  5 00 t 05
0.3055  2 01 x 04
0.3056  5 01 x 07
0.3063  5 01 x 05
0.3066  5 01 x 06
0.3075  5 00 x 12
0.3096  3 01 t 03
0.3103  4 01 t 03
0.3122  2 00 t 04
0.3140  4 01 x 03
0.3167  5 00 t 04
0.3173  5 01 t 04
0.3179  4 00 x 03
0.3185  3 00 t 03
0.3194  3 01 x 03
0.3202  2 00 x 04
0.3203  4 00 t 03
0.3216  3 00 x 03
0.3246  2 01 t 03
0.3283  5 00 x 05
0.3323  2 01 x 03
0.3324  5 00 x 04
0.3429  5 01 x 04
0.3484  5 01 t 03
0.3533  5 00 t 03
0.3537  5 00 x 03
0.3582  5 01 x 03
0.3666  2 00 x 03
0.3670  2 00 t 03
0.3866  3 00 t 02
0.3889  3 01 t 02
0.3892  3 00 x 02
0.4045  3 01 x 02
0.4049  4 01 t 02
0.4072  4 00 t 02
0.4111  4 00 x 02
0.4237  4 01 x 02
0.4265  2 01 t 02
0.4351  2 00 t 02
0.4352  2 01 x 02
0.4393  5 01 t 02
0.4403  5 00 t 02
0.4438  2 00 x 02
0.4492  5 00 x 02
0.4521  5 01 x 02
Timings By Test Type:
0.0724  3 01 t 07    0.0724  3 01 t 07    0.0490  3 01 t 07    0.0491  3 01 t 07
0.0728  4 01 t 07    0.0728  4 01 t 07    0.0496  3 00 x 07    0.0496  3 00 x 07
0.0730  4 00 x 08    0.0730  4 00 x 08    0.0498  3 01 t 05    0.0498  3 01 t 05
0.0731  3 00 x 07    0.0732  3 01 t 05    0.0500  3 01 t 08    0.0500  3 01 t 08
0.0732  3 01 t 05    0.0732  3 00 x 07    0.0500  3 00 x 08    0.0501  3 01 x 05
0.0736  3 01 x 05    0.0736  3 01 x 05    0.0501  3 01 x 05    0.0501  3 00 x 08
0.0738  3 00 x 08    0.0739  3 00 x 08    0.0503  3 00 t 08    0.0503  3 00 t 08
0.0739  3 01 t 08    0.0739  3 01 t 08    0.0505  3 00 t 07    0.0506  3 00 t 07
0.0745  3 00 t 08    0.0745  3 00 t 08    0.0514  3 01 t 06    0.0514  3 01 t 06
0.0747  3 00 t 07    0.0748  3 00 t 07    0.0514  3 00 x 10    0.0515  3 00 x 10
0.0753  4 01 t 10    0.0754  4 01 t 10    0.0516  3 01 t 12    0.0516  3 01 t 10
0.0754  4 00 t 10    0.0754  4 00 t 10    0.0516  3 01 t 10    0.0516  4 01 t 07
0.0757  3 01 t 06    0.0757  3 01 t 06    0.0516  4 01 t 07    0.0516  3 01 t 12
0.0758  4 00 t 08    0.0758  4 00 t 08    0.0517  3 01 x 12    0.0517  3 01 x 12
0.0763  4 01 x 10    0.0762  4 01 x 10    0.0517  3 00 t 10    0.0518  3 00 t 10
0.0763  4 01 x 12    0.0763  3 00 x 10    0.0518  3 00 t 06    0.0518  3 00 t 06
0.0763  3 00 x 10    0.0763  4 01 x 12    0.0519  4 00 x 08    0.0520  4 00 x 08
0.0763  4 01 t 12    0.0764  4 01 t 12    0.0520  3 01 x 10    0.0520  3 01 x 10
0.0764  4 01 t 05    0.0764  4 01 t 05    0.0522  3 01 x 06    0.0522  3 01 x 06
0.0765  4 00 t 06    0.0765  4 00 t 06    0.0524  3 01 x 08    0.0524  3 01 x 08
0.0765  3 01 t 10    0.0765  3 01 t 10    0.0526  3 00 t 12    0.0527  3 00 t 12
0.0766  3 00 t 06    0.0766  3 00 t 06    0.0527  3 00 t 05    0.0527  3 00 t 05
0.0768  4 01 t 06    0.0767  3 01 x 06    0.0531  4 00 t 10    0.0531  4 00 t 10
0.0769  4 00 x 06    0.0768  4 01 t 06    0.0531  2 01 t 07    0.0531  2 01 t 07
0.0769  3 01 x 06    0.0768  3 01 t 12    0.0532  3 00 x 12    0.0532  3 00 x 12
0.0769  3 00 t 10    0.0769  3 01 x 12    0.0533  4 01 t 10    0.0533  4 01 t 10
0.0769  3 01 t 12    0.0769  3 00 t 10    0.0538  4 01 x 10    0.0537  3 00 x 06
0.0770  3 01 x 12    0.0769  4 00 x 06    0.0538  3 00 x 06    0.0538  4 00 t 08
0.0771  4 00 t 12    0.0770  4 00 t 12    0.0539  4 00 t 08    0.0538  4 01 x 10
0.0772  3 01 x 10    0.0771  3 01 x 10    0.0541  2 01 t 08    0.0541  2 01 t 08
0.0775  4 01 x 08    0.0775  4 01 t 08    0.0541  2 00 t 08    0.0541  2 00 t 08
0.0776  4 01 t 08    0.0777  4 01 x 08    0.0541  2 01 x 05    0.0542  2 01 x 05
0.0779  3 00 t 05    0.0778  3 00 t 05    0.0542  4 01 t 06    0.0542  4 01 t 06
0.0780  3 01 x 08    0.0781  3 01 x 08    0.0542  4 00 t 06    0.0542  4 01 x 12
0.0781  3 00 t 12    0.0781  3 00 t 12    0.0542  2 00 x 08    0.0542  4 00 t 06
0.0781  4 00 t 05    0.0782  4 00 t 05    0.0543  4 01 x 12    0.0542  2 00 x 08
0.0786  4 00 t 07    0.0786  4 00 t 07    0.0543  3 01 x 07    0.0543  4 01 t 05
0.0786  4 00 x 07    0.0786  4 00 x 07    0.0544  4 01 t 05    0.0543  3 01 x 07
0.0787  4 00 x 10    0.0787  4 00 x 10    0.0544  3 00 x 05    0.0544  4 00 x 06
0.0788  4 01 x 06    0.0788  4 01 x 06    0.0544  4 00 x 06    0.0544  4 01 t 12
0.0792  4 01 x 07    0.0792  4 01 x 07    0.0545  4 01 t 12    0.0545  3 00 x 05
0.0793  3 00 x 12    0.0793  3 00 x 12    0.0546  4 00 t 12    0.0548  4 00 t 12
0.0795  4 01 x 05    0.0795  4 00 x 12    0.0548  4 01 t 08    0.0548  4 01 t 08
0.0795  4 00 x 12    0.0795  4 01 x 05    0.0548  2 00 t 07    0.0548  2 00 t 07
0.0801  2 01 t 07    0.0801  3 00 x 06    0.0549  4 01 x 08    0.0548  4 01 x 08
0.0802  3 00 x 06    0.0801  2 01 t 07    0.0550  2 01 x 07    0.0549  2 01 x 07
0.0804  3 01 x 07    0.0804  3 01 x 07    0.0550  4 00 x 07    0.0551  4 00 t 07
0.0807  3 00 x 05    0.0807  3 00 x 05    0.0551  4 00 t 07    0.0551  2 01 t 12
0.0810  4 00 x 05    0.0810  4 00 x 05    0.0551  2 01 t 12    0.0551  4 00 x 07
0.0817  2 01 t 08    0.0817  2 01 t 08    0.0552  2 01 t 10    0.0552  2 01 t 10
0.0817  2 00 t 08    0.0817  2 00 t 08    0.0552  4 00 x 10    0.0552  4 00 x 10
0.0819  2 00 x 08    0.0818  2 00 x 08    0.0553  4 01 x 07    0.0554  4 01 x 07
0.0819  5 01 t 07    0.0820  5 01 t 07    0.0555  4 01 x 06    0.0555  4 01 x 06
0.0825  2 01 x 05    0.0825  2 01 x 05    0.0555  2 01 x 08    0.0555  2 01 x 08
0.0827  2 00 t 07    0.0828  2 01 x 07    0.0555  2 01 x 12    0.0555  2 01 x 12
0.0828  2 01 x 07    0.0828  2 00 t 07    0.0555  4 00 t 05    0.0556  4 00 t 05
0.0829  4 00 t 04    0.0829  4 01 t 04    0.0557  2 00 t 12    0.0556  2 00 t 12
0.0830  4 01 t 04    0.0830  4 00 t 04    0.0558  2 01 x 06    0.0558  2 01 x 06
0.0831  5 00 t 10    0.0831  5 00 t 10    0.0559  2 00 x 05    0.0560  2 00 x 05
0.0831  2 01 t 10    0.0832  2 01 t 12    0.0560  2 00 t 06    0.0560  2 00 t 06
0.0831  2 01 t 12    0.0832  2 01 t 10    0.0560  4 01 x 05    0.0560  4 01 x 05
0.0833  5 01 t 10    0.0834  5 01 t 10    0.0561  4 00 x 12    0.0561  4 00 x 12
0.0836  2 01 x 12    0.0836  2 01 x 12    0.0562  2 00 t 05    0.0561  2 00 t 05
0.0836  5 00 x 08    0.0837  5 00 x 08    0.0562  2 00 t 10    0.0562  2 00 t 10
0.0838  5 01 t 05    0.0837  5 01 t 05    0.0563  2 01 t 06    0.0564  2 01 t 06
0.0839  2 00 t 12    0.0838  2 00 t 12    0.0565  2 00 x 06    0.0565  2 00 x 06
0.0840  2 01 x 08    0.0840  2 01 x 08    0.0567  2 01 x 10    0.0566  2 01 x 10
0.0840  5 00 x 06    0.0841  4 00 x 04    0.0569  2 00 x 12    0.0569  2 01 t 05
0.0841  4 00 x 04    0.0842  5 00 x 06    0.0570  2 01 t 05    0.0570  2 00 x 12
0.0842  5 00 t 08    0.0842  5 01 t 06    0.0570  4 00 x 05    0.0570  4 00 x 05
0.0843  5 01 t 06    0.0842  5 00 t 08    0.0573  2 00 x 10    0.0573  2 00 x 10
0.0844  2 01 x 06    0.0844  5 00 t 06    0.0574  3 01 t 04    0.0574  3 01 t 04
0.0844  5 01 x 10    0.0845  2 01 x 06    0.0578  3 00 t 04    0.0577  3 00 t 04
0.0844  5 00 t 06    0.0845  5 01 x 10    0.0583  3 00 x 04    0.0583  3 00 x 04
0.0847  2 00 t 06    0.0847  2 00 t 06    0.0584  4 00 t 04    0.0584  4 00 t 04
0.0848  4 01 x 04    0.0847  2 00 t 10    0.0585  4 01 t 04    0.0584  4 01 t 04
0.0848  3 01 t 04    0.0848  4 01 x 04    0.0589  2 00 x 07    0.0589  2 00 x 07
0.0848  2 00 t 10    0.0848  3 01 t 04    0.0592  4 00 x 04    0.0592  4 00 x 04
0.0850  2 00 x 05    0.0850  2 00 x 05    0.0593  3 01 x 04    0.0593  3 01 x 04
0.0853  3 00 t 04    0.0853  5 00 x 10    0.0596  4 01 x 04    0.0596  4 01 x 04
0.0854  5 01 t 12    0.0854  5 01 t 12    0.0600  2 01 t 04    0.0600  2 01 t 04
0.0854  2 01 t 06    0.0854  2 00 t 05    0.0604  2 01 x 04    0.0604  2 01 x 04
0.0854  2 00 t 05    0.0854  3 00 t 04    0.0618  2 00 t 04    0.0618  2 00 t 04
0.0854  2 01 x 10    0.0854  2 01 t 06    0.0619  5 01 t 07    0.0619  5 01 t 07
0.0854  5 01 x 08    0.0855  2 01 x 10    0.0622  3 01 t 03    0.0622  3 01 t 03
0.0854  5 00 x 07    0.0855  5 00 x 07    0.0622  5 00 t 10    0.0623  5 00 t 10
0.0855  5 00 x 10    0.0855  5 01 x 08    0.0625  5 01 t 10    0.0625  5 01 t 10
0.0857  5 01 x 12    0.0857  2 00 x 06    0.0631  5 00 t 06    0.0632  5 01 x 10
0.0857  2 00 x 06    0.0857  5 01 x 12    0.0632  2 00 x 04    0.0632  2 00 x 04
0.0858  5 00 t 12    0.0859  5 00 t 12    0.0633  5 01 x 10    0.0633  5 00 t 06
0.0858  2 00 x 12    0.0859  2 00 x 12    0.0633  5 00 x 06    0.0634  5 00 x 08
0.0863  5 01 t 08    0.0863  5 01 t 08    0.0633  5 00 t 08    0.0634  5 00 t 08
0.0863  2 00 x 10    0.0864  2 00 x 10    0.0634  5 00 x 08    0.0634  5 00 x 06
0.0864  3 00 x 04    0.0864  3 00 x 04    0.0634  5 01 t 05    0.0634  5 01 t 05
0.0866  5 00 t 07    0.0865  5 00 t 07    0.0636  5 01 t 06    0.0636  4 01 t 03
0.0869  2 01 t 05    0.0869  2 01 t 05    0.0636  4 01 t 03    0.0636  5 01 t 06
0.0872  5 00 t 05    0.0871  5 00 t 05    0.0637  3 00 t 03    0.0637  3 00 t 03
0.0874  5 01 x 05    0.0874  5 01 x 05    0.0639  5 00 x 10    0.0639  5 00 x 10
0.0875  5 01 x 07    0.0874  5 01 x 06    0.0641  3 01 x 03    0.0641  3 01 x 03
0.0875  5 01 x 06    0.0875  5 01 x 07    0.0641  2 01 t 03    0.0642  2 01 t 03
0.0877  5 00 x 12    0.0877  5 00 x 12    0.0642  5 01 x 08    0.0642  3 00 x 03
0.0878  3 01 x 04    0.0879  3 01 x 04    0.0642  3 00 x 03    0.0642  5 01 x 08
0.0891  2 00 x 07    0.0890  2 00 x 07    0.0643  5 00 x 07    0.0643  5 00 x 07
0.0910  5 00 t 04    0.0909  5 00 t 04    0.0644  4 01 x 03    0.0643  4 01 x 03
0.0912  5 01 t 04    0.0911  5 01 t 04    0.0646  5 01 t 08    0.0646  5 01 t 08
0.0916  4 01 t 03    0.0916  4 01 t 03    0.0646  5 01 t 12    0.0646  5 01 t 12
0.0917  2 01 t 04    0.0917  2 01 t 04    0.0647  5 01 x 12    0.0648  5 00 t 07
0.0924  2 01 x 04    0.0924  2 01 x 04    0.0648  5 00 t 07    0.0649  5 01 x 12
0.0926  3 01 t 03    0.0926  3 01 t 03    0.0651  4 00 x 03    0.0651  4 00 x 03
0.0927  4 01 x 03    0.0926  4 01 x 03    0.0651  5 00 t 12    0.0651  5 00 t 12
0.0939  4 00 x 03    0.0938  4 00 x 03    0.0652  5 00 t 05    0.0653  5 00 t 05
0.0943  2 00 t 04    0.0943  2 00 t 04    0.0653  5 01 x 07    0.0653  5 01 x 07
0.0945  5 00 x 05    0.0945  5 00 x 05    0.0654  2 01 x 03    0.0653  2 01 x 03
0.0947  4 00 t 03    0.0947  4 00 t 03    0.0655  4 00 t 03    0.0654  4 00 t 03
0.0955  3 00 t 03    0.0955  3 00 t 03    0.0657  5 01 x 05    0.0657  5 01 x 05
0.0956  3 01 x 03    0.0956  3 01 x 03    0.0658  5 01 x 06    0.0658  5 01 x 06
0.0957  5 00 x 04    0.0957  5 00 x 04    0.0661  5 00 x 12    0.0660  5 00 x 12
0.0966  3 00 x 03    0.0966  3 00 x 03    0.0673  5 00 t 04    0.0674  5 00 t 04
0.0969  2 00 x 04    0.0969  2 00 x 04    0.0674  5 01 t 04    0.0676  5 01 t 04
0.0982  2 01 t 03    0.0982  2 01 t 03    0.0697  5 00 x 05    0.0697  5 00 x 05
0.0991  5 01 x 04    0.0991  5 01 x 04    0.0705  5 00 x 04    0.0705  5 00 x 04
0.1008  2 01 x 03    0.1008  5 01 t 03    0.0717  2 00 t 03    0.0717  2 00 t 03
0.1008  5 01 t 03    0.1008  2 01 x 03    0.0719  2 00 x 03    0.0719  2 00 x 03
0.1022  5 00 x 03    0.1021  5 00 t 03    0.0723  5 01 x 04    0.0723  5 01 x 04
0.1023  5 00 t 03    0.1022  5 00 x 03    0.0734  5 01 t 03    0.0734  5 01 t 03
0.1038  5 01 x 03    0.1038  5 01 x 03    0.0744  5 00 t 03    0.0744  5 00 t 03
0.1114  2 00 x 03    0.1114  2 00 x 03    0.0746  5 00 x 03    0.0747  5 00 x 03
0.1118  2 00 t 03    0.1118  2 00 t 03    0.0753  5 01 x 03    0.0753  5 01 x 03
0.1176  3 00 t 02    0.1176  3 00 t 02    0.0757  3 00 t 02    0.0757  3 00 t 02
0.1181  3 00 x 02    0.1181  3 00 x 02    0.0761  3 01 t 02    0.0761  3 01 t 02
0.1183  3 01 t 02    0.1183  3 01 t 02    0.0765  3 00 x 02    0.0765  3 00 x 02
0.1203  4 01 t 02    0.1203  4 01 t 02    0.0793  3 01 x 02    0.0793  3 01 x 02
0.1212  4 00 t 02    0.1212  4 00 t 02    0.0822  4 01 t 02    0.0822  4 01 t 02
0.1222  4 00 x 02    0.1222  4 00 x 02    0.0824  4 00 t 02    0.0824  4 00 t 02
0.1229  3 01 x 02    0.1229  3 01 x 02    0.0833  2 01 t 02    0.0833  2 01 t 02
0.1262  4 01 x 02    0.1261  4 01 x 02    0.0834  4 00 x 02    0.0833  4 00 x 02
0.1277  5 01 t 02    0.1279  5 01 t 02    0.0848  2 00 t 02    0.0848  2 00 t 02
0.1282  5 00 t 02    0.1282  5 00 t 02    0.0850  2 01 x 02    0.0850  2 01 x 02
0.1299  2 01 t 02    0.1299  2 01 t 02    0.0857  4 01 x 02    0.0857  4 01 x 02
0.1313  5 00 x 02    0.1312  5 00 x 02    0.0867  2 00 x 02    0.0867  2 00 x 02
0.1321  5 01 x 02    0.1325  5 01 x 02    0.0918  5 01 t 02    0.0918  5 01 t 02
0.1326  2 01 x 02    0.1326  2 01 x 02    0.0919  5 00 t 02    0.0919  5 00 t 02
0.1328  2 00 t 02    0.1327  2 00 t 02    0.0933  5 00 x 02    0.0934  5 00 x 02
0.1352  2 00 x 02    0.1352  2 00 x 02    0.0937  5 01 x 02    0.0938  5 01 x 02
---Benchmark Program Finished---
