
./testbench_2kary.sh g++ O3 MontgomeryHalf uint64_t 191 8 22 -DTEST_ARRAY -DHURCHALLA_MONTGOMERY_POW_2KARY_USE_CSELECT_ON_BIT -DHURCHALLA_ALLOW_INLINE_ASM_ALL

compilation finished, now executing:
---Running Program---

begin benchmarks - array pow
(ignore)17513345000201297728

OVERALL BEST:
0.2149  3 00 x 08
0.2165  3 00 x 10
0.2195  3 01 x 07
0.2198  3 01 x 10
0.2200  3 00 x 05
0.2202  3 00 x 06
0.2203  3 00 x 07
0.2205  4 00 x 10
0.2216  3 01 x 05
0.2218  3 01 x 06
0.2231  3 00 x 12
0.2235  4 01 x 10
0.2240  3 01 x 08
0.2245  4 00 x 12
0.2246  4 00 x 06
0.2247  4 01 x 12
0.2260  3 01 x 12
0.2278  4 00 x 08
0.2287  4 01 x 07
0.2293  3 00 x 04
0.2301  4 00 x 07
0.2305  4 01 x 06
0.2312  4 00 x 05
0.2342  4 01 x 05
0.2354  4 01 x 08
0.2360  2 00 x 05
0.2422  3 01 x 04
0.2439  2 01 x 05
0.2454  2 00 x 06
0.2461  4 00 x 04
0.2480  2 00 x 08
0.2518  2 00 x 07
0.2534  2 01 x 06
0.2560  4 01 x 04
0.2560  2 01 x 07
0.2563  5 00 x 10
0.2573  2 01 x 08
0.2581  5 01 x 10
0.2587  2 00 x 04
0.2615  2 00 x 10
0.2621  5 00 x 05
0.2648  3 00 x 03
0.2649  5 01 x 05
0.2671  5 00 x 08
0.2687  5 01 x 06
0.2692  5 01 x 12
0.2697  5 00 x 07
0.2708  5 00 x 06
0.2713  5 00 x 12
0.2722  2 00 x 12
0.2730  2 01 x 10
0.2732  5 01 x 07
0.2769  5 01 x 08
0.2794  4 01 x 03
0.2796  4 00 x 03
0.2822  2 01 x 12
0.2825  3 01 x 03
0.2829  2 01 x 04
0.2877  2 00 x 03
0.2993  2 01 x 03
0.2994  5 00 x 04
0.3076  5 01 x 04
0.3166  5 00 x 03
0.3273  5 01 x 03
0.3351  3 00 x 02
0.3446  3 01 x 02
0.3505  4 00 x 02
0.3665  4 01 x 02
0.3666  2 00 x 02
0.3722  2 01 x 02
0.3954  5 00 x 02
0.3957  5 01 x 02
Timings By Test Type:
0.0640  3 00 x 08    0.0640  3 00 x 08    0.0435  3 00 x 08    0.0435  3 00 x 08
0.0643  4 00 x 10    0.0643  4 00 x 10    0.0439  3 00 x 10    0.0438  3 00 x 10
0.0644  3 00 x 10    0.0644  3 00 x 10    0.0446  3 01 x 07    0.0445  3 01 x 07
0.0652  4 01 x 10    0.0652  3 01 x 07    0.0446  3 01 x 10    0.0446  3 00 x 05
0.0653  3 01 x 07    0.0652  4 01 x 10    0.0446  3 00 x 05    0.0446  3 01 x 10
0.0653  3 00 x 06    0.0653  3 01 x 10    0.0447  3 00 x 07    0.0447  3 00 x 06
0.0653  3 01 x 10    0.0653  3 00 x 06    0.0449  3 00 x 06    0.0447  3 00 x 07
0.0653  4 00 x 12    0.0654  4 01 x 12    0.0450  3 01 x 06    0.0451  3 01 x 05
0.0655  3 00 x 05    0.0654  3 00 x 07    0.0451  3 01 x 05    0.0451  3 01 x 06
0.0655  4 01 x 12    0.0654  3 00 x 05    0.0452  3 00 x 12    0.0451  3 00 x 12
0.0655  3 00 x 07    0.0654  4 00 x 12    0.0455  3 01 x 08    0.0455  3 01 x 08
0.0655  4 00 x 06    0.0655  4 00 x 06    0.0458  3 01 x 12    0.0458  3 01 x 12
0.0657  3 01 x 05    0.0657  3 01 x 05    0.0459  4 00 x 10    0.0459  4 00 x 10
0.0660  3 01 x 06    0.0657  3 01 x 06    0.0462  3 00 x 04    0.0461  3 00 x 04
0.0664  3 00 x 12    0.0664  4 00 x 08    0.0466  4 01 x 10    0.0466  4 01 x 10
0.0664  4 00 x 08    0.0664  3 00 x 12    0.0468  4 00 x 06    0.0468  4 00 x 06
0.0665  4 01 x 07    0.0664  3 01 x 08    0.0469  4 01 x 12    0.0469  4 00 x 12
0.0666  3 01 x 08    0.0664  4 01 x 07    0.0469  4 00 x 12    0.0469  4 01 x 12
0.0670  4 01 x 06    0.0669  4 00 x 07    0.0472  2 00 x 05    0.0472  2 00 x 05
0.0670  4 00 x 07    0.0671  4 01 x 06    0.0475  4 00 x 08    0.0475  4 00 x 08
0.0671  4 00 x 05    0.0671  4 00 x 05    0.0479  4 01 x 07    0.0478  4 01 x 07
0.0671  3 01 x 12    0.0672  3 01 x 12    0.0480  4 01 x 06    0.0481  4 00 x 07
0.0682  4 01 x 05    0.0681  4 01 x 05    0.0481  4 00 x 07    0.0484  4 00 x 05
0.0683  4 01 x 08    0.0684  4 01 x 08    0.0485  2 01 x 05    0.0484  4 01 x 06
0.0685  3 00 x 04    0.0685  3 00 x 04    0.0485  4 00 x 05    0.0485  2 01 x 05
0.0708  2 00 x 05    0.0708  2 00 x 05    0.0490  4 01 x 05    0.0489  2 00 x 06
0.0719  4 00 x 04    0.0717  4 00 x 04    0.0491  3 01 x 04    0.0489  4 01 x 05
0.0721  3 01 x 04    0.0721  3 01 x 04    0.0491  2 00 x 06    0.0491  3 01 x 04
0.0726  5 00 x 10    0.0727  5 00 x 10    0.0494  4 01 x 08    0.0493  4 01 x 08
0.0732  5 01 x 10    0.0732  5 01 x 10    0.0496  2 00 x 08    0.0496  2 00 x 08
0.0735  2 01 x 05    0.0734  2 01 x 05    0.0503  2 00 x 07    0.0503  2 00 x 07
0.0736  2 00 x 06    0.0737  2 00 x 06    0.0508  2 01 x 06    0.0507  2 01 x 06
0.0744  5 00 x 05    0.0744  5 00 x 05    0.0512  2 01 x 07    0.0512  2 01 x 07
0.0744  2 00 x 08    0.0744  2 00 x 08    0.0513  4 00 x 04    0.0512  4 00 x 04
0.0749  4 01 x 04    0.0748  4 01 x 04    0.0516  2 00 x 04    0.0516  2 00 x 04
0.0753  5 01 x 05    0.0753  5 01 x 05    0.0517  2 01 x 08    0.0517  2 01 x 08
0.0754  5 00 x 08    0.0756  5 00 x 08    0.0521  2 00 x 10    0.0521  2 00 x 10
0.0756  2 00 x 07    0.0756  2 00 x 07    0.0530  3 00 x 03    0.0530  3 00 x 03
0.0759  2 01 x 06    0.0760  2 01 x 06    0.0532  4 01 x 04    0.0532  4 01 x 04
0.0761  5 01 x 06    0.0761  5 01 x 06    0.0543  2 00 x 12    0.0544  2 00 x 12
0.0762  5 00 x 07    0.0761  5 00 x 07    0.0545  2 01 x 10    0.0545  2 01 x 10
0.0764  5 01 x 12    0.0765  5 01 x 12    0.0555  5 00 x 10    0.0555  5 00 x 10
0.0767  5 00 x 06    0.0767  5 00 x 06    0.0558  5 01 x 10    0.0558  5 01 x 10
0.0768  2 01 x 07    0.0768  2 01 x 07    0.0562  2 01 x 12    0.0562  2 01 x 12
0.0770  5 00 x 12    0.0769  2 01 x 08    0.0563  2 01 x 04    0.0563  2 01 x 04
0.0770  2 01 x 08    0.0771  5 01 x 07    0.0567  3 01 x 03    0.0566  3 01 x 03
0.0771  5 01 x 07    0.0771  5 00 x 12    0.0567  5 00 x 05    0.0566  5 00 x 05
0.0778  2 00 x 04    0.0777  2 00 x 04    0.0570  5 01 x 05    0.0572  5 01 x 05
0.0780  5 01 x 08    0.0780  5 01 x 08    0.0573  2 00 x 03    0.0573  2 00 x 03
0.0787  2 00 x 10    0.0786  2 00 x 10    0.0576  4 01 x 03    0.0576  4 01 x 03
0.0794  3 00 x 03    0.0794  3 00 x 03    0.0577  4 00 x 03    0.0577  4 00 x 03
0.0818  2 00 x 12    0.0818  2 00 x 12    0.0581  5 01 x 12    0.0579  5 00 x 08
0.0820  2 01 x 10    0.0820  2 01 x 10    0.0582  5 00 x 08    0.0581  5 01 x 12
0.0821  4 01 x 03    0.0821  4 00 x 03    0.0582  5 01 x 06    0.0583  5 01 x 06
0.0821  4 00 x 03    0.0821  4 01 x 03    0.0586  5 00 x 12    0.0586  5 00 x 12
0.0846  3 01 x 03    0.0846  5 00 x 04    0.0586  5 00 x 06    0.0587  5 00 x 07
0.0847  5 00 x 04    0.0846  3 01 x 03    0.0587  5 00 x 07    0.0587  5 00 x 06
0.0849  2 01 x 12    0.0849  2 01 x 12    0.0594  2 01 x 03    0.0594  2 01 x 03
0.0851  2 01 x 04    0.0851  2 01 x 04    0.0595  5 01 x 07    0.0596  5 01 x 07
0.0866  2 00 x 03    0.0866  2 00 x 03    0.0604  5 01 x 08    0.0604  5 01 x 08
0.0869  5 01 x 04    0.0870  5 01 x 04    0.0650  5 00 x 04    0.0651  5 00 x 04
0.0903  2 01 x 03    0.0903  2 01 x 03    0.0667  3 00 x 02    0.0666  3 00 x 02
0.0905  5 00 x 03    0.0906  5 00 x 03    0.0669  5 01 x 04    0.0668  5 01 x 04
0.0939  5 01 x 03    0.0938  5 01 x 03    0.0678  5 00 x 03    0.0678  5 00 x 03
0.1008  3 00 x 02    0.1010  3 00 x 02    0.0679  3 01 x 02    0.0679  3 01 x 02
0.1030  4 00 x 02    0.1030  4 00 x 02    0.0698  5 01 x 03    0.0698  5 01 x 03
0.1043  3 01 x 02    0.1043  3 01 x 02    0.0723  4 00 x 02    0.0722  4 00 x 02
0.1086  4 01 x 02    0.1086  4 01 x 02    0.0725  2 00 x 02    0.0725  2 00 x 02
0.1108  2 00 x 02    0.1108  2 00 x 02    0.0725  2 01 x 02    0.0725  2 01 x 02
0.1136  2 01 x 02    0.1135  5 00 x 02    0.0746  4 01 x 02    0.0746  4 01 x 02
0.1137  5 00 x 02    0.1136  2 01 x 02    0.0839  5 01 x 02    0.0839  5 01 x 02
0.1139  5 01 x 02    0.1139  5 01 x 02    0.0841  5 00 x 02    0.0841  5 00 x 02
---Benchmark Program Finished---
