
./testbench_2kary.sh clang++ O3 MontgomeryHalf uint64_t 191 8 22 -DTEST_ARRAY -DHURCHALLA_MONTGOMERY_POW_2KARY_USE_CSELECT_ON_BIT -DHURCHALLA_ALLOW_INLINE_ASM_ALL

compilation finished, now executing:
---Running Program---

begin benchmarks - array pow
(ignore)17513345000201297728

OVERALL BEST:
0.2169  3 00 x 08
0.2184  3 00 x 12
0.2209  3 00 x 07
0.2209  4 00 x 12
0.2211  4 00 x 07
0.2217  3 01 x 08
0.2227  4 00 x 06
0.2229  3 00 x 06
0.2241  3 01 x 12
0.2244  4 01 x 10
0.2245  4 00 x 08
0.2246  4 01 x 12
0.2269  3 01 x 10
0.2274  3 01 x 06
0.2274  4 00 x 10
0.2292  4 01 x 08
0.2310  3 00 x 10
0.2315  4 01 x 06
0.2325  3 01 x 05
0.2348  4 01 x 07
0.2351  2 00 x 08
0.2372  2 00 x 07
0.2374  3 00 x 05
0.2409  4 01 x 05
0.2416  2 00 x 06
0.2417  4 00 x 05
0.2422  2 00 x 12
0.2441  3 01 x 07
0.2455  2 01 x 08
0.2464  3 00 x 04
0.2469  2 00 x 10
0.2471  2 01 x 05
0.2481  2 01 x 06
0.2482  3 01 x 04
0.2490  5 00 x 12
0.2493  4 00 x 04
0.2505  2 01 x 12
0.2509  5 01 x 10
0.2518  5 01 x 12
0.2528  5 00 x 08
0.2544  5 01 x 08
0.2548  5 01 x 06
0.2550  5 00 x 10
0.2581  2 01 x 10
0.2585  3 01 x 03
0.2591  2 01 x 04
0.2605  5 01 x 05
0.2607  5 00 x 07
0.2629  4 01 x 04
0.2635  4 01 x 03
0.2642  5 00 x 05
0.2659  5 01 x 07
0.2662  2 00 x 05
0.2690  5 00 x 06
0.2701  2 00 x 04
0.2731  3 00 x 03
0.2742  2 01 x 07
0.2750  5 00 x 04
0.2764  5 01 x 04
0.2766  4 00 x 03
0.2874  2 01 x 03
0.2939  5 01 x 03
0.3047  5 00 x 03
0.3076  2 00 x 03
0.3236  3 00 x 02
0.3296  3 01 x 02
0.3566  2 00 x 02
0.3585  2 01 x 02
0.3637  4 00 x 02
0.3661  4 01 x 02
0.4244  5 00 x 02
0.4269  5 01 x 02
Timings By Test Type:
0.0641  3 00 x 08    0.0643  3 00 x 08    0.0443  3 00 x 08    0.0442  3 00 x 08
0.0643  4 00 x 12    0.0644  4 00 x 12    0.0444  3 00 x 12    0.0446  3 00 x 12
0.0646  4 00 x 07    0.0645  4 00 x 07    0.0451  3 00 x 07    0.0450  3 01 x 08
0.0648  3 00 x 12    0.0646  3 00 x 12    0.0452  3 01 x 08    0.0451  3 00 x 07
0.0648  4 00 x 06    0.0648  4 00 x 06    0.0456  3 01 x 12    0.0456  3 01 x 12
0.0654  3 00 x 07    0.0654  4 01 x 10    0.0456  3 00 x 06    0.0456  3 00 x 06
0.0654  4 00 x 08    0.0654  3 00 x 07    0.0460  4 00 x 07    0.0460  4 00 x 07
0.0655  4 01 x 10    0.0655  4 00 x 08    0.0461  4 00 x 12    0.0461  3 01 x 10
0.0655  4 01 x 12    0.0655  4 01 x 12    0.0462  3 01 x 10    0.0461  4 00 x 12
0.0658  3 01 x 08    0.0656  3 01 x 08    0.0465  4 00 x 06    0.0465  3 01 x 06
0.0659  3 00 x 06    0.0658  3 00 x 06    0.0465  3 01 x 06    0.0465  4 00 x 06
0.0664  4 00 x 10    0.0664  3 01 x 12    0.0467  4 01 x 12    0.0468  4 01 x 12
0.0665  3 01 x 12    0.0664  4 00 x 10    0.0468  4 01 x 10    0.0468  4 00 x 08
0.0668  4 01 x 08    0.0668  4 01 x 08    0.0468  4 00 x 08    0.0468  4 01 x 10
0.0671  3 01 x 06    0.0672  3 01 x 06    0.0470  3 00 x 10    0.0469  3 00 x 10
0.0674  3 01 x 10    0.0673  3 01 x 10    0.0473  4 00 x 10    0.0472  2 00 x 08
0.0676  4 01 x 06    0.0676  4 01 x 06    0.0475  3 01 x 05    0.0472  4 00 x 10
0.0685  4 01 x 07    0.0685  3 00 x 10    0.0475  2 00 x 08    0.0475  3 01 x 05
0.0686  3 00 x 10    0.0686  4 01 x 07    0.0476  2 00 x 07    0.0477  2 00 x 07
0.0688  3 01 x 05    0.0688  3 01 x 05    0.0478  4 01 x 08    0.0478  4 01 x 08
0.0703  3 00 x 05    0.0702  2 00 x 08    0.0482  4 01 x 06    0.0482  4 01 x 06
0.0703  2 00 x 08    0.0702  3 00 x 05    0.0483  2 00 x 06    0.0482  2 00 x 06
0.0704  4 01 x 05    0.0706  4 00 x 05    0.0484  3 00 x 05    0.0485  3 00 x 05
0.0706  4 00 x 05    0.0706  4 01 x 05    0.0486  2 00 x 12    0.0487  2 00 x 12
0.0709  5 00 x 12    0.0709  5 00 x 12    0.0488  4 01 x 07    0.0489  4 01 x 07
0.0710  2 00 x 07    0.0710  2 00 x 07    0.0493  2 01 x 08    0.0493  2 01 x 08
0.0714  5 01 x 10    0.0714  5 01 x 10    0.0494  3 01 x 07    0.0494  2 01 x 05
0.0718  5 01 x 12    0.0718  5 01 x 12    0.0494  2 01 x 05    0.0495  2 00 x 10
0.0721  5 00 x 08    0.0721  5 00 x 08    0.0495  2 00 x 10    0.0498  3 01 x 07
0.0725  5 01 x 08    0.0722  3 01 x 07    0.0498  2 01 x 06    0.0499  2 01 x 06
0.0725  2 00 x 06    0.0724  2 00 x 12    0.0500  4 01 x 05    0.0500  4 01 x 05
0.0725  2 00 x 12    0.0724  5 01 x 08    0.0503  4 00 x 05    0.0501  2 01 x 12
0.0726  4 00 x 04    0.0726  2 00 x 06    0.0504  3 00 x 04    0.0503  4 00 x 05
0.0726  5 01 x 06    0.0726  5 01 x 06    0.0504  2 01 x 12    0.0504  3 00 x 04
0.0727  3 01 x 07    0.0726  4 00 x 04    0.0507  3 01 x 04    0.0507  3 01 x 04
0.0728  3 00 x 04    0.0727  5 00 x 10    0.0519  2 01 x 10    0.0519  2 01 x 10
0.0728  5 00 x 10    0.0728  3 00 x 04    0.0520  4 00 x 04    0.0520  4 00 x 04
0.0734  3 01 x 04    0.0734  2 01 x 08    0.0521  2 01 x 04    0.0521  2 01 x 04
0.0734  2 01 x 08    0.0734  3 01 x 04    0.0529  3 01 x 03    0.0529  3 01 x 03
0.0739  2 00 x 10    0.0740  2 00 x 10    0.0536  5 00 x 12    0.0536  5 00 x 12
0.0741  2 01 x 05    0.0741  2 01 x 05    0.0537  2 00 x 05    0.0537  2 00 x 05
0.0742  2 01 x 06    0.0742  2 01 x 06    0.0540  2 00 x 04    0.0540  2 00 x 04
0.0744  5 01 x 05    0.0744  5 01 x 05    0.0540  5 01 x 10    0.0540  5 01 x 10
0.0746  5 00 x 07    0.0745  5 00 x 07    0.0541  5 01 x 12    0.0541  5 01 x 12
0.0748  2 01 x 12    0.0751  2 01 x 12    0.0544  5 00 x 08    0.0543  5 00 x 08
0.0755  5 00 x 05    0.0755  5 00 x 05    0.0546  4 01 x 04    0.0546  4 01 x 04
0.0760  5 01 x 07    0.0760  5 01 x 07    0.0548  5 01 x 08    0.0547  5 00 x 10
0.0764  3 01 x 03    0.0764  3 01 x 03    0.0548  5 00 x 10    0.0547  5 01 x 08
0.0768  4 01 x 04    0.0768  4 01 x 04    0.0548  5 01 x 06    0.0548  5 01 x 06
0.0769  4 01 x 03    0.0769  4 01 x 03    0.0548  4 01 x 03    0.0548  4 01 x 03
0.0770  5 00 x 06    0.0770  5 00 x 06    0.0552  2 01 x 07    0.0553  2 01 x 07
0.0772  2 01 x 10    0.0770  2 01 x 10    0.0553  3 00 x 03    0.0553  3 00 x 03
0.0775  2 01 x 04    0.0775  2 01 x 04    0.0558  5 00 x 07    0.0558  5 00 x 07
0.0786  5 00 x 04    0.0786  5 00 x 04    0.0559  5 01 x 05    0.0559  5 01 x 05
0.0789  5 01 x 04    0.0789  5 01 x 04    0.0566  5 00 x 05    0.0566  5 00 x 05
0.0794  2 00 x 05    0.0794  2 00 x 05    0.0570  5 01 x 07    0.0569  5 01 x 07
0.0810  2 00 x 04    0.0811  4 00 x 03    0.0572  4 00 x 03    0.0572  4 00 x 03
0.0811  4 00 x 03    0.0811  2 00 x 04    0.0574  2 01 x 03    0.0574  2 01 x 03
0.0812  3 00 x 03    0.0812  3 00 x 03    0.0575  5 00 x 06    0.0575  5 00 x 06
0.0818  2 01 x 07    0.0819  2 01 x 07    0.0589  5 00 x 04    0.0589  5 00 x 04
0.0840  5 01 x 03    0.0840  5 01 x 03    0.0593  5 01 x 04    0.0593  5 01 x 04
0.0864  2 01 x 03    0.0863  2 01 x 03    0.0613  2 00 x 03    0.0613  2 00 x 03
0.0878  5 00 x 03    0.0877  5 00 x 03    0.0629  5 01 x 03    0.0629  5 01 x 03
0.0925  2 00 x 03    0.0925  2 00 x 03    0.0646  5 00 x 03    0.0645  3 00 x 02
0.0972  3 00 x 02    0.0972  3 00 x 02    0.0646  3 00 x 02    0.0646  5 00 x 03
0.0989  3 01 x 02    0.0990  3 01 x 02    0.0658  3 01 x 02    0.0658  3 01 x 02
0.1062  4 00 x 02    0.1062  4 00 x 02    0.0706  2 00 x 02    0.0706  2 00 x 02
0.1069  4 01 x 02    0.1067  4 01 x 02    0.0709  2 01 x 02    0.0709  2 01 x 02
0.1077  2 00 x 02    0.1077  2 00 x 02    0.0757  4 00 x 02    0.0757  4 00 x 02
0.1083  2 01 x 02    0.1084  2 01 x 02    0.0762  4 01 x 02    0.0762  4 01 x 02
0.1209  5 00 x 02    0.1208  5 00 x 02    0.0913  5 00 x 02    0.0914  5 00 x 02
0.1219  5 01 x 02    0.1208  5 01 x 02    0.0921  5 01 x 02    0.0921  5 01 x 02
---Benchmark Program Finished---
