
./testbench_2kary.sh clang++ O3 MontgomeryHalf uint64_t 191 8 22 -DTEST_ARRAY

compilation finished, now executing:
---Running Program---

begin benchmarks - array pow
(ignore)17513345000201297728

OVERALL BEST:
0.2120  3 00 x 08
0.2172  3 01 x 07
0.2177  3 00 x 12
0.2206  4 00 x 12
0.2217  4 01 x 07
0.2234  4 00 x 10
0.2243  3 00 x 10
0.2243  4 00 x 06
0.2244  3 01 x 12
0.2257  4 01 x 12
0.2265  3 00 x 06
0.2267  3 01 x 06
0.2273  4 00 x 08
0.2273  2 00 x 08
0.2274  4 00 x 07
0.2275  4 01 x 10
0.2278  3 01 x 10
0.2287  3 00 x 05
0.2288  3 01 x 05
0.2321  3 00 x 07
0.2324  4 01 x 06
0.2342  4 01 x 08
0.2359  4 01 x 05
0.2374  3 01 x 08
0.2379  2 01 x 05
0.2382  2 00 x 06
0.2403  2 00 x 10
0.2410  2 00 x 12
0.2417  2 00 x 04
0.2425  4 00 x 05
0.2456  2 01 x 12
0.2463  2 00 x 07
0.2489  5 00 x 12
0.2490  2 01 x 10
0.2513  5 00 x 10
0.2521  5 00 x 06
0.2523  5 00 x 07
0.2525  3 01 x 04
0.2528  2 01 x 06
0.2532  3 00 x 04
0.2537  5 00 x 08
0.2538  5 01 x 12
0.2559  5 01 x 10
0.2566  5 01 x 06
0.2569  4 00 x 04
0.2570  2 00 x 05
0.2592  5 01 x 07
0.2608  5 01 x 08
0.2611  2 01 x 08
0.2637  4 01 x 04
0.2639  3 00 x 03
0.2657  2 01 x 07
0.2672  5 00 x 05
0.2700  4 00 x 03
0.2712  5 01 x 05
0.2715  2 01 x 04
0.2720  4 01 x 03
0.2743  2 01 x 03
0.2766  5 01 x 04
0.2771  3 01 x 03
0.2824  5 00 x 04
0.2865  2 00 x 03
0.2985  5 00 x 03
0.2993  5 01 x 03
0.3223  3 00 x 02
0.3243  3 01 x 02
0.3528  2 01 x 02
0.3554  2 00 x 02
0.3605  4 00 x 02
0.3608  4 01 x 02
0.4241  5 01 x 02
0.4256  5 00 x 02
Timings By Test Type:
0.0626  3 00 x 08    0.0626  3 00 x 08    0.0434  3 00 x 08    0.0433  3 00 x 08
0.0642  3 01 x 07    0.0641  3 01 x 07    0.0444  3 00 x 12    0.0444  3 00 x 12
0.0642  4 00 x 12    0.0642  4 00 x 12    0.0445  3 01 x 07    0.0445  3 01 x 07
0.0645  3 00 x 12    0.0645  3 00 x 12    0.0456  3 00 x 10    0.0457  3 01 x 12
0.0645  4 01 x 07    0.0645  4 01 x 07    0.0457  2 00 x 08    0.0459  3 00 x 10
0.0651  4 00 x 10    0.0651  4 00 x 10    0.0457  3 01 x 12    0.0461  4 00 x 12
0.0653  4 00 x 06    0.0653  4 00 x 06    0.0460  4 00 x 12    0.0462  3 00 x 06
0.0658  4 01 x 12    0.0658  4 01 x 12    0.0463  3 00 x 06    0.0463  2 00 x 08
0.0663  4 01 x 10    0.0662  4 00 x 08    0.0464  4 01 x 07    0.0463  4 01 x 07
0.0663  4 00 x 08    0.0663  3 00 x 10    0.0465  3 01 x 10    0.0464  3 01 x 06
0.0664  4 00 x 07    0.0663  4 00 x 07    0.0465  3 01 x 06    0.0465  3 01 x 10
0.0665  3 01 x 12    0.0664  4 01 x 10    0.0466  4 00 x 10    0.0466  4 00 x 10
0.0666  3 00 x 10    0.0665  3 01 x 12    0.0468  3 00 x 05    0.0468  3 00 x 05
0.0669  3 01 x 06    0.0669  3 01 x 06    0.0469  3 01 x 05    0.0468  4 00 x 06
0.0670  3 00 x 06    0.0670  3 00 x 06    0.0469  4 00 x 06    0.0468  3 01 x 05
0.0674  3 01 x 10    0.0675  3 01 x 10    0.0471  4 01 x 12    0.0471  4 01 x 12
0.0675  3 00 x 05    0.0675  3 01 x 05    0.0473  3 00 x 07    0.0473  3 00 x 07
0.0676  3 01 x 05    0.0675  3 00 x 05    0.0474  4 00 x 07    0.0473  4 00 x 08
0.0677  2 00 x 08    0.0677  2 00 x 08    0.0474  4 00 x 08    0.0474  4 00 x 07
0.0677  4 01 x 06    0.0678  4 01 x 06    0.0474  4 01 x 10    0.0474  4 01 x 10
0.0684  4 01 x 08    0.0683  4 01 x 08    0.0476  2 01 x 05    0.0476  2 01 x 05
0.0687  3 00 x 07    0.0688  3 00 x 07    0.0478  2 00 x 06    0.0478  2 00 x 06
0.0688  4 01 x 05    0.0688  4 01 x 05    0.0484  3 01 x 08    0.0484  3 01 x 08
0.0703  3 01 x 08    0.0703  3 01 x 08    0.0484  2 00 x 10    0.0484  2 00 x 12
0.0707  4 00 x 05    0.0709  5 00 x 12    0.0485  4 01 x 06    0.0485  4 01 x 06
0.0708  5 00 x 12    0.0709  4 00 x 05    0.0485  2 00 x 04    0.0485  2 00 x 04
0.0713  2 00 x 06    0.0713  2 00 x 06    0.0485  2 00 x 12    0.0485  2 00 x 10
0.0714  2 01 x 05    0.0714  2 01 x 05    0.0488  4 01 x 08    0.0488  4 01 x 08
0.0716  5 00 x 10    0.0716  5 00 x 10    0.0492  4 01 x 05    0.0491  4 01 x 05
0.0717  5 00 x 07    0.0717  2 00 x 10    0.0493  2 01 x 12    0.0493  2 01 x 12
0.0717  2 00 x 10    0.0717  5 00 x 06    0.0495  2 00 x 07    0.0495  2 00 x 07
0.0717  5 00 x 06    0.0717  5 00 x 07    0.0501  2 01 x 10    0.0502  2 01 x 10
0.0720  2 00 x 12    0.0721  2 00 x 12    0.0505  2 01 x 06    0.0505  4 00 x 05
0.0722  5 00 x 08    0.0724  5 01 x 12    0.0505  4 00 x 05    0.0512  2 01 x 06
0.0723  5 01 x 12    0.0724  5 00 x 08    0.0516  2 00 x 05    0.0515  2 00 x 05
0.0724  2 00 x 04    0.0724  2 00 x 04    0.0517  3 01 x 04    0.0516  3 01 x 04
0.0729  5 01 x 10    0.0729  5 01 x 10    0.0518  3 00 x 04    0.0520  3 00 x 04
0.0731  5 01 x 06    0.0731  5 01 x 06    0.0524  2 01 x 08    0.0524  2 01 x 08
0.0734  2 01 x 12    0.0736  2 01 x 12    0.0527  2 01 x 07    0.0526  2 01 x 07
0.0735  5 01 x 07    0.0737  2 00 x 07    0.0534  4 00 x 04    0.0534  4 00 x 04
0.0737  2 00 x 07    0.0741  5 01 x 07    0.0536  5 00 x 12    0.0536  5 00 x 12
0.0743  2 01 x 10    0.0744  5 01 x 08    0.0539  3 00 x 03    0.0538  3 00 x 03
0.0744  5 01 x 08    0.0745  2 01 x 10    0.0540  5 00 x 10    0.0541  2 01 x 04
0.0746  3 01 x 04    0.0746  3 01 x 04    0.0541  2 01 x 04    0.0541  5 00 x 10
0.0748  3 00 x 04    0.0746  3 00 x 04    0.0543  5 00 x 06    0.0544  5 00 x 06
0.0750  4 00 x 04    0.0750  4 00 x 04    0.0545  5 00 x 07    0.0545  5 00 x 07
0.0756  2 01 x 06    0.0756  2 01 x 06    0.0545  5 00 x 08    0.0546  5 01 x 12
0.0762  5 00 x 05    0.0763  5 00 x 05    0.0546  5 01 x 12    0.0546  5 00 x 08
0.0769  2 00 x 05    0.0769  2 00 x 05    0.0549  2 01 x 03    0.0548  2 01 x 03
0.0770  4 01 x 04    0.0769  4 01 x 04    0.0549  4 01 x 04    0.0549  4 01 x 04
0.0775  5 01 x 05    0.0775  5 01 x 05    0.0550  5 01 x 10    0.0550  5 01 x 10
0.0781  3 00 x 03    0.0781  3 00 x 03    0.0552  5 01 x 06    0.0552  5 01 x 06
0.0781  2 01 x 08    0.0781  2 01 x 08    0.0561  5 01 x 07    0.0556  5 01 x 07
0.0789  4 00 x 03    0.0789  4 00 x 03    0.0561  5 01 x 08    0.0560  5 01 x 08
0.0789  5 01 x 04    0.0790  5 01 x 04    0.0561  4 00 x 03    0.0561  4 00 x 03
0.0795  4 01 x 03    0.0794  4 01 x 03    0.0563  3 01 x 03    0.0563  3 01 x 03
0.0801  2 01 x 07    0.0803  2 01 x 07    0.0566  4 01 x 03    0.0566  4 01 x 03
0.0809  5 00 x 04    0.0809  5 00 x 04    0.0573  2 00 x 03    0.0572  2 00 x 03
0.0817  2 01 x 04    0.0817  2 01 x 04    0.0574  5 00 x 05    0.0574  5 00 x 05
0.0822  3 01 x 03    0.0822  3 01 x 03    0.0581  5 01 x 05    0.0581  5 01 x 05
0.0823  2 01 x 03    0.0823  2 01 x 03    0.0594  5 01 x 04    0.0593  5 01 x 04
0.0856  5 00 x 03    0.0856  5 00 x 03    0.0603  5 00 x 04    0.0603  5 00 x 04
0.0857  5 01 x 03    0.0857  5 01 x 03    0.0637  5 00 x 03    0.0636  5 00 x 03
0.0860  2 00 x 03    0.0859  2 00 x 03    0.0639  5 01 x 03    0.0639  5 01 x 03
0.0969  3 00 x 02    0.0969  3 00 x 02    0.0643  3 00 x 02    0.0643  3 00 x 02
0.0974  3 01 x 02    0.0975  3 01 x 02    0.0647  3 01 x 02    0.0647  3 01 x 02
0.1053  4 00 x 02    0.1053  4 00 x 02    0.0698  2 01 x 02    0.0697  2 01 x 02
0.1054  4 01 x 02    0.1054  4 01 x 02    0.0703  2 00 x 02    0.0703  2 00 x 02
0.1066  2 01 x 02    0.1066  2 01 x 02    0.0750  4 01 x 02    0.0749  4 00 x 02
0.1075  2 00 x 02    0.1074  2 00 x 02    0.0750  4 00 x 02    0.0750  4 01 x 02
0.1209  5 01 x 02    0.1210  5 01 x 02    0.0910  5 01 x 02    0.0912  5 01 x 02
0.1212  5 00 x 02    0.1212  5 00 x 02    0.0916  5 00 x 02    0.0915  5 00 x 02
---Benchmark Program Finished---
