
./testbench_2kary.sh g++ O3 MontgomeryHalf uint64_t 191 8 22 -DTEST_ARRAY

compilation finished, now executing:
---Running Program---

begin benchmarks - array pow
(ignore)17513345000201297728

OVERALL BEST:
0.2234  3 00 x 05
0.2247  3 01 x 05
0.2247  3 01 x 07
0.2250  3 01 x 08
0.2253  3 00 x 08
0.2264  3 00 x 12
0.2270  3 00 x 10
0.2290  3 00 x 06
0.2293  3 01 x 12
0.2294  3 01 x 10
0.2295  4 00 x 08
0.2303  4 00 x 12
0.2310  4 00 x 05
0.2311  4 00 x 10
0.2314  4 01 x 08
0.2320  3 01 x 06
0.2323  4 01 x 07
0.2329  4 00 x 07
0.2329  4 01 x 12
0.2341  4 01 x 05
0.2342  3 00 x 07
0.2354  4 01 x 10
0.2386  4 00 x 06
0.2398  2 00 x 05
0.2415  4 01 x 06
0.2425  3 01 x 04
0.2428  2 01 x 05
0.2473  3 00 x 04
0.2520  4 01 x 04
0.2526  3 00 x 03
0.2536  2 01 x 06
0.2543  2 00 x 04
0.2569  4 00 x 04
0.2580  3 01 x 03
0.2581  2 00 x 06
0.2585  2 00 x 07
0.2602  2 01 x 07
0.2610  2 01 x 08
0.2630  2 00 x 08
0.2637  2 00 x 10
0.2680  5 00 x 08
0.2681  5 01 x 08
0.2688  5 00 x 10
0.2709  2 01 x 04
0.2713  5 01 x 10
0.2717  5 01 x 12
0.2722  4 00 x 03
0.2724  4 01 x 03
0.2736  5 00 x 12
0.2739  5 00 x 07
0.2742  5 01 x 06
0.2745  5 01 x 07
0.2759  2 00 x 03
0.2805  2 01 x 03
0.2813  5 00 x 06
0.2818  2 00 x 12
0.2821  5 00 x 05
0.2826  2 01 x 12
0.2868  5 01 x 05
0.2889  2 01 x 10
0.3063  5 01 x 04
0.3083  5 00 x 04
0.3162  5 00 x 03
0.3197  5 01 x 03
0.3290  3 00 x 02
0.3346  3 01 x 02
0.3454  4 01 x 02
0.3455  4 00 x 02
0.3558  2 01 x 02
0.3573  2 00 x 02
0.3902  5 01 x 02
0.3954  5 00 x 02
Timings By Test Type:
0.0662  3 00 x 05    0.0662  3 00 x 05    0.0455  3 00 x 05    0.0455  3 00 x 05
0.0666  3 01 x 07    0.0667  3 01 x 07    0.0457  3 01 x 05    0.0456  3 00 x 08
0.0666  3 01 x 05    0.0667  3 01 x 05    0.0457  3 01 x 07    0.0457  3 01 x 05
0.0668  3 01 x 08    0.0668  3 01 x 08    0.0457  3 01 x 08    0.0457  3 01 x 08
0.0669  4 00 x 08    0.0668  4 00 x 08    0.0458  3 00 x 08    0.0457  3 01 x 07
0.0670  4 00 x 12    0.0669  3 00 x 08    0.0458  3 00 x 12    0.0458  3 00 x 12
0.0670  3 00 x 08    0.0670  4 00 x 12    0.0460  3 00 x 10    0.0460  3 00 x 10
0.0672  4 00 x 05    0.0672  4 00 x 05    0.0464  3 00 x 06    0.0465  3 00 x 06
0.0672  4 00 x 10    0.0673  4 00 x 10    0.0465  3 01 x 10    0.0465  3 01 x 10
0.0674  3 00 x 12    0.0674  3 00 x 12    0.0465  3 01 x 12    0.0466  3 01 x 12
0.0674  4 01 x 08    0.0674  4 01 x 08    0.0471  3 01 x 06    0.0471  3 01 x 06
0.0675  3 00 x 10    0.0675  3 00 x 10    0.0476  3 00 x 07    0.0476  3 00 x 07
0.0675  4 01 x 07    0.0676  4 01 x 07    0.0478  2 00 x 05    0.0477  4 00 x 08
0.0678  4 01 x 05    0.0678  4 01 x 05    0.0480  4 00 x 08    0.0478  2 00 x 05
0.0679  4 01 x 12    0.0679  4 01 x 12    0.0482  4 00 x 12    0.0481  4 00 x 12
0.0680  4 00 x 07    0.0680  4 00 x 07    0.0483  4 01 x 08    0.0482  4 01 x 08
0.0680  3 01 x 12    0.0681  3 00 x 06    0.0483  4 00 x 10    0.0483  4 00 x 10
0.0681  3 00 x 06    0.0682  3 01 x 12    0.0483  4 00 x 05    0.0483  4 00 x 05
0.0682  3 01 x 10    0.0682  3 01 x 10    0.0484  4 00 x 07    0.0485  4 00 x 07
0.0685  4 01 x 10    0.0685  4 01 x 10    0.0486  4 01 x 12    0.0485  4 01 x 12
0.0688  3 01 x 06    0.0689  3 01 x 06    0.0486  4 01 x 07    0.0486  4 01 x 07
0.0694  4 00 x 06    0.0695  4 00 x 06    0.0486  2 01 x 05    0.0486  2 01 x 05
0.0695  3 00 x 07    0.0695  3 00 x 07    0.0487  3 01 x 04    0.0487  3 01 x 04
0.0700  4 01 x 06    0.0700  4 01 x 06    0.0492  4 01 x 10    0.0492  4 01 x 10
0.0721  2 00 x 05    0.0721  2 00 x 05    0.0493  4 01 x 05    0.0493  4 01 x 05
0.0726  3 01 x 04    0.0726  3 01 x 04    0.0494  3 00 x 04    0.0494  3 00 x 04
0.0728  2 01 x 05    0.0728  2 01 x 05    0.0499  4 00 x 06    0.0498  4 00 x 06
0.0735  4 01 x 04    0.0736  4 01 x 04    0.0505  3 00 x 03    0.0505  3 00 x 03
0.0743  3 00 x 04    0.0742  3 00 x 04    0.0506  2 01 x 06    0.0506  4 01 x 06
0.0750  4 00 x 04    0.0749  4 00 x 04    0.0509  4 01 x 06    0.0506  2 01 x 06
0.0758  3 00 x 03    0.0758  3 00 x 03    0.0510  2 00 x 04    0.0510  2 00 x 04
0.0760  5 01 x 08    0.0760  5 01 x 08    0.0515  2 00 x 06    0.0515  2 00 x 06
0.0761  5 00 x 08    0.0761  5 00 x 08    0.0515  2 00 x 07    0.0515  2 00 x 07
0.0761  2 00 x 04    0.0761  2 00 x 04    0.0518  3 01 x 03    0.0518  3 01 x 03
0.0762  2 01 x 06    0.0762  2 01 x 06    0.0519  2 01 x 07    0.0520  2 01 x 07
0.0766  5 00 x 10    0.0765  5 00 x 10    0.0521  2 01 x 08    0.0521  2 01 x 08
0.0768  5 01 x 10    0.0768  5 01 x 10    0.0523  4 01 x 04    0.0525  2 00 x 10
0.0771  5 01 x 12    0.0771  5 01 x 12    0.0526  2 00 x 10    0.0525  4 01 x 04
0.0773  3 01 x 03    0.0772  3 01 x 03    0.0527  2 00 x 08    0.0526  2 00 x 08
0.0774  5 00 x 07    0.0774  5 00 x 07    0.0535  4 00 x 04    0.0536  4 00 x 04
0.0775  5 01 x 07    0.0776  2 00 x 06    0.0540  2 01 x 04    0.0540  2 01 x 04
0.0776  2 00 x 06    0.0776  5 01 x 07    0.0550  2 00 x 03    0.0550  2 00 x 03
0.0777  2 00 x 07    0.0777  2 00 x 07    0.0562  2 01 x 03    0.0562  2 01 x 03
0.0777  5 00 x 12    0.0777  5 00 x 12    0.0563  4 00 x 03    0.0563  4 00 x 03
0.0780  5 01 x 06    0.0780  5 01 x 06    0.0564  2 00 x 12    0.0564  4 01 x 03
0.0781  2 01 x 07    0.0781  2 01 x 07    0.0564  2 01 x 12    0.0565  2 01 x 12
0.0784  2 01 x 08    0.0784  2 01 x 08    0.0565  4 01 x 03    0.0565  2 00 x 12
0.0789  2 00 x 08    0.0788  2 00 x 08    0.0579  5 00 x 10    0.0579  5 00 x 10
0.0793  2 00 x 10    0.0793  2 00 x 10    0.0579  5 00 x 08    0.0579  5 00 x 08
0.0794  5 00 x 05    0.0795  5 00 x 05    0.0580  5 01 x 08    0.0581  5 01 x 08
0.0795  5 00 x 06    0.0795  5 00 x 06    0.0582  2 01 x 10    0.0581  2 01 x 10
0.0798  4 00 x 03    0.0798  4 00 x 03    0.0588  5 01 x 12    0.0588  5 01 x 12
0.0798  4 01 x 03    0.0798  4 01 x 03    0.0588  5 01 x 10    0.0589  5 01 x 10
0.0807  5 01 x 05    0.0808  5 01 x 05    0.0590  5 01 x 06    0.0591  5 00 x 12
0.0814  2 01 x 04    0.0815  2 01 x 04    0.0591  5 00 x 12    0.0591  5 01 x 06
0.0830  2 00 x 03    0.0830  2 00 x 03    0.0596  5 00 x 07    0.0595  5 00 x 07
0.0840  2 01 x 03    0.0840  2 01 x 03    0.0597  5 01 x 07    0.0597  5 01 x 07
0.0844  2 00 x 12    0.0844  2 00 x 12    0.0611  5 00 x 06    0.0612  5 00 x 06
0.0848  2 01 x 12    0.0848  2 01 x 12    0.0616  5 00 x 05    0.0616  5 00 x 05
0.0863  2 01 x 10    0.0863  2 01 x 10    0.0625  5 01 x 05    0.0627  5 01 x 05
0.0867  5 01 x 04    0.0867  5 01 x 04    0.0654  3 00 x 02    0.0654  3 00 x 02
0.0875  5 00 x 04    0.0872  5 00 x 04    0.0665  5 01 x 04    0.0663  5 01 x 04
0.0904  5 00 x 03    0.0904  5 00 x 03    0.0666  5 00 x 04    0.0668  3 01 x 02
0.0912  5 01 x 03    0.0912  5 01 x 03    0.0668  3 01 x 02    0.0669  5 00 x 04
0.0991  3 00 x 02    0.0991  3 00 x 02    0.0677  5 00 x 03    0.0676  5 00 x 03
0.1006  3 01 x 02    0.1005  3 01 x 02    0.0687  5 01 x 03    0.0687  5 01 x 03
0.1018  4 01 x 02    0.1018  4 01 x 02    0.0705  2 01 x 02    0.0705  2 01 x 02
0.1019  4 00 x 02    0.1019  4 00 x 02    0.0706  2 00 x 02    0.0706  2 00 x 02
0.1074  2 01 x 02    0.1074  2 01 x 02    0.0708  4 00 x 02    0.0709  4 00 x 02
0.1080  2 00 x 02    0.1081  2 00 x 02    0.0709  4 01 x 02    0.0709  4 01 x 02
0.1121  5 01 x 02    0.1120  5 01 x 02    0.0832  5 01 x 02    0.0829  5 01 x 02
0.1140  5 00 x 02    0.1141  5 00 x 02    0.0836  5 00 x 02    0.0837  5 00 x 02
---Benchmark Program Finished---
