
./testbench_2kary.sh g++ O3 MontgomeryQuarter uint64_t 191 8 22 -DTEST_ARRAY

compilation finished, now executing:
---Running Program---

begin benchmarks - array pow
(ignore)368336231662783440

OVERALL BEST:
0.2180  3 00 x 08
0.2208  3 01 x 08
0.2212  3 00 x 06
0.2223  3 00 x 05
0.2224  3 01 x 07
0.2229  3 00 x 10
0.2233  3 00 x 07
0.2236  3 01 x 10
0.2238  3 01 x 05
0.2241  4 00 x 06
0.2251  4 00 x 08
0.2268  4 01 x 10
0.2269  4 00 x 10
0.2286  4 01 x 06
0.2291  3 01 x 06
0.2299  4 00 x 12
0.2301  4 00 x 05
0.2314  4 01 x 08
0.2316  4 00 x 07
0.2318  4 01 x 07
0.2327  3 01 x 04
0.2332  3 01 x 12
0.2344  3 00 x 12
0.2345  4 01 x 05
0.2361  2 00 x 05
0.2374  4 01 x 12
0.2419  3 00 x 04
0.2437  2 01 x 05
0.2503  2 01 x 06
0.2514  2 01 x 07
0.2515  2 00 x 06
0.2521  4 01 x 04
0.2526  2 01 x 08
0.2532  2 00 x 08
0.2555  2 00 x 07
0.2563  4 00 x 04
0.2599  5 00 x 06
0.2617  2 00 x 12
0.2631  5 00 x 12
0.2635  5 01 x 10
0.2638  5 00 x 10
0.2640  2 00 x 04
0.2664  5 00 x 08
0.2666  2 00 x 10
0.2678  3 00 x 03
0.2684  2 01 x 10
0.2695  5 00 x 07
0.2698  5 01 x 08
0.2733  5 01 x 06
0.2739  3 01 x 03
0.2761  2 01 x 12
0.2764  5 01 x 07
0.2770  4 00 x 03
0.2776  5 00 x 05
0.2787  4 01 x 03
0.2798  2 01 x 04
0.2810  5 01 x 05
0.2829  5 01 x 12
0.2911  2 01 x 03
0.2953  2 00 x 03
0.2999  5 00 x 04
0.3080  5 01 x 04
0.3212  5 01 x 03
0.3253  5 00 x 03
0.3357  4 00 x 02
0.3451  3 01 x 02
0.3518  3 00 x 02
0.3555  4 01 x 02
0.3721  5 00 x 02
0.3760  2 01 x 02
0.3847  5 01 x 02
0.4053  2 00 x 02
Timings By Test Type:
0.0648  3 00 x 08    0.0647  3 00 x 08    0.0443  3 00 x 08    0.0442  3 00 x 08
0.0650  4 00 x 06    0.0650  4 00 x 06    0.0452  3 00 x 10    0.0452  3 00 x 05
0.0651  4 00 x 08    0.0650  3 01 x 08    0.0453  3 01 x 08    0.0452  3 00 x 10
0.0651  3 00 x 06    0.0651  3 00 x 06    0.0454  3 00 x 05    0.0453  3 01 x 08
0.0651  3 01 x 08    0.0652  4 00 x 08    0.0455  3 00 x 06    0.0454  3 00 x 06
0.0655  3 01 x 07    0.0655  3 01 x 07    0.0456  3 01 x 05    0.0456  3 01 x 10
0.0659  3 00 x 05    0.0659  3 00 x 05    0.0456  3 00 x 07    0.0456  3 01 x 05
0.0660  4 00 x 10    0.0660  4 01 x 10    0.0457  3 01 x 10    0.0456  3 00 x 07
0.0660  4 01 x 10    0.0660  3 00 x 07    0.0457  3 01 x 07    0.0457  3 01 x 07
0.0660  3 00 x 07    0.0661  4 00 x 10    0.0466  3 01 x 06    0.0469  3 01 x 06
0.0662  3 01 x 10    0.0662  3 01 x 10    0.0470  4 00 x 06    0.0470  3 01 x 04
0.0662  3 00 x 10    0.0662  3 00 x 10    0.0471  3 01 x 04    0.0471  4 00 x 06
0.0662  3 01 x 05    0.0663  3 01 x 05    0.0472  2 00 x 05    0.0471  2 00 x 05
0.0664  4 01 x 06    0.0663  4 01 x 06    0.0474  4 00 x 08    0.0473  4 00 x 08
0.0666  4 00 x 05    0.0667  4 00 x 05    0.0474  4 01 x 10    0.0474  4 00 x 10
0.0667  4 00 x 07    0.0668  4 00 x 07    0.0475  4 00 x 10    0.0474  4 01 x 10
0.0668  4 00 x 12    0.0668  4 00 x 12    0.0477  3 01 x 12    0.0477  3 00 x 12
0.0670  4 01 x 08    0.0671  4 01 x 08    0.0477  3 00 x 12    0.0477  3 01 x 12
0.0671  4 01 x 07    0.0672  4 01 x 07    0.0480  4 01 x 06    0.0479  4 01 x 06
0.0679  3 01 x 06    0.0677  3 01 x 06    0.0481  4 00 x 12    0.0480  4 00 x 12
0.0679  4 01 x 05    0.0678  4 01 x 05    0.0484  4 00 x 05    0.0483  4 00 x 05
0.0689  3 01 x 12    0.0689  3 01 x 12    0.0487  4 01 x 08    0.0487  4 01 x 08
0.0690  4 01 x 12    0.0689  4 01 x 12    0.0488  4 01 x 07    0.0487  4 01 x 07
0.0694  3 01 x 04    0.0693  3 01 x 04    0.0488  3 00 x 04    0.0488  3 00 x 04
0.0695  3 00 x 12    0.0695  3 00 x 12    0.0490  4 00 x 07    0.0490  4 00 x 07
0.0709  2 00 x 05    0.0709  2 00 x 05    0.0492  2 01 x 05    0.0492  2 01 x 05
0.0721  3 00 x 04    0.0721  3 00 x 04    0.0494  4 01 x 05    0.0494  4 01 x 05
0.0727  2 01 x 05    0.0727  2 01 x 05    0.0497  4 01 x 12    0.0498  4 01 x 12
0.0729  4 01 x 04    0.0729  4 01 x 04    0.0506  2 01 x 06    0.0506  2 01 x 06
0.0734  5 00 x 06    0.0733  5 00 x 06    0.0507  2 00 x 06    0.0507  2 00 x 06
0.0743  5 00 x 12    0.0743  5 00 x 12    0.0507  2 00 x 08    0.0507  2 00 x 08
0.0745  2 01 x 06    0.0745  2 01 x 06    0.0507  2 01 x 07    0.0507  2 01 x 07
0.0746  5 00 x 10    0.0745  5 00 x 10    0.0511  2 01 x 08    0.0510  2 01 x 08
0.0746  4 00 x 04    0.0746  4 00 x 04    0.0515  2 00 x 07    0.0515  2 00 x 07
0.0747  5 01 x 10    0.0747  5 01 x 10    0.0528  2 00 x 12    0.0528  2 00 x 12
0.0749  5 00 x 08    0.0750  2 01 x 07    0.0531  2 00 x 04    0.0530  2 00 x 04
0.0750  2 01 x 07    0.0750  5 00 x 08    0.0532  4 01 x 04    0.0531  4 01 x 04
0.0751  2 00 x 06    0.0751  2 00 x 06    0.0536  2 00 x 10    0.0534  2 00 x 10
0.0753  2 01 x 08    0.0753  2 01 x 08    0.0536  4 00 x 04    0.0535  4 00 x 04
0.0757  5 00 x 07    0.0756  5 00 x 07    0.0543  3 00 x 03    0.0543  3 00 x 03
0.0758  5 01 x 08    0.0758  5 01 x 08    0.0545  2 01 x 10    0.0544  2 01 x 10
0.0759  2 00 x 08    0.0759  2 00 x 08    0.0554  3 01 x 03    0.0555  3 01 x 03
0.0762  2 00 x 07    0.0763  2 00 x 07    0.0557  2 01 x 12    0.0557  2 01 x 12
0.0768  5 01 x 06    0.0768  5 01 x 06    0.0562  2 01 x 04    0.0562  2 01 x 04
0.0779  5 01 x 07    0.0779  5 01 x 07    0.0566  5 00 x 06    0.0565  5 00 x 06
0.0780  5 00 x 05    0.0780  2 00 x 12    0.0571  5 01 x 10    0.0571  5 01 x 10
0.0781  2 00 x 12    0.0781  5 00 x 05    0.0572  5 00 x 12    0.0573  5 00 x 12
0.0789  2 00 x 04    0.0790  2 00 x 04    0.0574  5 00 x 10    0.0574  5 00 x 10
0.0790  5 01 x 05    0.0790  5 01 x 05    0.0577  4 00 x 03    0.0578  4 00 x 03
0.0796  3 00 x 03    0.0796  3 00 x 03    0.0579  4 01 x 03    0.0579  4 01 x 03
0.0797  2 01 x 10    0.0797  2 01 x 10    0.0583  5 00 x 08    0.0582  5 00 x 08
0.0797  5 01 x 12    0.0798  2 00 x 10    0.0584  2 01 x 03    0.0585  2 01 x 03
0.0798  2 00 x 10    0.0800  5 01 x 12    0.0591  5 00 x 07    0.0591  5 00 x 07
0.0807  4 00 x 03    0.0808  4 00 x 03    0.0591  5 01 x 08    0.0591  5 01 x 08
0.0815  4 01 x 03    0.0815  3 01 x 03    0.0595  2 00 x 03    0.0595  2 00 x 03
0.0815  3 01 x 03    0.0815  4 01 x 03    0.0599  5 01 x 06    0.0598  5 01 x 06
0.0824  2 01 x 12    0.0824  2 01 x 12    0.0603  5 01 x 07    0.0603  5 01 x 07
0.0837  2 01 x 04    0.0837  2 01 x 04    0.0608  5 00 x 05    0.0608  5 00 x 05
0.0848  5 00 x 04    0.0847  5 00 x 04    0.0615  5 01 x 05    0.0614  5 01 x 12
0.0871  5 01 x 04    0.0871  2 01 x 03    0.0618  5 01 x 12    0.0615  5 01 x 05
0.0871  2 01 x 03    0.0872  5 01 x 04    0.0653  5 00 x 04    0.0652  5 00 x 04
0.0882  2 00 x 03    0.0882  2 00 x 03    0.0667  5 01 x 04    0.0671  5 01 x 04
0.0916  5 01 x 03    0.0916  5 01 x 03    0.0687  3 01 x 02    0.0687  3 01 x 02
0.0928  5 00 x 03    0.0928  5 00 x 03    0.0690  5 01 x 03    0.0690  5 01 x 03
0.0987  4 00 x 02    0.0987  4 00 x 02    0.0692  4 00 x 02    0.0691  4 00 x 02
0.1038  3 01 x 02    0.1038  3 01 x 02    0.0699  5 00 x 03    0.0699  5 00 x 03
0.1049  4 01 x 02    0.1049  4 01 x 02    0.0701  3 00 x 02    0.0701  3 00 x 02
0.1058  3 00 x 02    0.1058  3 00 x 02    0.0728  4 01 x 02    0.0729  4 01 x 02
0.1073  5 00 x 02    0.1073  5 00 x 02    0.0737  2 01 x 02    0.0737  2 01 x 02
0.1114  5 01 x 02    0.1114  5 01 x 02    0.0788  5 00 x 02    0.0788  5 00 x 02
0.1143  2 01 x 02    0.1143  2 01 x 02    0.0805  2 00 x 02    0.0805  2 00 x 02
0.1221  2 00 x 02    0.1222  2 00 x 02    0.0810  5 01 x 02    0.0809  5 01 x 02
---Benchmark Program Finished---
