
./testbench_2kary.sh g++ O3 MontgomeryQuarter uint64_t 191 8 22 -DTEST_ARRAY -DHURCHALLA_MONTGOMERY_POW_2KARY_USE_CSELECT_ON_BIT -DHURCHALLA_ALLOW_INLINE_ASM_ALL

compilation finished, now executing:
---Running Program---

begin benchmarks - array pow
(ignore)368336231662783440

OVERALL BEST:
0.2177  3 00 x 08
0.2207  3 01 x 08
0.2210  3 00 x 06
0.2222  3 00 x 05
0.2225  3 01 x 07
0.2227  3 00 x 10
0.2233  3 00 x 07
0.2235  3 01 x 10
0.2238  3 01 x 05
0.2241  4 00 x 06
0.2249  4 00 x 08
0.2269  4 01 x 10
0.2269  4 00 x 10
0.2287  4 01 x 06
0.2288  3 01 x 06
0.2297  4 00 x 12
0.2300  4 00 x 05
0.2313  4 01 x 07
0.2314  4 01 x 08
0.2314  4 00 x 07
0.2328  3 01 x 04
0.2331  3 01 x 12
0.2343  4 01 x 05
0.2344  3 00 x 12
0.2361  2 00 x 05
0.2375  4 01 x 12
0.2418  3 00 x 04
0.2437  2 01 x 05
0.2502  2 01 x 06
0.2513  2 01 x 07
0.2514  2 00 x 06
0.2524  2 01 x 08
0.2526  4 01 x 04
0.2530  2 00 x 08
0.2554  2 00 x 07
0.2573  4 00 x 04
0.2600  5 00 x 06
0.2612  2 01 x 10
0.2619  2 00 x 12
0.2624  5 00 x 10
0.2624  5 00 x 12
0.2631  5 01 x 10
0.2641  2 00 x 04
0.2662  5 00 x 08
0.2666  2 00 x 10
0.2679  3 00 x 03
0.2701  5 00 x 07
0.2703  5 01 x 08
0.2732  5 01 x 06
0.2742  3 01 x 03
0.2754  2 01 x 12
0.2763  5 01 x 07
0.2770  4 00 x 03
0.2774  5 00 x 05
0.2787  4 01 x 03
0.2799  2 01 x 04
0.2807  5 01 x 05
0.2813  5 01 x 12
0.2913  2 01 x 03
0.2953  2 00 x 03
0.3019  5 00 x 04
0.3108  5 01 x 04
0.3212  5 01 x 03
0.3254  5 00 x 03
0.3358  4 00 x 02
0.3450  3 01 x 02
0.3518  3 00 x 02
0.3554  4 01 x 02
0.3721  5 00 x 02
0.3759  2 01 x 02
0.3847  5 01 x 02
0.4053  2 00 x 02
Timings By Test Type:
0.0645  3 00 x 08    0.0646  3 00 x 08    0.0442  3 00 x 08    0.0444  3 00 x 08
0.0650  4 00 x 06    0.0650  4 00 x 06    0.0452  3 00 x 10    0.0452  3 00 x 10
0.0650  4 00 x 08    0.0651  3 00 x 06    0.0452  3 01 x 08    0.0453  3 01 x 08
0.0651  3 01 x 08    0.0651  4 00 x 08    0.0454  3 00 x 06    0.0453  3 00 x 05
0.0651  3 00 x 06    0.0651  3 01 x 08    0.0454  3 00 x 05    0.0454  3 00 x 06
0.0655  3 01 x 07    0.0655  3 01 x 07    0.0456  3 00 x 07    0.0456  3 01 x 10
0.0658  3 00 x 05    0.0657  3 00 x 05    0.0456  3 01 x 10    0.0456  3 00 x 07
0.0660  4 01 x 10    0.0660  3 00 x 07    0.0456  3 01 x 05    0.0456  3 01 x 05
0.0660  4 00 x 10    0.0660  4 01 x 10    0.0457  3 01 x 07    0.0457  3 01 x 07
0.0661  3 00 x 07    0.0660  4 00 x 10    0.0468  3 01 x 06    0.0467  3 01 x 06
0.0662  3 00 x 10    0.0661  3 01 x 10    0.0470  4 00 x 06    0.0471  4 00 x 06
0.0662  3 01 x 10    0.0662  3 00 x 10    0.0471  3 01 x 04    0.0471  3 01 x 04
0.0663  3 01 x 05    0.0663  3 01 x 05    0.0472  2 00 x 05    0.0471  2 00 x 05
0.0665  4 01 x 06    0.0663  4 01 x 06    0.0474  4 00 x 08    0.0474  4 00 x 08
0.0666  4 00 x 07    0.0665  4 00 x 05    0.0474  4 00 x 10    0.0474  4 00 x 10
0.0667  4 00 x 05    0.0667  4 00 x 07    0.0474  4 01 x 10    0.0475  4 01 x 10
0.0668  4 00 x 12    0.0668  4 00 x 12    0.0477  3 00 x 12    0.0477  3 00 x 12
0.0670  4 01 x 08    0.0669  4 01 x 07    0.0477  3 01 x 12    0.0477  3 01 x 12
0.0671  4 01 x 07    0.0670  4 01 x 08    0.0480  4 01 x 06    0.0479  4 01 x 06
0.0677  3 01 x 06    0.0676  3 01 x 06    0.0480  4 00 x 12    0.0480  4 00 x 12
0.0678  4 01 x 05    0.0678  4 01 x 05    0.0483  4 00 x 05    0.0485  4 00 x 05
0.0689  3 01 x 12    0.0688  3 01 x 12    0.0486  4 01 x 07    0.0486  4 01 x 08
0.0690  4 01 x 12    0.0690  4 01 x 12    0.0487  4 01 x 08    0.0487  4 01 x 07
0.0692  3 01 x 04    0.0694  3 01 x 04    0.0488  3 00 x 04    0.0488  3 00 x 04
0.0695  3 00 x 12    0.0695  3 00 x 12    0.0490  4 00 x 07    0.0491  4 00 x 07
0.0709  2 00 x 05    0.0709  2 00 x 05    0.0492  2 01 x 05    0.0492  2 01 x 05
0.0721  3 00 x 04    0.0721  3 00 x 04    0.0494  4 01 x 05    0.0493  4 01 x 05
0.0727  2 01 x 05    0.0727  2 01 x 05    0.0498  4 01 x 12    0.0498  4 01 x 12
0.0731  4 01 x 04    0.0730  4 01 x 04    0.0506  2 01 x 06    0.0506  2 01 x 06
0.0735  5 00 x 06    0.0733  5 00 x 06    0.0506  2 00 x 08    0.0506  2 00 x 08
0.0741  5 00 x 12    0.0741  5 00 x 12    0.0507  2 00 x 06    0.0506  2 00 x 06
0.0742  5 00 x 10    0.0741  5 00 x 10    0.0507  2 01 x 07    0.0507  2 01 x 07
0.0745  2 01 x 06    0.0745  2 01 x 06    0.0509  2 01 x 08    0.0509  2 01 x 08
0.0746  5 01 x 10    0.0745  5 01 x 10    0.0515  2 00 x 07    0.0514  2 00 x 07
0.0748  5 00 x 08    0.0748  5 00 x 08    0.0527  2 01 x 10    0.0527  2 01 x 10
0.0749  4 00 x 04    0.0748  4 00 x 04    0.0528  2 00 x 12    0.0528  2 00 x 12
0.0749  2 01 x 07    0.0750  2 01 x 07    0.0531  2 00 x 04    0.0531  2 00 x 04
0.0751  2 00 x 06    0.0750  2 00 x 06    0.0533  4 01 x 04    0.0533  4 01 x 04
0.0753  2 01 x 08    0.0752  2 01 x 08    0.0535  2 00 x 10    0.0535  2 00 x 10
0.0759  2 00 x 08    0.0759  2 00 x 08    0.0538  4 00 x 04    0.0538  4 00 x 04
0.0759  5 00 x 07    0.0759  5 00 x 07    0.0542  3 00 x 03    0.0543  3 00 x 03
0.0761  5 01 x 08    0.0761  5 01 x 08    0.0555  3 01 x 03    0.0555  3 01 x 03
0.0763  2 00 x 07    0.0762  2 00 x 07    0.0557  2 01 x 12    0.0557  2 01 x 12
0.0768  5 01 x 06    0.0768  5 01 x 06    0.0562  2 01 x 04    0.0562  2 01 x 04
0.0778  5 01 x 07    0.0778  5 01 x 07    0.0565  5 00 x 06    0.0566  5 00 x 06
0.0779  2 01 x 10    0.0779  2 01 x 10    0.0570  5 00 x 10    0.0570  5 00 x 10
0.0780  5 00 x 05    0.0779  5 00 x 05    0.0571  5 00 x 12    0.0570  5 01 x 10
0.0784  2 00 x 12    0.0780  2 00 x 12    0.0571  5 01 x 10    0.0571  5 00 x 12
0.0790  5 01 x 05    0.0789  5 01 x 05    0.0578  4 00 x 03    0.0577  4 00 x 03
0.0790  2 00 x 04    0.0790  2 00 x 04    0.0578  4 01 x 03    0.0579  4 01 x 03
0.0792  5 01 x 12    0.0793  5 01 x 12    0.0583  5 00 x 08    0.0583  5 00 x 08
0.0797  3 00 x 03    0.0797  3 00 x 03    0.0585  2 01 x 03    0.0585  2 01 x 03
0.0797  2 00 x 10    0.0798  2 00 x 10    0.0590  5 01 x 08    0.0591  5 00 x 07
0.0807  4 00 x 03    0.0807  4 00 x 03    0.0591  5 00 x 07    0.0591  5 01 x 08
0.0815  4 01 x 03    0.0815  4 01 x 03    0.0595  2 00 x 03    0.0595  2 00 x 03
0.0816  3 01 x 03    0.0816  3 01 x 03    0.0598  5 01 x 06    0.0598  5 01 x 06
0.0820  2 01 x 12    0.0820  2 01 x 12    0.0603  5 01 x 07    0.0603  5 01 x 07
0.0837  2 01 x 04    0.0837  2 01 x 04    0.0608  5 00 x 05    0.0607  5 00 x 05
0.0850  5 00 x 04    0.0851  5 00 x 04    0.0614  5 01 x 05    0.0614  5 01 x 12
0.0872  2 01 x 03    0.0872  2 01 x 03    0.0614  5 01 x 12    0.0614  5 01 x 05
0.0876  5 01 x 04    0.0877  5 01 x 04    0.0659  5 00 x 04    0.0659  5 00 x 04
0.0882  2 00 x 03    0.0882  2 00 x 03    0.0677  5 01 x 04    0.0677  5 01 x 04
0.0916  5 01 x 03    0.0916  5 01 x 03    0.0687  3 01 x 02    0.0686  3 01 x 02
0.0928  5 00 x 03    0.0928  5 00 x 03    0.0690  5 01 x 03    0.0690  5 01 x 03
0.0988  4 00 x 02    0.0987  4 00 x 02    0.0692  4 00 x 02    0.0692  4 00 x 02
0.1038  3 01 x 02    0.1038  3 01 x 02    0.0699  5 00 x 03    0.0699  5 00 x 03
0.1049  4 01 x 02    0.1049  4 01 x 02    0.0701  3 00 x 02    0.0701  3 00 x 02
0.1058  3 00 x 02    0.1058  3 00 x 02    0.0728  4 01 x 02    0.0728  4 01 x 02
0.1073  5 00 x 02    0.1073  5 00 x 02    0.0737  2 01 x 02    0.0737  2 01 x 02
0.1114  5 01 x 02    0.1113  5 01 x 02    0.0788  5 00 x 02    0.0788  5 00 x 02
0.1142  2 01 x 02    0.1142  2 01 x 02    0.0805  2 00 x 02    0.0805  2 00 x 02
0.1221  2 00 x 02    0.1222  2 00 x 02    0.0809  5 01 x 02    0.0810  5 01 x 02
---Benchmark Program Finished---
