
./testbench_2kary.sh clang++ O3 MontgomeryQuarter uint64_t 191 8 22 -DTEST_ARRAY

compilation finished, now executing:
---Running Program---

begin benchmarks - array pow
(ignore)368336231662783440

OVERALL BEST:
0.2125  3 00 x 08
0.2187  3 01 x 07
0.2191  3 00 x 05
0.2206  3 00 x 12
0.2212  3 01 x 12
0.2220  4 01 x 12
0.2229  4 00 x 12
0.2237  3 00 x 06
0.2242  3 01 x 05
0.2243  3 00 x 07
0.2249  3 01 x 10
0.2264  2 01 x 08
0.2272  3 01 x 08
0.2287  2 00 x 08
0.2296  3 01 x 06
0.2302  4 00 x 07
0.2312  3 00 x 10
0.2315  4 01 x 10
0.2335  2 00 x 05
0.2335  2 00 x 07
0.2344  4 00 x 05
0.2345  2 00 x 06
0.2348  4 01 x 08
0.2349  2 00 x 04
0.2350  4 01 x 06
0.2351  4 00 x 08
0.2354  3 00 x 04
0.2358  4 00 x 10
0.2362  4 00 x 06
0.2375  2 00 x 12
0.2380  4 01 x 07
0.2390  4 01 x 05
0.2413  2 00 x 10
0.2417  2 01 x 12
0.2418  2 01 x 07
0.2421  2 01 x 05
0.2430  2 01 x 06
0.2448  2 01 x 04
0.2460  2 01 x 10
0.2475  4 00 x 04
0.2479  5 00 x 12
0.2497  5 01 x 12
0.2528  3 01 x 04
0.2567  4 01 x 04
0.2621  3 00 x 03
0.2684  5 01 x 10
0.2689  3 01 x 03
0.2691  5 00 x 07
0.2703  2 01 x 03
0.2722  5 00 x 08
0.2722  5 00 x 10
0.2722  5 01 x 08
0.2737  5 01 x 06
0.2745  5 00 x 05
0.2756  4 00 x 03
0.2764  5 01 x 07
0.2789  5 00 x 06
0.2800  5 01 x 05
0.2836  4 01 x 03
0.2959  2 00 x 03
0.2983  5 00 x 04
0.3018  5 01 x 04
0.3215  5 01 x 03
0.3244  5 00 x 03
0.3266  3 01 x 02
0.3341  3 00 x 02
0.3428  4 01 x 02
0.3568  2 01 x 02
0.3568  4 00 x 02
0.3667  5 01 x 02
0.3669  2 00 x 02
0.3776  5 00 x 02
Timings By Test Type:
0.0624  3 00 x 08    0.0623  3 00 x 08    0.0439  3 00 x 08    0.0439  3 00 x 08
0.0641  3 00 x 05    0.0640  3 00 x 05    0.0451  3 00 x 12    0.0452  3 00 x 12
0.0642  3 01 x 07    0.0641  3 01 x 07    0.0452  3 01 x 07    0.0452  3 01 x 07
0.0644  4 01 x 12    0.0644  4 01 x 12    0.0453  3 01 x 12    0.0454  3 01 x 12
0.0647  4 00 x 12    0.0647  4 00 x 12    0.0455  3 00 x 05    0.0455  3 00 x 05
0.0651  3 00 x 12    0.0652  3 00 x 12    0.0461  3 00 x 07    0.0461  2 01 x 08
0.0653  3 01 x 12    0.0653  3 01 x 12    0.0462  2 01 x 08    0.0462  3 00 x 06
0.0655  3 01 x 05    0.0656  3 01 x 05    0.0462  3 00 x 06    0.0463  3 01 x 10
0.0657  3 00 x 06    0.0656  3 00 x 06    0.0464  3 01 x 10    0.0465  3 01 x 05
0.0657  3 00 x 07    0.0660  3 00 x 07    0.0466  2 00 x 08    0.0465  3 00 x 07
0.0661  3 01 x 10    0.0661  3 01 x 10    0.0466  4 01 x 12    0.0465  2 00 x 08
0.0664  4 00 x 07    0.0664  4 00 x 07    0.0466  3 01 x 05    0.0466  4 01 x 12
0.0667  3 01 x 08    0.0666  3 01 x 08    0.0467  4 00 x 12    0.0467  4 00 x 12
0.0669  4 01 x 10    0.0669  4 01 x 10    0.0470  3 01 x 08    0.0469  3 01 x 08
0.0670  2 01 x 08    0.0670  2 01 x 08    0.0472  2 00 x 05    0.0472  2 00 x 05
0.0674  3 01 x 06    0.0673  3 01 x 06    0.0474  2 00 x 06    0.0474  3 00 x 10
0.0674  4 00 x 05    0.0674  4 00 x 05    0.0474  3 01 x 06    0.0474  2 00 x 07
0.0678  4 01 x 06    0.0678  2 00 x 08    0.0475  2 00 x 07    0.0475  3 01 x 06
0.0678  2 00 x 08    0.0678  4 01 x 08    0.0475  3 00 x 10    0.0476  2 00 x 06
0.0679  4 01 x 08    0.0680  4 01 x 06    0.0476  2 00 x 04    0.0476  2 00 x 04
0.0681  4 00 x 08    0.0681  4 00 x 08    0.0484  2 00 x 12    0.0484  2 00 x 12
0.0682  3 00 x 10    0.0681  3 00 x 10    0.0487  4 00 x 07    0.0487  4 00 x 07
0.0682  4 00 x 06    0.0682  4 00 x 06    0.0488  4 01 x 10    0.0488  3 00 x 04
0.0682  4 00 x 10    0.0683  4 00 x 10    0.0488  3 00 x 04    0.0488  4 01 x 10
0.0689  3 00 x 04    0.0687  4 01 x 07    0.0491  2 00 x 10    0.0491  2 01 x 05
0.0689  4 01 x 07    0.0689  3 00 x 04    0.0491  2 01 x 05    0.0491  2 00 x 10
0.0690  4 01 x 05    0.0690  4 01 x 05    0.0491  2 01 x 07    0.0491  2 01 x 07
0.0694  2 00 x 07    0.0693  2 00 x 07    0.0491  2 01 x 12    0.0492  2 01 x 06
0.0695  2 00 x 05    0.0696  2 00 x 05    0.0493  2 01 x 06    0.0493  2 01 x 12
0.0698  2 00 x 06    0.0698  2 00 x 06    0.0495  4 01 x 08    0.0493  4 00 x 08
0.0699  2 00 x 04    0.0698  2 00 x 04    0.0496  2 01 x 04    0.0495  4 01 x 08
0.0703  5 00 x 12    0.0703  2 00 x 12    0.0496  4 00 x 08    0.0495  4 01 x 06
0.0704  2 00 x 12    0.0703  5 00 x 12    0.0496  4 00 x 10    0.0496  2 01 x 04
0.0708  5 01 x 12    0.0709  5 01 x 12    0.0496  4 01 x 06    0.0497  4 00 x 10
0.0711  4 00 x 04    0.0711  4 00 x 04    0.0498  4 00 x 05    0.0498  4 00 x 05
0.0716  2 00 x 10    0.0716  2 00 x 10    0.0499  4 00 x 06    0.0499  4 00 x 06
0.0716  2 01 x 12    0.0717  2 01 x 12    0.0501  2 01 x 10    0.0501  2 01 x 10
0.0718  2 01 x 07    0.0718  2 01 x 07    0.0502  4 01 x 07    0.0502  4 01 x 07
0.0720  2 01 x 05    0.0719  2 01 x 05    0.0506  4 01 x 05    0.0505  4 01 x 05
0.0723  2 01 x 06    0.0722  2 01 x 06    0.0523  3 01 x 04    0.0523  3 01 x 04
0.0728  2 01 x 04    0.0728  2 01 x 04    0.0527  4 00 x 04    0.0526  4 00 x 04
0.0730  2 01 x 10    0.0728  2 01 x 10    0.0536  5 00 x 12    0.0537  5 00 x 12
0.0738  4 01 x 04    0.0738  4 01 x 04    0.0540  5 01 x 12    0.0540  5 01 x 12
0.0741  3 01 x 04    0.0741  3 01 x 04    0.0541  3 00 x 03    0.0541  3 00 x 03
0.0756  5 00 x 07    0.0755  5 01 x 10    0.0546  2 01 x 03    0.0546  4 01 x 04
0.0756  5 01 x 10    0.0756  5 00 x 07    0.0546  4 01 x 04    0.0546  2 01 x 03
0.0768  5 01 x 08    0.0767  5 01 x 08    0.0553  3 01 x 03    0.0553  3 01 x 03
0.0768  5 00 x 05    0.0768  5 00 x 05    0.0579  4 00 x 03    0.0580  4 00 x 03
0.0768  5 00 x 08    0.0768  5 00 x 10    0.0587  5 01 x 10    0.0586  5 01 x 10
0.0769  5 00 x 10    0.0769  5 00 x 08    0.0590  5 00 x 07    0.0589  5 00 x 07
0.0769  3 00 x 03    0.0769  3 00 x 03    0.0592  5 00 x 08    0.0592  5 00 x 08
0.0770  5 01 x 06    0.0770  5 01 x 06    0.0593  5 00 x 10    0.0592  5 00 x 10
0.0779  5 01 x 07    0.0778  5 01 x 07    0.0594  5 01 x 08    0.0593  5 01 x 08
0.0786  5 00 x 06    0.0787  5 00 x 06    0.0595  4 01 x 03    0.0595  4 01 x 03
0.0787  5 01 x 05    0.0787  5 01 x 05    0.0597  2 00 x 03    0.0596  2 00 x 03
0.0791  3 01 x 03    0.0791  3 01 x 03    0.0598  5 01 x 06    0.0599  5 01 x 06
0.0799  4 00 x 03    0.0798  4 00 x 03    0.0604  5 00 x 05    0.0602  5 01 x 07
0.0806  2 01 x 03    0.0806  2 01 x 03    0.0605  5 01 x 07    0.0604  5 00 x 05
0.0822  4 01 x 03    0.0823  4 01 x 03    0.0608  5 00 x 06    0.0608  5 00 x 06
0.0836  5 00 x 04    0.0837  5 00 x 04    0.0613  5 01 x 05    0.0613  5 01 x 05
0.0846  5 01 x 04    0.0847  5 01 x 04    0.0655  5 00 x 04    0.0655  5 00 x 04
0.0883  2 00 x 03    0.0883  2 00 x 03    0.0659  3 01 x 02    0.0659  3 01 x 02
0.0910  5 01 x 03    0.0910  5 01 x 03    0.0663  5 01 x 04    0.0663  5 01 x 04
0.0920  5 00 x 03    0.0920  5 00 x 03    0.0674  3 00 x 02    0.0673  3 00 x 02
0.0974  3 01 x 02    0.0974  3 01 x 02    0.0698  5 01 x 03    0.0698  5 01 x 03
0.0997  3 00 x 02    0.0997  3 00 x 02    0.0702  5 00 x 03    0.0702  5 00 x 03
0.1003  4 01 x 02    0.1002  4 01 x 02    0.0710  4 01 x 02    0.0713  4 01 x 02
0.1047  4 00 x 02    0.1047  4 00 x 02    0.0713  2 01 x 02    0.0714  2 01 x 02
0.1056  5 01 x 02    0.1056  5 01 x 02    0.0735  2 00 x 02    0.0735  2 00 x 02
0.1070  2 01 x 02    0.1070  2 01 x 02    0.0737  4 00 x 02    0.0737  4 00 x 02
0.1089  5 00 x 02    0.1088  5 00 x 02    0.0777  5 01 x 02    0.0778  5 01 x 02
0.1099  2 00 x 02    0.1099  2 00 x 02    0.0800  5 00 x 02    0.0800  5 00 x 02
---Benchmark Program Finished---
