
./testbench_2kary.sh clang++ O3 MontgomeryQuarter uint64_t 191 8 22 -DTEST_ARRAY -DHURCHALLA_MONTGOMERY_POW_2KARY_USE_CSELECT_ON_BIT -DHURCHALLA_ALLOW_INLINE_ASM_ALL

compilation finished, now executing:
---Running Program---

begin benchmarks - array pow
(ignore)368336231662783440

OVERALL BEST:
0.2123  3 00 x 08
0.2178  3 00 x 05
0.2182  3 01 x 07
0.2200  3 00 x 12
0.2203  3 01 x 12
0.2212  4 01 x 12
0.2222  4 00 x 12
0.2228  3 00 x 06
0.2229  3 01 x 05
0.2237  3 00 x 07
0.2238  3 01 x 10
0.2256  2 01 x 08
0.2264  3 01 x 08
0.2282  2 00 x 08
0.2285  4 00 x 07
0.2286  3 01 x 06
0.2302  3 00 x 10
0.2304  4 01 x 10
0.2330  2 00 x 07
0.2330  3 00 x 04
0.2333  2 00 x 05
0.2334  4 00 x 05
0.2342  2 00 x 06
0.2343  4 01 x 08
0.2348  4 00 x 10
0.2348  2 00 x 04
0.2348  4 01 x 06
0.2348  4 00 x 08
0.2354  4 00 x 06
0.2367  2 00 x 12
0.2371  4 01 x 07
0.2382  4 01 x 05
0.2408  2 00 x 10
0.2416  2 01 x 07
0.2417  2 01 x 12
0.2420  2 01 x 05
0.2427  2 01 x 06
0.2447  2 01 x 04
0.2462  2 01 x 10
0.2462  4 00 x 04
0.2467  5 00 x 12
0.2492  5 01 x 12
0.2513  3 01 x 04
0.2554  4 01 x 04
0.2612  3 00 x 03
0.2673  3 01 x 03
0.2675  5 01 x 10
0.2676  5 00 x 07
0.2699  4 00 x 03
0.2704  2 01 x 03
0.2704  5 00 x 08
0.2713  5 00 x 10
0.2718  5 01 x 08
0.2725  5 01 x 06
0.2731  5 00 x 05
0.2757  5 01 x 07
0.2780  5 00 x 06
0.2790  5 01 x 05
0.2811  4 01 x 03
0.2959  2 00 x 03
0.2969  5 00 x 04
0.2990  5 01 x 04
0.3203  5 01 x 03
0.3232  5 00 x 03
0.3267  3 01 x 02
0.3336  3 00 x 02
0.3398  4 01 x 02
0.3538  4 00 x 02
0.3568  2 01 x 02
0.3631  5 01 x 02
0.3665  2 00 x 02
0.3742  5 00 x 02
Timings By Test Type:
0.0624  3 00 x 08    0.0624  3 00 x 08    0.0437  3 00 x 08    0.0437  3 00 x 08
0.0637  3 00 x 05    0.0637  3 00 x 05    0.0450  3 00 x 12    0.0450  3 00 x 12
0.0640  3 01 x 07    0.0640  3 01 x 07    0.0450  3 01 x 12    0.0451  3 00 x 05
0.0642  4 01 x 12    0.0642  4 01 x 12    0.0451  3 01 x 07    0.0451  3 01 x 07
0.0646  4 00 x 12    0.0645  4 00 x 12    0.0452  3 00 x 05    0.0451  3 01 x 12
0.0650  3 00 x 12    0.0650  3 00 x 12    0.0459  3 00 x 06    0.0459  3 00 x 06
0.0651  3 01 x 12    0.0651  3 01 x 12    0.0459  2 01 x 08    0.0459  2 01 x 08
0.0652  3 01 x 05    0.0653  3 01 x 05    0.0459  3 00 x 07    0.0460  3 00 x 07
0.0655  3 00 x 06    0.0655  3 00 x 06    0.0461  3 01 x 10    0.0461  3 01 x 10
0.0658  3 00 x 07    0.0658  3 01 x 10    0.0462  3 01 x 05    0.0462  3 01 x 05
0.0658  3 01 x 10    0.0659  3 00 x 07    0.0464  4 01 x 12    0.0464  4 01 x 12
0.0660  4 00 x 07    0.0660  4 00 x 07    0.0464  2 00 x 08    0.0464  2 00 x 08
0.0665  3 01 x 08    0.0665  3 01 x 08    0.0465  4 00 x 12    0.0466  4 00 x 12
0.0667  4 01 x 10    0.0666  4 01 x 10    0.0466  3 01 x 08    0.0467  3 01 x 08
0.0669  2 01 x 08    0.0668  2 01 x 08    0.0472  3 01 x 06    0.0471  2 00 x 05
0.0672  3 01 x 06    0.0671  3 01 x 06    0.0472  3 00 x 10    0.0471  3 01 x 06
0.0672  4 00 x 05    0.0672  4 00 x 05    0.0474  2 00 x 07    0.0472  3 00 x 10
0.0677  2 00 x 08    0.0677  2 00 x 08    0.0474  2 00 x 06    0.0472  2 00 x 06
0.0678  4 01 x 08    0.0678  4 01 x 08    0.0474  2 00 x 05    0.0474  2 00 x 07
0.0679  3 00 x 10    0.0679  3 00 x 10    0.0476  2 00 x 04    0.0476  2 00 x 04
0.0679  4 01 x 06    0.0679  4 00 x 06    0.0482  2 00 x 12    0.0482  2 00 x 12
0.0679  4 00 x 06    0.0679  4 01 x 06    0.0482  4 00 x 07    0.0482  3 00 x 04
0.0680  4 00 x 10    0.0680  4 00 x 10    0.0483  3 00 x 04    0.0482  4 00 x 07
0.0680  4 00 x 08    0.0682  4 00 x 08    0.0485  4 01 x 10    0.0486  4 01 x 10
0.0682  3 00 x 04    0.0683  3 00 x 04    0.0490  2 00 x 10    0.0489  2 00 x 10
0.0685  4 01 x 07    0.0687  4 01 x 07    0.0491  2 01 x 05    0.0490  2 01 x 05
0.0687  4 01 x 05    0.0687  4 01 x 05    0.0491  2 01 x 07    0.0491  2 01 x 07
0.0691  2 00 x 07    0.0691  2 00 x 07    0.0491  2 01 x 06    0.0492  2 01 x 12
0.0694  2 00 x 05    0.0695  2 00 x 05    0.0492  2 01 x 12    0.0492  2 01 x 06
0.0697  2 00 x 06    0.0698  2 00 x 04    0.0494  4 00 x 08    0.0492  4 00 x 08
0.0698  2 00 x 04    0.0699  2 00 x 06    0.0494  4 01 x 08    0.0493  4 01 x 08
0.0700  5 00 x 12    0.0700  5 00 x 12    0.0494  4 00 x 10    0.0494  4 00 x 10
0.0702  2 00 x 12    0.0702  2 00 x 12    0.0495  4 01 x 06    0.0495  4 01 x 06
0.0707  5 01 x 12    0.0707  4 00 x 04    0.0495  4 00 x 05    0.0495  4 00 x 05
0.0708  4 00 x 04    0.0707  5 01 x 12    0.0496  2 01 x 04    0.0496  2 01 x 04
0.0714  2 00 x 10    0.0715  2 00 x 10    0.0498  4 00 x 06    0.0497  4 00 x 06
0.0717  2 01 x 12    0.0717  2 01 x 12    0.0500  4 01 x 07    0.0500  4 01 x 07
0.0717  2 01 x 07    0.0718  2 01 x 07    0.0501  2 01 x 10    0.0502  2 01 x 10
0.0720  2 01 x 05    0.0719  2 01 x 05    0.0504  4 01 x 05    0.0503  4 01 x 05
0.0722  2 01 x 06    0.0722  2 01 x 06    0.0519  3 01 x 04    0.0519  3 01 x 04
0.0728  2 01 x 04    0.0728  2 01 x 04    0.0524  4 00 x 04    0.0523  4 00 x 04
0.0730  2 01 x 10    0.0729  2 01 x 10    0.0534  5 00 x 12    0.0533  5 00 x 12
0.0735  4 01 x 04    0.0734  4 01 x 04    0.0537  3 00 x 03    0.0538  3 00 x 03
0.0737  3 01 x 04    0.0737  3 01 x 04    0.0539  5 01 x 12    0.0538  5 01 x 12
0.0752  5 00 x 07    0.0752  5 00 x 07    0.0543  4 01 x 04    0.0542  4 01 x 04
0.0754  5 01 x 10    0.0753  5 01 x 10    0.0546  2 01 x 03    0.0546  2 01 x 03
0.0762  5 00 x 08    0.0762  5 00 x 08    0.0549  3 01 x 03    0.0549  3 01 x 03
0.0765  5 00 x 05    0.0764  5 00 x 05    0.0568  4 00 x 03    0.0568  4 00 x 03
0.0766  5 01 x 08    0.0766  5 00 x 10    0.0584  5 01 x 10    0.0584  5 01 x 10
0.0766  5 00 x 10    0.0767  5 01 x 08    0.0586  5 00 x 07    0.0586  5 00 x 07
0.0767  5 01 x 06    0.0767  5 01 x 06    0.0589  4 01 x 03    0.0589  4 01 x 03
0.0769  3 00 x 03    0.0769  3 00 x 03    0.0590  5 00 x 08    0.0590  5 00 x 08
0.0778  5 01 x 07    0.0778  5 01 x 07    0.0591  5 00 x 10    0.0590  5 00 x 10
0.0781  4 00 x 03    0.0783  4 00 x 03    0.0593  5 01 x 08    0.0592  5 01 x 08
0.0784  5 01 x 05    0.0784  5 01 x 05    0.0596  5 01 x 06    0.0596  5 01 x 06
0.0785  5 00 x 06    0.0784  5 00 x 06    0.0597  2 00 x 03    0.0597  2 00 x 03
0.0788  3 01 x 03    0.0788  3 01 x 03    0.0600  5 01 x 07    0.0601  5 01 x 07
0.0806  2 01 x 03    0.0806  2 01 x 03    0.0601  5 00 x 05    0.0601  5 00 x 05
0.0817  4 01 x 03    0.0816  4 01 x 03    0.0606  5 00 x 06    0.0605  5 00 x 06
0.0833  5 00 x 04    0.0833  5 00 x 04    0.0611  5 01 x 05    0.0610  5 01 x 05
0.0840  5 01 x 04    0.0839  5 01 x 04    0.0651  5 00 x 04    0.0652  5 00 x 04
0.0883  2 00 x 03    0.0883  2 00 x 03    0.0656  5 01 x 04    0.0655  5 01 x 04
0.0906  5 01 x 03    0.0907  5 01 x 03    0.0659  3 01 x 02    0.0659  3 01 x 02
0.0918  5 00 x 03    0.0918  5 00 x 03    0.0672  3 00 x 02    0.0673  3 00 x 02
0.0975  3 01 x 02    0.0974  3 01 x 02    0.0695  5 01 x 03    0.0695  5 01 x 03
0.0995  4 01 x 02    0.0995  4 01 x 02    0.0699  5 00 x 03    0.0698  5 00 x 03
0.0996  3 00 x 02    0.0996  3 00 x 02    0.0705  4 01 x 02    0.0704  4 01 x 02
0.1039  4 00 x 02    0.1039  4 00 x 02    0.0714  2 01 x 02    0.0714  2 01 x 02
0.1047  5 01 x 02    0.1047  5 01 x 02    0.0730  4 00 x 02    0.0730  4 00 x 02
0.1070  2 01 x 02    0.1070  2 01 x 02    0.0735  2 00 x 02    0.0734  2 00 x 02
0.1079  5 00 x 02    0.1080  5 00 x 02    0.0768  5 01 x 02    0.0768  5 01 x 02
0.1098  2 00 x 02    0.1098  2 00 x 02    0.0792  5 00 x 02    0.0791  5 00 x 02
---Benchmark Program Finished---
