---Running Program---

begin benchmarks - array two_pow
(ignore)10826325836583162489

OVERALL BEST:
0.2490  0 29 x 12
0.2583  0 29 x 05
0.2618  0 29 x 06
0.2648  0 31 x 10
0.2652  0 32 t 12
0.2652  0 28 x 12
0.2652  0 32 x 12
0.2654  0 30 x 07
0.2657  0 29 x 08
0.2666  0 30 x 10
0.2672  0 31 x 06
0.2673  0 32 x 10
0.2673  0 30 x 06
0.2674  0 32 t 10
0.2677  0 01 x 10
0.2677  0 28 x 10
0.2688  0 32 t 07
0.2688  0 32 x 07
0.2689  0 28 x 07
0.2689  0 29 x 07
0.2696  0 32 x 06
0.2698  0 28 x 06
0.2698  0 32 t 06
0.2703  0 29 x 10
0.2704  0 31 x 12
0.2704  0 30 x 12
0.2710  0 27 x 08
0.2711  0 31 x 07
0.2713  0 29 t 04
0.2719  0 30 x 05
0.2721  0 31 t 07
0.2732  0 27 x 10
0.2732  0 32 x 05
0.2733  0 32 t 05
0.2739  0 31 t 06
0.2741  0 29 t 10
0.2744  0 31 x 04
0.2745  0 28 x 05
0.2746  0 29 t 05
0.2753  0 31 x 08
0.2761  0 29 t 06
0.2768  0 27 x 12
0.2769  0 30 x 08
0.2769  0 27 x 07
0.2779  0 01 x 12
0.2784  0 29 x 04
0.2789  0 30 t 06
0.2791  0 28 t 06
0.2792  0 32 x 08
0.2793  0 32 t 08
0.2795  0 28 x 08
0.2795  0 31 x 05
0.2813  0 27 x 05
0.2816  0 30 t 05
0.2820  0 27 t 08
0.2821  0 00 x 12
0.2825  0 28 t 10
0.2833  0 27 x 06
0.2840  0 31 t 08
0.2841  0 31 t 10
0.2841  0 05 x 12
0.2842  0 27 t 06
0.2871  0 01 x 07
0.2885  0 06 x 10
0.2887  0 28 t 08
0.2898  0 27 t 05
0.2900  0 06 x 12
0.2901  0 00 x 05
0.2902  0 29 t 08
0.2904  0 30 t 04
0.2905  0 28 t 07
0.2908  0 30 t 07
0.2913  0 29 t 07
0.2916  0 00 x 07
0.2923  0 30 x 04
0.2927  0 27 t 10
0.2938  0 01 x 06
0.2938  0 04 x 12
0.2941  0 31 t 03
0.2950  0 28 t 12
0.2951  0 00 x 10
0.2953  0 32 x 04
0.2954  0 30 t 12
0.2954  0 32 t 04
0.2956  0 28 x 04
0.2960  0 01 t 08
0.2970  0 05 x 05
0.2971  0 27 t 04
0.2973  0 27 t 03
0.2974  0 30 t 03
0.2976  0 01 t 07
0.2977  0 05 x 07
0.2978  0 05 t 04
0.2982  0 01 x 04
0.2987  0 01 x 05
0.2988  0 30 t 10
0.3000  0 00 x 06
0.3006  0 05 x 06
0.3008  0 05 t 08
0.3011  0 01 x 08
0.3011  0 29 t 12
0.3013  0 27 t 07
0.3022  0 04 x 05
0.3026  0 06 x 05
0.3027  0 06 x 07
0.3028  0 28 t 05
0.3028  0 27 x 04
0.3031  0 04 x 06
0.3036  0 06 x 06
0.3036  0 04 x 07
0.3039  0 05 x 04
0.3041  0 31 t 04
0.3055  0 31 t 05
0.3064  0 01 t 06
0.3073  0 05 x 08
0.3079  0 05 t 06
0.3087  0 31 t 12
0.3088  0 30 t 08
0.3091  0 06 x 04
0.3092  0 00 t 06
0.3095  4 08 x 12
0.3098  0 00 x 08
0.3100  4 08 x 08
0.3102  0 05 t 03
0.3104  0 06 x 08
0.3119  0 04 x 04
0.3123  0 06 t 08
0.3125  0 06 t 06
0.3135  0 05 x 10
0.3141  0 04 x 08
0.3142  0 04 t 06
0.3144  0 29 t 03
0.3152  0 31 x 03
0.3155  0 28 t 04
0.3170  0 27 t 12
0.3175  3 08 x 12
0.3183  0 00 x 04
0.3185  0 00 t 10
0.3189  4 08 x 10
0.3190  0 05 t 10
0.3193  0 04 t 08
0.3197  0 05 t 12
0.3208  4 08 x 06
0.3219  0 05 t 07
0.3223  0 04 x 10
0.3230  0 06 t 12
0.3239  0 06 t 07
0.3245  0 30 x 03
0.3256  0 01 t 10
0.3258  0 04 t 10
0.3258  0 06 t 10
0.3261  0 32 t 03
0.3263  0 32 x 03
0.3264  0 28 x 03
0.3270  0 07 t 04
0.3270  0 04 t 12
0.3272  0 29 x 03
0.3273  0 03 x 08
0.3278  4 08 x 05
0.3279  0 00 t 07
0.3288  3 08 x 10
0.3289  3 08 x 08
0.3291  4 08 x 07
0.3292  0 07 x 07
0.3294  4 08 t 05
0.3296  0 04 x 03
0.3299  0 01 t 12
0.3301  0 27 x 03
0.3305  0 00 t 12
0.3307  0 04 t 07
0.3312  0 01 x 03
0.3314  0 07 t 05
0.3318  0 07 t 08
0.3323  0 00 t 08
0.3325  0 05 x 03
0.3326  0 07 x 05
0.3332  0 00 t 05
0.3339  0 07 x 08
0.3341  0 07 x 04
0.3342  3 08 x 06
0.3342  0 06 t 04
0.3343  0 00 x 03
0.3347  0 07 x 06
0.3348  0 07 t 07
0.3359  3 08 x 05
0.3360  0 06 x 03
0.3362  0 01 t 03
0.3374  4 08 t 07
0.3381  4 08 t 06
0.3391  0 00 t 03
0.3392  0 28 t 03
0.3398  0 04 t 05
0.3402  0 03 x 10
0.3403  3 08 t 05
0.3422  0 05 t 05
0.3425  0 00 t 04
0.3426  0 06 t 05
0.3439  3 08 x 07
0.3441  4 08 t 04
0.3443  0 03 x 07
0.3454  0 06 t 03
0.3458  0 07 t 12
0.3459  0 04 t 03
0.3464  0 07 t 10
0.3466  0 03 x 05
0.3483  0 03 x 04
0.3487  0 01 t 04
0.3488  4 08 t 12
0.3498  4 08 t 03
0.3500  0 07 x 12
0.3517  4 08 t 08
0.3522  3 08 t 06
0.3524  4 08 x 04
0.3528  5 08 x 12
0.3529  0 03 x 06
0.3532  0 01 t 05
0.3534  5 08 x 10
0.3539  3 08 t 07
0.3547  0 07 x 10
0.3555  0 04 t 04
0.3571  0 07 t 06
0.3590  4 08 t 10
0.3607  3 08 t 04
0.3607  3 08 x 04
0.3607  3 08 t 12
0.3620  3 08 t 03
0.3629  0 03 x 12
0.3640  2 08 x 05
0.3641  0 07 x 03
0.3679  5 08 x 06
0.3682  5 08 x 05
0.3685  5 08 x 07
0.3691  3 08 t 08
0.3699  4 08 x 03
0.3709  3 08 x 03
0.3714  2 08 t 05
0.3719  5 08 t 05
0.3723  0 05 t 02
0.3755  3 08 t 10
0.3763  5 08 t 06
0.3783  0 27 t 02
0.3788  0 03 x 03
0.3810  0 01 t 02
0.3811  0 31 t 02
0.3813  5 08 x 04
0.3817  5 08 x 08
0.3823  5 08 t 07
0.3883  2 08 t 04
0.3883  5 08 t 10
0.3915  2 08 t 03
0.3922  0 06 t 02
0.3926  5 08 t 12
0.3927  5 08 t 08
0.3927  0 29 t 02
0.3932  0 04 t 02
0.3944  0 07 t 03
0.3965  0 00 t 02
0.3966  2 08 x 04
0.4008  0 07 t 02
0.4065  5 08 t 04
0.4084  2 08 x 03
0.4104  5 08 x 03
0.4119  0 06 x 02
0.4120  0 27 x 02
0.4133  0 30 t 02
0.4147  0 05 x 02
0.4151  0 01 x 02
0.4151  0 28 t 02
0.4168  0 04 x 02
0.4186  0 29 x 02
0.4212  0 28 x 02
0.4222  0 31 x 02
0.4223  0 00 x 02
0.4224  0 32 x 02
0.4245  0 32 t 02
0.4265  0 30 x 02
0.4319  4 08 t 02
0.4372  5 08 t 03
0.4383  0 07 x 02
0.4528  3 08 t 02
0.4606  6 08 x 12
0.4640  6 08 x 10
0.4655  6 08 x 08
0.4714  0 03 x 02
0.4719  6 08 x 05
0.4720  6 08 x 06
0.4761  6 08 x 07
0.4768  4 08 x 02
0.4768  6 08 t 06
0.4830  6 08 t 03
0.4860  6 08 t 04
0.4877  3 08 x 02
0.4893  6 08 t 10
0.4894  5 08 t 02
0.4917  6 08 x 04
0.4939  6 08 t 08
0.4954  6 08 t 07
0.4992  6 08 t 12
0.5027  6 08 t 05
0.5126  6 08 x 03
0.5128  1 08 t 04
0.5131  2 08 t 02
0.5133  1 08 x 04
0.5136  5 08 x 02
0.5223  1 08 x 05
0.5224  1 08 t 05
0.5322  1 08 x 03
0.5327  1 08 t 03
0.5393  2 08 x 02
0.5733  6 08 t 02
0.6183  6 08 x 02
0.6353  0 29 t 01
0.6363  0 01 t 01
0.6368  0 02 x 02
0.6369  0 06 t 01
0.6373  0 05 t 01
0.6417  0 28 t 01
0.6429  0 00 t 01
0.6475  0 31 t 01
0.6522  0 27 t 01
0.6523  0 04 t 01
0.6572  0 30 t 01
0.6583  0 07 t 01
0.6902  0 04 x 01
0.6934  0 01 x 01
0.6969  0 05 x 01
0.6974  0 06 x 01
0.7006  1 08 x 02
0.7016  0 31 x 01
0.7058  0 28 x 01
0.7068  0 29 x 01
0.7122  0 00 x 01
0.7133  0 02 x 01
0.7135  0 32 t 01
0.7150  0 32 x 01
0.7183  0 07 x 01
0.7184  0 27 x 01
0.7233  1 08 t 02
0.7273  7 08 x 05
0.7300  7 08 t 05
0.7335  7 08 t 03
0.7393  7 08 t 04
0.7424  7 08 x 04
0.7536  5 08 t 01
0.7611  0 30 x 01
0.7623  7 08 x 03
0.7725  0 02 x 05
0.7728  0 02 x 06
0.7768  0 02 x 03
0.7832  0 02 x 04
0.7866  4 08 t 01
0.7990  3 08 t 01
0.8037  0 03 x 01
0.8194  0 02 x 10
0.8196  7 08 t 02
0.8267  5 08 x 01
0.8304  0 02 x 12
0.8414  4 08 x 01
0.8444  6 08 t 01
0.8603  7 08 x 02
0.8614  3 08 x 01
0.8707  0 02 x 07
0.8829  0 02 x 08
0.8859  2 08 t 01
0.9150  6 08 x 01
0.9291  2 08 x 01
1.0913  7 08 t 01
1.1556  7 08 x 01
1.2356  1 08 t 01
1.2410  1 08 x 01
Timings By Test Type:
0.0768  0 29 x 12    0.0767  0 29 x 12    0.0478  0 29 x 12    0.0478  0 29 x 12
0.0791  0 29 x 05    0.0790  0 29 x 05    0.0501  0 29 x 05    0.0501  0 29 x 05
0.0801  0 29 x 06    0.0801  0 29 x 06    0.0509  0 29 x 06    0.0508  0 29 x 06
0.0812  0 30 x 07    0.0812  0 30 x 07    0.0510  0 31 x 10    0.0510  0 31 x 10
0.0813  0 32 t 12    0.0814  0 31 x 10    0.0511  0 32 x 12    0.0511  0 28 x 12
0.0814  0 31 x 10    0.0815  0 28 x 12    0.0511  0 28 x 12    0.0512  0 32 t 12
0.0814  0 28 x 12    0.0815  0 32 x 12    0.0512  0 32 t 12    0.0512  0 32 x 12
0.0815  0 32 x 12    0.0815  0 32 t 12    0.0512  0 29 x 08    0.0512  0 29 x 08
0.0817  0 29 x 08    0.0817  0 29 x 08    0.0515  0 30 x 07    0.0515  0 30 x 07
0.0818  0 30 x 10    0.0817  0 30 x 10    0.0516  0 32 x 10    0.0516  0 30 x 10
0.0818  0 30 x 06    0.0817  0 30 x 06    0.0516  0 30 x 10    0.0516  0 32 x 10
0.0819  0 31 x 06    0.0818  0 31 x 06    0.0516  0 32 t 10    0.0516  0 32 t 10
0.0821  0 32 x 10    0.0821  0 32 t 10    0.0517  0 01 x 10    0.0516  0 28 x 10
0.0821  0 32 t 10    0.0821  0 32 x 10    0.0517  0 28 x 10    0.0516  0 01 x 10
0.0822  0 28 x 07    0.0822  0 01 x 10    0.0518  0 31 x 06    0.0518  0 31 x 06
0.0822  0 32 t 07    0.0822  0 32 x 07    0.0518  0 29 x 07    0.0519  0 30 x 06
0.0822  0 32 x 07    0.0822  0 28 x 10    0.0519  0 30 x 06    0.0520  0 29 x 07
0.0822  0 01 x 10    0.0822  0 32 t 07    0.0521  0 29 x 10    0.0521  0 29 x 10
0.0822  0 28 x 10    0.0822  0 28 x 07    0.0522  0 30 x 12    0.0522  0 30 x 12
0.0824  0 32 x 06    0.0824  0 28 x 06    0.0522  0 31 x 12    0.0522  0 31 x 12
0.0824  0 29 x 07    0.0825  0 32 x 06    0.0522  0 32 t 07    0.0522  0 32 t 07
0.0825  0 32 t 06    0.0826  0 32 t 06    0.0522  0 32 x 07    0.0523  0 32 x 07
0.0825  0 28 x 06    0.0826  0 29 x 07    0.0523  0 28 x 07    0.0523  0 28 x 07
0.0830  0 30 x 12    0.0829  0 30 x 05    0.0523  0 32 x 06    0.0523  0 31 x 07
0.0830  0 27 x 08    0.0830  0 31 x 12    0.0523  0 31 x 07    0.0524  0 32 x 06
0.0830  0 31 x 12    0.0830  0 27 x 08    0.0524  0 32 t 06    0.0524  0 32 t 06
0.0831  0 30 x 05    0.0830  0 29 x 10    0.0524  0 28 x 06    0.0524  0 28 x 06
0.0831  0 29 x 10    0.0830  0 30 x 12    0.0524  0 27 x 08    0.0525  0 29 t 04
0.0831  0 29 t 04    0.0832  0 31 x 07    0.0525  0 29 t 04    0.0525  0 27 x 08
0.0832  0 31 x 07    0.0832  0 29 t 04    0.0526  0 31 t 07    0.0526  0 31 t 07
0.0834  0 31 t 07    0.0834  0 31 t 07    0.0527  0 29 t 10    0.0528  0 29 t 10
0.0836  0 32 x 05    0.0836  0 32 t 05    0.0528  0 27 x 10    0.0528  0 27 x 10
0.0838  0 27 x 10    0.0837  0 32 x 05    0.0529  0 32 t 05    0.0529  0 30 x 05
0.0838  0 31 x 04    0.0838  0 27 x 10    0.0529  0 32 x 05    0.0529  0 32 x 05
0.0839  0 31 t 06    0.0838  0 31 t 06    0.0530  0 30 x 05    0.0530  0 32 t 05
0.0839  0 32 t 05    0.0839  0 31 x 04    0.0530  0 29 t 05    0.0530  0 29 t 05
0.0840  0 28 x 05    0.0840  0 29 t 05    0.0532  0 31 t 06    0.0531  0 31 t 06
0.0843  0 29 t 10    0.0841  0 28 x 05    0.0532  0 28 x 05    0.0532  0 27 x 12
0.0844  0 31 x 08    0.0843  0 29 t 10    0.0532  0 27 x 12    0.0532  0 28 x 05
0.0845  0 29 t 05    0.0844  0 31 x 08    0.0533  0 31 x 08    0.0533  0 31 x 08
0.0847  0 29 t 06    0.0846  0 29 t 06    0.0533  0 31 x 04    0.0533  0 31 x 04
0.0849  0 27 x 07    0.0849  0 27 x 07    0.0534  0 30 x 08    0.0534  0 29 t 06
0.0850  0 30 x 08    0.0850  0 30 x 08    0.0534  0 29 t 06    0.0534  0 30 x 08
0.0852  0 27 x 12    0.0852  0 27 x 12    0.0534  0 01 x 12    0.0535  0 01 x 12
0.0853  0 29 x 04    0.0853  0 30 t 06    0.0535  0 27 x 07    0.0535  0 27 x 07
0.0854  0 28 t 06    0.0853  0 29 x 04    0.0539  0 28 x 08    0.0539  0 29 x 04
0.0854  0 30 t 06    0.0854  0 05 x 12    0.0539  0 29 x 04    0.0539  0 32 x 08
0.0856  0 05 x 12    0.0854  0 01 x 12    0.0539  0 32 x 08    0.0539  0 28 x 08
0.0856  0 01 x 12    0.0855  0 28 t 06    0.0539  0 32 t 08    0.0539  0 32 t 08
0.0857  0 32 t 08    0.0857  0 31 x 05    0.0540  0 31 x 05    0.0540  0 31 x 05
0.0857  0 32 x 08    0.0857  0 32 x 08    0.0540  0 28 t 06    0.0541  0 30 t 06
0.0858  0 31 x 05    0.0857  0 32 t 08    0.0541  0 30 t 06    0.0541  0 28 t 06
0.0859  0 28 x 08    0.0858  0 28 x 08    0.0543  0 00 x 12    0.0543  0 00 x 12
0.0862  0 27 x 05    0.0862  0 27 x 05    0.0544  0 30 t 05    0.0544  0 30 t 05
0.0864  0 30 t 05    0.0864  0 28 t 10    0.0544  0 27 x 05    0.0544  0 27 x 05
0.0865  0 27 t 08    0.0865  0 30 t 05    0.0544  0 27 t 08    0.0545  0 27 t 08
0.0865  0 28 t 10    0.0866  0 27 t 08    0.0546  0 27 x 06    0.0546  0 27 x 06
0.0867  0 00 x 12    0.0868  0 00 x 12    0.0548  0 28 t 10    0.0548  0 28 t 10
0.0871  0 27 x 06    0.0870  0 31 t 08    0.0549  0 31 t 10    0.0548  0 31 t 08
0.0871  0 31 t 10    0.0870  0 27 x 06    0.0549  0 27 t 06    0.0549  0 31 t 10
0.0872  0 27 t 06    0.0871  0 31 t 10    0.0550  0 31 t 08    0.0550  0 27 t 06
0.0872  0 31 t 08    0.0871  0 27 t 06    0.0552  0 01 x 07    0.0553  0 01 x 07
0.0875  0 06 x 10    0.0875  0 06 x 10    0.0558  0 29 t 08    0.0558  0 27 t 05
0.0878  0 06 x 12    0.0877  0 06 x 12    0.0558  0 27 t 05    0.0558  0 29 t 08
0.0878  0 30 t 04    0.0879  0 30 t 04    0.0559  0 28 t 08    0.0559  0 28 t 08
0.0883  0 01 x 07    0.0883  0 01 x 07    0.0561  0 29 t 07    0.0561  0 00 x 05
0.0884  0 28 t 08    0.0884  0 28 t 08    0.0562  0 00 x 05    0.0561  0 29 t 07
0.0888  0 30 t 07    0.0888  0 30 t 07    0.0563  0 28 t 07    0.0562  0 28 t 07
0.0889  0 00 x 05    0.0889  0 00 x 05    0.0563  0 04 x 12    0.0563  0 04 x 12
0.0891  0 28 t 07    0.0890  0 28 t 07    0.0563  0 00 x 07    0.0564  0 00 x 07
0.0892  0 27 t 05    0.0891  0 27 t 05    0.0565  0 01 x 06    0.0564  0 01 x 06
0.0893  0 30 x 04    0.0893  0 30 x 04    0.0565  0 27 t 10    0.0565  0 27 t 10
0.0893  0 29 t 08    0.0893  0 29 t 08    0.0566  0 30 t 07    0.0566  0 05 x 12
0.0895  0 00 x 07    0.0895  0 29 t 07    0.0566  0 05 x 12    0.0566  0 30 t 07
0.0895  0 29 t 07    0.0895  0 00 x 07    0.0568  0 01 t 08    0.0567  0 06 x 10
0.0899  0 27 t 10    0.0898  0 27 t 10    0.0568  0 06 x 10    0.0568  0 01 t 08
0.0900  0 31 t 03    0.0899  0 31 t 03    0.0569  0 30 x 04    0.0569  0 30 x 04
0.0900  0 05 x 05    0.0900  0 05 x 05    0.0570  0 00 x 10    0.0570  0 00 x 10
0.0901  0 05 x 07    0.0901  0 05 x 07    0.0571  0 31 t 03    0.0571  0 01 x 04
0.0902  0 32 t 04    0.0902  0 32 t 04    0.0571  0 28 t 12    0.0571  0 31 t 03
0.0902  0 28 t 12    0.0902  0 32 x 04    0.0571  0 01 x 04    0.0571  0 27 t 04
0.0903  0 32 x 04    0.0903  0 28 x 04    0.0572  0 27 t 04    0.0572  0 01 t 07
0.0903  0 30 t 12    0.0903  0 05 t 04    0.0572  0 01 t 07    0.0573  0 30 t 12
0.0903  0 05 t 04    0.0903  0 30 t 03    0.0572  0 06 x 12    0.0573  0 06 x 12
0.0903  0 28 x 04    0.0904  0 28 t 12    0.0573  0 30 t 12    0.0573  0 01 x 05
0.0904  0 30 t 03    0.0904  0 01 x 06    0.0573  0 01 x 05    0.0573  0 30 t 04
0.0904  0 01 x 06    0.0905  0 30 t 12    0.0573  0 30 t 04    0.0574  0 28 t 12
0.0906  0 00 x 10    0.0906  0 00 x 10    0.0574  0 32 x 04    0.0574  0 32 x 04
0.0907  0 04 x 12    0.0906  0 04 x 12    0.0574  0 32 t 04    0.0575  0 28 x 04
0.0908  0 05 x 06    0.0908  0 05 x 06    0.0575  0 28 x 04    0.0576  0 32 t 04
0.0909  0 05 t 08    0.0909  0 05 t 08    0.0576  0 27 t 03    0.0576  0 27 t 03
0.0911  0 27 t 03    0.0911  0 27 t 03    0.0577  0 01 x 08    0.0577  0 01 x 08
0.0912  0 01 t 08    0.0912  0 01 t 08    0.0578  0 30 t 10    0.0578  0 30 t 10
0.0914  0 27 t 04    0.0914  0 27 t 04    0.0579  0 00 x 06    0.0579  0 00 x 06
0.0916  0 30 t 10    0.0916  0 30 t 10    0.0580  0 29 t 12    0.0580  0 29 t 12
0.0916  0 01 t 07    0.0916  0 01 t 07    0.0581  0 04 x 05    0.0581  0 04 x 05
0.0919  0 06 x 07    0.0920  0 01 x 04    0.0582  0 04 x 06    0.0582  0 04 x 06
0.0920  0 01 x 04    0.0920  0 06 x 07    0.0582  0 27 t 07    0.0582  0 27 t 07
0.0921  0 01 x 05    0.0921  0 06 x 05    0.0582  0 27 x 04    0.0582  0 27 x 04
0.0921  0 05 x 04    0.0921  0 00 x 06    0.0583  0 04 x 07    0.0584  0 30 t 03
0.0921  0 06 x 05    0.0921  0 01 x 05    0.0584  0 30 t 03    0.0584  0 04 x 07
0.0922  0 00 x 06    0.0923  0 05 x 04    0.0585  0 05 x 05    0.0586  0 05 x 05
0.0923  0 06 x 06    0.0923  0 06 x 06    0.0586  0 05 t 04    0.0586  0 31 t 04
0.0925  0 27 t 07    0.0925  0 27 t 07    0.0586  0 31 t 04    0.0586  0 05 t 04
0.0925  0 29 t 12    0.0926  0 29 t 12    0.0587  0 28 t 05    0.0587  0 05 x 07
0.0926  0 28 t 05    0.0926  0 28 t 05    0.0587  0 05 x 07    0.0588  0 01 t 06
0.0928  0 01 x 08    0.0928  0 01 x 08    0.0588  0 01 t 06    0.0588  0 28 t 05
0.0929  0 05 x 08    0.0929  0 05 x 08    0.0591  0 31 t 05    0.0591  0 31 t 05
0.0930  0 04 x 05    0.0929  0 04 x 05    0.0592  0 06 x 05    0.0592  0 06 x 05
0.0931  0 05 t 06    0.0932  0 27 x 04    0.0594  0 06 x 07    0.0594  0 06 x 07
0.0932  0 27 x 04    0.0933  0 05 t 06    0.0594  0 06 x 06    0.0594  0 06 x 06
0.0933  4 08 x 12    0.0934  4 08 x 08    0.0595  0 05 t 08    0.0595  0 05 t 08
0.0934  0 04 x 06    0.0934  0 04 x 06    0.0595  0 31 t 12    0.0595  0 05 x 06
0.0934  0 31 t 04    0.0934  0 04 x 07    0.0596  0 05 x 06    0.0596  0 31 t 12
0.0934  4 08 x 08    0.0935  0 31 t 04    0.0596  0 04 x 04    0.0596  0 04 x 04
0.0934  0 04 x 07    0.0936  4 08 x 12    0.0597  0 00 x 08    0.0597  0 05 x 04
0.0937  0 31 t 05    0.0937  0 31 t 05    0.0598  0 05 x 04    0.0598  0 00 x 08
0.0938  0 06 x 04    0.0940  0 06 x 04    0.0598  0 00 t 06    0.0598  0 00 t 06
0.0942  0 05 t 03    0.0942  0 05 t 03    0.0600  0 30 t 08    0.0599  0 30 t 08
0.0944  0 01 t 06    0.0944  0 30 t 08    0.0600  0 04 x 08    0.0600  0 04 x 08
0.0945  0 30 t 08    0.0944  0 01 t 06    0.0601  0 06 t 08    0.0601  0 06 t 08
0.0947  0 05 x 10    0.0946  0 05 x 10    0.0602  0 04 t 06    0.0602  0 04 t 06
0.0948  0 06 t 06    0.0947  0 31 t 12    0.0602  0 06 x 08    0.0603  0 06 x 08
0.0948  0 31 t 12    0.0948  0 00 t 06    0.0607  0 06 x 04    0.0607  0 06 x 04
0.0949  0 00 t 06    0.0949  0 06 t 06    0.0607  0 05 t 06    0.0607  0 05 x 08
0.0949  0 06 x 08    0.0950  0 06 x 08    0.0608  0 31 x 03    0.0607  0 05 t 06
0.0951  0 00 x 08    0.0952  0 00 x 08    0.0608  0 05 x 08    0.0608  0 31 x 03
0.0961  0 06 t 08    0.0960  0 06 t 08    0.0609  0 05 t 03    0.0609  0 04 t 08
0.0963  0 04 x 04    0.0963  0 04 x 04    0.0609  0 29 t 03    0.0609  0 29 t 03
0.0963  0 29 t 03    0.0963  0 29 t 03    0.0609  0 04 t 08    0.0609  0 05 t 03
0.0965  4 08 x 10    0.0965  0 05 t 10    0.0611  0 28 t 04    0.0611  0 28 t 04
0.0965  0 05 t 12    0.0965  0 05 t 12    0.0612  0 27 t 12    0.0612  0 27 t 12
0.0966  0 05 t 10    0.0966  0 28 t 04    0.0613  4 08 x 12    0.0613  4 08 x 12
0.0967  0 28 t 04    0.0967  4 08 x 10    0.0614  0 00 x 04    0.0614  0 00 x 04
0.0968  0 31 x 03    0.0968  0 31 x 03    0.0614  0 06 t 06    0.0614  0 06 t 06
0.0969  3 08 x 12    0.0968  4 08 x 06    0.0615  0 00 t 10    0.0615  0 00 t 10
0.0969  4 08 x 06    0.0969  3 08 x 12    0.0616  4 08 x 08    0.0616  0 04 x 10
0.0970  0 04 t 06    0.0969  0 04 t 06    0.0616  0 04 x 10    0.0616  4 08 x 08
0.0971  0 04 x 08    0.0970  0 04 x 08    0.0619  3 08 x 12    0.0618  3 08 x 12
0.0973  0 27 t 12    0.0973  0 27 t 12    0.0621  0 04 t 10    0.0620  0 05 x 10
0.0975  0 07 t 04    0.0974  0 07 t 04    0.0621  0 05 x 10    0.0622  0 04 t 10
0.0976  0 07 x 07    0.0976  0 07 x 07    0.0624  0 01 t 10    0.0624  0 01 t 10
0.0977  0 05 t 07    0.0977  0 00 t 10    0.0625  0 04 t 12    0.0625  0 04 t 12
0.0977  0 00 t 10    0.0977  0 05 t 07    0.0628  0 06 t 12    0.0627  0 06 t 12
0.0978  0 00 x 04    0.0977  0 00 x 04    0.0628  4 08 x 10    0.0628  0 01 t 12
0.0986  0 07 t 08    0.0986  0 07 t 08    0.0629  0 06 t 10    0.0629  4 08 x 10
0.0987  0 07 t 05    0.0987  0 07 t 05    0.0630  0 05 t 10    0.0630  0 05 t 10
0.0988  0 06 t 12    0.0987  0 06 t 12    0.0630  0 06 t 07    0.0630  0 06 t 10
0.0988  0 04 t 08    0.0988  0 04 t 08    0.0630  0 32 x 03    0.0630  0 32 x 03
0.0990  0 06 t 07    0.0990  0 06 t 07    0.0630  0 32 t 03    0.0630  0 06 t 07
0.0991  4 08 x 05    0.0990  4 08 x 05    0.0630  0 30 x 03    0.0630  0 32 t 03
0.0992  0 07 x 05    0.0991  0 07 x 05    0.0632  0 29 x 03    0.0631  0 30 x 03
0.0992  0 30 x 03    0.0992  0 30 x 03    0.0632  0 28 x 03    0.0632  0 29 x 03
0.0994  0 07 x 06    0.0994  0 07 x 06    0.0632  0 01 t 12    0.0632  0 03 x 08
0.0995  0 07 t 07    0.0995  0 07 t 07    0.0632  0 05 t 07    0.0632  0 28 x 03
0.0995  4 08 t 05    0.0995  4 08 t 05    0.0632  0 03 x 08    0.0632  0 05 t 07
0.0995  0 04 x 10    0.0995  0 04 x 10    0.0633  0 05 t 12    0.0633  0 04 t 07
0.0996  0 07 x 08    0.0996  4 08 x 07    0.0633  0 27 x 03    0.0633  0 05 t 12
0.0996  0 07 x 04    0.0996  0 07 x 08    0.0633  0 04 t 07    0.0634  0 27 x 03
0.0997  4 08 x 07    0.0998  0 07 x 04    0.0634  0 01 x 03    0.0634  0 01 x 03
0.0999  3 08 x 08    0.0999  0 06 t 10    0.0634  0 00 t 07    0.0634  0 04 x 03
0.1000  0 28 x 03    0.0999  0 28 x 03    0.0634  0 04 x 03    0.0635  0 00 t 07
0.1000  0 06 t 10    0.1000  0 32 t 03    0.0635  4 08 x 06    0.0636  4 08 x 06
0.1001  0 32 t 03    0.1001  0 32 x 03    0.0638  3 08 x 10    0.0637  0 00 t 12
0.1001  0 32 x 03    0.1002  3 08 x 08    0.0639  0 00 t 12    0.0638  3 08 x 10
0.1004  0 01 t 10    0.1004  0 03 x 08    0.0640  0 00 t 08    0.0640  0 00 t 08
0.1004  0 29 x 03    0.1004  0 01 t 10    0.0641  0 00 t 05    0.0641  0 00 t 05
0.1005  0 03 x 08    0.1004  0 29 x 03    0.0642  0 00 x 03    0.0642  0 00 x 03
0.1005  0 00 t 07    0.1005  0 00 t 07    0.0643  3 08 x 08    0.0644  0 01 t 03
0.1006  3 08 x 10    0.1006  3 08 x 10    0.0645  0 01 t 03    0.0645  3 08 x 08
0.1007  0 04 t 10    0.1008  0 04 t 10    0.0648  0 05 x 03    0.0648  0 05 x 03
0.1010  0 04 t 12    0.1010  0 04 t 12    0.0648  0 00 t 03    0.0648  4 08 x 05
0.1014  0 04 x 03    0.1014  0 04 x 03    0.0649  4 08 x 05    0.0649  0 00 t 03
0.1015  0 05 x 03    0.1014  0 00 t 12    0.0649  0 06 t 04    0.0649  0 04 t 05
0.1015  0 00 t 12    0.1014  0 05 x 03    0.0649  0 04 t 05    0.0649  0 06 t 04
0.1017  0 27 x 03    0.1017  0 27 x 03    0.0650  4 08 x 07    0.0649  4 08 x 07
0.1018  0 01 t 12    0.1018  3 08 x 06    0.0652  3 08 x 06    0.0652  4 08 t 05
0.1019  3 08 x 06    0.1019  0 07 x 12    0.0652  4 08 t 05    0.0653  3 08 x 06
0.1020  0 07 x 12    0.1020  4 08 t 07    0.0656  3 08 x 05    0.0656  3 08 x 05
0.1020  0 04 t 07    0.1020  0 04 t 07    0.0657  0 00 t 04    0.0657  0 00 t 04
0.1021  4 08 t 07    0.1020  0 01 t 12    0.0657  0 06 x 03    0.0657  0 03 x 10
0.1022  0 00 t 08    0.1022  0 00 t 08    0.0657  0 28 t 03    0.0657  0 06 x 03
0.1022  4 08 t 06    0.1022  4 08 t 06    0.0657  0 03 x 10    0.0657  0 28 t 03
0.1022  0 01 x 03    0.1022  0 06 t 04    0.0661  0 07 t 04    0.0661  0 07 t 04
0.1022  0 06 t 04    0.1023  3 08 x 05    0.0662  0 06 t 05    0.0661  0 06 t 05
0.1023  0 06 x 03    0.1023  0 01 x 03    0.0663  0 04 t 03    0.0664  0 04 t 03
0.1024  3 08 x 05    0.1023  0 06 x 03    0.0665  3 08 t 05    0.0664  3 08 t 05
0.1025  0 00 t 05    0.1025  0 00 t 05    0.0665  0 03 x 07    0.0664  0 03 x 07
0.1026  5 08 x 12    0.1026  5 08 x 12    0.0666  4 08 t 07    0.0667  0 01 t 04
0.1028  0 07 t 12    0.1028  0 07 t 12    0.0667  0 01 t 04    0.0667  4 08 t 07
0.1030  0 00 x 03    0.1029  0 00 x 03    0.0668  4 08 t 06    0.0669  4 08 t 06
0.1031  0 07 t 10    0.1031  5 08 x 10    0.0670  0 05 t 05    0.0669  0 05 t 05
0.1032  5 08 x 10    0.1032  0 07 t 10    0.0670  0 07 x 07    0.0670  0 07 x 07
0.1037  3 08 t 05    0.1036  0 01 t 03    0.0670  0 07 t 05    0.0670  0 07 t 05
0.1037  0 01 t 03    0.1038  3 08 t 05    0.0671  0 03 x 05    0.0670  0 06 t 03
0.1037  4 08 t 04    0.1038  4 08 t 04    0.0671  0 06 t 03    0.0671  0 03 x 05
0.1039  0 28 t 03    0.1039  0 28 t 03    0.0672  3 08 x 07    0.0671  0 07 x 05
0.1042  0 05 t 05    0.1041  0 05 t 05    0.0672  0 07 x 05    0.0672  3 08 x 07
0.1044  0 03 x 10    0.1043  0 03 x 10    0.0673  0 01 t 05    0.0673  0 01 t 05
0.1047  0 00 t 03    0.1045  0 07 x 10    0.0673  0 07 x 04    0.0673  0 07 t 08
0.1048  3 08 x 07    0.1047  0 00 t 03    0.0673  0 03 x 04    0.0673  0 07 x 08
0.1050  0 04 t 05    0.1048  3 08 x 07    0.0673  0 07 t 08    0.0674  0 03 x 04
0.1052  0 06 t 05    0.1050  0 04 t 05    0.0673  0 07 x 08    0.0674  0 07 x 04
0.1053  0 07 x 10    0.1052  0 06 t 05    0.0679  0 03 x 06    0.0679  0 04 t 04
0.1054  4 08 t 12    0.1054  4 08 t 03    0.0679  0 07 x 06    0.0679  0 07 x 06
0.1054  4 08 t 03    0.1056  0 00 t 04    0.0679  0 04 t 04    0.0679  0 07 t 07
0.1055  0 03 x 07    0.1057  0 06 t 03    0.0679  0 07 t 07    0.0681  0 03 x 06
0.1056  0 00 t 04    0.1057  4 08 t 12    0.0683  4 08 t 04    0.0683  4 08 t 04
0.1056  0 06 t 03    0.1059  0 03 x 07    0.0689  3 08 t 06    0.0688  3 08 t 06
0.1062  0 03 x 05    0.1062  0 03 x 05    0.0689  4 08 t 12    0.0689  4 08 t 12
0.1064  4 08 x 04    0.1063  4 08 x 04    0.0690  3 08 t 07    0.0691  3 08 t 07
0.1065  4 08 t 08    0.1065  0 07 t 06    0.0692  4 08 t 08    0.0692  4 08 t 08
0.1065  0 07 t 06    0.1066  0 04 t 03    0.0695  4 08 t 03    0.0695  4 08 t 03
0.1066  0 04 t 03    0.1067  4 08 t 08    0.0697  0 03 x 12    0.0699  4 08 x 04
0.1068  0 03 x 04    0.1068  0 03 x 04    0.0698  4 08 x 04    0.0701  0 07 t 12
0.1074  3 08 t 06    0.1072  3 08 t 06    0.0700  0 07 t 10    0.0701  0 07 t 10
0.1076  5 08 x 06    0.1076  5 08 x 06    0.0700  0 07 t 12    0.0702  0 03 x 12
0.1077  0 01 t 04    0.1076  0 01 t 04    0.0701  3 08 t 12    0.0703  3 08 t 12
0.1079  5 08 x 05    0.1079  5 08 x 07    0.0704  3 08 x 04    0.0704  3 08 x 04
0.1079  3 08 t 07    0.1079  5 08 x 05    0.0706  3 08 t 04    0.0706  3 08 t 04
0.1079  5 08 x 07    0.1080  3 08 t 07    0.0707  4 08 t 10    0.0707  3 08 t 03
0.1085  0 03 x 06    0.1084  0 03 x 06    0.0707  2 08 x 05    0.0707  2 08 x 05
0.1088  4 08 t 10    0.1088  4 08 t 10    0.0707  3 08 t 03    0.0708  4 08 t 10
0.1089  5 08 t 05    0.1088  5 08 t 05    0.0717  3 08 t 08    0.0717  3 08 t 08
0.1091  0 07 x 03    0.1091  0 07 x 03    0.0720  2 08 t 05    0.0720  0 07 t 06
0.1094  0 01 t 05    0.1093  0 01 t 05    0.0721  0 07 t 06    0.0721  2 08 t 05
0.1097  3 08 t 04    0.1098  3 08 t 04    0.0721  0 27 t 02    0.0721  0 07 x 10
0.1099  0 04 t 04    0.1098  0 04 t 04    0.0724  0 05 t 02    0.0721  0 27 t 02
0.1099  3 08 x 04    0.1099  3 08 x 04    0.0724  3 08 x 03    0.0724  0 05 t 02
0.1102  3 08 t 12    0.1100  5 08 t 06    0.0728  0 07 x 10    0.0724  3 08 x 03
0.1103  5 08 t 06    0.1102  3 08 t 12    0.0729  0 01 t 02    0.0728  0 01 t 02
0.1103  3 08 t 03    0.1103  3 08 t 03    0.0729  0 31 t 02    0.0729  0 31 t 02
0.1114  2 08 x 05    0.1112  2 08 x 05    0.0729  3 08 t 10    0.0729  3 08 t 10
0.1114  4 08 x 03    0.1113  0 03 x 12    0.0729  0 07 x 03    0.0730  0 07 x 03
0.1117  0 03 x 12    0.1115  4 08 x 03    0.0730  0 03 x 03    0.0730  0 03 x 03
0.1119  5 08 x 08    0.1118  5 08 x 08    0.0730  0 07 x 12    0.0730  0 07 x 12
0.1120  5 08 x 04    0.1119  5 08 x 04    0.0735  4 08 x 03    0.0735  4 08 x 03
0.1120  5 08 t 07    0.1121  5 08 t 07    0.0735  5 08 x 10    0.0735  5 08 x 10
0.1129  3 08 t 08    0.1128  3 08 t 08    0.0736  5 08 x 12    0.0741  5 08 x 12
0.1131  3 08 x 03    0.1131  3 08 x 03    0.0749  0 29 t 02    0.0749  0 29 t 02
0.1136  2 08 t 05    0.1137  2 08 t 05    0.0752  2 08 t 04    0.0752  2 08 t 04
0.1138  0 05 t 02    0.1137  5 08 t 10    0.0755  0 04 t 02    0.0755  0 04 t 02
0.1138  5 08 t 10    0.1137  0 05 t 02    0.0758  2 08 t 03    0.0758  2 08 t 03
0.1148  3 08 t 10    0.1149  3 08 t 10    0.0760  0 00 t 02    0.0760  0 00 t 02
0.1151  5 08 t 12    0.1151  5 08 t 12    0.0762  5 08 x 05    0.0762  0 06 t 02
0.1153  5 08 t 08    0.1152  5 08 t 08    0.0762  0 06 t 02    0.0763  5 08 x 05
0.1165  0 03 x 03    0.1164  0 03 x 03    0.0764  5 08 x 06    0.0763  5 08 x 07
0.1170  0 27 t 02    0.1170  0 27 t 02    0.0764  5 08 x 07    0.0764  5 08 x 06
0.1176  0 31 t 02    0.1177  0 01 t 02    0.0768  2 08 x 04    0.0767  2 08 x 04
0.1177  0 01 t 02    0.1177  0 31 t 02    0.0771  5 08 t 05    0.0771  5 08 t 05
0.1187  0 07 t 03    0.1187  0 07 t 03    0.0781  5 08 t 06    0.0780  5 08 t 06
0.1190  2 08 t 04    0.1189  2 08 t 04    0.0785  0 07 t 03    0.0785  0 07 t 03
0.1197  5 08 t 04    0.1196  5 08 t 04    0.0786  0 27 x 02    0.0786  0 27 x 02
0.1198  0 06 t 02    0.1199  0 06 t 02    0.0787  5 08 x 04    0.0788  5 08 x 04
0.1200  2 08 t 03    0.1199  2 08 t 03    0.0788  2 08 x 03    0.0788  2 08 x 03
0.1205  0 07 t 02    0.1204  0 07 t 02    0.0789  0 01 x 02    0.0788  0 01 x 02
0.1206  5 08 x 03    0.1208  5 08 x 03    0.0789  5 08 x 08    0.0790  5 08 x 08
0.1211  0 04 t 02    0.1211  0 04 t 02    0.0791  5 08 t 07    0.0791  5 08 t 07
0.1215  0 29 t 02    0.1214  0 29 t 02    0.0793  0 30 t 02    0.0793  0 30 t 02
0.1216  2 08 x 04    0.1215  2 08 x 04    0.0795  0 29 x 02    0.0795  0 29 x 02
0.1222  0 00 t 02    0.1223  0 00 t 02    0.0796  0 28 t 02    0.0796  0 04 x 02
0.1254  2 08 x 03    0.1254  2 08 x 03    0.0797  0 04 x 02    0.0796  0 28 t 02
0.1262  0 06 x 02    0.1262  0 06 x 02    0.0797  0 06 x 02    0.0797  0 06 x 02
0.1273  0 30 t 02    0.1273  0 05 x 02    0.0799  0 07 t 02    0.0799  0 07 t 02
0.1274  0 27 x 02    0.1273  0 30 t 02    0.0801  0 05 x 02    0.0800  0 05 x 02
0.1274  0 05 x 02    0.1274  0 27 x 02    0.0803  0 00 x 02    0.0804  5 08 t 10
0.1279  0 28 t 02    0.1280  0 28 t 02    0.0804  5 08 t 10    0.0805  0 31 x 02
0.1287  0 01 x 02    0.1286  0 04 x 02    0.0805  0 31 x 02    0.0806  0 28 x 02
0.1290  0 04 x 02    0.1287  0 01 x 02    0.0806  0 28 x 02    0.0808  0 00 x 02
0.1294  5 08 t 03    0.1294  5 08 t 03    0.0811  5 08 t 08    0.0810  5 08 t 08
0.1298  0 29 x 02    0.1297  0 29 x 02    0.0812  5 08 t 12    0.0812  5 08 t 12
0.1299  6 08 x 12    0.1299  0 32 x 02    0.0813  0 32 x 02    0.0812  0 32 x 02
0.1299  0 32 x 02    0.1300  0 28 x 02    0.0816  0 30 x 02    0.0816  0 32 t 02
0.1300  0 28 x 02    0.1300  6 08 x 12    0.0816  0 32 t 02    0.0816  0 30 x 02
0.1306  0 00 x 02    0.1305  0 00 x 02    0.0836  5 08 t 04    0.0835  5 08 t 04
0.1306  0 31 x 02    0.1306  0 32 t 02    0.0840  4 08 t 02    0.0840  4 08 t 02
0.1306  0 32 t 02    0.1306  0 31 x 02    0.0845  5 08 x 03    0.0845  5 08 x 03
0.1309  6 08 x 10    0.1309  6 08 x 10    0.0868  0 07 x 02    0.0868  0 07 x 02
0.1311  6 08 x 08    0.1312  6 08 x 08    0.0870  3 08 t 02    0.0870  3 08 t 02
0.1315  0 30 x 02    0.1317  0 30 x 02    0.0892  0 03 x 02    0.0892  0 03 x 02
0.1320  4 08 t 02    0.1320  4 08 t 02    0.0892  5 08 t 03    0.0892  5 08 t 03
0.1324  0 07 x 02    0.1323  0 07 x 02    0.0927  4 08 x 02    0.0927  4 08 x 02
0.1335  6 08 x 05    0.1334  6 08 x 05    0.0934  3 08 x 02    0.0933  3 08 x 02
0.1336  6 08 x 06    0.1336  6 08 x 06    0.0979  2 08 t 02    0.0979  2 08 t 02
0.1347  6 08 x 07    0.1346  6 08 x 07    0.0985  5 08 t 02    0.0984  1 08 t 04
0.1349  6 08 t 06    0.1348  6 08 t 06    0.0985  1 08 t 04    0.0985  5 08 t 02
0.1369  6 08 t 03    0.1368  6 08 t 03    0.0987  1 08 x 04    0.0987  1 08 x 04
0.1379  6 08 t 04    0.1379  6 08 t 04    0.1002  1 08 x 05    0.1003  1 08 t 05
0.1388  6 08 t 10    0.1385  6 08 t 10    0.1002  1 08 t 05    0.1003  1 08 x 05
0.1394  3 08 t 02    0.1392  6 08 t 08    0.1003  6 08 x 12    0.1004  6 08 x 12
0.1394  6 08 t 08    0.1393  3 08 t 02    0.1013  6 08 x 10    0.1010  6 08 x 10
0.1396  6 08 x 04    0.1394  6 08 x 04    0.1016  6 08 x 08    0.1015  6 08 x 08
0.1407  6 08 t 07    0.1407  6 08 t 07    0.1019  1 08 x 03    0.1019  1 08 x 03
0.1416  6 08 t 12    0.1415  6 08 t 12    0.1020  1 08 t 03    0.1020  1 08 t 03
0.1431  6 08 t 05    0.1430  6 08 t 05    0.1024  6 08 x 05    0.1024  6 08 x 06
0.1458  4 08 x 02    0.1457  4 08 x 02    0.1025  6 08 x 06    0.1026  6 08 x 05
0.1460  6 08 x 03    0.1459  6 08 x 03    0.1029  2 08 x 02    0.1028  2 08 x 02
0.1462  5 08 t 02    0.1462  5 08 t 02    0.1032  5 08 x 02    0.1032  5 08 x 02
0.1465  0 03 x 02    0.1466  0 03 x 02    0.1033  6 08 x 07    0.1034  6 08 x 07
0.1504  3 08 x 02    0.1506  3 08 x 02    0.1035  6 08 t 06    0.1036  6 08 t 06
0.1536  5 08 x 02    0.1535  5 08 x 02    0.1048  6 08 t 03    0.1046  6 08 t 03
0.1579  1 08 t 04    0.1580  1 08 x 04    0.1051  6 08 t 04    0.1051  6 08 t 04
0.1581  1 08 x 04    0.1580  1 08 t 04    0.1060  6 08 t 10    0.1059  6 08 t 10
0.1587  2 08 t 02    0.1586  2 08 t 02    0.1063  6 08 x 04    0.1063  6 08 x 04
0.1609  1 08 x 05    0.1609  1 08 t 05    0.1064  6 08 t 08    0.1070  6 08 t 07
0.1610  1 08 t 05    0.1609  1 08 x 05    0.1070  6 08 t 07    0.1083  6 08 t 05
0.1642  1 08 x 03    0.1641  1 08 x 03    0.1078  6 08 t 12    0.1083  6 08 t 12
0.1643  1 08 t 03    0.1644  1 08 t 03    0.1083  6 08 t 05    0.1088  6 08 t 08
0.1662  6 08 t 02    0.1668  2 08 x 02    0.1103  6 08 x 03    0.1104  6 08 x 03
0.1668  2 08 x 02    0.1670  6 08 t 02    0.1172  0 29 t 01    0.1173  0 29 t 01
0.1798  6 08 x 02    0.1788  6 08 x 02    0.1182  0 01 t 01    0.1183  0 01 t 01
0.1968  7 08 x 05    0.1968  7 08 x 05    0.1188  0 28 t 01    0.1188  0 28 t 01
0.1972  0 02 x 02    0.1971  0 02 x 02    0.1188  0 00 t 01    0.1188  0 00 t 01
0.1975  7 08 t 05    0.1975  7 08 t 05    0.1190  0 05 t 01    0.1190  0 05 t 01
0.1986  0 06 t 01    0.1985  0 06 t 01    0.1198  0 06 t 01    0.1200  0 06 t 01
0.1987  7 08 t 03    0.1988  7 08 t 03    0.1202  6 08 t 02    0.1200  6 08 t 02
0.1997  0 05 t 01    0.1997  0 05 t 01    0.1205  0 27 t 01    0.1204  0 31 t 01
0.1999  0 01 t 01    0.1999  0 01 t 01    0.1205  0 31 t 01    0.1205  0 27 t 01
0.2004  0 29 t 01    0.2004  0 29 t 01    0.1213  0 02 x 02    0.1212  0 02 x 02
0.2006  7 08 t 04    0.2006  7 08 t 04    0.1219  0 04 t 01    0.1218  0 04 t 01
0.2017  7 08 x 04    0.2017  7 08 x 04    0.1227  0 30 t 01    0.1228  0 30 t 01
0.2021  0 28 t 01    0.2021  0 28 t 01    0.1250  0 07 t 01    0.1249  0 07 t 01
0.2026  0 00 t 01    0.2026  0 00 t 01    0.1262  0 04 x 01    0.1262  0 04 x 01
0.2034  0 31 t 01    0.2032  0 31 t 01    0.1265  0 01 x 01    0.1266  0 01 x 01
0.2043  0 07 t 01    0.2041  0 07 t 01    0.1285  0 31 x 01    0.1285  0 31 x 01
0.2043  0 04 t 01    0.2043  0 04 t 01    0.1291  0 05 x 01    0.1290  0 05 x 01
0.2056  0 27 t 01    0.2056  0 27 t 01    0.1296  0 29 x 01    0.1296  0 29 x 01
0.2059  0 30 t 01    0.2058  0 30 t 01    0.1296  0 28 x 01    0.1296  0 28 x 01
0.2078  7 08 x 03    0.2078  7 08 x 03    0.1297  0 06 x 01    0.1298  0 06 x 01
0.2170  1 08 x 02    0.2172  1 08 x 02    0.1297  6 08 x 02    0.1299  6 08 x 02
0.2189  0 04 x 01    0.2189  0 04 x 01    0.1307  0 00 x 01    0.1307  0 00 x 01
0.2190  0 06 x 01    0.2189  0 06 x 01    0.1317  0 32 t 01    0.1318  0 32 t 01
0.2194  0 05 x 01    0.2194  0 05 x 01    0.1318  0 27 x 01    0.1318  0 27 x 01
0.2202  0 01 x 01    0.2201  0 01 x 01    0.1321  0 32 x 01    0.1321  0 32 x 01
0.2223  0 31 x 01    0.2223  0 31 x 01    0.1332  1 08 x 02    0.1333  1 08 x 02
0.2233  0 28 x 01    0.2233  0 28 x 01    0.1334  0 02 x 01    0.1333  0 02 x 01
0.2233  0 02 x 01    0.2233  0 02 x 01    0.1351  0 07 x 01    0.1350  0 07 x 01
0.2238  0 29 x 01    0.2238  0 29 x 01    0.1374  1 08 t 02    0.1375  1 08 t 02
0.2241  0 07 x 01    0.2240  1 08 t 02    0.1436  0 30 x 01    0.1436  0 30 x 01
0.2244  1 08 t 02    0.2241  0 07 x 01    0.1447  5 08 t 01    0.1448  5 08 t 01
0.2251  0 32 t 01    0.2249  0 32 t 01    0.1478  0 03 x 01    0.1477  0 03 x 01
0.2254  0 32 x 01    0.2254  0 32 x 01    0.1481  0 02 x 05    0.1480  0 02 x 05
0.2254  0 00 x 01    0.2254  0 00 x 01    0.1483  0 02 x 06    0.1483  0 02 x 06
0.2273  7 08 t 02    0.2273  7 08 t 02    0.1486  0 02 x 03    0.1486  0 02 x 03
0.2274  0 27 x 01    0.2274  0 27 x 01    0.1499  0 02 x 04    0.1498  3 08 t 01
0.2321  5 08 t 01    0.2320  5 08 t 01    0.1499  3 08 t 01    0.1499  0 02 x 04
0.2369  0 30 x 01    0.2370  0 30 x 01    0.1507  4 08 t 01    0.1507  4 08 t 01
0.2380  0 02 x 06    0.2380  0 02 x 05    0.1575  0 02 x 10    0.1579  0 02 x 10
0.2383  0 02 x 05    0.2381  0 02 x 06    0.1584  5 08 x 01    0.1585  5 08 x 01
0.2397  0 02 x 03    0.2399  0 02 x 03    0.1594  0 02 x 12    0.1597  0 02 x 12
0.2399  7 08 x 02    0.2400  7 08 x 02    0.1596  4 08 x 01    0.1598  4 08 x 01
0.2418  0 02 x 04    0.2416  0 02 x 04    0.1615  3 08 x 01    0.1615  3 08 x 01
0.2426  4 08 t 01    0.2427  4 08 t 01    0.1640  2 08 t 01    0.1641  2 08 t 01
0.2497  3 08 t 01    0.2496  3 08 t 01    0.1669  7 08 x 05    0.1669  7 08 x 05
0.2522  0 02 x 10    0.2518  0 02 x 10    0.1669  0 02 x 07    0.1670  0 02 x 07
0.2532  6 08 t 01    0.2530  6 08 t 01    0.1675  7 08 t 05    0.1675  7 08 t 05
0.2541  0 03 x 01    0.2541  0 03 x 01    0.1680  7 08 t 03    0.1680  7 08 t 03
0.2550  5 08 x 01    0.2549  5 08 x 01    0.1690  7 08 t 04    0.1691  7 08 t 04
0.2557  0 02 x 12    0.2555  0 02 x 12    0.1691  6 08 t 01    0.1691  6 08 t 01
0.2609  4 08 x 01    0.2611  4 08 x 01    0.1694  0 02 x 08    0.1695  0 02 x 08
0.2682  0 02 x 07    0.2686  0 02 x 07    0.1695  7 08 x 04    0.1696  7 08 x 04
0.2692  3 08 x 01    0.2692  3 08 x 01    0.1715  2 08 x 01    0.1716  2 08 x 01
0.2723  0 02 x 08    0.2717  0 02 x 08    0.1734  7 08 x 03    0.1734  7 08 x 03
0.2760  6 08 x 01    0.2760  6 08 x 01    0.1814  6 08 x 01    0.1816  6 08 x 01
0.2789  2 08 t 01    0.2789  2 08 t 01    0.1825  7 08 t 02    0.1825  7 08 t 02
0.2930  2 08 x 01    0.2930  2 08 x 01    0.1902  7 08 x 02    0.1901  7 08 x 02
0.3136  7 08 t 01    0.3136  7 08 t 01    0.2282  1 08 t 01    0.2281  1 08 t 01
0.3351  7 08 x 01    0.3351  7 08 x 01    0.2294  1 08 x 01    0.2294  1 08 x 01
0.3897  1 08 t 01    0.3896  1 08 t 01    0.2321  7 08 t 01    0.2321  7 08 t 01
0.3911  1 08 x 01    0.3910  1 08 x 01    0.2427  7 08 x 01    0.2428  7 08 x 01
---Benchmark Program Finished---
