---Running Program---

begin benchmarks - array two_pow
(ignore)14570983554645190575

OVERALL BEST:
0.2163  0 32 x 12
0.2175  0 29 x 12
0.2183  0 28 x 10
0.2184  0 30 x 10
0.2185  0 32 x 07
0.2186  0 28 x 07
0.2187  0 31 x 08
0.2188  0 29 x 07
0.2190  0 30 x 08
0.2194  0 29 x 10
0.2195  0 28 x 08
0.2198  0 28 x 12
0.2207  0 32 x 10
0.2208  0 31 x 07
0.2208  0 32 x 06
0.2219  0 29 x 06
0.2220  0 30 x 07
0.2220  0 29 x 05
0.2222  0 32 x 05
0.2228  0 31 x 05
0.2232  0 31 x 12
0.2237  0 31 x 06
0.2247  0 30 x 12
0.2248  0 32 x 08
0.2249  0 29 x 08
0.2280  0 28 x 06
0.2288  0 28 x 05
0.2292  0 27 x 12
0.2293  0 31 x 10
0.2296  0 30 x 06
0.2299  0 01 x 08
0.2305  0 27 x 07
0.2317  0 27 x 10
0.2323  0 01 x 07
0.2324  0 27 x 08
0.2339  0 30 x 05
0.2343  0 27 x 06
0.2371  0 01 x 10
0.2383  0 01 x 06
0.2383  0 00 x 12
0.2412  0 31 x 04
0.2419  0 01 x 12
0.2419  0 01 x 05
0.2424  0 27 x 05
0.2431  0 00 x 10
0.2450  0 04 x 07
0.2456  0 04 x 12
0.2456  0 00 x 07
0.2464  0 05 x 07
0.2464  0 29 x 04
0.2469  0 00 x 08
0.2470  0 32 x 04
0.2474  0 04 x 10
0.2475  0 05 x 12
0.2476  0 00 x 06
0.2484  0 30 x 04
0.2490  0 05 x 06
0.2492  0 05 x 10
0.2496  0 05 x 05
0.2504  0 04 x 05
0.2506  0 04 x 06
0.2515  0 05 x 08
0.2521  0 06 x 12
0.2524  0 06 x 07
0.2525  0 04 x 08
0.2527  0 00 x 05
0.2538  0 06 x 10
0.2539  0 01 x 04
0.2551  0 06 x 06
0.2561  0 06 x 05
0.2572  0 06 x 08
0.2594  0 27 x 04
0.2611  0 28 x 04
0.2652  4 08 x 07
0.2668  0 04 x 04
0.2686  4 08 x 10
0.2698  0 05 x 04
0.2716  4 08 x 08
0.2723  0 00 x 04
0.2728  4 08 x 06
0.2745  0 31 x 03
0.2758  4 08 x 05
0.2762  0 06 x 04
0.2773  3 08 x 07
0.2788  4 08 x 12
0.2834  0 28 x 03
0.2849  0 29 x 03
0.2850  3 08 x 10
0.2854  0 32 x 03
0.2857  0 30 x 03
0.2860  0 27 x 03
0.2862  0 01 x 03
0.2873  0 07 x 10
0.2883  0 07 x 07
0.2888  0 07 x 06
0.2894  0 07 x 05
0.2894  3 08 x 05
0.2897  3 08 x 08
0.2897  0 05 x 03
0.2903  3 08 x 06
0.2914  0 04 x 03
0.2927  3 08 x 12
0.2948  0 07 x 08
0.2959  0 07 x 12
0.2987  0 06 x 03
0.2997  0 00 x 03
0.3049  0 03 x 08
0.3055  0 03 x 07
0.3058  0 03 x 05
0.3058  0 03 x 06
0.3082  5 08 x 07
0.3095  3 08 x 03
0.3101  4 08 x 03
0.3108  0 07 x 04
0.3114  5 08 x 08
0.3126  4 08 x 04
0.3129  5 08 x 10
0.3151  5 08 x 05
0.3154  0 03 x 10
0.3154  5 08 x 06
0.3159  0 03 x 04
0.3167  0 03 x 12
0.3170  5 08 x 12
0.3236  3 08 x 04
0.3299  2 08 x 05
0.3352  0 07 x 03
0.3392  2 08 x 03
0.3454  0 01 x 02
0.3455  5 08 x 03
0.3477  0 03 x 03
0.3487  5 08 x 04
0.3505  0 04 x 02
0.3530  0 05 x 02
0.3578  0 31 x 02
0.3580  0 29 x 02
0.3585  0 32 x 02
0.3602  0 06 x 02
0.3606  0 00 x 02
0.3652  0 30 x 02
0.3660  0 28 x 02
0.3707  0 27 x 02
0.3740  2 08 x 04
0.3977  0 07 x 02
0.4047  4 08 x 02
0.4076  3 08 x 02
0.4129  6 08 x 07
0.4145  6 08 x 06
0.4171  6 08 x 08
0.4181  1 08 x 05
0.4193  6 08 x 10
0.4202  6 08 x 12
0.4226  6 08 x 05
0.4401  5 08 x 02
0.4468  6 08 x 04
0.4482  0 03 x 02
0.4510  2 08 x 02
0.4527  6 08 x 03
0.4599  1 08 x 03
0.5566  6 08 x 02
0.5704  0 04 x 01
0.5735  0 01 x 01
0.5742  0 05 x 01
0.5774  1 08 x 04
0.5829  0 00 x 01
0.5941  0 30 x 01
0.5960  0 06 x 01
0.6022  0 29 x 01
0.6035  0 28 x 01
0.6037  0 31 x 01
0.6110  1 08 x 02
0.6189  0 07 x 01
0.6286  0 27 x 01
0.6380  0 02 x 02
0.6610  0 02 x 03
0.6736  7 08 x 05
0.6799  0 02 x 01
0.6899  5 08 x 01
0.7020  7 08 x 04
0.7074  7 08 x 03
0.7133  3 08 x 01
0.7183  0 32 x 01
0.7231  4 08 x 01
0.7461  0 02 x 08
0.7470  0 02 x 07
0.7472  0 02 x 06
0.7518  0 02 x 04
0.7558  0 02 x 05
0.7766  7 08 x 02
0.7801  6 08 x 01
0.7838  2 08 x 01
0.7918  0 03 x 01
0.7953  0 02 x 10
0.8235  0 02 x 12
1.0278  7 08 x 01
1.0434  1 08 x 01
Timings By Test Type:
0.0660  0 32 x 12    0.0660  0 32 x 12    0.0421  0 32 x 12    0.0421  0 32 x 12
0.0665  0 28 x 07    0.0665  0 29 x 12    0.0423  0 29 x 12    0.0422  0 29 x 12
0.0665  0 29 x 12    0.0665  0 30 x 08    0.0424  0 32 x 07    0.0424  0 32 x 07
0.0665  0 28 x 10    0.0665  0 30 x 10    0.0426  0 30 x 10    0.0425  0 28 x 10
0.0666  0 30 x 08    0.0665  0 28 x 07    0.0426  0 29 x 07    0.0426  0 30 x 10
0.0666  0 30 x 10    0.0666  0 31 x 08    0.0426  0 28 x 10    0.0426  0 29 x 10
0.0667  0 31 x 08    0.0667  0 29 x 07    0.0427  0 29 x 10    0.0427  0 29 x 07
0.0668  0 32 x 07    0.0667  0 28 x 10    0.0427  0 31 x 08    0.0427  0 31 x 08
0.0668  0 28 x 08    0.0667  0 28 x 08    0.0428  0 28 x 07    0.0428  0 28 x 07
0.0668  0 29 x 07    0.0668  0 32 x 07    0.0428  0 28 x 12    0.0428  0 28 x 12
0.0671  0 28 x 12    0.0670  0 29 x 10    0.0429  0 32 x 10    0.0429  0 32 x 10
0.0671  0 29 x 10    0.0671  0 28 x 12    0.0429  0 30 x 08    0.0429  0 30 x 08
0.0673  0 31 x 07    0.0673  0 32 x 06    0.0430  0 28 x 08    0.0430  0 28 x 08
0.0673  0 30 x 07    0.0674  0 30 x 07    0.0431  0 32 x 06    0.0430  0 32 x 06
0.0674  0 31 x 05    0.0674  0 31 x 07    0.0431  0 31 x 07    0.0430  0 31 x 07
0.0674  0 32 x 06    0.0674  0 32 x 10    0.0432  0 29 x 06    0.0432  0 29 x 06
0.0674  0 32 x 10    0.0674  0 31 x 05    0.0433  0 32 x 05    0.0434  0 32 x 05
0.0675  0 29 x 05    0.0676  0 29 x 05    0.0435  0 29 x 05    0.0435  0 29 x 05
0.0677  0 32 x 05    0.0677  0 29 x 06    0.0435  0 31 x 12    0.0435  0 31 x 12
0.0678  0 29 x 06    0.0678  0 32 x 05    0.0437  0 30 x 07    0.0437  0 30 x 07
0.0681  0 31 x 06    0.0681  0 31 x 06    0.0438  0 32 x 08    0.0438  0 31 x 06
0.0681  0 31 x 12    0.0681  0 31 x 12    0.0438  0 31 x 06    0.0438  0 32 x 08
0.0684  0 30 x 12    0.0685  0 32 x 08    0.0439  0 30 x 12    0.0439  0 30 x 12
0.0685  0 29 x 08    0.0685  0 29 x 08    0.0439  0 29 x 08    0.0440  0 29 x 08
0.0687  0 32 x 08    0.0685  0 30 x 12    0.0440  0 28 x 06    0.0440  0 28 x 06
0.0698  0 30 x 06    0.0698  0 30 x 06    0.0440  0 31 x 05    0.0440  0 31 x 05
0.0699  0 01 x 08    0.0699  0 01 x 08    0.0443  0 28 x 05    0.0443  0 28 x 05
0.0699  0 28 x 06    0.0700  0 31 x 10    0.0445  0 27 x 12    0.0445  0 27 x 12
0.0700  0 27 x 12    0.0700  0 28 x 06    0.0447  0 31 x 10    0.0446  0 31 x 10
0.0700  0 31 x 10    0.0701  0 28 x 05    0.0449  0 27 x 10    0.0449  0 27 x 10
0.0701  0 28 x 05    0.0701  0 27 x 12    0.0450  0 30 x 06    0.0450  0 30 x 06
0.0702  0 27 x 07    0.0702  0 27 x 07    0.0450  0 27 x 07    0.0450  0 27 x 07
0.0707  0 01 x 07    0.0707  0 01 x 07    0.0451  0 01 x 08    0.0451  0 01 x 08
0.0709  0 27 x 08    0.0709  0 27 x 08    0.0453  0 27 x 08    0.0453  0 27 x 08
0.0709  0 27 x 10    0.0709  0 27 x 10    0.0455  0 01 x 07    0.0455  0 01 x 07
0.0714  0 30 x 05    0.0714  0 30 x 05    0.0456  0 30 x 05    0.0455  0 30 x 05
0.0714  0 27 x 06    0.0715  0 27 x 06    0.0457  0 27 x 06    0.0458  0 27 x 06
0.0721  0 01 x 10    0.0722  0 01 x 10    0.0463  0 00 x 12    0.0463  0 00 x 12
0.0724  0 01 x 06    0.0724  0 01 x 06    0.0464  0 01 x 10    0.0464  0 01 x 10
0.0729  0 00 x 12    0.0729  0 00 x 12    0.0467  0 01 x 06    0.0467  0 01 x 06
0.0734  0 31 x 04    0.0735  0 31 x 04    0.0470  0 27 x 05    0.0470  0 27 x 05
0.0734  0 01 x 12    0.0735  0 01 x 12    0.0472  0 31 x 04    0.0472  0 31 x 04
0.0735  0 05 x 07    0.0737  0 01 x 05    0.0473  0 01 x 05    0.0473  0 01 x 05
0.0736  0 01 x 05    0.0738  0 05 x 07    0.0473  0 00 x 10    0.0474  0 00 x 10
0.0738  0 05 x 12    0.0738  0 05 x 12    0.0474  0 01 x 12    0.0475  0 01 x 12
0.0742  0 27 x 05    0.0742  0 27 x 05    0.0477  0 00 x 07    0.0477  0 00 x 07
0.0742  0 05 x 10    0.0742  0 00 x 10    0.0479  0 29 x 04    0.0479  0 00 x 08
0.0742  0 00 x 10    0.0743  0 05 x 10    0.0480  0 00 x 08    0.0480  0 29 x 04
0.0744  0 04 x 07    0.0744  0 05 x 06    0.0480  0 04 x 07    0.0481  0 04 x 07
0.0744  0 05 x 06    0.0745  0 04 x 07    0.0481  0 04 x 12    0.0481  0 32 x 04
0.0746  0 04 x 12    0.0747  0 05 x 05    0.0482  0 32 x 04    0.0482  0 00 x 06
0.0747  0 05 x 05    0.0748  0 04 x 12    0.0482  0 00 x 06    0.0482  0 04 x 12
0.0748  0 06 x 07    0.0749  0 06 x 07    0.0485  0 04 x 10    0.0485  0 04 x 10
0.0749  0 06 x 12    0.0750  0 06 x 12    0.0490  0 30 x 04    0.0490  0 30 x 04
0.0751  0 00 x 07    0.0751  0 00 x 07    0.0490  0 00 x 05    0.0490  0 04 x 06
0.0751  0 04 x 10    0.0752  0 04 x 10    0.0490  0 04 x 05    0.0491  0 00 x 05
0.0752  0 05 x 08    0.0752  0 05 x 08    0.0491  0 04 x 06    0.0491  0 04 x 05
0.0752  0 29 x 04    0.0753  0 30 x 04    0.0494  0 04 x 08    0.0493  0 04 x 08
0.0753  0 30 x 04    0.0753  0 29 x 04    0.0495  0 01 x 04    0.0495  0 05 x 07
0.0754  0 06 x 10    0.0753  0 32 x 04    0.0496  0 05 x 07    0.0496  0 01 x 04
0.0754  0 32 x 04    0.0754  0 06 x 10    0.0499  0 05 x 12    0.0499  0 05 x 12
0.0755  0 00 x 08    0.0755  0 00 x 08    0.0501  0 05 x 05    0.0501  0 05 x 05
0.0756  0 00 x 06    0.0756  0 00 x 06    0.0501  0 05 x 06    0.0501  0 05 x 06
0.0758  0 06 x 06    0.0758  0 06 x 06    0.0501  0 27 x 04    0.0501  0 27 x 04
0.0761  0 06 x 05    0.0761  0 06 x 05    0.0504  0 05 x 10    0.0504  0 05 x 10
0.0761  0 04 x 05    0.0762  0 04 x 05    0.0506  0 05 x 08    0.0506  0 05 x 08
0.0762  0 04 x 06    0.0763  0 04 x 06    0.0510  0 06 x 12    0.0511  0 28 x 04
0.0766  0 06 x 08    0.0767  0 06 x 08    0.0512  0 28 x 04    0.0511  0 06 x 12
0.0769  0 04 x 08    0.0770  0 04 x 08    0.0514  0 06 x 07    0.0513  0 06 x 07
0.0774  0 01 x 04    0.0773  0 00 x 05    0.0515  0 06 x 10    0.0515  0 06 x 10
0.0774  0 00 x 05    0.0774  0 01 x 04    0.0517  0 06 x 06    0.0517  0 06 x 06
0.0794  0 28 x 04    0.0795  0 28 x 04    0.0519  0 06 x 05    0.0519  0 06 x 05
0.0795  4 08 x 07    0.0795  4 08 x 07    0.0519  0 06 x 08    0.0519  0 06 x 08
0.0796  0 27 x 04    0.0796  0 27 x 04    0.0523  0 04 x 04    0.0523  0 04 x 04
0.0809  4 08 x 10    0.0810  4 08 x 10    0.0527  0 00 x 04    0.0526  0 00 x 04
0.0811  0 04 x 04    0.0810  0 05 x 04    0.0531  4 08 x 07    0.0532  4 08 x 07
0.0812  0 05 x 04    0.0811  0 04 x 04    0.0535  4 08 x 10    0.0533  4 08 x 10
0.0817  4 08 x 08    0.0817  4 08 x 08    0.0536  0 31 x 03    0.0536  0 31 x 03
0.0817  4 08 x 06    0.0819  4 08 x 06    0.0538  0 05 x 04    0.0538  0 05 x 04
0.0823  0 06 x 04    0.0823  0 06 x 04    0.0541  4 08 x 08    0.0541  4 08 x 08
0.0827  4 08 x 05    0.0827  4 08 x 05    0.0546  4 08 x 06    0.0546  4 08 x 06
0.0835  0 00 x 04    0.0834  0 00 x 04    0.0550  3 08 x 07    0.0549  3 08 x 07
0.0837  0 07 x 10    0.0836  3 08 x 07    0.0550  0 29 x 03    0.0550  0 29 x 03
0.0837  3 08 x 07    0.0837  0 31 x 03    0.0551  4 08 x 05    0.0552  4 08 x 05
0.0837  0 31 x 03    0.0838  0 07 x 10    0.0553  4 08 x 12    0.0552  0 32 x 03
0.0839  4 08 x 12    0.0841  0 07 x 07    0.0553  0 32 x 03    0.0554  0 27 x 03
0.0839  0 07 x 07    0.0842  4 08 x 12    0.0553  0 27 x 03    0.0554  4 08 x 12
0.0843  0 07 x 06    0.0843  0 07 x 06    0.0556  0 01 x 03    0.0555  0 01 x 03
0.0846  0 07 x 05    0.0846  0 07 x 05    0.0556  0 28 x 03    0.0555  0 28 x 03
0.0859  0 07 x 08    0.0859  0 07 x 12    0.0558  0 06 x 04    0.0558  0 06 x 04
0.0861  0 07 x 12    0.0860  0 07 x 08    0.0561  0 30 x 03    0.0560  0 30 x 03
0.0862  0 28 x 03    0.0861  3 08 x 10    0.0563  3 08 x 10    0.0562  3 08 x 10
0.0864  3 08 x 10    0.0862  0 28 x 03    0.0569  0 04 x 03    0.0568  0 04 x 03
0.0867  0 30 x 03    0.0868  0 30 x 03    0.0572  3 08 x 08    0.0572  3 08 x 08
0.0873  3 08 x 05    0.0874  3 08 x 05    0.0573  0 05 x 03    0.0574  0 05 x 03
0.0874  0 05 x 03    0.0875  0 32 x 03    0.0574  3 08 x 05    0.0574  3 08 x 05
0.0874  0 32 x 03    0.0875  0 29 x 03    0.0574  3 08 x 06    0.0574  3 08 x 06
0.0875  0 29 x 03    0.0876  0 01 x 03    0.0575  3 08 x 12    0.0576  3 08 x 12
0.0876  3 08 x 08    0.0876  0 27 x 03    0.0577  0 00 x 03    0.0577  0 00 x 03
0.0876  0 01 x 03    0.0876  0 05 x 03    0.0596  0 03 x 08    0.0595  0 03 x 08
0.0877  0 27 x 03    0.0877  3 08 x 06    0.0597  0 03 x 06    0.0597  0 03 x 06
0.0877  3 08 x 06    0.0877  3 08 x 08    0.0597  0 03 x 07    0.0598  0 03 x 05
0.0888  0 04 x 03    0.0888  3 08 x 12    0.0599  0 03 x 05    0.0598  0 03 x 07
0.0889  3 08 x 12    0.0889  0 04 x 03    0.0599  0 07 x 10    0.0599  0 07 x 10
0.0892  0 06 x 03    0.0892  0 06 x 03    0.0601  0 07 x 05    0.0601  0 07 x 05
0.0892  5 08 x 07    0.0892  5 08 x 07    0.0601  0 07 x 07    0.0601  0 07 x 06
0.0903  5 08 x 08    0.0904  5 08 x 08    0.0601  0 07 x 06    0.0601  0 07 x 07
0.0907  5 08 x 10    0.0908  5 08 x 10    0.0602  0 06 x 03    0.0602  0 06 x 03
0.0913  0 07 x 04    0.0912  0 07 x 04    0.0612  3 08 x 03    0.0612  3 08 x 03
0.0913  5 08 x 05    0.0913  5 08 x 05    0.0614  0 07 x 08    0.0614  0 07 x 08
0.0914  5 08 x 06    0.0916  5 08 x 06    0.0615  0 03 x 10    0.0616  0 03 x 10
0.0919  5 08 x 12    0.0919  5 08 x 12    0.0616  0 03 x 04    0.0616  0 03 x 04
0.0921  0 00 x 03    0.0922  0 00 x 03    0.0618  0 03 x 12    0.0618  0 03 x 12
0.0927  4 08 x 03    0.0927  4 08 x 03    0.0621  0 07 x 12    0.0619  0 07 x 12
0.0928  0 03 x 08    0.0930  0 03 x 08    0.0624  4 08 x 03    0.0624  4 08 x 03
0.0930  0 03 x 07    0.0930  0 03 x 07    0.0626  4 08 x 04    0.0625  4 08 x 04
0.0931  0 03 x 05    0.0930  0 03 x 05    0.0640  3 08 x 04    0.0640  3 08 x 04
0.0932  0 03 x 06    0.0933  0 03 x 06    0.0642  0 07 x 04    0.0642  0 07 x 04
0.0936  3 08 x 03    0.0935  3 08 x 03    0.0648  2 08 x 05    0.0648  2 08 x 05
0.0937  4 08 x 04    0.0938  4 08 x 04    0.0648  5 08 x 07    0.0649  5 08 x 07
0.0963  0 03 x 10    0.0960  0 03 x 10    0.0653  5 08 x 08    0.0653  5 08 x 08
0.0963  0 03 x 04    0.0964  0 03 x 04    0.0657  5 08 x 10    0.0657  5 08 x 10
0.0964  0 03 x 12    0.0967  0 03 x 12    0.0662  5 08 x 06    0.0662  5 08 x 06
0.0979  3 08 x 04    0.0978  3 08 x 04    0.0662  5 08 x 05    0.0663  5 08 x 05
0.0988  0 07 x 03    0.0987  0 07 x 03    0.0664  2 08 x 03    0.0664  2 08 x 03
0.1003  2 08 x 05    0.1001  2 08 x 05    0.0665  5 08 x 12    0.0667  5 08 x 12
0.1007  5 08 x 03    0.1006  5 08 x 03    0.0668  0 01 x 02    0.0668  0 01 x 02
0.1017  5 08 x 04    0.1016  5 08 x 04    0.0673  0 03 x 03    0.0672  0 03 x 03
0.1031  2 08 x 03    0.1032  2 08 x 03    0.0680  0 04 x 02    0.0680  0 04 x 02
0.1058  0 01 x 02    0.1059  0 01 x 02    0.0688  0 29 x 02    0.0688  0 29 x 02
0.1065  0 03 x 03    0.1068  0 03 x 03    0.0688  0 07 x 03    0.0688  0 07 x 03
0.1072  0 05 x 02    0.1073  0 04 x 02    0.0689  0 31 x 02    0.0689  0 31 x 02
0.1072  0 04 x 02    0.1075  0 05 x 02    0.0690  0 32 x 02    0.0690  0 32 x 02
0.1083  0 06 x 02    0.1085  0 06 x 02    0.0692  0 05 x 02    0.0692  0 05 x 02
0.1100  0 31 x 02    0.1100  0 31 x 02    0.0693  0 00 x 02    0.0693  0 00 x 02
0.1102  0 32 x 02    0.1102  0 29 x 02    0.0710  0 30 x 02    0.0709  0 30 x 02
0.1102  0 29 x 02    0.1102  0 32 x 02    0.0712  0 28 x 02    0.0712  0 28 x 02
0.1110  0 00 x 02    0.1110  0 00 x 02    0.0713  0 27 x 02    0.0712  0 27 x 02
0.1117  0 30 x 02    0.1116  0 30 x 02    0.0718  0 06 x 02    0.0717  0 06 x 02
0.1118  0 28 x 02    0.1119  0 28 x 02    0.0721  5 08 x 03    0.0721  5 08 x 03
0.1140  2 08 x 04    0.1140  2 08 x 04    0.0727  5 08 x 04    0.0727  5 08 x 04
0.1141  0 27 x 02    0.1142  0 27 x 02    0.0730  2 08 x 04    0.0730  2 08 x 04
0.1152  6 08 x 07    0.1153  6 08 x 07    0.0792  3 08 x 02    0.0792  3 08 x 02
0.1157  6 08 x 06    0.1157  6 08 x 06    0.0794  4 08 x 02    0.0793  4 08 x 02
0.1161  6 08 x 08    0.1177  6 08 x 12    0.0807  0 07 x 02    0.0808  0 07 x 02
0.1164  6 08 x 10    0.1179  6 08 x 10    0.0813  1 08 x 05    0.0813  1 08 x 05
0.1165  6 08 x 05    0.1179  6 08 x 08    0.0856  0 03 x 02    0.0856  0 03 x 02
0.1177  6 08 x 12    0.1181  0 07 x 02    0.0871  2 08 x 02    0.0870  2 08 x 02
0.1181  0 07 x 02    0.1183  6 08 x 05    0.0892  1 08 x 03    0.0892  1 08 x 03
0.1229  4 08 x 02    0.1232  4 08 x 02    0.0900  5 08 x 02    0.0900  5 08 x 02
0.1246  3 08 x 02    0.1246  3 08 x 02    0.0912  6 08 x 07    0.0912  6 08 x 07
0.1258  6 08 x 04    0.1258  6 08 x 04    0.0915  6 08 x 08    0.0915  6 08 x 06
0.1271  6 08 x 03    0.1274  6 08 x 03    0.0916  6 08 x 06    0.0915  6 08 x 08
0.1277  1 08 x 05    0.1278  1 08 x 05    0.0924  6 08 x 12    0.0918  6 08 x 10
0.1301  5 08 x 02    0.1300  5 08 x 02    0.0933  6 08 x 10    0.0921  6 08 x 05
0.1383  2 08 x 02    0.1384  0 03 x 02    0.0956  6 08 x 05    0.0924  6 08 x 12
0.1385  0 03 x 02    0.1386  2 08 x 02    0.0976  6 08 x 04    0.0976  6 08 x 04
0.1407  1 08 x 03    0.1407  1 08 x 03    0.0991  6 08 x 03    0.0991  6 08 x 03
0.1597  6 08 x 02    0.1598  6 08 x 02    0.1053  0 04 x 01    0.1052  0 04 x 01
0.1769  1 08 x 04    0.1770  1 08 x 04    0.1060  0 01 x 01    0.1061  0 01 x 01
0.1797  7 08 x 05    0.1798  7 08 x 05    0.1069  0 05 x 01    0.1066  0 05 x 01
0.1800  0 04 x 01    0.1799  0 04 x 01    0.1073  0 00 x 01    0.1072  0 00 x 01
0.1804  0 05 x 01    0.1803  0 05 x 01    0.1092  0 30 x 01    0.1091  0 30 x 01
0.1808  0 01 x 01    0.1806  0 01 x 01    0.1110  0 29 x 01    0.1110  0 29 x 01
0.1842  0 00 x 01    0.1841  0 00 x 01    0.1113  0 28 x 01    0.1114  0 28 x 01
0.1851  0 06 x 01    0.1850  0 06 x 01    0.1117  0 31 x 01    0.1115  0 31 x 01
0.1874  1 08 x 02    0.1879  0 30 x 01    0.1117  1 08 x 04    0.1117  1 08 x 04
0.1880  0 30 x 01    0.1887  7 08 x 04    0.1130  0 06 x 01    0.1129  0 06 x 01
0.1888  7 08 x 04    0.1891  1 08 x 02    0.1156  0 27 x 01    0.1155  0 27 x 01
0.1898  0 29 x 01    0.1902  0 31 x 01    0.1173  1 08 x 02    0.1169  6 08 x 02
0.1902  0 31 x 01    0.1905  0 28 x 01    0.1189  0 07 x 01    0.1172  1 08 x 02
0.1903  0 28 x 01    0.1905  0 29 x 01    0.1201  6 08 x 02    0.1188  0 07 x 01
0.1906  7 08 x 03    0.1906  7 08 x 03    0.1228  0 02 x 02    0.1227  0 02 x 02
0.1907  0 07 x 01    0.1906  0 07 x 01    0.1274  0 02 x 03    0.1273  0 02 x 03
0.1961  0 02 x 02    0.1964  0 02 x 02    0.1294  0 02 x 01    0.1292  0 02 x 01
0.1983  0 27 x 01    0.1992  0 27 x 01    0.1328  5 08 x 01    0.1327  5 08 x 01
0.2030  0 02 x 03    0.2033  0 02 x 03    0.1347  3 08 x 01    0.1347  3 08 x 01
0.2107  0 02 x 01    0.2106  0 02 x 01    0.1403  4 08 x 01    0.1402  4 08 x 01
0.2122  5 08 x 01    0.2121  5 08 x 01    0.1403  0 32 x 01    0.1402  0 32 x 01
0.2131  7 08 x 02    0.2130  7 08 x 02    0.1446  0 02 x 08    0.1446  0 02 x 06
0.2189  0 32 x 01    0.2188  0 32 x 01    0.1448  0 02 x 07    0.1447  0 02 x 08
0.2213  4 08 x 01    0.2213  4 08 x 01    0.1448  0 02 x 06    0.1448  0 02 x 07
0.2221  3 08 x 01    0.2218  3 08 x 01    0.1453  0 02 x 04    0.1453  0 02 x 04
0.2284  0 02 x 08    0.2284  0 02 x 08    0.1464  0 02 x 05    0.1464  0 02 x 05
0.2286  0 02 x 07    0.2288  0 02 x 07    0.1467  2 08 x 01    0.1466  2 08 x 01
0.2289  0 02 x 06    0.2289  0 02 x 06    0.1475  0 03 x 01    0.1475  0 03 x 01
0.2307  0 02 x 04    0.2306  0 02 x 04    0.1547  0 02 x 10    0.1548  0 02 x 10
0.2314  0 02 x 05    0.2316  0 02 x 05    0.1569  6 08 x 01    0.1567  6 08 x 01
0.2333  6 08 x 01    0.2331  6 08 x 01    0.1571  7 08 x 05    0.1570  7 08 x 05
0.2425  0 02 x 10    0.2432  0 02 x 10    0.1598  0 02 x 12    0.1600  0 02 x 12
0.2451  2 08 x 01    0.2454  2 08 x 01    0.1622  7 08 x 04    0.1622  7 08 x 04
0.2485  0 03 x 01    0.2483  0 03 x 01    0.1631  7 08 x 03    0.1632  7 08 x 03
0.2520  0 02 x 12    0.2517  0 02 x 12    0.1753  7 08 x 02    0.1752  7 08 x 02
0.2943  7 08 x 01    0.2948  7 08 x 01    0.1956  1 08 x 01    0.1956  1 08 x 01
0.3261  1 08 x 01    0.3261  1 08 x 01    0.2194  7 08 x 01    0.2194  7 08 x 01
---Benchmark Program Finished---
