---Running Program---

begin benchmarks - array two_pow
(ignore)3718609572885830787

OVERALL BEST:
0.2197  0 29 x 12
0.2220  0 29 x 10
0.2223  0 32 x 10
0.2224  0 28 x 10
0.2228  0 32 x 12
0.2231  0 28 x 12
0.2279  0 31 x 12
0.2280  0 29 x 07
0.2280  0 31 x 10
0.2282  0 29 x 08
0.2282  0 30 x 08
0.2289  0 30 x 12
0.2293  0 31 x 08
0.2308  0 32 x 08
0.2315  0 28 x 08
0.2317  0 27 x 10
0.2322  0 30 x 06
0.2329  0 00 x 12
0.2332  0 01 x 07
0.2335  0 31 x 07
0.2337  0 30 x 07
0.2338  0 32 x 07
0.2338  0 29 x 06
0.2342  0 01 x 08
0.2346  0 01 x 06
0.2347  0 01 x 10
0.2349  0 28 x 07
0.2354  0 00 x 10
0.2357  0 30 x 10
0.2365  0 27 x 07
0.2368  0 27 x 12
0.2375  0 31 x 06
0.2376  0 28 x 06
0.2376  0 32 x 06
0.2378  0 27 x 08
0.2384  0 00 x 07
0.2391  0 27 x 06
0.2406  0 30 x 05
0.2410  0 00 x 08
0.2411  0 29 x 05
0.2428  0 04 x 08
0.2430  0 32 x 05
0.2432  0 28 x 05
0.2434  0 05 x 10
0.2434  0 01 x 05
0.2435  0 05 x 08
0.2439  0 00 x 05
0.2439  0 00 x 06
0.2446  0 04 x 10
0.2450  0 04 x 12
0.2455  0 05 x 07
0.2458  0 31 x 05
0.2475  0 05 x 12
0.2491  0 06 x 10
0.2491  0 05 x 06
0.2501  0 27 x 05
0.2522  0 06 x 08
0.2528  0 04 x 06
0.2541  0 04 x 05
0.2541  0 29 x 04
0.2543  0 06 x 06
0.2547  0 06 x 12
0.2552  0 05 x 05
0.2553  0 32 x 04
0.2560  0 28 x 04
0.2588  0 31 x 04
0.2590  0 01 x 12
0.2612  0 01 x 04
0.2615  0 04 x 07
0.2635  0 30 x 04
0.2645  4 08 x 06
0.2656  0 00 x 04
0.2661  4 08 x 10
0.2665  4 08 x 12
0.2668  4 08 x 05
0.2678  0 06 x 07
0.2696  4 08 x 07
0.2723  0 27 x 04
0.2723  0 04 x 04
0.2724  0 05 x 04
0.2749  0 06 x 05
0.2752  3 08 x 07
0.2764  3 08 x 12
0.2765  3 08 x 05
0.2800  3 08 x 06
0.2817  3 08 x 10
0.2818  4 08 x 08
0.2823  3 08 x 08
0.2826  0 07 x 07
0.2830  0 07 x 08
0.2838  0 06 x 04
0.2843  0 01 x 03
0.2853  0 07 x 06
0.2889  0 03 x 05
0.2892  0 29 x 03
0.2902  0 05 x 03
0.2906  0 03 x 06
0.2909  0 00 x 03
0.2911  0 32 x 03
0.2914  0 03 x 07
0.2916  0 28 x 03
0.2920  0 03 x 08
0.2924  0 31 x 03
0.2936  0 04 x 03
0.2952  0 07 x 12
0.2953  0 03 x 04
0.2961  0 06 x 03
0.2972  0 27 x 03
0.3009  0 30 x 03
0.3014  0 07 x 04
0.3031  0 07 x 10
0.3065  5 08 x 10
0.3070  0 03 x 12
0.3085  5 08 x 05
0.3089  4 08 x 04
0.3091  5 08 x 08
0.3096  2 08 x 05
0.3099  0 07 x 05
0.3103  5 08 x 07
0.3132  0 03 x 10
0.3136  5 08 x 06
0.3168  2 08 x 04
0.3197  5 08 x 12
0.3205  3 08 x 03
0.3294  0 07 x 03
0.3305  3 08 x 04
0.3309  0 03 x 03
0.3331  4 08 x 03
0.3478  5 08 x 04
0.3492  2 08 x 03
0.3562  5 08 x 03
0.3663  0 04 x 02
0.3668  0 05 x 02
0.3720  0 00 x 02
0.3800  0 01 x 02
0.3817  0 06 x 02
0.3824  0 31 x 02
0.3829  0 29 x 02
0.3877  0 27 x 02
0.3899  1 08 x 05
0.3924  0 30 x 02
0.3931  0 28 x 02
0.3938  0 32 x 02
0.4004  0 07 x 02
0.4130  6 08 x 06
0.4148  6 08 x 05
0.4150  6 08 x 08
0.4156  6 08 x 07
0.4158  6 08 x 10
0.4235  4 08 x 02
0.4263  6 08 x 12
0.4381  6 08 x 04
0.4381  3 08 x 02
0.4480  0 03 x 02
0.4528  1 08 x 03
0.4578  5 08 x 02
0.4718  6 08 x 03
0.4738  2 08 x 02
0.5096  1 08 x 04
0.5755  6 08 x 02
0.6032  0 05 x 01
0.6088  0 04 x 01
0.6098  0 01 x 01
0.6219  0 00 x 01
0.6277  1 08 x 02
0.6318  0 06 x 01
0.6398  0 07 x 01
0.6429  0 02 x 02
0.6475  0 28 x 01
0.6499  0 30 x 01
0.6507  0 29 x 01
0.6510  0 31 x 01
0.6593  0 32 x 01
0.6623  0 27 x 01
0.6709  0 02 x 03
0.6805  0 02 x 01
0.6806  7 08 x 05
0.6908  7 08 x 04
0.7193  7 08 x 03
0.7272  5 08 x 01
0.7297  0 03 x 01
0.7312  0 02 x 06
0.7363  0 02 x 04
0.7376  0 02 x 05
0.7388  0 02 x 10
0.7545  3 08 x 01
0.7675  4 08 x 01
0.8020  0 02 x 07
0.8036  0 02 x 12
0.8041  7 08 x 02
0.8070  0 02 x 08
0.8171  2 08 x 01
0.8302  6 08 x 01
1.0708  7 08 x 01
1.1041  1 08 x 01
Timings By Test Type:
0.0667  0 29 x 12    0.0669  0 29 x 12    0.0431  0 29 x 12    0.0431  0 29 x 12
0.0673  0 28 x 10    0.0673  0 29 x 10    0.0437  0 29 x 10    0.0437  0 29 x 10
0.0673  0 32 x 10    0.0674  0 28 x 10    0.0438  0 32 x 10    0.0438  0 32 x 12
0.0673  0 29 x 10    0.0674  0 32 x 10    0.0439  0 28 x 10    0.0438  0 32 x 10
0.0675  0 28 x 12    0.0674  0 32 x 12    0.0439  0 32 x 12    0.0438  0 28 x 10
0.0677  0 32 x 12    0.0675  0 28 x 12    0.0440  0 28 x 12    0.0440  0 28 x 12
0.0688  0 31 x 12    0.0690  0 30 x 08    0.0447  0 31 x 10    0.0447  0 31 x 10
0.0689  0 30 x 08    0.0690  0 29 x 07    0.0449  0 31 x 12    0.0449  0 31 x 12
0.0690  0 29 x 07    0.0692  0 29 x 08    0.0449  0 29 x 08    0.0449  0 29 x 08
0.0692  0 29 x 08    0.0693  0 31 x 08    0.0450  0 29 x 07    0.0450  0 29 x 07
0.0692  0 30 x 12    0.0693  0 31 x 10    0.0451  0 30 x 12    0.0451  0 30 x 12
0.0693  0 31 x 10    0.0694  0 31 x 12    0.0452  0 30 x 08    0.0452  0 30 x 08
0.0694  0 31 x 08    0.0695  0 30 x 12    0.0453  0 27 x 10    0.0453  0 31 x 08
0.0698  0 32 x 08    0.0698  0 32 x 08    0.0453  0 31 x 08    0.0455  0 27 x 10
0.0700  0 28 x 08    0.0700  0 30 x 06    0.0456  0 32 x 08    0.0456  0 32 x 08
0.0700  0 30 x 06    0.0701  0 28 x 08    0.0457  0 00 x 12    0.0457  0 28 x 08
0.0703  0 01 x 07    0.0703  0 01 x 07    0.0457  0 28 x 08    0.0457  0 32 x 07
0.0704  0 27 x 10    0.0706  0 30 x 07    0.0457  0 32 x 07    0.0457  0 00 x 12
0.0706  0 30 x 07    0.0706  0 27 x 10    0.0458  0 31 x 07    0.0459  0 31 x 07
0.0706  0 01 x 08    0.0706  0 29 x 06    0.0460  0 28 x 07    0.0460  0 28 x 07
0.0707  0 29 x 06    0.0706  0 01 x 08    0.0461  0 30 x 06    0.0461  0 30 x 06
0.0707  0 00 x 12    0.0708  0 00 x 12    0.0462  0 00 x 10    0.0462  0 00 x 10
0.0708  0 01 x 06    0.0708  0 01 x 06    0.0462  0 29 x 06    0.0463  0 30 x 07
0.0709  0 01 x 10    0.0709  0 31 x 07    0.0462  0 30 x 10    0.0463  0 29 x 06
0.0709  0 31 x 07    0.0709  0 01 x 10    0.0463  0 30 x 07    0.0463  0 01 x 07
0.0712  0 32 x 07    0.0712  0 32 x 07    0.0464  0 01 x 07    0.0464  0 30 x 10
0.0715  0 28 x 07    0.0715  0 28 x 07    0.0464  0 27 x 12    0.0465  0 27 x 07
0.0715  0 30 x 10    0.0715  0 00 x 10    0.0464  0 27 x 07    0.0465  0 01 x 10
0.0715  0 00 x 10    0.0717  0 30 x 10    0.0465  0 01 x 10    0.0465  0 01 x 06
0.0718  0 27 x 07    0.0718  0 27 x 07    0.0465  0 01 x 08    0.0465  0 27 x 12
0.0718  0 31 x 06    0.0718  0 31 x 06    0.0465  0 01 x 06    0.0465  0 01 x 08
0.0721  0 30 x 05    0.0719  0 27 x 12    0.0466  0 27 x 08    0.0466  0 27 x 08
0.0721  0 27 x 12    0.0720  0 30 x 05    0.0466  0 32 x 06    0.0467  0 28 x 06
0.0721  0 32 x 06    0.0722  0 32 x 06    0.0467  0 28 x 06    0.0467  0 32 x 06
0.0722  0 28 x 06    0.0722  0 28 x 06    0.0467  0 00 x 07    0.0468  0 00 x 07
0.0722  0 05 x 10    0.0722  0 05 x 10    0.0469  0 31 x 06    0.0469  0 31 x 06
0.0723  0 27 x 08    0.0723  0 05 x 08    0.0470  0 27 x 06    0.0470  0 27 x 06
0.0723  0 05 x 08    0.0723  0 27 x 08    0.0473  0 00 x 08    0.0473  0 00 x 08
0.0724  0 00 x 07    0.0725  0 00 x 07    0.0475  0 29 x 05    0.0476  0 29 x 05
0.0725  0 27 x 06    0.0725  0 27 x 06    0.0479  0 00 x 06    0.0479  0 00 x 06
0.0730  0 29 x 05    0.0730  0 29 x 05    0.0481  0 00 x 05    0.0481  0 04 x 08
0.0731  0 28 x 05    0.0731  0 32 x 05    0.0481  0 04 x 08    0.0481  0 00 x 05
0.0731  0 05 x 07    0.0732  0 00 x 08    0.0483  0 01 x 05    0.0482  0 01 x 05
0.0731  0 32 x 05    0.0732  0 05 x 07    0.0483  0 30 x 05    0.0483  0 30 x 05
0.0733  0 00 x 08    0.0732  0 28 x 05    0.0483  0 32 x 05    0.0484  0 32 x 05
0.0733  0 05 x 12    0.0733  0 04 x 08    0.0484  0 31 x 05    0.0484  0 31 x 05
0.0734  0 04 x 08    0.0733  0 05 x 12    0.0484  0 04 x 10    0.0485  0 04 x 10
0.0734  0 06 x 10    0.0735  0 01 x 05    0.0485  0 28 x 05    0.0485  0 28 x 05
0.0734  0 01 x 05    0.0735  0 06 x 10    0.0485  0 04 x 12    0.0485  0 04 x 12
0.0739  0 04 x 10    0.0738  0 00 x 05    0.0490  0 27 x 05    0.0490  0 27 x 05
0.0739  0 00 x 05    0.0738  0 04 x 10    0.0494  0 05 x 10    0.0494  0 05 x 08
0.0739  0 00 x 06    0.0740  0 04 x 12    0.0495  0 05 x 08    0.0495  0 05 x 10
0.0741  0 04 x 12    0.0742  0 00 x 06    0.0496  0 05 x 07    0.0496  0 05 x 07
0.0742  0 05 x 06    0.0742  0 05 x 06    0.0501  0 04 x 06    0.0500  0 04 x 06
0.0744  0 31 x 05    0.0744  0 06 x 08    0.0502  0 29 x 04    0.0502  0 29 x 04
0.0745  0 06 x 08    0.0745  0 31 x 05    0.0503  0 04 x 05    0.0503  0 04 x 05
0.0749  0 06 x 06    0.0749  0 06 x 06    0.0503  0 05 x 06    0.0503  0 05 x 06
0.0750  0 06 x 12    0.0751  0 06 x 12    0.0504  0 05 x 12    0.0504  0 05 x 12
0.0760  0 05 x 05    0.0760  0 05 x 05    0.0511  0 32 x 04    0.0511  0 06 x 10
0.0760  0 27 x 05    0.0760  0 27 x 05    0.0511  0 06 x 10    0.0511  0 31 x 04
0.0764  0 04 x 06    0.0764  0 04 x 06    0.0512  0 31 x 04    0.0511  0 32 x 04
0.0766  0 32 x 04    0.0765  0 32 x 04    0.0513  0 28 x 04    0.0513  0 01 x 12
0.0766  0 28 x 04    0.0766  0 28 x 04    0.0514  0 01 x 12    0.0514  0 28 x 04
0.0767  0 04 x 05    0.0768  0 04 x 05    0.0516  0 05 x 05    0.0516  0 05 x 05
0.0769  0 29 x 04    0.0769  0 29 x 04    0.0516  0 06 x 08    0.0517  0 06 x 08
0.0781  0 01 x 12    0.0781  0 01 x 12    0.0517  0 01 x 04    0.0517  0 01 x 04
0.0783  0 31 x 04    0.0783  0 31 x 04    0.0518  0 04 x 07    0.0517  0 04 x 07
0.0785  4 08 x 06    0.0785  4 08 x 06    0.0521  0 00 x 04    0.0521  0 00 x 04
0.0788  0 30 x 04    0.0788  0 30 x 04    0.0522  0 06 x 06    0.0522  0 06 x 06
0.0789  0 01 x 04    0.0789  0 01 x 04    0.0523  0 06 x 12    0.0522  0 06 x 12
0.0790  0 04 x 07    0.0790  0 04 x 07    0.0529  0 30 x 04    0.0529  0 30 x 04
0.0790  4 08 x 05    0.0791  4 08 x 05    0.0534  0 27 x 04    0.0534  0 27 x 04
0.0792  4 08 x 10    0.0793  4 08 x 10    0.0537  0 04 x 04    0.0537  0 04 x 04
0.0794  0 06 x 07    0.0794  4 08 x 12    0.0538  4 08 x 06    0.0538  4 08 x 06
0.0794  4 08 x 12    0.0794  0 06 x 07    0.0538  4 08 x 12    0.0538  4 08 x 10
0.0801  4 08 x 07    0.0800  4 08 x 07    0.0538  4 08 x 10    0.0539  4 08 x 12
0.0807  0 00 x 04    0.0807  0 00 x 04    0.0543  4 08 x 05    0.0544  4 08 x 05
0.0815  0 05 x 04    0.0815  0 05 x 04    0.0545  0 06 x 07    0.0545  0 06 x 07
0.0819  0 06 x 05    0.0819  0 07 x 07    0.0546  4 08 x 07    0.0547  0 05 x 04
0.0820  0 07 x 07    0.0820  0 06 x 05    0.0547  0 05 x 04    0.0549  4 08 x 07
0.0821  0 07 x 08    0.0822  0 07 x 08    0.0550  3 08 x 12    0.0550  3 08 x 12
0.0824  0 04 x 04    0.0824  0 04 x 04    0.0551  3 08 x 07    0.0551  3 08 x 07
0.0824  3 08 x 07    0.0826  3 08 x 07    0.0554  3 08 x 05    0.0554  0 06 x 05
0.0828  0 27 x 04    0.0828  3 08 x 05    0.0556  0 06 x 05    0.0554  3 08 x 05
0.0829  3 08 x 05    0.0828  0 27 x 04    0.0557  3 08 x 06    0.0557  3 08 x 06
0.0829  0 07 x 06    0.0829  0 07 x 06    0.0560  3 08 x 10    0.0560  3 08 x 10
0.0832  3 08 x 12    0.0833  3 08 x 12    0.0562  3 08 x 08    0.0562  3 08 x 08
0.0842  4 08 x 08    0.0842  4 08 x 08    0.0563  0 01 x 03    0.0564  0 01 x 03
0.0842  3 08 x 06    0.0844  3 08 x 06    0.0567  0 29 x 03    0.0567  4 08 x 08
0.0844  0 06 x 04    0.0845  0 06 x 04    0.0568  4 08 x 08    0.0568  0 29 x 03
0.0848  3 08 x 10    0.0848  3 08 x 10    0.0570  0 00 x 03    0.0570  0 00 x 03
0.0849  3 08 x 08    0.0850  3 08 x 08    0.0571  0 03 x 05    0.0571  0 03 x 05
0.0853  0 07 x 12    0.0853  0 07 x 12    0.0574  0 03 x 06    0.0574  0 06 x 04
0.0858  0 01 x 03    0.0859  0 01 x 03    0.0575  0 06 x 04    0.0574  0 03 x 06
0.0870  0 07 x 10    0.0870  0 07 x 10    0.0575  0 03 x 07    0.0575  0 03 x 07
0.0871  0 05 x 03    0.0872  0 05 x 03    0.0576  0 31 x 03    0.0576  0 31 x 03
0.0874  0 03 x 05    0.0874  0 03 x 05    0.0577  0 04 x 03    0.0577  0 04 x 03
0.0877  0 32 x 03    0.0876  0 07 x 04    0.0577  0 03 x 08    0.0577  0 03 x 08
0.0878  0 29 x 03    0.0877  0 32 x 03    0.0578  0 32 x 03    0.0578  0 32 x 03
0.0878  0 28 x 03    0.0879  0 03 x 06    0.0579  0 05 x 03    0.0579  0 05 x 03
0.0879  0 03 x 06    0.0879  0 28 x 03    0.0580  0 28 x 03    0.0580  0 28 x 03
0.0880  0 06 x 03    0.0879  0 29 x 03    0.0581  0 03 x 04    0.0581  0 03 x 04
0.0882  0 03 x 07    0.0880  0 06 x 03    0.0583  0 27 x 03    0.0584  0 27 x 03
0.0882  0 07 x 04    0.0883  0 03 x 07    0.0593  0 07 x 07    0.0593  0 07 x 07
0.0883  0 03 x 08    0.0883  0 03 x 08    0.0594  0 07 x 08    0.0593  0 07 x 08
0.0883  5 08 x 10    0.0883  5 08 x 10    0.0596  0 30 x 03    0.0596  0 30 x 03
0.0884  0 00 x 03    0.0884  0 00 x 03    0.0598  0 07 x 06    0.0598  0 07 x 06
0.0885  0 31 x 03    0.0886  0 31 x 03    0.0600  0 06 x 03    0.0600  0 06 x 03
0.0888  5 08 x 05    0.0890  5 08 x 05    0.0606  0 03 x 12    0.0606  0 03 x 12
0.0889  5 08 x 08    0.0891  0 04 x 03    0.0614  2 08 x 05    0.0614  2 08 x 05
0.0891  0 04 x 03    0.0892  5 08 x 08    0.0617  0 03 x 10    0.0617  0 03 x 10
0.0895  5 08 x 07    0.0895  0 03 x 04    0.0622  0 07 x 12    0.0624  0 07 x 12
0.0895  0 03 x 04    0.0895  5 08 x 07    0.0628  4 08 x 04    0.0627  0 07 x 04
0.0903  0 27 x 03    0.0902  0 27 x 03    0.0629  0 07 x 04    0.0628  2 08 x 04
0.0905  5 08 x 06    0.0906  5 08 x 06    0.0629  2 08 x 04    0.0628  4 08 x 04
0.0908  0 30 x 03    0.0909  0 30 x 03    0.0639  3 08 x 03    0.0639  3 08 x 03
0.0908  0 07 x 05    0.0909  0 07 x 05    0.0640  0 07 x 05    0.0641  0 07 x 05
0.0916  4 08 x 04    0.0916  4 08 x 04    0.0645  0 07 x 10    0.0646  0 07 x 10
0.0923  5 08 x 12    0.0924  5 08 x 12    0.0648  0 03 x 03    0.0649  0 03 x 03
0.0928  0 03 x 12    0.0930  0 03 x 12    0.0650  5 08 x 10    0.0649  5 08 x 10
0.0934  2 08 x 05    0.0934  2 08 x 05    0.0654  5 08 x 05    0.0654  5 08 x 05
0.0949  0 03 x 10    0.0949  0 03 x 10    0.0655  5 08 x 08    0.0655  5 08 x 08
0.0956  2 08 x 04    0.0954  2 08 x 04    0.0656  5 08 x 07    0.0657  5 08 x 07
0.0964  3 08 x 03    0.0964  3 08 x 03    0.0657  3 08 x 04    0.0657  3 08 x 04
0.0964  0 07 x 03    0.0964  0 07 x 03    0.0663  5 08 x 06    0.0663  5 08 x 06
0.0991  4 08 x 03    0.0992  4 08 x 03    0.0674  4 08 x 03    0.0674  5 08 x 12
0.0995  3 08 x 04    0.0995  3 08 x 04    0.0677  5 08 x 12    0.0674  4 08 x 03
0.1006  0 03 x 03    0.1006  0 03 x 03    0.0682  0 07 x 03    0.0683  0 07 x 03
0.1008  5 08 x 04    0.1007  5 08 x 04    0.0692  2 08 x 03    0.0693  2 08 x 03
0.1036  5 08 x 03    0.1037  5 08 x 03    0.0716  0 04 x 02    0.0716  0 04 x 02
0.1053  2 08 x 03    0.1054  2 08 x 03    0.0721  0 05 x 02    0.0720  0 05 x 02
0.1113  0 05 x 02    0.1114  0 05 x 02    0.0722  0 00 x 02    0.0723  0 00 x 02
0.1116  0 04 x 02    0.1115  0 04 x 02    0.0732  5 08 x 04    0.0731  5 08 x 04
0.1137  0 00 x 02    0.1138  0 00 x 02    0.0739  0 01 x 02    0.0738  0 01 x 02
0.1143  6 08 x 06    0.1144  6 08 x 06    0.0744  0 29 x 02    0.0744  0 29 x 02
0.1149  0 06 x 02    0.1149  0 06 x 02    0.0744  5 08 x 03    0.0744  5 08 x 03
0.1155  6 08 x 05    0.1154  6 08 x 05    0.0745  0 31 x 02    0.0745  0 31 x 02
0.1156  6 08 x 07    0.1157  6 08 x 07    0.0752  0 27 x 02    0.0752  0 27 x 02
0.1157  6 08 x 08    0.1157  6 08 x 08    0.0759  0 06 x 02    0.0760  0 06 x 02
0.1161  6 08 x 10    0.1161  0 01 x 02    0.0766  0 28 x 02    0.0766  0 28 x 02
0.1161  0 01 x 02    0.1162  6 08 x 10    0.0767  0 30 x 02    0.0767  0 30 x 02
0.1167  0 31 x 02    0.1167  0 31 x 02    0.0768  0 32 x 02    0.0768  0 32 x 02
0.1170  0 29 x 02    0.1171  0 29 x 02    0.0769  1 08 x 05    0.0770  1 08 x 05
0.1181  1 08 x 05    0.1180  1 08 x 05    0.0812  0 07 x 02    0.0812  0 07 x 02
0.1186  0 27 x 02    0.1186  0 27 x 02    0.0841  4 08 x 02    0.0840  4 08 x 02
0.1189  0 07 x 02    0.1190  0 07 x 02    0.0858  3 08 x 02    0.0858  3 08 x 02
0.1193  6 08 x 12    0.1192  6 08 x 12    0.0866  0 03 x 02    0.0866  0 03 x 02
0.1195  0 30 x 02    0.1195  0 30 x 02    0.0887  1 08 x 03    0.0887  1 08 x 03
0.1200  0 28 x 02    0.1200  0 28 x 02    0.0917  6 08 x 10    0.0912  6 08 x 06
0.1200  0 32 x 02    0.1201  0 32 x 02    0.0918  6 08 x 08    0.0918  6 08 x 08
0.1227  6 08 x 04    0.1226  6 08 x 04    0.0920  6 08 x 05    0.0918  6 08 x 10
0.1278  4 08 x 02    0.1276  4 08 x 02    0.0921  6 08 x 07    0.0919  6 08 x 05
0.1296  6 08 x 03    0.1298  6 08 x 03    0.0927  2 08 x 02    0.0921  6 08 x 07
0.1333  3 08 x 02    0.1332  3 08 x 02    0.0931  6 08 x 06    0.0927  2 08 x 02
0.1354  5 08 x 02    0.1353  5 08 x 02    0.0935  5 08 x 02    0.0935  5 08 x 02
0.1374  0 03 x 02    0.1373  0 03 x 02    0.0939  6 08 x 12    0.0939  6 08 x 12
0.1377  1 08 x 03    0.1377  1 08 x 03    0.0964  6 08 x 04    0.0963  6 08 x 04
0.1442  2 08 x 02    0.1442  2 08 x 02    0.0999  1 08 x 04    0.0998  1 08 x 04
0.1549  1 08 x 04    0.1549  1 08 x 04    0.1064  6 08 x 03    0.1060  6 08 x 03
0.1638  6 08 x 02    0.1636  6 08 x 02    0.1126  0 05 x 01    0.1127  0 05 x 01
0.1814  7 08 x 05    0.1807  7 08 x 05    0.1136  0 04 x 01    0.1136  0 04 x 01
0.1845  7 08 x 04    0.1844  7 08 x 04    0.1137  0 01 x 01    0.1137  0 01 x 01
0.1889  0 05 x 01    0.1889  0 05 x 01    0.1156  0 00 x 01    0.1156  0 00 x 01
0.1908  0 04 x 01    0.1907  0 04 x 01    0.1205  0 06 x 01    0.1205  0 06 x 01
0.1912  0 01 x 01    0.1912  0 01 x 01    0.1207  0 28 x 01    0.1207  0 28 x 01
0.1915  1 08 x 02    0.1916  1 08 x 02    0.1208  0 31 x 01    0.1208  0 31 x 01
0.1937  7 08 x 03    0.1937  7 08 x 03    0.1213  0 30 x 01    0.1213  0 30 x 01
0.1954  0 00 x 01    0.1953  0 00 x 01    0.1214  0 29 x 01    0.1214  0 29 x 01
0.1954  0 06 x 01    0.1954  0 06 x 01    0.1223  1 08 x 02    0.1223  1 08 x 02
0.1969  0 02 x 02    0.1966  0 02 x 02    0.1226  0 07 x 01    0.1226  0 07 x 01
0.1973  0 07 x 01    0.1973  0 07 x 01    0.1234  0 27 x 01    0.1234  0 27 x 01
0.2030  0 28 x 01    0.2031  0 28 x 01    0.1235  0 32 x 01    0.1234  0 32 x 01
0.2037  0 30 x 01    0.2037  0 30 x 01    0.1242  6 08 x 02    0.1239  6 08 x 02
0.2040  0 29 x 01    0.2040  0 29 x 01    0.1248  0 02 x 02    0.1246  0 02 x 02
0.2046  0 02 x 03    0.2046  0 02 x 03    0.1307  0 02 x 01    0.1306  0 02 x 01
0.2048  0 31 x 01    0.2047  0 31 x 01    0.1308  0 02 x 03    0.1310  0 02 x 03
0.2061  0 32 x 01    0.2062  0 32 x 01    0.1345  0 03 x 01    0.1345  0 03 x 01
0.2078  0 27 x 01    0.2077  0 27 x 01    0.1411  5 08 x 01    0.1411  5 08 x 01
0.2096  0 02 x 01    0.2096  0 02 x 01    0.1432  0 02 x 06    0.1433  0 02 x 06
0.2210  7 08 x 02    0.2210  7 08 x 02    0.1435  3 08 x 01    0.1435  3 08 x 01
0.2223  0 02 x 06    0.2224  0 02 x 06    0.1439  0 02 x 04    0.1439  0 02 x 04
0.2225  5 08 x 01    0.2226  5 08 x 01    0.1444  0 02 x 05    0.1444  0 02 x 05
0.2242  0 02 x 04    0.2243  0 02 x 04    0.1448  0 02 x 10    0.1449  0 02 x 10
0.2242  0 02 x 05    0.2245  0 02 x 05    0.1495  4 08 x 01    0.1496  4 08 x 01
0.2246  0 02 x 10    0.2246  0 02 x 10    0.1535  2 08 x 01    0.1534  2 08 x 01
0.2304  0 03 x 01    0.2303  0 03 x 01    0.1570  0 02 x 07    0.1572  0 02 x 07
0.2338  3 08 x 01    0.2338  3 08 x 01    0.1575  0 02 x 12    0.1576  0 02 x 12
0.2341  4 08 x 01    0.2343  4 08 x 01    0.1581  0 02 x 08    0.1582  0 02 x 08
0.2440  0 02 x 07    0.2439  0 02 x 07    0.1591  7 08 x 05    0.1594  7 08 x 05
0.2442  0 02 x 12    0.2443  0 02 x 12    0.1610  7 08 x 04    0.1609  7 08 x 04
0.2454  0 02 x 08    0.2452  0 02 x 08    0.1659  7 08 x 03    0.1661  7 08 x 03
0.2471  6 08 x 01    0.2471  6 08 x 01    0.1680  6 08 x 01    0.1680  6 08 x 01
0.2551  2 08 x 01    0.2551  2 08 x 01    0.1811  7 08 x 02    0.1810  7 08 x 02
0.3060  7 08 x 01    0.3060  7 08 x 01    0.2082  1 08 x 01    0.2083  1 08 x 01
0.3438  1 08 x 01    0.3437  1 08 x 01    0.2294  7 08 x 01    0.2294  7 08 x 01
---Benchmark Program Finished---
