
./testbench.sh g++ O3 MontgomeryHalf __uint128_t 191 8 40 -DTEST_ARRAY -DHURCHALLA_MONTGOMERY_TWO_POW_USE_CSELECT_ON_BIT -DHURCHALLA_ALLOW_INLINE_ASM_ALL

compilation finished, now executing:
---Running Program---

begin benchmarks - array two_pow
(ignore)304583630284728281743452880583364600384

OVERALL BEST:
1.0084  0 32 x 06
1.0089  0 31 x 06
1.0142  0 30 x 06
1.0150  0 31 x 05
1.0153  0 32 x 05
1.0188  0 30 x 05
1.0213  0 30 x 08
1.0223  0 32 x 07
1.0227  0 31 x 07
1.0231  0 30 x 07
1.0235  0 31 x 10
1.0235  0 31 x 12
1.0236  0 32 x 10
1.0236  0 32 x 12
1.0245  0 31 x 08
1.0245  0 32 x 08
1.0311  0 30 x 10
1.0359  0 28 x 07
1.0365  0 29 x 07
1.0396  0 28 x 08
1.0417  0 30 x 04
1.0418  0 31 x 04
1.0428  0 32 x 04
1.0434  0 29 x 06
1.0442  0 28 x 12
1.0451  0 29 x 05
1.0457  0 29 x 08
1.0469  0 28 x 10
1.0475  0 28 x 06
1.0508  0 30 x 12
1.0550  0 28 x 05
1.0620  0 27 x 05
1.0633  0 29 x 10
1.0665  0 29 x 12
1.0681  0 27 x 06
1.0694  0 29 x 04
1.0696  0 27 x 07
1.0727  0 28 x 04
1.0729  0 27 x 04
1.0745  0 27 x 10
1.0768  0 27 x 08
1.0785  0 27 x 12
1.1157  0 05 x 06
1.1170  0 05 x 08
1.1180  0 05 x 05
1.1189  0 06 x 06
1.1192  0 05 x 07
1.1199  0 06 x 05
1.1210  0 01 x 06
1.1212  0 05 x 12
1.1217  0 06 x 08
1.1219  0 01 x 05
1.1229  0 05 x 10
1.1256  0 06 x 10
1.1259  0 01 x 07
1.1268  0 06 x 07
1.1278  0 06 x 12
1.1279  0 04 x 05
1.1285  0 04 x 08
1.1285  0 04 x 06
1.1290  0 01 x 08
1.1332  0 01 x 10
1.1343  0 04 x 07
1.1353  0 01 x 12
1.1365  0 04 x 12
1.1371  0 04 x 10
1.1440  0 05 x 04
1.1483  0 06 x 04
1.1489  0 01 x 04
1.1500  0 00 x 05
1.1520  0 04 x 04
1.1534  0 00 x 06
1.1609  0 00 x 07
1.1637  0 00 x 08
1.1639  0 07 x 06
1.1678  0 00 x 10
1.1680  0 31 x 03
1.1682  0 32 x 03
1.1684  0 07 x 05
1.1693  0 00 x 04
1.1713  0 00 x 12
1.1746  0 07 x 08
1.1747  0 30 x 03
1.1756  0 28 x 03
1.1758  0 29 x 03
1.1761  0 07 x 07
1.1794  0 07 x 10
1.1830  5 08 x 07
1.1861  0 07 x 12
1.1907  5 08 x 05
1.1953  5 08 x 06
1.1978  0 27 x 03
1.1992  5 08 x 12
1.2001  0 07 x 04
1.2105  6 08 x 08
1.2106  5 08 x 10
1.2118  5 08 x 08
1.2141  6 08 x 10
1.2141  6 08 x 05
1.2144  6 08 x 07
1.2146  6 08 x 06
1.2231  6 08 x 12
1.2248  4 08 x 05
1.2307  4 08 x 08
1.2309  5 08 x 04
1.2318  4 08 x 06
1.2451  0 05 x 03
1.2465  6 08 x 04
1.2480  0 06 x 03
1.2518  0 01 x 03
1.2540  4 08 x 10
1.2540  4 08 x 07
1.2549  4 08 x 12
1.2595  0 04 x 03
1.2664  0 00 x 03
1.2669  4 08 x 04
1.3043  0 07 x 03
1.3070  7 08 x 05
1.3195  0 03 x 05
1.3234  0 03 x 04
1.3235  0 03 x 06
1.3238  3 08 x 08
1.3265  0 03 x 08
1.3283  0 03 x 07
1.3284  3 08 x 05
1.3305  5 08 x 03
1.3313  0 03 x 03
1.3355  3 08 x 06
1.3362  0 03 x 10
1.3371  0 03 x 12
1.3447  3 08 x 07
1.3490  3 08 x 10
1.3615  3 08 x 04
1.3643  4 08 x 03
1.3666  7 08 x 04
1.3711  6 08 x 03
1.3713  3 08 x 12
1.4560  3 08 x 03
1.4991  7 08 x 03
1.5245  2 08 x 05
1.5659  0 05 x 02
1.5672  0 31 x 02
1.5673  0 32 x 02
1.5675  0 29 x 02
1.5693  0 30 x 02
1.5726  0 01 x 02
1.5737  0 28 x 02
1.5796  0 04 x 02
1.5852  0 06 x 02
1.5985  2 08 x 04
1.5999  0 00 x 02
1.6004  0 27 x 02
1.6328  0 07 x 02
1.7344  5 08 x 02
1.7516  0 03 x 02
1.7696  4 08 x 02
1.7773  6 08 x 02
1.8460  0 02 x 03
1.8469  0 02 x 02
1.9310  7 08 x 02
1.9679  0 02 x 07
1.9706  0 02 x 08
1.9853  0 02 x 04
1.9961  0 02 x 05
2.0011  0 02 x 06
2.0089  3 08 x 02
2.0336  2 08 x 03
2.0339  0 02 x 10
2.0404  0 02 x 12
2.1836  2 08 x 02
2.4802  1 08 x 04
2.4914  1 08 x 05
2.5103  1 08 x 03
2.5870  0 02 x 01
2.6415  0 06 x 01
2.6539  0 05 x 01
2.6760  0 28 x 01
2.6782  0 07 x 01
2.6827  0 30 x 01
2.6856  0 01 x 01
2.6862  0 29 x 01
2.6877  0 04 x 01
2.7137  0 31 x 01
2.7358  0 00 x 01
2.7692  0 32 x 01
2.7756  0 27 x 01
2.9006  5 08 x 01
2.9934  1 08 x 02
2.9936  6 08 x 01
3.0140  4 08 x 01
3.0810  0 03 x 01
3.2301  3 08 x 01
3.2795  7 08 x 01
3.6959  2 08 x 01
5.0393  1 08 x 01
Timings By Test Type:
0.2990  0 32 x 06    0.2991  0 32 x 06    0.2051  0 32 x 06    0.2051  0 32 x 06
0.2992  0 31 x 06    0.2992  0 31 x 06    0.2053  0 31 x 06    0.2053  0 31 x 06
0.3007  0 30 x 06    0.3007  0 30 x 06    0.2064  0 30 x 06    0.2064  0 30 x 06
0.3009  0 31 x 05    0.3009  0 31 x 05    0.2065  0 31 x 05    0.2066  0 31 x 05
0.3009  0 32 x 05    0.3010  0 32 x 05    0.2067  0 32 x 05    0.2067  0 32 x 05
0.3021  0 30 x 05    0.3021  0 30 x 05    0.2073  0 30 x 05    0.2073  0 30 x 05
0.3024  0 30 x 08    0.3026  0 30 x 08    0.2081  0 30 x 08    0.2082  0 30 x 08
0.3029  0 32 x 07    0.3030  0 30 x 07    0.2081  0 32 x 07    0.2082  0 32 x 07
0.3029  0 30 x 07    0.3031  0 32 x 07    0.2083  0 31 x 07    0.2083  0 31 x 07
0.3030  0 31 x 07    0.3031  0 31 x 12    0.2085  0 32 x 10    0.2085  0 31 x 10
0.3032  0 32 x 12    0.3032  0 31 x 07    0.2085  0 31 x 10    0.2085  0 30 x 07
0.3032  0 31 x 10    0.3032  0 32 x 10    0.2085  0 30 x 07    0.2086  0 32 x 12
0.3032  0 31 x 12    0.3033  0 31 x 10    0.2086  0 31 x 12    0.2086  0 31 x 12
0.3032  0 32 x 10    0.3033  0 32 x 12    0.2086  0 32 x 12    0.2086  0 32 x 10
0.3035  0 32 x 08    0.3036  0 31 x 08    0.2087  0 31 x 08    0.2087  0 32 x 08
0.3035  0 31 x 08    0.3036  0 32 x 08    0.2087  0 32 x 08    0.2087  0 31 x 08
0.3054  0 30 x 10    0.3056  0 30 x 10    0.2096  0 31 x 04    0.2098  0 31 x 04
0.3069  0 28 x 07    0.3069  0 28 x 07    0.2100  0 30 x 10    0.2100  0 30 x 04
0.3071  0 29 x 07    0.3072  0 29 x 07    0.2101  0 30 x 04    0.2100  0 32 x 04
0.3079  0 28 x 08    0.3080  0 28 x 08    0.2101  0 32 x 04    0.2101  0 30 x 10
0.3094  0 28 x 12    0.3094  0 29 x 06    0.2111  0 29 x 07    0.2111  0 29 x 07
0.3094  0 29 x 06    0.3095  0 28 x 12    0.2111  0 28 x 07    0.2111  0 28 x 07
0.3099  0 29 x 08    0.3100  0 29 x 08    0.2119  0 28 x 08    0.2118  0 28 x 08
0.3102  0 28 x 10    0.3103  0 28 x 10    0.2123  0 29 x 05    0.2123  0 29 x 05
0.3102  0 29 x 05    0.3103  0 29 x 05    0.2123  0 29 x 06    0.2124  0 29 x 06
0.3105  0 28 x 06    0.3107  0 28 x 06    0.2127  0 28 x 12    0.2127  0 28 x 12
0.3108  0 30 x 04    0.3107  0 30 x 04    0.2129  0 29 x 08    0.2129  0 29 x 08
0.3112  0 31 x 04    0.3113  0 31 x 04    0.2131  0 28 x 06    0.2132  0 28 x 06
0.3112  0 32 x 04    0.3114  0 30 x 12    0.2132  0 28 x 10    0.2132  0 28 x 10
0.3114  0 30 x 12    0.3114  0 32 x 04    0.2140  0 30 x 12    0.2140  0 30 x 12
0.3130  0 28 x 05    0.3131  0 28 x 05    0.2144  0 28 x 05    0.2145  0 28 x 05
0.3151  0 27 x 05    0.3152  0 27 x 05    0.2158  0 27 x 05    0.2159  0 27 x 05
0.3152  0 29 x 10    0.3152  0 29 x 10    0.2160  0 29 x 04    0.2163  0 29 x 04
0.3162  0 29 x 12    0.3163  0 29 x 12    0.2164  0 29 x 10    0.2165  0 29 x 10
0.3167  0 27 x 06    0.3167  0 27 x 06    0.2166  0 27 x 04    0.2166  0 27 x 04
0.3171  0 27 x 07    0.3172  0 27 x 07    0.2169  0 28 x 04    0.2168  0 28 x 04
0.3185  0 29 x 04    0.3186  0 29 x 04    0.2170  0 29 x 12    0.2170  0 29 x 12
0.3185  0 27 x 10    0.3187  0 27 x 10    0.2173  0 27 x 06    0.2173  0 27 x 06
0.3192  0 27 x 08    0.3192  0 27 x 08    0.2176  0 27 x 07    0.2177  0 27 x 07
0.3194  0 28 x 04    0.3196  0 28 x 04    0.2187  0 27 x 10    0.2186  0 27 x 10
0.3199  0 27 x 04    0.3198  0 27 x 04    0.2192  0 27 x 08    0.2192  0 27 x 08
0.3199  0 27 x 12    0.3199  0 27 x 12    0.2193  0 27 x 12    0.2194  0 27 x 12
0.3308  0 06 x 06    0.3310  0 06 x 06    0.2262  0 05 x 06    0.2263  0 05 x 06
0.3314  0 06 x 08    0.3315  0 06 x 08    0.2263  0 05 x 08    0.2264  0 05 x 08
0.3316  0 06 x 05    0.3316  0 06 x 05    0.2266  0 05 x 05    0.2266  0 05 x 05
0.3317  0 05 x 06    0.3317  0 05 x 06    0.2269  0 05 x 12    0.2269  0 01 x 06
0.3321  0 05 x 08    0.3321  0 05 x 08    0.2269  0 01 x 06    0.2269  0 05 x 12
0.3324  0 05 x 05    0.3325  0 05 x 05    0.2271  0 05 x 07    0.2271  0 05 x 07
0.3324  0 06 x 10    0.3326  0 06 x 10    0.2271  0 01 x 05    0.2271  0 01 x 05
0.3324  0 05 x 07    0.3326  0 05 x 07    0.2273  0 05 x 10    0.2273  0 05 x 10
0.3330  0 06 x 07    0.3330  0 06 x 07    0.2278  0 01 x 07    0.2279  0 01 x 07
0.3332  0 06 x 12    0.3334  0 06 x 12    0.2283  0 04 x 05    0.2283  0 04 x 05
0.3335  0 01 x 06    0.3337  0 01 x 06    0.2284  0 04 x 08    0.2284  0 06 x 05
0.3337  0 05 x 12    0.3337  0 05 x 12    0.2284  0 06 x 05    0.2284  0 04 x 06
0.3338  0 01 x 05    0.3339  0 01 x 05    0.2284  0 04 x 06    0.2284  0 04 x 08
0.3342  0 05 x 10    0.3342  0 05 x 10    0.2285  0 06 x 06    0.2285  0 06 x 06
0.3351  0 01 x 07    0.3351  0 01 x 07    0.2286  0 01 x 08    0.2286  0 01 x 08
0.3356  0 04 x 05    0.3357  0 04 x 05    0.2295  0 06 x 08    0.2294  0 06 x 08
0.3358  0 04 x 06    0.3359  0 04 x 06    0.2295  0 04 x 07    0.2295  0 01 x 10
0.3358  0 04 x 08    0.3359  0 04 x 08    0.2296  0 01 x 10    0.2296  0 04 x 07
0.3359  0 01 x 08    0.3359  0 01 x 08    0.2302  0 04 x 10    0.2302  0 01 x 12
0.3370  0 01 x 10    0.3371  0 01 x 10    0.2302  0 01 x 12    0.2303  0 06 x 10
0.3374  0 01 x 12    0.3375  0 01 x 12    0.2303  0 06 x 10    0.2303  0 04 x 10
0.3376  0 04 x 07    0.3376  0 04 x 07    0.2304  0 06 x 07    0.2304  0 04 x 12
0.3377  0 04 x 12    0.3379  0 04 x 12    0.2305  0 04 x 12    0.2304  0 06 x 07
0.3382  0 06 x 04    0.3382  0 06 x 04    0.2306  0 06 x 12    0.2306  0 06 x 12
0.3383  0 04 x 10    0.3383  0 04 x 10    0.2326  0 05 x 04    0.2324  0 05 x 04
0.3395  0 05 x 04    0.3396  0 05 x 04    0.2328  0 01 x 04    0.2328  0 01 x 04
0.3415  0 01 x 04    0.3415  0 07 x 06    0.2332  0 00 x 05    0.2333  0 00 x 05
0.3415  0 07 x 06    0.3418  0 00 x 05    0.2335  0 04 x 04    0.2336  0 04 x 04
0.3417  0 00 x 05    0.3418  0 01 x 04    0.2339  0 31 x 03    0.2340  0 31 x 03
0.3425  0 04 x 04    0.3425  0 04 x 04    0.2339  0 00 x 06    0.2340  0 00 x 06
0.3427  0 00 x 06    0.3428  0 00 x 06    0.2340  0 32 x 03    0.2341  0 32 x 03
0.3427  0 07 x 05    0.3429  0 07 x 05    0.2354  0 30 x 03    0.2354  0 30 x 03
0.3446  0 00 x 07    0.3446  0 00 x 07    0.2356  0 28 x 03    0.2357  0 28 x 03
0.3450  0 07 x 08    0.3449  0 07 x 08    0.2358  0 00 x 07    0.2358  0 00 x 07
0.3452  0 07 x 07    0.3451  0 07 x 07    0.2359  0 29 x 03    0.2359  0 29 x 03
0.3456  0 00 x 08    0.3457  0 00 x 08    0.2360  0 06 x 04    0.2360  0 06 x 04
0.3460  0 07 x 10    0.3462  0 07 x 10    0.2362  0 00 x 08    0.2363  0 00 x 08
0.3470  0 00 x 10    0.3470  0 00 x 10    0.2368  0 00 x 10    0.2369  0 00 x 10
0.3475  0 00 x 04    0.3474  0 00 x 04    0.2373  0 00 x 04    0.2372  0 00 x 04
0.3479  0 07 x 12    0.3480  0 07 x 12    0.2375  0 00 x 12    0.2376  0 00 x 12
0.3480  0 00 x 12    0.3481  5 08 x 07    0.2399  0 27 x 03    0.2400  0 27 x 03
0.3482  5 08 x 07    0.3482  0 00 x 12    0.2405  0 07 x 06    0.2405  0 07 x 06
0.3500  0 31 x 03    0.3501  0 32 x 03    0.2415  0 07 x 05    0.2414  0 07 x 05
0.3501  0 32 x 03    0.3501  0 31 x 03    0.2424  0 07 x 08    0.2423  0 07 x 08
0.3513  5 08 x 05    0.3511  5 08 x 05    0.2429  0 07 x 07    0.2429  0 07 x 07
0.3519  0 30 x 03    0.3519  0 29 x 03    0.2433  5 08 x 07    0.2434  5 08 x 07
0.3520  0 29 x 03    0.3521  0 30 x 03    0.2436  0 07 x 10    0.2436  0 07 x 10
0.3521  0 28 x 03    0.3522  0 28 x 03    0.2442  5 08 x 05    0.2442  5 08 x 05
0.3521  5 08 x 06    0.3522  5 08 x 06    0.2451  0 07 x 12    0.2451  0 07 x 12
0.3523  0 07 x 04    0.3523  0 07 x 04    0.2454  5 08 x 06    0.2455  5 08 x 06
0.3529  5 08 x 12    0.3530  5 08 x 12    0.2466  5 08 x 12    0.2466  5 08 x 12
0.3533  6 08 x 08    0.3533  6 08 x 08    0.2478  0 07 x 04    0.2478  0 07 x 04
0.3541  6 08 x 07    0.3541  6 08 x 07    0.2491  5 08 x 10    0.2491  5 08 x 10
0.3546  6 08 x 10    0.3546  6 08 x 10    0.2492  5 08 x 08    0.2493  5 08 x 08
0.3548  6 08 x 06    0.3550  6 08 x 05    0.2496  0 05 x 03    0.2497  0 05 x 03
0.3551  6 08 x 05    0.3550  6 08 x 06    0.2497  4 08 x 05    0.2498  4 08 x 05
0.3562  5 08 x 10    0.3562  5 08 x 10    0.2504  0 01 x 03    0.2506  0 01 x 03
0.3566  5 08 x 08    0.3567  5 08 x 08    0.2515  4 08 x 06    0.2515  4 08 x 06
0.3575  6 08 x 12    0.3576  6 08 x 12    0.2518  4 08 x 08    0.2519  4 08 x 08
0.3589  0 27 x 03    0.3590  0 27 x 03    0.2519  0 06 x 03    0.2519  0 06 x 03
0.3627  4 08 x 05    0.3625  4 08 x 05    0.2520  6 08 x 08    0.2519  6 08 x 08
0.3630  5 08 x 04    0.3631  5 08 x 04    0.2521  6 08 x 05    0.2520  6 08 x 05
0.3634  4 08 x 08    0.3636  4 08 x 08    0.2521  0 04 x 03    0.2522  0 04 x 03
0.3644  4 08 x 06    0.3644  4 08 x 06    0.2524  6 08 x 06    0.2524  5 08 x 04
0.3645  6 08 x 04    0.3645  6 08 x 04    0.2524  5 08 x 04    0.2524  6 08 x 06
0.3705  4 08 x 07    0.3705  4 08 x 07    0.2525  6 08 x 10    0.2525  6 08 x 10
0.3705  4 08 x 10    0.3705  4 08 x 10    0.2531  6 08 x 07    0.2531  6 08 x 07
0.3709  4 08 x 12    0.3709  4 08 x 12    0.2533  0 00 x 03    0.2533  0 00 x 03
0.3720  0 06 x 03    0.3722  0 06 x 03    0.2540  6 08 x 12    0.2540  6 08 x 12
0.3729  0 05 x 03    0.3730  0 05 x 03    0.2564  4 08 x 10    0.2565  4 08 x 12
0.3752  4 08 x 04    0.3752  4 08 x 04    0.2564  4 08 x 07    0.2565  4 08 x 10
0.3754  0 01 x 03    0.3755  0 01 x 03    0.2566  4 08 x 12    0.2566  4 08 x 07
0.3769  7 08 x 05    0.3770  7 08 x 05    0.2583  4 08 x 04    0.2582  4 08 x 04
0.3776  0 04 x 03    0.3776  0 04 x 03    0.2588  6 08 x 04    0.2587  6 08 x 04
0.3798  0 00 x 03    0.3800  0 00 x 03    0.2662  0 07 x 03    0.2661  0 07 x 03
0.3860  0 07 x 03    0.3860  0 07 x 03    0.2670  0 03 x 05    0.2671  0 03 x 03
0.3926  0 03 x 05    0.3928  0 03 x 05    0.2671  0 03 x 03    0.2671  0 03 x 05
0.3929  3 08 x 08    0.3931  3 08 x 08    0.2677  0 03 x 04    0.2677  0 03 x 04
0.3938  0 03 x 06    0.3939  0 03 x 06    0.2679  0 03 x 06    0.2680  0 03 x 06
0.3939  0 03 x 04    0.3941  0 03 x 04    0.2687  0 03 x 08    0.2688  0 03 x 08
0.3942  7 08 x 04    0.3942  7 08 x 04    0.2688  3 08 x 08    0.2689  3 08 x 08
0.3944  0 03 x 08    0.3945  0 03 x 08    0.2691  0 03 x 07    0.2692  0 03 x 07
0.3948  3 08 x 05    0.3947  3 08 x 05    0.2695  3 08 x 05    0.2694  3 08 x 05
0.3950  0 03 x 07    0.3952  0 03 x 07    0.2699  5 08 x 03    0.2700  5 08 x 03
0.3952  5 08 x 03    0.3953  5 08 x 03    0.2707  0 03 x 10    0.2709  0 03 x 10
0.3966  3 08 x 06    0.3968  3 08 x 06    0.2710  3 08 x 06    0.2711  0 03 x 12
0.3973  0 03 x 10    0.3973  0 03 x 10    0.2710  0 03 x 12    0.2711  3 08 x 06
0.3974  0 03 x 12    0.3976  0 03 x 12    0.2731  3 08 x 07    0.2731  3 08 x 07
0.3985  0 03 x 03    0.3986  0 03 x 03    0.2739  3 08 x 10    0.2738  3 08 x 10
0.3992  3 08 x 07    0.3993  3 08 x 07    0.2750  4 08 x 03    0.2751  4 08 x 03
0.4007  3 08 x 10    0.4006  3 08 x 10    0.2760  3 08 x 04    0.2760  3 08 x 04
0.4036  6 08 x 03    0.4037  6 08 x 03    0.2766  7 08 x 05    0.2766  7 08 x 05
0.4047  3 08 x 04    0.4048  3 08 x 04    0.2784  3 08 x 12    0.2785  3 08 x 12
0.4072  3 08 x 12    0.4071  4 08 x 03    0.2819  6 08 x 03    0.2820  6 08 x 03
0.4072  4 08 x 03    0.4073  3 08 x 12    0.2891  7 08 x 04    0.2891  7 08 x 04
0.4320  7 08 x 03    0.4323  7 08 x 03    0.2924  3 08 x 03    0.2924  3 08 x 03
0.4356  3 08 x 03    0.4356  3 08 x 03    0.3087  2 08 x 05    0.3088  2 08 x 05
0.4535  2 08 x 05    0.4535  2 08 x 05    0.3120  0 32 x 02    0.3119  0 29 x 02
0.4679  0 01 x 02    0.4708  0 05 x 02    0.3120  0 31 x 02    0.3120  0 31 x 02
0.4708  0 05 x 02    0.4717  0 32 x 02    0.3120  0 29 x 02    0.3120  0 32 x 02
0.4716  0 31 x 02    0.4717  0 31 x 02    0.3121  0 05 x 02    0.3122  0 05 x 02
0.4716  0 32 x 02    0.4718  0 29 x 02    0.3123  0 30 x 02    0.3124  0 30 x 02
0.4717  0 29 x 02    0.4724  0 30 x 02    0.3133  0 28 x 02    0.3135  0 28 x 02
0.4722  0 30 x 02    0.4736  0 28 x 02    0.3139  0 04 x 02    0.3140  0 04 x 02
0.4734  0 28 x 02    0.4749  0 06 x 02    0.3143  0 01 x 02    0.3144  0 01 x 02
0.4750  0 06 x 02    0.4756  2 08 x 04    0.3174  7 08 x 03    0.3175  7 08 x 03
0.4753  2 08 x 04    0.4759  0 04 x 02    0.3176  0 06 x 02    0.3177  0 06 x 02
0.4759  0 04 x 02    0.4761  0 01 x 02    0.3179  0 00 x 02    0.3179  0 00 x 02
0.4820  0 00 x 02    0.4821  0 00 x 02    0.3181  0 27 x 02    0.3181  0 27 x 02
0.4820  0 27 x 02    0.4822  0 27 x 02    0.3238  2 08 x 04    0.3238  2 08 x 04
0.4863  0 07 x 02    0.4862  0 07 x 02    0.3302  0 07 x 02    0.3302  0 07 x 02
0.5178  5 08 x 02    0.5180  5 08 x 02    0.3488  0 03 x 02    0.3488  0 03 x 02
0.5258  6 08 x 02    0.5259  6 08 x 02    0.3492  5 08 x 02    0.3494  5 08 x 02
0.5270  0 03 x 02    0.5271  0 03 x 02    0.3541  4 08 x 02    0.3540  4 08 x 02
0.5307  4 08 x 02    0.5307  4 08 x 02    0.3628  6 08 x 02    0.3628  6 08 x 02
0.5501  0 02 x 03    0.5499  0 02 x 03    0.3691  0 02 x 02    0.3691  0 02 x 02
0.5542  0 02 x 02    0.5545  0 02 x 02    0.3730  0 02 x 03    0.3730  0 02 x 03
0.5625  7 08 x 02    0.5627  7 08 x 02    0.3980  0 02 x 07    0.3981  0 02 x 07
0.5861  0 02 x 07    0.5858  0 02 x 07    0.3984  0 02 x 08    0.3988  0 02 x 08
0.5866  0 02 x 08    0.5868  0 02 x 08    0.4010  0 02 x 04    0.4008  0 02 x 04
0.5904  0 02 x 04    0.5932  0 02 x 04    0.4018  3 08 x 02    0.4019  3 08 x 02
0.5945  0 02 x 05    0.5948  0 02 x 05    0.4029  7 08 x 02    0.4029  7 08 x 02
0.5960  0 02 x 06    0.5964  0 02 x 06    0.4032  0 02 x 05    0.4036  0 02 x 05
0.6026  3 08 x 02    0.6027  3 08 x 02    0.4043  0 02 x 06    0.4044  0 02 x 06
0.6055  2 08 x 03    0.6058  0 02 x 10    0.4110  2 08 x 03    0.4111  2 08 x 03
0.6056  0 02 x 10    0.6059  2 08 x 03    0.4112  0 02 x 10    0.4112  0 02 x 10
0.6075  0 02 x 12    0.6077  0 02 x 12    0.4127  0 02 x 12    0.4126  0 02 x 12
0.6541  2 08 x 02    0.6545  2 08 x 02    0.4375  2 08 x 02    0.4375  2 08 x 02
0.7401  1 08 x 04    0.7402  1 08 x 04    0.5000  1 08 x 04    0.4999  1 08 x 04
0.7432  1 08 x 05    0.7435  1 08 x 05    0.5024  1 08 x 05    0.5024  1 08 x 05
0.7493  1 08 x 03    0.7498  1 08 x 03    0.5056  1 08 x 03    0.5056  1 08 x 03
0.7761  0 02 x 01    0.7765  0 02 x 01    0.5172  0 02 x 01    0.5171  0 02 x 01
0.7918  0 06 x 01    0.7850  0 06 x 01    0.5322  0 06 x 01    0.5325  0 06 x 01
0.7941  0 05 x 01    0.7912  0 05 x 01    0.5343  0 05 x 01    0.5343  0 05 x 01
0.7992  0 07 x 01    0.7933  0 07 x 01    0.5363  0 28 x 01    0.5356  0 28 x 01
0.8024  0 28 x 01    0.8016  0 28 x 01    0.5364  0 29 x 01    0.5362  0 30 x 01
0.8054  0 30 x 01    0.8036  0 01 x 01    0.5368  0 30 x 01    0.5367  0 29 x 01
0.8072  0 29 x 01    0.8042  0 30 x 01    0.5372  0 04 x 01    0.5370  0 01 x 01
0.8078  0 01 x 01    0.8049  0 04 x 01    0.5372  0 01 x 01    0.5372  0 04 x 01
0.8084  0 04 x 01    0.8059  0 29 x 01    0.5423  0 31 x 01    0.5427  0 31 x 01
0.8140  0 31 x 01    0.8147  0 31 x 01    0.5429  0 07 x 01    0.5427  0 07 x 01
0.8217  0 00 x 01    0.8216  0 00 x 01    0.5462  0 00 x 01    0.5463  0 00 x 01
0.8311  0 32 x 01    0.8280  0 32 x 01    0.5546  0 27 x 01    0.5551  0 32 x 01
0.8320  0 27 x 01    0.8329  0 27 x 01    0.5551  0 32 x 01    0.5560  0 27 x 01
0.8639  5 08 x 01    0.8599  5 08 x 01    0.5883  5 08 x 01    0.5884  5 08 x 01
0.8887  6 08 x 01    0.8773  6 08 x 01    0.5993  4 08 x 01    0.6023  1 08 x 02
0.8946  1 08 x 02    0.8945  1 08 x 02    0.6020  1 08 x 02    0.6041  4 08 x 01
0.9106  4 08 x 01    0.9000  4 08 x 01    0.6122  0 03 x 01    0.6123  0 03 x 01
0.9293  0 03 x 01    0.9272  0 03 x 01    0.6137  6 08 x 01    0.6140  6 08 x 01
0.9599  7 08 x 01    0.9548  7 08 x 01    0.6422  3 08 x 01    0.6423  3 08 x 01
0.9780  3 08 x 01    0.9676  3 08 x 01    0.6823  7 08 x 01    0.6825  7 08 x 01
1.1135  2 08 x 01    1.1139  2 08 x 01    0.7341  2 08 x 01    0.7344  2 08 x 01
1.4920  1 08 x 01    1.5189  1 08 x 01    1.0141  1 08 x 01    1.0143  1 08 x 01
---Benchmark Program Finished---
