
./testbench.sh clang++ O3 MontgomeryQuarter __uint128_t 191 8 40 -DTEST_ARRAY -DHURCHALLA_MONTGOMERY_TWO_POW_USE_CSELECT_ON_BIT -DHURCHALLA_ALLOW_INLINE_ASM_ALL

compilation finished, now executing:
---Running Program---

begin benchmarks - array two_pow
(ignore)5349058770945686463884924119731073391

OVERALL BEST:
1.0126  0 32 x 10
1.0127  0 31 x 10
1.0155  0 31 x 12
1.0156  0 32 x 12
1.0157  0 32 x 08
1.0158  0 31 x 08
1.0158  0 31 x 07
1.0159  0 32 x 07
1.0164  0 32 x 06
1.0166  0 31 x 06
1.0191  0 31 x 05
1.0191  0 32 x 05
1.0210  0 29 x 12
1.0247  0 29 x 10
1.0293  0 29 x 05
1.0301  0 29 x 06
1.0308  0 29 x 07
1.0349  0 30 x 06
1.0349  0 29 x 08
1.0352  0 32 x 04
1.0353  0 31 x 04
1.0401  0 28 x 06
1.0411  0 29 x 04
1.0416  0 30 x 05
1.0472  0 28 x 05
1.0485  0 30 x 07
1.0546  0 27 x 06
1.0574  0 30 x 04
1.0579  0 28 x 07
1.0611  0 27 x 07
1.0617  0 30 x 08
1.0648  0 28 x 08
1.0651  0 28 x 04
1.0655  0 27 x 05
1.0679  0 27 x 08
1.0745  0 27 x 04
1.0851  0 27 x 10
1.0883  0 30 x 12
1.0905  0 28 x 10
1.0963  0 27 x 12
1.0988  0 05 x 06
1.0992  0 28 x 12
1.1127  0 30 x 10
1.1135  0 01 x 06
1.1138  0 06 x 06
1.1148  0 05 x 05
1.1152  0 05 x 07
1.1172  0 05 x 08
1.1239  0 04 x 06
1.1253  0 06 x 07
1.1264  0 00 x 06
1.1268  0 01 x 05
1.1272  0 06 x 05
1.1284  0 06 x 08
1.1293  0 01 x 07
1.1342  0 05 x 04
1.1378  0 01 x 08
1.1384  0 04 x 08
1.1391  0 04 x 07
1.1394  0 05 x 10
1.1413  0 01 x 04
1.1432  0 00 x 05
1.1435  0 04 x 05
1.1436  0 00 x 07
1.1467  0 06 x 04
1.1502  0 05 x 12
1.1544  0 00 x 08
1.1559  0 06 x 10
1.1576  0 01 x 10
1.1586  0 00 x 04
1.1594  0 04 x 04
1.1631  0 06 x 12
1.1649  0 04 x 10
1.1657  0 07 x 06
1.1697  0 01 x 12
1.1747  0 07 x 07
1.1747  0 04 x 12
1.1749  0 00 x 10
1.1764  0 07 x 05
1.1866  0 31 x 03
1.1869  0 32 x 03
1.1870  0 00 x 12
1.1889  0 07 x 08
1.1910  0 03 x 04
1.1957  0 29 x 03
1.1974  0 07 x 04
1.1981  5 08 x 08
1.2094  0 30 x 03
1.2094  0 27 x 03
1.2097  0 03 x 10
1.2103  0 03 x 12
1.2105  0 28 x 03
1.2109  0 03 x 08
1.2119  5 08 x 06
1.2130  0 03 x 07
1.2168  0 07 x 10
1.2170  0 03 x 06
1.2197  0 03 x 05
1.2221  0 02 x 03
1.2234  6 08 x 08
1.2238  5 08 x 05
1.2254  5 08 x 07
1.2260  5 08 x 04
1.2276  0 07 x 12
1.2280  4 08 x 08
1.2294  4 08 x 04
1.2421  4 08 x 06
1.2422  0 03 x 03
1.2453  5 08 x 10
1.2455  6 08 x 07
1.2473  6 08 x 06
1.2532  4 08 x 05
1.2534  0 05 x 03
1.2579  0 01 x 03
1.2611  4 08 x 07
1.2623  6 08 x 05
1.2650  0 06 x 03
1.2666  5 08 x 12
1.2667  6 08 x 10
1.2719  0 00 x 03
1.2729  0 04 x 03
1.2766  4 08 x 10
1.2827  6 08 x 04
1.2836  6 08 x 12
1.2978  4 08 x 12
1.3060  3 08 x 04
1.3123  3 08 x 08
1.3127  0 07 x 03
1.3244  3 08 x 06
1.3322  3 08 x 05
1.3580  3 08 x 07
1.3673  0 02 x 04
1.3721  3 08 x 10
1.3785  5 08 x 03
1.3838  4 08 x 03
1.3945  7 08 x 05
1.3972  3 08 x 12
1.4566  3 08 x 03
1.4607  7 08 x 04
1.4649  0 02 x 05
1.4784  6 08 x 03
1.5091  2 08 x 04
1.5154  2 08 x 05
1.5893  0 31 x 02
1.5898  0 29 x 02
1.5923  0 28 x 02
1.5970  0 30 x 02
1.6045  0 00 x 02
1.6069  0 06 x 02
1.6091  0 27 x 02
1.6112  0 32 x 02
1.6263  0 04 x 02
1.6306  0 05 x 02
1.6531  0 07 x 02
1.6568  2 08 x 03
1.6569  0 02 x 02
1.6692  0 01 x 02
1.6725  0 03 x 02
1.7075  7 08 x 03
1.7686  0 02 x 06
1.8031  4 08 x 02
1.8162  5 08 x 02
1.8959  3 08 x 02
1.8981  0 02 x 08
1.8988  0 02 x 07
1.9213  0 02 x 12
1.9237  0 02 x 10
1.9305  6 08 x 02
2.0948  1 08 x 04
2.1076  2 08 x 02
2.1468  1 08 x 05
2.2678  1 08 x 03
2.2805  7 08 x 02
2.6841  0 05 x 01
2.6861  0 06 x 01
2.6965  0 01 x 01
2.7064  0 04 x 01
2.7110  0 07 x 01
2.7264  0 30 x 01
2.7359  0 29 x 01
2.7398  0 31 x 01
2.7617  0 32 x 01
2.7621  0 28 x 01
2.7819  0 00 x 01
2.7925  1 08 x 02
2.8566  0 27 x 01
2.9360  0 02 x 01
2.9430  5 08 x 01
2.9447  0 03 x 01
3.0585  4 08 x 01
3.0862  6 08 x 01
3.1882  3 08 x 01
3.3233  7 08 x 01
3.5992  2 08 x 01
4.9761  1 08 x 01
Timings By Test Type:
0.2986  0 32 x 10    0.2986  0 31 x 10    0.2076  0 31 x 10    0.2076  0 32 x 10
0.2987  0 31 x 10    0.2987  0 32 x 10    0.2077  0 32 x 10    0.2078  0 31 x 10
0.2994  0 32 x 12    0.2994  0 32 x 12    0.2078  0 31 x 05    0.2078  0 32 x 05
0.2994  0 31 x 12    0.2994  0 31 x 12    0.2078  0 32 x 05    0.2078  0 31 x 05
0.2995  0 32 x 08    0.2995  0 31 x 07    0.2082  0 32 x 06    0.2082  0 32 x 06
0.2995  0 32 x 07    0.2995  0 32 x 07    0.2083  0 31 x 06    0.2083  0 31 x 06
0.2995  0 31 x 08    0.2995  0 32 x 08    0.2083  0 31 x 12    0.2083  0 32 x 08
0.2996  0 31 x 07    0.2996  0 31 x 08    0.2083  0 32 x 08    0.2083  0 32 x 12
0.2999  0 32 x 06    0.3001  0 31 x 06    0.2084  0 31 x 08    0.2083  0 31 x 12
0.3001  0 31 x 06    0.3001  0 32 x 06    0.2084  0 31 x 07    0.2084  0 31 x 08
0.3011  0 29 x 12    0.3011  0 29 x 12    0.2084  0 32 x 12    0.2084  0 32 x 07
0.3017  0 31 x 05    0.3017  0 32 x 05    0.2085  0 32 x 07    0.2084  0 31 x 07
0.3018  0 32 x 05    0.3018  0 31 x 05    0.2092  0 32 x 04    0.2093  0 31 x 04
0.3023  0 29 x 10    0.3023  0 29 x 10    0.2094  0 31 x 04    0.2093  0 32 x 04
0.3040  0 29 x 07    0.3040  0 29 x 07    0.2094  0 29 x 12    0.2094  0 29 x 12
0.3041  0 29 x 06    0.3041  0 29 x 06    0.2100  0 29 x 10    0.2100  0 29 x 10
0.3042  0 29 x 05    0.3043  0 29 x 05    0.2104  0 29 x 05    0.2104  0 29 x 05
0.3052  0 29 x 08    0.3052  0 29 x 08    0.2108  0 29 x 04    0.2109  0 29 x 04
0.3053  0 30 x 06    0.3054  0 30 x 06    0.2109  0 29 x 06    0.2110  0 29 x 06
0.3072  0 28 x 06    0.3071  0 28 x 06    0.2114  0 29 x 07    0.2114  0 29 x 07
0.3076  0 30 x 05    0.3077  0 30 x 05    0.2120  0 30 x 06    0.2121  0 30 x 06
0.3083  0 31 x 04    0.3082  0 32 x 04    0.2123  0 29 x 08    0.2122  0 29 x 08
0.3084  0 32 x 04    0.3082  0 31 x 04    0.2129  0 28 x 06    0.2129  0 28 x 06
0.3093  0 28 x 05    0.3092  0 30 x 07    0.2131  0 30 x 05    0.2132  0 30 x 05
0.3093  0 30 x 07    0.3093  0 28 x 05    0.2143  0 28 x 05    0.2143  0 28 x 05
0.3098  0 29 x 04    0.3096  0 29 x 04    0.2145  0 30 x 04    0.2145  0 30 x 04
0.3116  0 27 x 06    0.3115  0 27 x 06    0.2150  0 30 x 07    0.2150  0 30 x 07
0.3123  0 28 x 07    0.3123  0 28 x 07    0.2158  0 27 x 06    0.2158  0 27 x 06
0.3132  0 27 x 07    0.3132  0 27 x 07    0.2160  0 28 x 04    0.2160  0 28 x 04
0.3136  0 30 x 08    0.3137  0 30 x 08    0.2167  0 28 x 07    0.2167  0 28 x 07
0.3141  0 28 x 08    0.3141  0 28 x 08    0.2172  0 30 x 08    0.2172  0 30 x 08
0.3142  0 30 x 04    0.3142  0 30 x 04    0.2174  0 27 x 07    0.2174  0 27 x 07
0.3148  0 27 x 05    0.3147  0 27 x 05    0.2177  0 27 x 04    0.2176  0 27 x 04
0.3153  0 27 x 08    0.3153  0 27 x 08    0.2181  0 27 x 05    0.2180  0 27 x 05
0.3165  0 28 x 04    0.3166  0 28 x 04    0.2183  0 28 x 08    0.2183  0 28 x 08
0.3196  0 27 x 04    0.3196  0 27 x 04    0.2186  0 27 x 08    0.2187  0 27 x 08
0.3205  0 27 x 10    0.3206  0 27 x 10    0.2220  0 27 x 10    0.2221  0 27 x 10
0.3212  0 30 x 12    0.3212  0 30 x 12    0.2230  0 30 x 12    0.2229  0 30 x 12
0.3221  0 28 x 10    0.3220  0 28 x 10    0.2232  0 28 x 10    0.2232  0 28 x 10
0.3240  0 27 x 12    0.3239  0 27 x 12    0.2243  0 27 x 12    0.2242  0 27 x 12
0.3244  0 05 x 06    0.3243  0 05 x 06    0.2250  0 28 x 12    0.2250  0 28 x 12
0.3247  0 28 x 12    0.3247  0 28 x 12    0.2250  0 05 x 06    0.2251  0 05 x 06
0.3287  0 30 x 10    0.3286  0 30 x 10    0.2260  0 01 x 06    0.2260  0 01 x 06
0.3288  0 06 x 06    0.3289  0 06 x 06    0.2277  0 05 x 07    0.2276  0 05 x 07
0.3291  0 05 x 05    0.3291  0 05 x 05    0.2277  0 30 x 10    0.2277  0 30 x 10
0.3299  0 05 x 07    0.3300  0 05 x 07    0.2280  0 05 x 08    0.2280  0 05 x 08
0.3307  0 05 x 08    0.3306  0 05 x 08    0.2281  0 04 x 06    0.2280  0 06 x 06
0.3308  0 01 x 06    0.3308  0 01 x 06    0.2281  0 06 x 06    0.2281  0 04 x 06
0.3320  0 06 x 07    0.3319  0 06 x 07    0.2283  0 05 x 05    0.2283  0 05 x 05
0.3325  0 06 x 05    0.3325  0 06 x 05    0.2288  0 01 x 05    0.2288  0 01 x 05
0.3331  0 06 x 08    0.3331  0 06 x 08    0.2294  0 01 x 07    0.2293  0 01 x 07
0.3331  0 00 x 06    0.3332  0 00 x 06    0.2301  0 00 x 06    0.2300  0 00 x 06
0.3338  0 04 x 06    0.3339  0 04 x 06    0.2306  0 06 x 07    0.2307  0 06 x 07
0.3346  0 01 x 05    0.3346  0 01 x 05    0.2310  0 01 x 04    0.2311  0 01 x 04
0.3353  0 01 x 07    0.3352  0 05 x 04    0.2311  0 01 x 08    0.2311  0 01 x 08
0.3354  0 05 x 04    0.3353  0 01 x 07    0.2311  0 04 x 08    0.2311  0 06 x 08
0.3370  0 05 x 10    0.3369  0 05 x 10    0.2311  0 06 x 08    0.2311  0 04 x 08
0.3376  0 06 x 04    0.3376  0 06 x 04    0.2312  0 06 x 05    0.2312  0 06 x 05
0.3378  0 01 x 08    0.3378  0 01 x 08    0.2313  0 04 x 07    0.2314  0 04 x 07
0.3379  0 00 x 07    0.3379  0 00 x 07    0.2319  0 05 x 04    0.2316  0 05 x 04
0.3381  0 04 x 08    0.3380  0 04 x 08    0.2322  0 04 x 05    0.2321  0 04 x 05
0.3382  0 00 x 05    0.3382  0 00 x 05    0.2327  0 05 x 10    0.2329  0 05 x 10
0.3382  0 04 x 07    0.3382  0 04 x 07    0.2334  0 00 x 05    0.2335  0 00 x 05
0.3396  0 01 x 04    0.3396  0 04 x 05    0.2339  0 00 x 07    0.2339  0 00 x 07
0.3396  0 04 x 05    0.3397  0 01 x 04    0.2350  0 05 x 12    0.2349  0 05 x 12
0.3402  0 05 x 12    0.3401  0 05 x 12    0.2352  0 01 x 10    0.2352  0 01 x 10
0.3411  0 00 x 08    0.3412  0 06 x 10    0.2357  0 06 x 04    0.2357  0 04 x 04
0.3414  0 06 x 10    0.3413  0 00 x 08    0.2358  0 04 x 04    0.2358  0 06 x 04
0.3416  0 07 x 06    0.3417  0 07 x 06    0.2360  0 00 x 08    0.2360  0 00 x 08
0.3429  0 00 x 04    0.3429  0 00 x 04    0.2364  0 00 x 04    0.2363  0 00 x 04
0.3433  0 06 x 12    0.3434  0 06 x 12    0.2367  0 06 x 10    0.2366  0 06 x 10
0.3435  0 01 x 10    0.3436  0 01 x 10    0.2367  0 04 x 10    0.2368  0 04 x 10
0.3441  0 04 x 04    0.3438  0 04 x 04    0.2377  0 01 x 12    0.2377  0 01 x 12
0.3441  0 07 x 07    0.3441  0 07 x 07    0.2382  0 06 x 12    0.2382  0 06 x 12
0.3447  0 07 x 05    0.3446  0 07 x 05    0.2388  0 04 x 12    0.2387  0 04 x 12
0.3457  0 04 x 10    0.3457  0 04 x 10    0.2393  0 31 x 03    0.2394  0 31 x 03
0.3471  0 01 x 12    0.3472  0 01 x 12    0.2394  0 32 x 03    0.2395  0 32 x 03
0.3476  0 00 x 10    0.3476  0 00 x 10    0.2398  0 00 x 10    0.2399  0 00 x 10
0.3481  0 07 x 08    0.3482  0 07 x 08    0.2410  0 29 x 03    0.2408  0 27 x 03
0.3487  0 04 x 12    0.3485  0 04 x 12    0.2412  0 07 x 06    0.2409  0 29 x 03
0.3505  0 07 x 04    0.3504  0 07 x 04    0.2422  0 03 x 04    0.2412  0 07 x 06
0.3510  0 00 x 12    0.3511  0 00 x 12    0.2425  0 00 x 12    0.2416  0 03 x 04
0.3517  5 08 x 08    0.3518  5 08 x 08    0.2432  0 07 x 07    0.2424  0 00 x 12
0.3536  0 03 x 04    0.3536  0 03 x 04    0.2436  0 07 x 05    0.2432  0 07 x 07
0.3539  0 31 x 03    0.3539  0 31 x 03    0.2441  0 30 x 03    0.2435  0 07 x 05
0.3540  0 32 x 03    0.3540  0 32 x 03    0.2442  0 28 x 03    0.2440  0 30 x 03
0.3560  5 08 x 06    0.3557  0 27 x 03    0.2457  0 03 x 12    0.2442  0 28 x 03
0.3560  6 08 x 08    0.3560  6 08 x 08    0.2457  0 03 x 10    0.2454  0 03 x 07
0.3561  0 07 x 10    0.3560  5 08 x 06    0.2457  0 02 x 03    0.2457  0 02 x 03
0.3569  0 29 x 03    0.3561  0 07 x 10    0.2462  0 03 x 08    0.2457  0 03 x 12
0.3590  0 03 x 10    0.3569  0 29 x 03    0.2463  0 07 x 08    0.2457  0 03 x 10
0.3592  0 03 x 08    0.3592  0 03 x 10    0.2467  0 03 x 07    0.2462  0 03 x 08
0.3593  5 08 x 05    0.3593  5 08 x 05    0.2471  0 27 x 03    0.2463  0 03 x 06
0.3595  0 07 x 12    0.3593  0 03 x 08    0.2472  5 08 x 08    0.2463  0 07 x 08
0.3596  0 03 x 12    0.3594  0 03 x 12    0.2476  0 03 x 06    0.2473  5 08 x 08
0.3597  5 08 x 04    0.3595  0 07 x 12    0.2478  0 03 x 05    0.2478  0 03 x 05
0.3599  5 08 x 07    0.3596  5 08 x 04    0.2483  0 07 x 04    0.2482  0 07 x 04
0.3603  0 03 x 07    0.3600  5 08 x 07    0.2497  0 03 x 03    0.2497  0 03 x 03
0.3607  0 30 x 03    0.3606  0 30 x 03    0.2500  5 08 x 06    0.2499  5 08 x 06
0.3611  0 28 x 03    0.3607  0 03 x 07    0.2517  4 08 x 08    0.2517  4 08 x 08
0.3619  0 03 x 06    0.3610  0 28 x 03    0.2518  0 01 x 03    0.2518  0 01 x 03
0.3620  0 03 x 05    0.3612  0 03 x 06    0.2520  4 08 x 04    0.2521  0 05 x 03
0.3623  4 08 x 08    0.3620  0 03 x 05    0.2521  0 05 x 03    0.2521  4 08 x 04
0.3624  6 08 x 07    0.3623  4 08 x 08    0.2523  0 07 x 10    0.2523  0 07 x 10
0.3626  4 08 x 04    0.3624  6 08 x 07    0.2526  5 08 x 05    0.2526  5 08 x 05
0.3627  6 08 x 06    0.3627  6 08 x 06    0.2527  5 08 x 07    0.2528  5 08 x 07
0.3654  0 02 x 03    0.3627  4 08 x 04    0.2534  5 08 x 04    0.2533  5 08 x 04
0.3655  5 08 x 10    0.3653  0 02 x 03    0.2542  4 08 x 06    0.2542  4 08 x 06
0.3659  0 27 x 03    0.3656  5 08 x 10    0.2543  0 07 x 12    0.2542  0 07 x 12
0.3666  6 08 x 05    0.3666  6 08 x 05    0.2549  0 04 x 03    0.2549  0 04 x 03
0.3669  4 08 x 06    0.3668  4 08 x 06    0.2551  0 06 x 03    0.2551  0 06 x 03
0.3686  6 08 x 10    0.3686  6 08 x 10    0.2557  6 08 x 08    0.2556  6 08 x 08
0.3700  4 08 x 05    0.3700  4 08 x 05    0.2557  0 00 x 03    0.2558  0 00 x 03
0.3714  0 03 x 03    0.3713  0 03 x 03    0.2566  4 08 x 05    0.2566  4 08 x 05
0.3717  6 08 x 04    0.3716  5 08 x 12    0.2570  5 08 x 10    0.2571  5 08 x 10
0.3717  5 08 x 12    0.3717  6 08 x 04    0.2582  4 08 x 07    0.2582  4 08 x 07
0.3724  4 08 x 07    0.3723  4 08 x 07    0.2603  6 08 x 07    0.2603  6 08 x 07
0.3739  6 08 x 12    0.3739  6 08 x 12    0.2610  6 08 x 06    0.2610  6 08 x 06
0.3746  0 05 x 03    0.3746  0 05 x 03    0.2614  4 08 x 10    0.2614  4 08 x 10
0.3769  4 08 x 10    0.3769  4 08 x 10    0.2616  5 08 x 12    0.2616  5 08 x 12
0.3773  0 01 x 03    0.3771  0 01 x 03    0.2645  6 08 x 05    0.2646  6 08 x 05
0.3774  0 06 x 03    0.3774  0 06 x 03    0.2648  6 08 x 10    0.2647  6 08 x 10
0.3802  0 00 x 03    0.3802  0 00 x 03    0.2659  4 08 x 12    0.2659  4 08 x 12
0.3816  0 04 x 03    0.3816  0 04 x 03    0.2662  3 08 x 04    0.2661  3 08 x 04
0.3830  4 08 x 12    0.3830  4 08 x 12    0.2672  3 08 x 08    0.2672  3 08 x 08
0.3869  3 08 x 04    0.3869  3 08 x 04    0.2679  0 07 x 03    0.2679  0 07 x 03
0.3885  0 07 x 03    0.3885  0 07 x 03    0.2679  6 08 x 12    0.2679  6 08 x 12
0.3891  3 08 x 08    0.3889  3 08 x 08    0.2697  6 08 x 04    0.2697  6 08 x 04
0.3924  3 08 x 06    0.3924  3 08 x 06    0.2698  3 08 x 06    0.2698  3 08 x 06
0.3947  3 08 x 05    0.3947  3 08 x 05    0.2714  3 08 x 05    0.2714  3 08 x 05
0.3980  7 08 x 05    0.3980  7 08 x 05    0.2764  3 08 x 07    0.2763  3 08 x 07
0.4028  3 08 x 07    0.4025  3 08 x 07    0.2783  0 02 x 04    0.2781  0 02 x 04
0.4054  0 02 x 04    0.4056  0 02 x 04    0.2792  3 08 x 10    0.2791  3 08 x 10
0.4067  5 08 x 03    0.4067  5 08 x 03    0.2811  4 08 x 03    0.2811  4 08 x 03
0.4069  3 08 x 10    0.4069  3 08 x 10    0.2826  5 08 x 03    0.2825  5 08 x 03
0.4108  4 08 x 03    0.4108  4 08 x 03    0.2842  3 08 x 12    0.2842  3 08 x 12
0.4144  3 08 x 12    0.4143  3 08 x 12    0.2937  3 08 x 03    0.2938  3 08 x 03
0.4151  7 08 x 04    0.4150  7 08 x 04    0.2982  0 02 x 05    0.2986  0 02 x 05
0.4267  6 08 x 03    0.4267  6 08 x 03    0.2993  7 08 x 05    0.2993  7 08 x 05
0.4342  0 02 x 05    0.4339  0 02 x 05    0.3069  2 08 x 04    0.3068  2 08 x 04
0.4344  3 08 x 03    0.4346  3 08 x 03    0.3081  2 08 x 05    0.3083  2 08 x 05
0.4477  2 08 x 04    0.4478  2 08 x 04    0.3124  6 08 x 03    0.3126  6 08 x 03
0.4494  2 08 x 05    0.4495  2 08 x 05    0.3154  7 08 x 04    0.3153  7 08 x 04
0.4759  0 28 x 02    0.4709  0 00 x 02    0.3197  0 31 x 02    0.3176  0 29 x 02
0.4775  0 31 x 02    0.4729  0 32 x 02    0.3209  0 29 x 02    0.3191  0 31 x 02
0.4777  0 29 x 02    0.4729  0 31 x 02    0.3221  0 06 x 02    0.3208  0 28 x 02
0.4792  0 30 x 02    0.4733  0 28 x 02    0.3222  0 28 x 02    0.3217  0 30 x 02
0.4813  0 06 x 02    0.4736  0 29 x 02    0.3223  0 30 x 02    0.3222  0 06 x 02
0.4813  0 27 x 02    0.4738  0 30 x 02    0.3233  0 27 x 02    0.3232  0 27 x 02
0.4835  7 08 x 03    0.4799  0 04 x 02    0.3246  0 00 x 02    0.3247  0 00 x 02
0.4843  0 00 x 02    0.4813  0 06 x 02    0.3260  0 32 x 02    0.3261  0 32 x 02
0.4863  0 32 x 02    0.4814  0 27 x 02    0.3268  0 05 x 02    0.3269  0 05 x 02
0.4885  0 05 x 02    0.4832  7 08 x 03    0.3272  0 04 x 02    0.3273  0 04 x 02
0.4919  2 08 x 03    0.4885  0 05 x 02    0.3337  0 02 x 02    0.3337  0 02 x 02
0.4920  0 04 x 02    0.4891  0 02 x 02    0.3343  0 07 x 02    0.3343  0 01 x 02
0.4922  0 07 x 02    0.4919  2 08 x 03    0.3343  0 01 x 02    0.3343  0 07 x 02
0.5004  0 02 x 02    0.4923  0 07 x 02    0.3360  0 03 x 02    0.3360  0 03 x 02
0.5035  0 01 x 02    0.4963  0 03 x 02    0.3366  2 08 x 03    0.3364  2 08 x 03
0.5042  0 03 x 02    0.4971  0 01 x 02    0.3586  0 02 x 06    0.3592  0 02 x 06
0.5258  0 02 x 06    0.5249  0 02 x 06    0.3629  4 08 x 02    0.3630  4 08 x 02
0.5384  5 08 x 02    0.5384  5 08 x 02    0.3697  5 08 x 02    0.3697  5 08 x 02
0.5387  4 08 x 02    0.5386  4 08 x 02    0.3704  7 08 x 03    0.3704  7 08 x 03
0.5631  0 02 x 08    0.5613  6 08 x 02    0.3799  3 08 x 02    0.3801  3 08 x 02
0.5647  6 08 x 02    0.5615  0 02 x 07    0.3852  0 02 x 08    0.3857  0 02 x 07
0.5655  0 02 x 07    0.5625  0 02 x 08    0.3861  0 02 x 07    0.3872  0 02 x 08
0.5681  3 08 x 02    0.5679  3 08 x 02    0.3902  0 02 x 12    0.3901  0 02 x 12
0.5699  0 02 x 10    0.5704  0 02 x 12    0.3910  0 02 x 10    0.3910  0 02 x 10
0.5706  0 02 x 12    0.5718  0 02 x 10    0.4022  6 08 x 02    0.4022  6 08 x 02
0.6234  1 08 x 04    0.6186  2 08 x 02    0.4242  1 08 x 04    0.4243  1 08 x 04
0.6357  2 08 x 02    0.6229  1 08 x 04    0.4266  2 08 x 02    0.4266  2 08 x 02
0.6380  1 08 x 05    0.6381  1 08 x 05    0.4353  1 08 x 05    0.4354  1 08 x 05
0.6465  7 08 x 02    0.6427  7 08 x 02    0.4593  1 08 x 03    0.4593  1 08 x 03
0.6747  1 08 x 03    0.6746  1 08 x 03    0.4956  7 08 x 02    0.4957  7 08 x 02
0.8029  0 05 x 01    0.8010  0 05 x 01    0.5399  0 05 x 01    0.5401  0 06 x 01
0.8035  0 06 x 01    0.8017  0 06 x 01    0.5409  0 06 x 01    0.5402  0 05 x 01
0.8081  0 01 x 01    0.8054  0 01 x 01    0.5415  0 01 x 01    0.5416  0 01 x 01
0.8099  0 04 x 01    0.8084  0 07 x 01    0.5438  0 04 x 01    0.5443  0 04 x 01
0.8105  0 07 x 01    0.8084  0 04 x 01    0.5460  0 07 x 01    0.5462  0 07 x 01
0.8145  0 30 x 01    0.8146  0 30 x 01    0.5486  0 30 x 01    0.5487  0 30 x 01
0.8176  0 29 x 01    0.8168  0 29 x 01    0.5508  0 29 x 01    0.5508  0 29 x 01
0.8186  0 31 x 01    0.8191  0 31 x 01    0.5510  0 31 x 01    0.5511  0 31 x 01
0.8250  0 32 x 01    0.8215  0 32 x 01    0.5560  0 28 x 01    0.5553  0 32 x 01
0.8252  0 28 x 01    0.8228  0 00 x 01    0.5599  0 32 x 01    0.5566  0 28 x 01
0.8337  0 00 x 01    0.8243  0 28 x 01    0.5608  1 08 x 02    0.5593  1 08 x 02
0.8477  1 08 x 02    0.8246  1 08 x 02    0.5611  0 00 x 01    0.5642  0 00 x 01
0.8547  0 27 x 01    0.8543  0 27 x 01    0.5740  0 27 x 01    0.5736  0 27 x 01
0.8763  5 08 x 01    0.8747  5 08 x 01    0.5870  0 02 x 01    0.5874  0 02 x 01
0.8820  0 02 x 01    0.8796  0 02 x 01    0.5881  0 03 x 01    0.5880  0 03 x 01
0.8849  0 03 x 01    0.8837  0 03 x 01    0.5956  5 08 x 01    0.5964  5 08 x 01
0.9174  6 08 x 01    0.9160  6 08 x 01    0.6082  4 08 x 01    0.6099  4 08 x 01
0.9205  4 08 x 01    0.9199  4 08 x 01    0.6264  6 08 x 01    0.6264  6 08 x 01
0.9606  3 08 x 01    0.9578  3 08 x 01    0.6341  3 08 x 01    0.6358  3 08 x 01
0.9723  7 08 x 01    0.9704  7 08 x 01    0.6904  7 08 x 01    0.6903  7 08 x 01
1.0816  2 08 x 01    1.0791  2 08 x 01    0.7194  2 08 x 01    0.7191  2 08 x 01
1.4856  1 08 x 01    1.4825  1 08 x 01    1.0042  1 08 x 01    1.0038  1 08 x 01
---Benchmark Program Finished---
