
./testbench.sh clang++ O3 MontgomeryFull __uint128_t 191 8 40 -DTEST_ARRAY

compilation finished, now executing:
---Running Program---

begin benchmarks - array two_pow
(ignore)332163741205411267698489818326060553048

OVERALL BEST:
1.3195  0 32 t 05
1.3196  0 32 x 05
1.3200  0 31 x 05
1.3221  0 32 x 10
1.3244  0 32 t 10
1.3244  0 31 x 10
1.3258  0 32 t 06
1.3259  0 32 x 06
1.3263  0 31 x 06
1.3263  0 31 x 07
1.3264  0 32 x 07
1.3267  0 32 t 07
1.3279  0 32 t 08
1.3283  0 32 x 08
1.3284  0 31 x 08
1.3286  0 32 t 12
1.3289  0 32 x 12
1.3290  0 31 x 12
1.3301  0 29 x 04
1.3321  0 32 x 04
1.3321  0 31 x 04
1.3322  0 32 t 04
1.3327  0 30 x 06
1.3327  0 29 x 10
1.3327  0 30 x 05
1.3335  0 29 x 12
1.3335  0 29 x 08
1.3339  0 29 x 06
1.3343  0 29 x 07
1.3348  0 30 x 08
1.3352  0 30 x 07
1.3367  0 30 x 04
1.3376  0 29 x 05
1.3381  0 30 x 10
1.3405  0 30 x 12
1.3441  0 28 x 10
1.3450  0 28 x 07
1.3451  0 28 x 08
1.3453  0 28 x 05
1.3454  0 28 x 12
1.3471  0 28 x 06
1.3499  0 28 x 04
1.3557  0 27 x 04
1.3629  0 27 x 06
1.3647  0 27 x 10
1.3663  0 27 x 07
1.3671  0 27 x 12
1.3675  0 27 x 08
1.3680  0 27 x 05
1.3944  0 31 t 05
1.3960  0 31 t 10
1.3963  0 31 t 06
1.3963  0 31 t 08
1.3975  0 31 t 07
1.4001  0 31 t 12
1.4028  0 29 t 08
1.4033  0 29 t 10
1.4040  0 29 t 07
1.4040  0 30 t 06
1.4059  0 29 t 06
1.4070  0 30 t 04
1.4071  0 29 t 05
1.4071  0 30 t 05
1.4084  0 29 t 12
1.4097  0 28 t 06
1.4097  0 31 t 04
1.4103  0 30 t 07
1.4112  0 30 t 08
1.4134  0 28 t 05
1.4162  0 28 t 07
1.4162  0 29 t 04
1.4172  0 30 t 10
1.4185  0 28 t 10
1.4204  0 28 t 08
1.4217  0 28 t 04
1.4228  0 30 t 12
1.4279  0 28 t 12
1.4325  0 27 t 06
1.4336  0 06 x 08
1.4347  0 05 x 08
1.4354  0 27 t 05
1.4359  0 31 t 03
1.4359  0 27 t 10
1.4363  0 27 t 07
1.4371  0 27 t 08
1.4396  0 06 x 10
1.4409  0 31 x 03
1.4412  0 05 x 10
1.4416  0 27 t 12
1.4418  0 05 x 12
1.4421  0 06 x 12
1.4444  0 05 x 06
1.4444  0 32 t 03
1.4453  0 27 t 04
1.4460  0 30 x 03
1.4464  0 06 x 06
1.4476  0 06 x 07
1.4490  0 32 x 03
1.4507  0 05 x 04
1.4509  0 05 x 07
1.4514  0 06 x 05
1.4518  0 29 t 03
1.4520  0 04 x 08
1.4523  0 30 t 03
1.4538  0 06 x 04
1.4545  0 05 x 05
1.4552  0 29 x 03
1.4557  0 28 t 03
1.4570  0 28 x 03
1.4580  0 04 x 10
1.4584  0 01 x 07
1.4587  0 01 x 10
1.4594  0 04 x 12
1.4605  0 01 x 06
1.4606  0 01 x 05
1.4608  0 01 x 12
1.4613  0 01 x 08
1.4642  0 01 x 04
1.4691  0 04 x 07
1.4696  0 04 x 06
1.4715  0 04 x 04
1.4739  0 27 x 03
1.4769  0 27 t 03
1.4771  0 04 x 05
1.4905  0 07 x 08
1.4950  0 00 x 05
1.4960  0 00 x 04
1.4978  0 00 x 12
1.4978  0 00 x 10
1.4991  0 00 x 06
1.5003  0 00 x 08
1.5006  0 06 t 08
1.5019  0 07 x 06
1.5022  0 07 x 07
1.5038  0 00 x 07
1.5044  0 07 x 10
1.5052  0 05 t 08
1.5063  0 07 x 12
1.5078  0 07 x 05
1.5095  0 07 x 04
1.5099  0 06 t 10
1.5143  0 05 t 12
1.5147  0 06 t 12
1.5155  0 06 t 07
1.5173  0 05 t 10
1.5196  0 06 t 06
1.5204  0 05 t 07
1.5251  0 05 t 06
1.5259  0 06 t 05
1.5262  0 04 t 08
1.5316  0 06 t 04
1.5319  0 05 t 05
1.5336  5 08 x 08
1.5348  0 01 t 08
1.5349  0 04 t 10
1.5356  0 04 t 12
1.5357  0 05 t 04
1.5374  0 01 t 10
1.5379  0 01 t 06
1.5397  0 01 t 12
1.5425  0 04 t 07
1.5458  5 08 x 10
1.5475  5 08 x 12
1.5484  0 01 t 04
1.5526  0 04 t 06
1.5544  5 08 x 07
1.5547  0 04 t 05
1.5577  0 07 t 08
1.5605  0 04 t 04
1.5611  5 08 x 04
1.5638  6 08 x 08
1.5673  5 08 x 05
1.5678  4 08 x 08
1.5696  0 07 t 07
1.5738  0 01 t 07
1.5745  0 00 t 12
1.5748  6 08 x 10
1.5751  0 06 t 03
1.5753  0 07 t 06
1.5770  0 07 t 10
1.5775  0 07 t 12
1.5788  6 08 x 12
1.5800  0 01 t 05
1.5802  0 07 t 05
1.5807  0 00 t 05
1.5824  0 00 t 06
1.5829  4 08 x 12
1.5829  4 08 x 10
1.5843  0 05 x 03
1.5848  0 05 t 03
1.5849  0 00 t 07
1.5851  0 01 t 03
1.5853  0 06 x 03
1.5855  6 08 x 07
1.5857  0 07 t 04
1.5859  5 08 x 06
1.5926  5 08 t 08
1.5934  0 00 t 08
1.5935  4 08 x 07
1.5935  0 03 x 08
1.5947  0 03 x 10
1.5959  0 00 t 10
1.5960  0 00 t 04
1.5960  0 03 x 07
1.5983  0 03 x 12
1.5985  4 08 x 04
1.5986  6 08 x 05
1.5991  0 01 x 03
1.6001  0 03 x 06
1.6014  6 08 x 04
1.6015  0 03 x 05
1.6027  0 03 x 04
1.6029  0 04 t 03
1.6071  0 04 x 03
1.6095  4 08 x 05
1.6107  5 08 t 04
1.6195  0 00 t 03
1.6196  5 08 t 06
1.6201  6 08 x 06
1.6205  5 08 t 07
1.6240  5 08 t 10
1.6242  6 08 t 08
1.6242  0 00 x 03
1.6247  5 08 t 05
1.6249  4 08 t 08
1.6268  0 07 t 03
1.6275  5 08 t 12
1.6294  0 03 x 03
1.6298  4 08 x 06
1.6332  0 07 x 03
1.6445  4 08 t 04
1.6510  6 08 t 04
1.6517  6 08 t 10
1.6519  6 08 t 06
1.6521  6 08 t 07
1.6549  6 08 t 05
1.6570  6 08 t 12
1.6584  4 08 t 06
1.6593  4 08 t 07
1.6616  4 08 t 05
1.6628  4 08 t 10
1.6639  4 08 t 12
1.6715  3 08 x 08
1.6902  3 08 x 12
1.6926  3 08 x 10
1.6939  5 08 x 03
1.6955  5 08 t 03
1.7007  3 08 x 04
1.7008  3 08 t 04
1.7039  3 08 x 07
1.7261  3 08 t 08
1.7275  3 08 x 05
1.7292  4 08 x 03
1.7310  6 08 t 03
1.7347  6 08 x 03
1.7374  4 08 t 03
1.7383  7 08 x 05
1.7481  7 08 x 04
1.7692  3 08 t 06
1.7715  3 08 t 10
1.7732  3 08 t 12
1.7743  3 08 t 05
1.7748  3 08 x 06
1.7771  3 08 t 07
1.7957  7 08 t 05
1.8031  7 08 t 04
1.8389  3 08 t 03
1.8434  3 08 x 03
1.8478  0 31 t 02
1.8496  0 29 t 02
1.8532  0 28 t 02
1.8576  0 30 t 02
1.8746  0 27 t 02
1.8829  0 05 t 02
1.8842  0 06 t 02
1.8854  7 08 t 03
1.8919  0 01 t 02
1.8930  7 08 x 03
1.8983  2 08 x 04
1.9015  0 04 t 02
1.9108  0 00 t 02
1.9330  0 07 t 02
1.9393  2 08 t 04
1.9602  0 29 x 02
1.9650  0 31 x 02
1.9658  0 32 x 02
1.9662  0 28 x 02
1.9666  0 32 t 02
1.9673  0 30 x 02
1.9753  2 08 t 05
1.9932  2 08 x 05
2.0002  0 27 x 02
2.0072  0 05 x 02
2.0084  0 06 x 02
2.0132  0 01 x 02
2.0162  0 04 x 02
2.0350  0 00 x 02
2.0411  0 03 x 02
2.0506  0 02 x 02
2.0508  5 08 t 02
2.0539  0 07 x 02
2.0917  2 08 x 03
2.1073  4 08 t 02
2.1097  2 08 t 03
2.1106  0 02 x 03
2.1134  6 08 t 02
2.1352  0 02 x 04
2.1470  0 02 x 05
2.1541  0 02 x 06
2.1596  0 02 x 07
2.1624  0 02 x 08
2.1653  0 02 x 10
2.1737  5 08 x 02
2.1779  0 02 x 12
2.2105  4 08 x 02
2.2432  6 08 x 02
2.2436  3 08 t 02
2.3031  7 08 t 02
2.3383  3 08 x 02
2.4236  7 08 x 02
2.5602  2 08 t 02
2.6187  2 08 x 02
2.6370  1 08 x 04
2.6382  1 08 t 04
2.7222  1 08 t 05
2.7302  1 08 x 05
2.9196  1 08 t 03
2.9198  1 08 x 03
3.1889  0 06 t 01
3.2063  0 01 t 01
3.2065  0 07 t 01
3.2085  0 05 t 01
3.2310  0 04 t 01
3.2588  0 00 t 01
3.2777  0 29 t 01
3.2798  0 31 t 01
3.2812  0 28 t 01
3.2946  0 30 t 01
3.3670  0 27 t 01
3.4431  0 07 x 01
3.4467  0 06 x 01
3.4738  0 01 x 01
3.4973  1 08 x 02
3.4975  1 08 t 02
3.5169  0 04 x 01
3.5214  0 05 x 01
3.5444  0 00 x 01
3.6129  0 29 x 01
3.6190  0 28 x 01
3.6221  0 30 x 01
3.6307  6 08 t 01
3.6356  0 27 x 01
3.6507  5 08 t 01
3.6521  0 31 x 01
3.6596  0 32 x 01
3.6663  0 32 t 01
3.7366  0 02 x 01
3.7408  4 08 t 01
3.8145  0 03 x 01
3.8687  5 08 x 01
3.8971  7 08 t 01
3.9288  4 08 x 01
3.9392  6 08 x 01
4.0151  3 08 t 01
4.1739  7 08 x 01
4.2024  3 08 x 01
4.7024  2 08 t 01
4.7362  2 08 x 01
6.3809  1 08 t 01
6.3839  1 08 x 01
Timings By Test Type:
0.3936  0 32 t 05    0.3890  0 29 x 04    0.2660  0 31 x 05    0.2649  0 32 x 10
0.3937  0 32 x 05    0.3936  0 32 t 05    0.2661  0 32 x 05    0.2660  0 32 x 05
0.3940  0 31 x 05    0.3938  0 32 x 05    0.2661  0 32 t 05    0.2661  0 31 x 05
0.3949  0 31 x 10    0.3938  0 31 x 05    0.2673  0 32 t 10    0.2661  0 32 t 05
0.3950  0 32 x 10    0.3948  0 31 x 10    0.2673  0 32 x 10    0.2672  0 32 t 10
0.3950  0 32 t 10    0.3949  0 32 t 10    0.2673  0 31 x 10    0.2673  0 31 x 10
0.3954  0 32 x 07    0.3950  0 32 x 10    0.2674  0 32 x 06    0.2674  0 32 t 06
0.3955  0 31 x 06    0.3954  0 32 t 06    0.2675  0 32 t 06    0.2675  0 32 x 06
0.3955  0 32 x 06    0.3954  0 31 x 07    0.2676  0 31 x 06    0.2676  0 31 x 06
0.3955  0 31 x 07    0.3955  0 32 x 07    0.2677  0 31 x 07    0.2677  0 32 x 07
0.3955  0 32 t 06    0.3956  0 32 x 06    0.2678  0 32 t 07    0.2677  0 32 t 07
0.3956  0 32 t 07    0.3956  0 32 t 07    0.2678  0 32 x 07    0.2677  0 31 x 07
0.3957  0 32 t 08    0.3956  0 31 x 06    0.2680  0 32 t 12    0.2680  0 32 t 12
0.3960  0 31 x 08    0.3959  0 32 x 08    0.2681  0 31 x 12    0.2680  0 32 t 08
0.3961  0 32 x 08    0.3959  0 31 x 08    0.2681  0 32 x 12    0.2681  0 32 x 12
0.3962  0 30 x 06    0.3961  0 32 t 08    0.2681  0 32 t 08    0.2681  0 31 x 12
0.3963  0 32 t 12    0.3964  0 32 t 12    0.2681  0 32 x 08    0.2682  0 31 x 08
0.3963  0 32 x 12    0.3964  0 32 x 12    0.2682  0 31 x 08    0.2682  0 32 x 08
0.3964  0 30 x 05    0.3964  0 30 x 06    0.2689  0 32 x 04    0.2689  0 31 x 04
0.3964  0 31 x 12    0.3964  0 31 x 12    0.2689  0 31 x 04    0.2689  0 32 x 04
0.3969  0 30 x 08    0.3964  0 30 x 05    0.2689  0 29 x 10    0.2689  0 29 x 10
0.3971  0 32 x 04    0.3969  0 30 x 08    0.2689  0 32 t 04    0.2689  0 32 t 04
0.3972  0 31 x 04    0.3971  0 31 x 04    0.2691  0 29 x 12    0.2690  0 29 x 12
0.3972  0 32 t 04    0.3971  0 32 t 04    0.2691  0 29 x 06    0.2692  0 29 x 06
0.3973  0 30 x 07    0.3972  0 30 x 07    0.2692  0 29 x 08    0.2692  0 29 x 08
0.3974  0 29 x 10    0.3972  0 32 x 04    0.2693  0 29 x 07    0.2695  0 29 x 07
0.3976  0 29 x 08    0.3975  0 29 x 10    0.2699  0 30 x 05    0.2699  0 29 x 05
0.3976  0 30 x 04    0.3975  0 29 x 08    0.2700  0 29 x 05    0.2700  0 30 x 05
0.3977  0 29 x 07    0.3976  0 30 x 04    0.2701  0 30 x 06    0.2701  0 30 x 06
0.3977  0 29 x 12    0.3976  0 29 x 12    0.2702  0 30 x 07    0.2705  0 30 x 08
0.3978  0 29 x 06    0.3978  0 29 x 06    0.2705  0 30 x 08    0.2705  0 30 x 07
0.3979  0 30 x 10    0.3979  0 29 x 07    0.2707  0 29 x 04    0.2706  0 29 x 04
0.3988  0 29 x 05    0.3982  0 30 x 10    0.2708  0 30 x 04    0.2708  0 30 x 04
0.3989  0 30 x 12    0.3989  0 30 x 12    0.2711  0 30 x 10    0.2710  0 30 x 10
0.3998  0 29 x 04    0.3989  0 29 x 05    0.2714  0 30 x 12    0.2714  0 30 x 12
0.4000  0 28 x 10    0.3998  0 28 x 07    0.2721  0 28 x 10    0.2721  0 28 x 10
0.4000  0 28 x 08    0.3999  0 28 x 10    0.2724  0 28 x 12    0.2724  0 28 x 12
0.4001  0 28 x 07    0.3999  0 27 x 04    0.2726  0 28 x 07    0.2724  0 28 x 05
0.4003  0 28 x 05    0.4000  0 28 x 08    0.2726  0 28 x 05    0.2725  0 28 x 08
0.4004  0 28 x 12    0.4000  0 28 x 05    0.2726  0 28 x 08    0.2725  0 28 x 07
0.4007  0 28 x 06    0.4003  0 28 x 12    0.2727  0 28 x 06    0.2727  0 28 x 06
0.4009  0 27 x 04    0.4010  0 28 x 06    0.2733  0 28 x 04    0.2734  0 28 x 04
0.4015  0 28 x 04    0.4016  0 28 x 04    0.2749  0 27 x 06    0.2748  0 27 x 06
0.4066  0 27 x 06    0.4066  0 27 x 06    0.2751  0 27 x 10    0.2752  0 27 x 10
0.4072  0 27 x 10    0.4072  0 27 x 10    0.2754  0 27 x 07    0.2755  0 27 x 07
0.4077  0 27 x 07    0.4076  0 27 x 07    0.2757  0 27 x 12    0.2756  0 27 x 12
0.4079  0 27 x 12    0.4077  0 27 x 05    0.2758  0 27 x 08    0.2758  0 27 x 08
0.4080  0 27 x 08    0.4078  0 27 x 08    0.2759  0 27 x 05    0.2760  0 27 x 05
0.4083  0 27 x 05    0.4079  0 27 x 12    0.2775  0 27 x 04    0.2774  0 27 x 04
0.4157  0 31 t 05    0.4156  0 31 t 05    0.2815  0 31 t 10    0.2815  0 31 t 05
0.4165  0 31 t 08    0.4164  0 31 t 06    0.2816  0 31 t 05    0.2816  0 31 t 10
0.4165  0 31 t 06    0.4164  0 31 t 10    0.2817  0 31 t 06    0.2817  0 31 t 08
0.4165  0 31 t 10    0.4164  0 31 t 08    0.2817  0 31 t 08    0.2817  0 31 t 06
0.4168  0 31 t 07    0.4166  0 31 t 07    0.2821  0 31 t 07    0.2820  0 31 t 07
0.4177  0 31 t 12    0.4177  0 30 t 06    0.2823  0 31 t 12    0.2823  0 31 t 12
0.4179  0 30 t 06    0.4178  0 31 t 12    0.2829  0 29 t 10    0.2829  0 29 t 10
0.4183  0 29 t 08    0.4184  0 29 t 08    0.2830  0 29 t 08    0.2831  0 29 t 08
0.4184  0 30 t 04    0.4186  0 30 t 05    0.2833  0 29 t 07    0.2833  0 29 t 07
0.4185  0 30 t 05    0.4186  0 29 t 07    0.2836  0 29 t 06    0.2836  0 29 t 06
0.4188  0 29 t 07    0.4187  0 29 t 10    0.2839  0 29 t 12    0.2839  0 29 t 12
0.4189  0 29 t 10    0.4188  0 30 t 04    0.2840  0 29 t 05    0.2841  0 29 t 05
0.4194  0 29 t 06    0.4192  0 29 t 06    0.2842  0 30 t 06    0.2842  0 30 t 06
0.4196  0 30 t 07    0.4192  0 29 t 05    0.2846  0 31 t 04    0.2845  0 31 t 04
0.4197  0 29 t 05    0.4195  0 30 t 07    0.2849  0 30 t 04    0.2845  0 28 t 06
0.4198  0 28 t 06    0.4197  0 28 t 06    0.2851  0 30 t 05    0.2849  0 30 t 04
0.4199  0 30 t 08    0.4201  0 30 t 08    0.2856  0 30 t 07    0.2849  0 32 t 03
0.4203  0 29 t 12    0.4202  0 31 t 04    0.2856  0 30 t 08    0.2849  0 30 t 05
0.4204  0 31 t 04    0.4203  0 29 t 12    0.2857  0 28 t 06    0.2855  0 30 t 07
0.4205  0 28 t 05    0.4204  0 28 t 05    0.2859  0 29 t 04    0.2856  0 30 t 08
0.4216  0 28 t 07    0.4216  0 28 t 07    0.2863  0 28 t 05    0.2859  0 29 t 04
0.4221  0 30 t 10    0.4220  0 30 t 10    0.2865  0 28 t 07    0.2862  0 28 t 05
0.4222  0 29 t 04    0.4222  0 29 t 04    0.2866  0 30 t 10    0.2865  0 28 t 07
0.4224  0 28 t 10    0.4223  0 31 t 03    0.2869  0 28 t 10    0.2866  0 30 t 10
0.4226  0 28 t 08    0.4224  0 28 t 10    0.2875  0 28 t 08    0.2869  0 28 t 10
0.4229  0 28 t 04    0.4226  0 28 t 08    0.2877  0 30 t 12    0.2876  0 28 t 08
0.4236  0 30 t 12    0.4230  0 28 t 04    0.2879  0 28 t 04    0.2877  0 30 t 12
0.4251  0 28 t 12    0.4238  0 30 t 12    0.2881  0 05 x 08    0.2879  0 28 t 04
0.4257  0 06 x 08    0.4253  0 28 t 12    0.2888  0 28 t 12    0.2881  0 05 x 08
0.4275  0 27 t 06    0.4256  0 06 x 08    0.2888  0 27 t 06    0.2887  0 28 t 12
0.4276  0 06 x 10    0.4272  0 29 t 03    0.2892  0 05 x 10    0.2888  0 27 t 06
0.4283  0 27 t 05    0.4274  0 27 t 06    0.2894  0 27 t 10    0.2893  0 05 x 10
0.4284  0 06 x 12    0.4276  0 32 x 03    0.2895  0 05 x 12    0.2893  0 27 t 10
0.4284  0 30 x 03    0.4276  0 32 t 03    0.2895  0 27 t 05    0.2894  0 05 x 12
0.4284  0 31 x 03    0.4277  0 31 x 03    0.2897  0 27 t 07    0.2895  0 32 x 03
0.4286  0 27 t 07    0.4278  0 06 x 10    0.2897  0 31 t 03    0.2896  0 27 t 05
0.4286  0 27 t 10    0.4281  0 27 t 05    0.2898  0 27 t 08    0.2896  0 27 t 07
0.4288  0 27 t 08    0.4283  0 06 x 12    0.2904  0 27 t 12    0.2897  0 31 t 03
0.4294  0 05 x 08    0.4284  0 27 t 07    0.2910  0 05 x 06    0.2898  0 27 t 08
0.4296  0 06 x 06    0.4284  0 28 t 03    0.2911  0 05 x 07    0.2905  0 27 t 12
0.4298  0 06 x 07    0.4286  0 27 t 10    0.2911  0 06 x 08    0.2910  0 05 x 06
0.4303  0 27 t 12    0.4288  0 27 t 08    0.2912  0 30 t 03    0.2912  0 06 x 08
0.4310  0 06 x 05    0.4288  0 05 x 06    0.2915  0 27 t 04    0.2912  0 05 x 07
0.4312  0 27 t 04    0.4292  0 05 x 08    0.2919  0 05 x 05    0.2912  0 30 t 03
0.4315  0 05 x 10    0.4293  0 30 x 03    0.2920  0 05 x 04    0.2915  0 27 t 04
0.4315  0 05 x 12    0.4296  0 06 x 06    0.2921  0 06 x 10    0.2919  0 05 x 05
0.4322  0 06 x 04    0.4299  0 06 x 07    0.2924  0 31 x 03    0.2920  0 05 x 04
0.4324  0 29 x 03    0.4304  0 27 t 12    0.2924  0 32 t 03    0.2921  0 06 x 10
0.4333  0 28 x 03    0.4309  0 28 x 03    0.2924  0 32 x 03    0.2924  0 31 x 03
0.4334  0 04 x 08    0.4312  0 06 x 05    0.2926  0 04 x 08    0.2925  0 04 x 08
0.4334  0 05 x 04    0.4312  0 27 t 04    0.2927  0 06 x 12    0.2927  0 06 x 12
0.4336  0 05 x 06    0.4313  0 05 x 10    0.2930  0 29 t 03    0.2929  0 29 t 03
0.4341  0 31 t 03    0.4314  0 05 x 12    0.2932  0 01 x 10    0.2933  0 01 x 10
0.4344  0 05 x 07    0.4322  0 06 x 04    0.2935  0 04 x 10    0.2936  0 04 x 10
0.4349  0 30 t 03    0.4324  0 29 x 03    0.2936  0 06 x 06    0.2936  0 06 x 06
0.4352  0 05 x 05    0.4333  0 05 x 04    0.2937  0 04 x 12    0.2937  0 01 x 07
0.4354  0 04 x 10    0.4335  0 04 x 08    0.2938  0 01 x 07    0.2937  0 04 x 12
0.4355  0 01 x 07    0.4343  0 05 x 07    0.2938  0 01 x 06    0.2937  0 01 x 06
0.4360  0 04 x 12    0.4350  0 30 t 03    0.2939  0 06 x 07    0.2940  0 06 x 07
0.4362  0 01 x 10    0.4354  0 05 x 05    0.2940  0 28 t 03    0.2940  0 01 x 05
0.4363  0 01 x 12    0.4354  0 01 x 07    0.2940  0 01 x 12    0.2940  0 28 t 03
0.4363  0 01 x 06    0.4356  0 04 x 10    0.2940  0 30 x 03    0.2941  0 01 x 12
0.4363  0 01 x 05    0.4360  0 04 x 12    0.2941  0 01 x 05    0.2942  0 01 x 04
0.4364  0 01 x 08    0.4361  0 01 x 10    0.2944  0 01 x 08    0.2943  0 30 x 03
0.4376  0 27 t 03    0.4362  0 01 x 05    0.2944  0 01 x 04    0.2943  0 01 x 08
0.4377  0 01 x 04    0.4362  0 01 x 08    0.2946  0 06 x 04    0.2946  0 06 x 05
0.4384  0 04 x 07    0.4364  0 27 t 03    0.2946  0 06 x 05    0.2947  0 06 x 04
0.4387  0 29 t 03    0.4364  0 01 x 12    0.2952  0 29 x 03    0.2951  0 29 x 03
0.4388  0 04 x 06    0.4366  0 01 x 06    0.2958  0 04 x 06    0.2960  0 04 x 06
0.4393  0 28 t 03    0.4379  0 01 x 04    0.2961  0 04 x 07    0.2962  0 04 x 07
0.4396  0 32 x 03    0.4384  0 04 x 07    0.2961  0 04 x 04    0.2963  0 04 x 04
0.4396  0 32 t 03    0.4390  0 04 x 06    0.2963  0 27 x 03    0.2964  0 28 x 03
0.4396  0 04 x 04    0.4395  0 04 x 04    0.2965  0 28 x 03    0.2966  0 27 x 03
0.4396  0 07 x 08    0.4397  0 07 x 08    0.2974  0 04 x 05    0.2975  0 04 x 05
0.4406  0 27 x 03    0.4404  0 27 x 03    0.3008  0 00 x 04    0.3008  0 00 x 05
0.4410  0 04 x 05    0.4412  0 04 x 05    0.3009  0 00 x 05    0.3009  0 00 x 04
0.4429  0 07 x 06    0.4432  0 07 x 06    0.3013  0 00 x 12    0.3013  0 00 x 12
0.4430  0 07 x 07    0.4432  0 07 x 07    0.3014  0 00 x 10    0.3014  0 00 x 10
0.4435  0 07 x 10    0.4435  0 07 x 10    0.3015  0 27 t 03    0.3014  0 27 t 03
0.4441  0 07 x 12    0.4440  0 07 x 12    0.3017  0 05 t 08    0.3016  0 00 x 06
0.4453  0 07 x 05    0.4451  0 07 x 05    0.3018  0 00 x 06    0.3017  0 05 t 08
0.4457  0 07 x 04    0.4457  0 07 x 04    0.3020  0 00 x 08    0.3020  0 00 x 08
0.4462  0 06 t 08    0.4461  0 06 t 08    0.3029  0 00 x 07    0.3028  0 00 x 07
0.4467  0 00 x 05    0.4466  0 00 x 05    0.3034  0 05 t 12    0.3034  0 05 t 12
0.4472  0 00 x 04    0.4471  0 00 x 04    0.3041  0 06 t 08    0.3042  0 06 t 08
0.4475  0 00 x 10    0.4475  0 00 x 10    0.3042  0 05 t 10    0.3042  0 05 t 10
0.4477  0 00 x 12    0.4475  0 00 x 12    0.3048  0 05 t 07    0.3048  0 05 t 07
0.4478  0 00 x 06    0.4478  0 00 x 06    0.3057  0 07 x 08    0.3055  0 07 x 08
0.4481  0 00 x 08    0.4482  0 00 x 08    0.3058  0 05 t 06    0.3057  0 05 t 06
0.4488  0 06 t 10    0.4490  0 06 t 10    0.3060  0 06 t 10    0.3061  0 06 t 10
0.4489  0 00 x 07    0.4492  0 00 x 07    0.3071  0 06 t 07    0.3071  0 06 t 07
0.4502  0 06 t 12    0.4502  0 06 t 12    0.3072  0 04 t 08    0.3071  0 06 t 12
0.4506  0 06 t 07    0.4507  0 06 t 07    0.3072  0 06 t 12    0.3072  0 05 t 05
0.4509  0 05 t 08    0.4509  0 05 t 08    0.3073  0 05 t 05    0.3073  0 04 t 08
0.4520  0 06 t 06    0.4520  0 06 t 06    0.3077  0 07 x 06    0.3078  0 06 t 06
0.4537  0 05 t 12    0.4538  0 06 t 05    0.3078  0 06 t 06    0.3080  0 07 x 06
0.4537  5 08 x 08    0.4538  5 08 x 08    0.3080  0 07 x 07    0.3081  0 07 x 07
0.4538  0 06 t 05    0.4538  0 05 t 12    0.3084  0 05 t 04    0.3084  0 05 t 04
0.4544  0 05 t 10    0.4544  0 05 t 10    0.3088  0 07 x 05    0.3086  0 07 x 05
0.4554  0 05 t 07    0.4554  0 05 t 07    0.3088  0 07 x 10    0.3087  0 07 x 10
0.4555  0 06 t 04    0.4555  0 06 t 04    0.3089  0 04 t 10    0.3089  0 04 t 10
0.4559  0 04 t 08    0.4558  0 04 t 08    0.3090  0 01 t 08    0.3090  0 01 t 08
0.4568  0 05 t 06    0.4568  0 05 t 06    0.3090  0 07 x 04    0.3091  0 07 x 04
0.4574  5 08 x 10    0.4573  5 08 x 10    0.3091  0 04 t 12    0.3091  0 07 x 12
0.4576  5 08 x 12    0.4577  5 08 x 12    0.3091  0 07 x 12    0.3092  0 06 t 05
0.4584  0 01 t 08    0.4584  0 01 t 08    0.3092  0 06 t 05    0.3092  0 04 t 12
0.4586  0 04 t 10    0.4585  0 04 t 10    0.3094  0 01 t 06    0.3095  0 01 t 06
0.4587  0 05 t 05    0.4586  0 04 t 12    0.3096  0 01 t 10    0.3095  0 01 t 10
0.4587  0 04 t 12    0.4587  0 05 t 05    0.3098  0 01 t 12    0.3099  0 01 t 12
0.4591  6 08 x 08    0.4591  6 08 x 08    0.3103  0 04 t 07    0.3103  0 06 t 04
0.4591  0 01 t 10    0.4591  0 01 t 10    0.3104  0 06 t 04    0.3106  0 04 t 07
0.4595  0 05 t 04    0.4595  0 05 t 04    0.3116  0 01 t 04    0.3117  0 01 t 04
0.4595  0 01 t 06    0.4596  0 01 t 06    0.3124  0 04 t 06    0.3124  0 04 t 06
0.4599  0 07 t 08    0.4598  0 07 t 08    0.3131  5 08 x 08    0.3130  5 08 x 08
0.4601  0 01 t 12    0.4599  0 01 t 12    0.3138  0 04 t 05    0.3136  0 04 t 05
0.4601  5 08 x 07    0.4600  5 08 x 07    0.3142  0 04 t 04    0.3142  0 04 t 04
0.4607  0 04 t 07    0.4608  0 04 t 07    0.3156  5 08 x 10    0.3155  5 08 x 10
0.4621  6 08 x 10    0.4622  6 08 x 10    0.3161  5 08 x 12    0.3161  5 08 x 12
0.4627  0 01 t 04    0.4625  0 01 t 04    0.3166  0 01 t 07    0.3166  0 01 t 07
0.4628  5 08 x 04    0.4628  5 08 x 04    0.3167  0 00 t 12    0.3167  0 00 t 12
0.4630  6 08 x 12    0.4631  0 04 t 05    0.3171  5 08 x 07    0.3172  5 08 x 07
0.4634  0 07 t 07    0.4632  6 08 x 12    0.3177  4 08 x 08    0.3177  5 08 x 04
0.4639  0 04 t 06    0.4635  0 07 t 07    0.3177  5 08 x 04    0.3178  4 08 x 08
0.4641  5 08 x 05    0.4639  0 04 t 06    0.3180  0 01 t 05    0.3179  0 01 t 05
0.4642  0 04 t 05    0.4641  5 08 x 05    0.3185  0 00 t 06    0.3184  0 03 x 08
0.4650  0 07 t 10    0.4650  0 07 t 10    0.3186  0 00 t 05    0.3184  0 00 t 06
0.4651  6 08 x 07    0.4650  6 08 x 07    0.3187  0 05 x 03    0.3185  0 00 t 05
0.4652  0 07 t 06    0.4652  0 07 t 06    0.3190  0 00 t 07    0.3187  0 05 x 03
0.4652  0 07 t 12    0.4652  0 07 t 12    0.3190  0 07 t 08    0.3190  0 07 t 08
0.4660  0 04 t 04    0.4661  0 04 t 04    0.3193  0 05 t 03    0.3190  0 00 t 07
0.4661  4 08 x 08    0.4662  4 08 x 08    0.3194  0 01 t 03    0.3192  0 05 t 03
0.4667  0 07 t 05    0.4665  0 07 t 05    0.3196  5 08 x 05    0.3193  0 01 t 03
0.4676  0 06 t 03    0.4677  0 06 t 03    0.3199  0 06 t 03    0.3195  5 08 x 05
0.4683  0 07 t 04    0.4684  0 07 t 04    0.3205  4 08 x 10    0.3199  0 06 t 03
0.4691  6 08 x 05    0.4690  6 08 x 05    0.3205  0 00 t 08    0.3205  4 08 x 10
0.4694  5 08 x 06    0.4697  5 08 x 06    0.3209  4 08 x 12    0.3206  0 00 t 08
0.4695  6 08 x 04    0.4699  6 08 x 04    0.3209  0 06 x 03    0.3207  0 03 x 03
0.4704  0 01 t 07    0.4702  0 01 t 07    0.3209  0 03 x 10    0.3208  0 03 x 10
0.4705  0 00 t 12    0.4706  4 08 x 12    0.3210  0 03 x 07    0.3209  4 08 x 12
0.4705  4 08 x 12    0.4707  0 00 t 12    0.3211  0 03 x 08    0.3210  0 06 x 03
0.4710  4 08 x 10    0.4708  4 08 x 10    0.3212  0 00 t 10    0.3211  0 00 t 10
0.4712  5 08 t 08    0.4712  5 08 t 08    0.3213  0 00 t 04    0.3211  0 03 x 07
0.4716  0 06 x 03    0.4713  0 00 t 05    0.3213  0 07 t 07    0.3212  0 00 t 04
0.4721  0 01 t 05    0.4718  0 06 x 03    0.3215  0 01 x 03    0.3213  0 01 x 03
0.4724  0 00 t 05    0.4720  0 01 t 05    0.3216  0 03 x 12    0.3214  0 07 t 07
0.4727  0 00 t 06    0.4728  0 00 t 06    0.3217  0 03 x 06    0.3216  0 03 x 12
0.4731  0 05 t 03    0.4732  0 05 t 03    0.3219  0 03 x 05    0.3217  0 03 x 06
0.4731  0 01 t 03    0.4732  0 01 t 03    0.3221  0 03 x 04    0.3219  0 03 x 05
0.4734  0 05 x 03    0.4735  0 05 x 03    0.3224  0 07 t 06    0.3221  0 03 x 04
0.4734  0 00 t 07    0.4735  0 00 t 07    0.3229  0 04 t 03    0.3225  0 07 t 06
0.4738  4 08 x 07    0.4738  4 08 x 07    0.3229  6 08 x 08    0.3228  6 08 x 08
0.4756  6 08 x 06    0.4756  6 08 x 06    0.3229  4 08 x 07    0.3229  0 04 t 03
0.4760  4 08 x 04    0.4761  4 08 x 04    0.3232  0 04 x 03    0.3229  4 08 x 07
0.4761  0 00 t 08    0.4762  0 00 t 08    0.3232  4 08 x 04    0.3232  4 08 x 04
0.4767  0 03 x 10    0.4763  0 03 x 10    0.3234  5 08 x 06    0.3233  5 08 x 06
0.4767  0 00 t 04    0.4766  5 08 t 04    0.3234  0 07 t 10    0.3234  0 04 x 03
0.4768  0 00 t 10    0.4768  0 00 t 10    0.3235  0 07 t 05    0.3234  0 07 t 05
0.4768  5 08 t 04    0.4768  0 00 t 04    0.3235  0 07 t 12    0.3235  0 07 t 12
0.4769  0 03 x 07    0.4768  6 08 t 08    0.3245  0 07 t 04    0.3236  0 07 t 10
0.4769  6 08 t 08    0.4770  0 03 x 07    0.3251  5 08 t 08    0.3244  0 07 t 04
0.4770  0 03 x 08    0.4771  0 03 x 08    0.3253  6 08 x 10    0.3251  5 08 t 08
0.4778  0 03 x 12    0.4773  0 03 x 12    0.3257  4 08 x 05    0.3252  6 08 x 10
0.4781  0 01 x 03    0.4781  0 01 x 03    0.3263  6 08 x 12    0.3259  4 08 x 05
0.4784  0 03 x 06    0.4782  0 03 x 06    0.3266  0 00 t 03    0.3263  6 08 x 12
0.4786  0 04 t 03    0.4785  0 04 t 03    0.3267  0 00 x 03    0.3265  0 00 t 03
0.4789  0 03 x 05    0.4788  0 03 x 05    0.3277  6 08 x 07    0.3267  0 00 x 03
0.4790  4 08 x 05    0.4789  4 08 x 05    0.3287  5 08 t 04    0.3277  6 08 x 07
0.4793  0 03 x 04    0.4792  0 03 x 04    0.3293  0 03 x 03    0.3287  5 08 t 04
0.4795  5 08 t 06    0.4794  5 08 t 06    0.3295  4 08 t 08    0.3295  4 08 t 08
0.4796  5 08 t 07    0.4796  5 08 t 07    0.3301  4 08 x 06    0.3301  4 08 x 06
0.4802  0 04 x 03    0.4803  0 07 t 03    0.3303  6 08 x 05    0.3302  6 08 x 05
0.4804  0 07 t 03    0.4803  0 04 x 03    0.3304  5 08 t 06    0.3303  5 08 t 06
0.4806  5 08 t 10    0.4805  5 08 t 10    0.3307  5 08 t 07    0.3306  5 08 t 07
0.4810  5 08 t 05    0.4808  5 08 t 05    0.3307  6 08 x 04    0.3314  6 08 x 04
0.4815  5 08 t 12    0.4815  5 08 t 12    0.3314  5 08 t 05    0.3314  5 08 t 10
0.4824  0 07 x 03    0.4824  0 07 x 03    0.3315  5 08 t 10    0.3314  5 08 t 05
0.4829  4 08 t 08    0.4829  4 08 t 08    0.3322  5 08 t 12    0.3323  5 08 t 12
0.4833  0 00 t 03    0.4832  0 00 t 03    0.3331  0 07 t 03    0.3331  0 07 t 03
0.4843  6 08 t 04    0.4840  6 08 t 04    0.3331  4 08 t 04    0.3331  4 08 t 04
0.4847  4 08 x 06    0.4847  6 08 t 06    0.3342  0 07 x 03    0.3342  0 07 x 03
0.4847  6 08 t 06    0.4849  4 08 x 06    0.3345  6 08 x 06    0.3344  6 08 x 06
0.4850  6 08 t 10    0.4850  6 08 t 07    0.3353  6 08 t 08    0.3352  6 08 t 08
0.4851  6 08 t 07    0.4850  6 08 t 10    0.3361  4 08 t 06    0.3359  4 08 t 06
0.4855  0 00 x 03    0.4854  0 00 x 03    0.3363  4 08 t 07    0.3363  4 08 t 07
0.4857  6 08 t 05    0.4856  6 08 t 05    0.3366  4 08 t 05    0.3365  4 08 t 05
0.4866  6 08 t 12    0.4866  6 08 t 12    0.3369  3 08 x 08    0.3369  3 08 x 08
0.4892  4 08 t 04    0.4891  4 08 t 04    0.3372  4 08 t 10    0.3371  4 08 t 10
0.4897  0 03 x 03    0.4897  0 03 x 03    0.3373  4 08 t 12    0.3374  4 08 t 12
0.4932  4 08 t 06    0.4932  4 08 t 06    0.3402  3 08 x 12    0.3403  3 08 x 12
0.4933  4 08 t 07    0.4934  4 08 t 07    0.3408  3 08 x 10    0.3407  3 08 x 10
0.4942  4 08 t 05    0.4943  4 08 t 05    0.3410  6 08 t 10    0.3408  6 08 t 10
0.4943  4 08 t 10    0.4943  4 08 t 10    0.3410  6 08 t 07    0.3410  6 08 t 07
0.4945  4 08 t 12    0.4946  4 08 t 12    0.3413  6 08 t 06    0.3413  6 08 t 06
0.4989  3 08 x 08    0.4988  3 08 x 08    0.3413  6 08 t 04    0.3414  6 08 t 04
0.5020  5 08 x 03    0.5020  5 08 t 03    0.3418  6 08 t 05    0.3418  6 08 t 05
0.5021  5 08 t 03    0.5020  5 08 x 03    0.3420  6 08 t 12    0.3419  6 08 t 12
0.5023  7 08 x 05    0.5021  7 08 x 05    0.3426  3 08 x 04    0.3424  3 08 x 04
0.5045  7 08 x 04    0.5043  7 08 x 04    0.3429  3 08 t 04    0.3429  3 08 t 04
0.5049  3 08 x 12    0.5048  3 08 x 12    0.3433  3 08 x 07    0.3433  3 08 x 07
0.5055  3 08 x 10    0.5055  3 08 x 10    0.3450  5 08 x 03    0.3449  5 08 x 03
0.5074  3 08 t 04    0.5076  3 08 t 04    0.3458  5 08 t 03    0.3457  5 08 t 03
0.5078  6 08 t 03    0.5077  6 08 t 03    0.3479  3 08 x 05    0.3479  3 08 x 05
0.5079  3 08 x 04    0.5078  3 08 x 04    0.3480  3 08 t 08    0.3479  3 08 t 08
0.5086  3 08 x 07    0.5087  3 08 x 07    0.3497  4 08 x 03    0.3497  4 08 x 03
0.5094  6 08 x 03    0.5094  6 08 x 03    0.3517  4 08 t 03    0.3516  4 08 t 03
0.5150  4 08 x 03    0.5149  4 08 x 03    0.3566  3 08 t 06    0.3567  3 08 t 06
0.5152  3 08 t 08    0.5151  3 08 t 08    0.3569  3 08 t 10    0.3569  3 08 t 10
0.5159  3 08 x 05    0.5160  3 08 x 05    0.3572  3 08 t 12    0.3571  3 08 t 12
0.5170  4 08 t 03    0.5170  4 08 t 03    0.3574  3 08 x 06    0.3574  3 08 x 06
0.5193  7 08 t 05    0.5193  7 08 t 05    0.3576  3 08 t 05    0.3575  3 08 t 05
0.5207  7 08 t 04    0.5206  7 08 t 04    0.3577  6 08 t 03    0.3578  6 08 t 03
0.5280  3 08 t 06    0.5279  3 08 t 06    0.3580  6 08 x 03    0.3580  6 08 x 03
0.5288  3 08 t 10    0.5289  3 08 t 10    0.3582  3 08 t 07    0.3583  3 08 t 07
0.5294  3 08 t 12    0.5296  3 08 t 12    0.3661  0 31 t 02    0.3669  7 08 x 05
0.5296  3 08 t 05    0.5297  3 08 t 05    0.3665  0 29 t 02    0.3695  7 08 x 04
0.5301  3 08 x 06    0.5298  3 08 x 06    0.3666  0 28 t 02    0.3705  3 08 x 03
0.5303  3 08 t 07    0.5303  3 08 t 07    0.3669  7 08 x 05    0.3706  3 08 t 03
0.5442  7 08 t 03    0.5443  7 08 t 03    0.3697  7 08 x 04    0.3731  0 27 t 02
0.5470  7 08 x 03    0.5470  7 08 x 03    0.3703  0 30 t 02    0.3755  0 31 t 02
0.5487  3 08 t 03    0.5490  3 08 t 03    0.3705  3 08 x 03    0.3756  0 29 t 02
0.5513  3 08 x 03    0.5511  3 08 x 03    0.3707  3 08 t 03    0.3765  0 01 t 02
0.5542  0 31 t 02    0.5520  0 31 t 02    0.3728  0 27 t 02    0.3768  0 28 t 02
0.5549  0 29 t 02    0.5526  0 29 t 02    0.3786  7 08 t 05    0.3771  0 30 t 02
0.5556  0 28 t 02    0.5542  0 28 t 02    0.3801  0 05 t 02    0.3785  7 08 t 05
0.5558  0 30 t 02    0.5543  0 30 t 02    0.3803  0 00 t 02    0.3801  0 05 t 02
0.5601  0 06 t 02    0.5598  0 06 t 02    0.3809  7 08 t 04    0.3802  0 00 t 02
0.5614  0 05 t 02    0.5613  0 05 t 02    0.3822  0 06 t 02    0.3808  7 08 t 04
0.5643  0 27 t 02    0.5643  0 27 t 02    0.3822  2 08 x 04    0.3820  2 08 x 04
0.5668  0 01 t 02    0.5660  0 01 t 02    0.3826  0 01 t 02    0.3822  0 06 t 02
0.5669  2 08 x 04    0.5671  0 04 t 02    0.3836  0 04 t 02    0.3836  0 04 t 02
0.5672  0 04 t 02    0.5672  2 08 x 04    0.3903  0 29 x 02    0.3902  2 08 t 04
0.5752  0 07 t 02    0.5693  0 07 t 02    0.3904  2 08 t 04    0.3902  0 29 x 02
0.5752  0 00 t 02    0.5751  0 00 t 02    0.3907  0 32 t 02    0.3907  0 30 x 02
0.5792  2 08 t 04    0.5795  2 08 t 04    0.3907  0 31 x 02    0.3907  0 31 x 02
0.5898  0 29 x 02    0.5899  0 29 x 02    0.3909  0 32 x 02    0.3909  0 28 x 02
0.5900  2 08 t 05    0.5901  2 08 t 05    0.3912  0 28 x 02    0.3911  0 32 x 02
0.5917  0 31 x 02    0.5916  0 32 t 02    0.3917  0 30 x 02    0.3919  0 32 t 02
0.5921  0 32 x 02    0.5917  0 32 x 02    0.3942  0 07 t 02    0.3943  0 07 t 02
0.5921  0 28 x 02    0.5918  0 31 x 02    0.3974  0 27 x 02    0.3975  2 08 t 05
0.5923  0 32 t 02    0.5920  0 28 x 02    0.3977  2 08 t 05    0.3975  0 27 x 02
0.5926  0 30 x 02    0.5924  0 30 x 02    0.3985  7 08 t 03    0.3978  0 01 x 02
0.5958  2 08 x 05    0.5957  2 08 x 05    0.3995  7 08 x 03    0.3985  7 08 t 03
0.6000  0 06 x 02    0.5994  0 06 x 02    0.4006  0 05 x 02    0.3995  7 08 x 03
0.6010  0 05 x 02    0.6012  0 05 x 02    0.4009  2 08 x 05    0.4009  2 08 x 05
0.6027  0 27 x 02    0.6027  0 27 x 02    0.4024  0 01 x 02    0.4030  0 04 x 02
0.6043  0 04 x 02    0.6034  0 04 x 02    0.4044  0 06 x 02    0.4044  0 05 x 02
0.6069  5 08 t 02    0.6052  0 01 x 02    0.4048  0 00 x 02    0.4046  0 06 x 02
0.6078  0 01 x 02    0.6061  5 08 t 02    0.4052  0 03 x 02    0.4046  0 00 x 02
0.6089  0 07 x 02    0.6097  0 07 x 02    0.4055  0 04 x 02    0.4068  0 03 x 02
0.6128  0 00 x 02    0.6129  0 00 x 02    0.4094  0 02 x 02    0.4087  0 02 x 02
0.6151  0 03 x 02    0.6140  0 03 x 02    0.4176  0 07 x 02    0.4176  0 07 x 02
0.6169  0 02 x 02    0.6157  0 02 x 02    0.4189  5 08 t 02    0.4189  5 08 t 02
0.6198  6 08 t 02    0.6191  6 08 t 02    0.4206  2 08 x 03    0.4206  2 08 x 03
0.6252  2 08 x 03    0.6253  2 08 x 03    0.4242  0 02 x 03    0.4241  2 08 t 03
0.6258  4 08 t 02    0.6260  4 08 t 02    0.4243  2 08 t 03    0.4246  0 02 x 03
0.6306  2 08 t 03    0.6307  0 02 x 03    0.4278  4 08 t 02    0.4277  4 08 t 02
0.6311  0 02 x 03    0.6307  2 08 t 03    0.4284  0 02 x 05    0.4289  0 02 x 04
0.6382  0 02 x 04    0.6392  0 02 x 04    0.4289  0 02 x 04    0.4317  0 02 x 05
0.6421  0 02 x 05    0.6430  0 02 x 07    0.4327  0 02 x 06    0.4323  0 02 x 06
0.6438  0 02 x 08    0.6440  0 02 x 06    0.4335  0 02 x 07    0.4349  0 02 x 07
0.6450  0 02 x 06    0.6447  0 02 x 08    0.4346  5 08 x 02    0.4359  0 02 x 10
0.6467  5 08 x 02    0.6448  0 02 x 05    0.4347  0 02 x 10    0.4370  0 02 x 08
0.6481  0 02 x 07    0.6458  0 02 x 10    0.4368  0 02 x 08    0.4373  6 08 t 02
0.6489  0 02 x 10    0.6461  5 08 x 02    0.4372  6 08 t 02    0.4384  0 02 x 12
0.6509  0 02 x 12    0.6502  0 02 x 12    0.4384  0 02 x 12    0.4463  5 08 x 02
0.6549  6 08 x 02    0.6542  6 08 x 02    0.4423  4 08 x 02    0.4493  4 08 x 02
0.6596  4 08 x 02    0.6593  4 08 x 02    0.4567  3 08 t 02    0.4568  3 08 t 02
0.6604  7 08 t 02    0.6596  7 08 t 02    0.4672  6 08 x 02    0.4670  6 08 x 02
0.6659  3 08 t 02    0.6642  3 08 t 02    0.4731  3 08 x 02    0.4775  3 08 x 02
0.6955  3 08 x 02    0.6922  3 08 x 02    0.4915  7 08 t 02    0.4915  7 08 t 02
0.6973  7 08 x 02    0.6961  7 08 x 02    0.5140  2 08 t 02    0.5138  2 08 t 02
0.7661  2 08 t 02    0.7663  2 08 t 02    0.5152  7 08 x 02    0.5150  7 08 x 02
0.7844  2 08 x 02    0.7841  2 08 x 02    0.5251  2 08 x 02    0.5251  2 08 x 02
0.7894  1 08 x 04    0.7895  1 08 x 04    0.5290  1 08 x 04    0.5290  1 08 x 04
0.7899  1 08 t 04    0.7900  1 08 t 04    0.5291  1 08 t 04    0.5292  1 08 t 04
0.8148  1 08 t 05    0.8150  1 08 t 05    0.5463  1 08 t 05    0.5461  1 08 t 05
0.8173  1 08 x 05    0.8173  1 08 x 05    0.5478  1 08 x 05    0.5477  1 08 x 05
0.8747  1 08 t 03    0.8745  1 08 t 03    0.5852  1 08 t 03    0.5851  1 08 x 03
0.8747  1 08 x 03    0.8747  1 08 x 03    0.5852  1 08 x 03    0.5853  1 08 t 03
0.9643  0 06 t 01    0.9630  0 06 t 01    0.6310  0 06 t 01    0.6306  0 06 t 01
0.9663  0 07 t 01    0.9665  0 07 t 01    0.6315  0 01 t 01    0.6321  0 01 t 01
0.9716  0 05 t 01    0.9707  0 05 t 01    0.6330  0 05 t 01    0.6332  0 05 t 01
0.9717  0 01 t 01    0.9710  0 01 t 01    0.6369  0 07 t 01    0.6368  0 07 t 01
0.9790  0 04 t 01    0.9781  0 04 t 01    0.6371  0 04 t 01    0.6369  0 04 t 01
0.9852  0 00 t 01    0.9844  0 00 t 01    0.6449  0 00 t 01    0.6443  0 00 t 01
0.9908  0 29 t 01    0.9907  0 29 t 01    0.6480  0 29 t 01    0.6482  0 29 t 01
0.9914  0 31 t 01    0.9915  0 28 t 01    0.6482  0 31 t 01    0.6486  0 31 t 01
0.9921  0 28 t 01    0.9916  0 31 t 01    0.6486  0 28 t 01    0.6490  0 28 t 01
0.9961  0 30 t 01    0.9959  0 30 t 01    0.6510  0 30 t 01    0.6515  0 30 t 01
1.0173  0 27 t 01    1.0160  0 27 t 01    0.6662  0 27 t 01    0.6676  0 27 t 01
1.0397  0 07 x 01    1.0388  0 07 x 01    0.6820  0 06 x 01    0.6813  0 06 x 01
1.0420  0 06 x 01    1.0414  0 06 x 01    0.6823  0 07 x 01    0.6822  0 07 x 01
1.0490  1 08 x 02    1.0487  1 08 t 02    0.6845  0 01 x 01    0.6847  0 01 x 01
1.0493  1 08 t 02    1.0488  1 08 x 02    0.6936  0 04 x 01    0.6939  0 04 x 01
1.0530  0 01 x 01    1.0516  0 01 x 01    0.6957  0 05 x 01    0.6963  0 05 x 01
1.0643  0 05 x 01    1.0648  0 04 x 01    0.7000  1 08 t 02    0.6993  1 08 x 02
1.0646  0 04 x 01    1.0651  0 05 x 01    0.7002  1 08 x 02    0.6996  1 08 t 02
1.0723  0 00 x 01    1.0696  0 00 x 01    0.7015  0 00 x 01    0.7010  0 00 x 01
1.0843  6 08 t 01    1.0836  6 08 t 01    0.7129  0 29 x 01    0.7131  0 29 x 01
1.0936  0 29 x 01    1.0933  0 29 x 01    0.7151  0 28 x 01    0.7152  0 28 x 01
1.0944  0 28 x 01    1.0944  0 28 x 01    0.7154  0 30 x 01    0.7156  0 30 x 01
1.0956  0 30 x 01    1.0955  0 30 x 01    0.7187  0 27 x 01    0.7182  0 27 x 01
1.0997  5 08 t 01    1.0991  0 27 x 01    0.7197  0 31 x 01    0.7196  0 31 x 01
1.0997  0 27 x 01    1.0991  5 08 t 01    0.7216  0 32 x 01    0.7212  0 32 x 01
1.1065  0 31 x 01    1.1063  0 31 x 01    0.7232  0 32 t 01    0.7242  0 32 t 01
1.1087  0 32 x 01    1.1080  0 32 x 01    0.7257  5 08 t 01    0.7262  5 08 t 01
1.1104  0 32 t 01    1.1085  0 32 t 01    0.7314  6 08 t 01    0.7314  6 08 t 01
1.1295  4 08 t 01    1.1297  4 08 t 01    0.7383  0 02 x 01    0.7370  0 02 x 01
1.1308  0 02 x 01    1.1306  0 02 x 01    0.7406  4 08 t 01    0.7410  4 08 t 01
1.1479  7 08 t 01    1.1471  7 08 t 01    0.7514  0 03 x 01    0.7522  0 03 x 01
1.1554  0 03 x 01    1.1554  0 03 x 01    0.7703  5 08 x 01    0.7711  5 08 x 01
1.1642  5 08 x 01    1.1632  5 08 x 01    0.7790  4 08 x 01    0.7793  4 08 x 01
1.1781  6 08 x 01    1.1760  6 08 x 01    0.7926  6 08 x 01    0.7925  6 08 x 01
1.1853  4 08 x 01    1.1852  4 08 x 01    0.7931  3 08 t 01    0.7939  3 08 t 01
1.2143  3 08 t 01    1.2138  3 08 t 01    0.8011  7 08 t 01    0.8010  7 08 t 01
1.2319  7 08 x 01    1.2308  7 08 x 01    0.8310  3 08 x 01    0.8308  3 08 x 01
1.2703  3 08 x 01    1.2704  3 08 x 01    0.8558  7 08 x 01    0.8554  7 08 x 01
1.4150  2 08 t 01    1.4145  2 08 t 01    0.9364  2 08 t 01    0.9365  2 08 t 01
1.4228  2 08 x 01    1.4222  2 08 x 01    0.9460  2 08 x 01    0.9452  2 08 x 01
1.9199  1 08 t 01    1.9192  1 08 t 01    1.2707  1 08 t 01    1.2707  1 08 x 01
1.9209  1 08 x 01    1.9202  1 08 x 01    1.2721  1 08 x 01    1.2711  1 08 t 01
---Benchmark Program Finished---
