
./testbench.sh clang++ O3 MontgomeryFull __uint128_t 191 8 40 -DTEST_ARRAY -DHURCHALLA_MONTGOMERY_TWO_POW_USE_CSELECT_ON_BIT -DHURCHALLA_ALLOW_INLINE_ASM_ALL

compilation finished, now executing:
---Running Program---

begin benchmarks - array two_pow
(ignore)332163741205411267698489818326060553048

OVERALL BEST:
1.1088  0 31 x 06
1.1088  0 32 t 06
1.1089  0 32 x 06
1.1097  0 32 x 07
1.1098  0 32 t 07
1.1099  0 31 x 07
1.1133  0 31 x 08
1.1133  0 32 x 08
1.1135  0 32 t 08
1.1162  0 32 t 10
1.1162  0 32 x 10
1.1163  0 31 x 10
1.1190  0 32 x 05
1.1191  0 32 t 05
1.1191  0 31 x 05
1.1224  0 31 x 12
1.1225  0 32 x 12
1.1227  0 32 t 12
1.1228  0 29 x 08
1.1301  0 29 x 07
1.1323  0 29 x 10
1.1340  0 29 x 06
1.1441  0 29 x 12
1.1496  0 29 x 05
1.1674  0 31 t 06
1.1702  0 31 t 07
1.1712  0 30 t 06
1.1746  0 31 t 05
1.1764  0 31 t 08
1.1768  0 28 t 05
1.1769  0 30 t 05
1.1774  0 29 t 06
1.1782  0 29 t 07
1.1790  0 30 t 07
1.1801  0 30 t 08
1.1803  0 31 t 10
1.1817  0 29 t 08
1.1828  0 29 t 10
1.1829  0 31 t 12
1.1829  0 30 t 04
1.1838  0 28 t 06
1.1840  0 30 t 10
1.1863  0 30 t 12
1.1882  0 29 t 12
1.1901  0 28 t 04
1.1918  0 28 t 07
1.1937  0 31 x 04
1.1937  0 32 x 04
1.1938  0 32 t 04
1.1957  0 30 x 05
1.1963  0 29 x 04
1.1966  0 28 t 12
1.1991  0 28 t 08
1.2002  0 28 t 10
1.2010  0 27 t 06
1.2011  0 29 t 05
1.2057  0 27 t 05
1.2057  0 27 t 07
1.2108  0 27 t 08
1.2115  0 31 t 04
1.2138  0 27 t 10
1.2154  0 30 x 06
1.2163  0 30 x 04
1.2179  0 27 t 12
1.2186  0 28 x 05
1.2201  0 28 x 04
1.2219  0 27 t 04
1.2272  0 28 x 06
1.2295  0 29 t 04
1.2352  0 30 x 07
1.2378  0 27 x 05
1.2558  0 27 x 06
1.2573  0 28 x 07
1.2582  0 30 x 08
1.2657  0 28 x 08
1.2661  0 06 t 08
1.2689  0 05 t 08
1.2734  0 06 t 06
1.2743  0 06 t 05
1.2747  0 06 t 07
1.2756  0 27 x 07
1.2775  0 05 t 07
1.2776  0 05 t 06
1.2794  0 05 t 05
1.2796  0 06 t 10
1.2845  0 05 t 10
1.2847  0 01 t 05
1.2850  0 01 t 06
1.2862  0 05 t 04
1.2870  0 06 t 12
1.2871  0 06 t 04
1.2874  0 01 t 07
1.2877  0 04 t 08
1.2925  0 05 t 12
1.2929  0 01 t 08
1.2933  0 27 x 08
1.2978  0 01 t 04
1.2993  0 04 t 06
1.2995  0 04 t 07
1.3008  0 04 t 05
1.3028  0 01 t 10
1.3033  0 01 x 05
1.3035  0 30 x 10
1.3045  0 27 x 04
1.3058  0 04 t 10
1.3068  0 01 t 12
1.3077  0 28 x 10
1.3080  0 04 t 04
1.3113  0 04 t 12
1.3117  0 06 x 05
1.3143  0 06 x 04
1.3154  0 30 t 03
1.3171  0 06 x 06
1.3189  0 07 t 05
1.3189  0 00 t 06
1.3190  0 05 x 05
1.3195  0 05 x 06
1.3197  0 07 t 07
1.3203  0 07 t 08
1.3204  0 07 t 06
1.3209  0 05 x 04
1.3228  0 00 t 05
1.3259  0 00 t 07
1.3262  0 28 t 03
1.3277  0 01 x 04
1.3283  0 01 x 06
1.3298  0 00 t 04
1.3307  0 00 t 08
1.3332  0 04 x 05
1.3345  0 30 x 12
1.3353  0 07 t 10
1.3359  0 28 x 12
1.3371  0 27 x 10
1.3383  0 07 t 04
1.3399  0 07 t 12
1.3405  0 04 x 04
1.3411  0 04 x 06
1.3415  0 00 t 10
1.3437  0 32 x 03
1.3437  0 31 x 03
1.3440  0 32 t 03
1.3447  0 00 x 05
1.3453  0 00 t 12
1.3465  0 06 x 07
1.3502  0 29 t 03
1.3507  0 27 t 03
1.3518  0 05 x 07
1.3520  0 06 x 08
1.3534  0 01 x 07
1.3547  0 07 x 05
1.3565  0 29 x 03
1.3571  0 00 x 04
1.3610  0 05 x 08
1.3611  5 08 t 08
1.3626  0 31 t 03
1.3628  0 00 x 06
1.3646  0 04 x 07
1.3674  0 30 x 03
1.3684  0 07 x 04
1.3686  0 27 x 12
1.3699  0 07 x 06
1.3723  0 28 x 03
1.3758  5 08 t 06
1.3767  0 04 x 08
1.3782  5 08 t 07
1.3835  0 01 x 08
1.3854  4 08 t 08
1.3858  5 08 t 04
1.3867  0 27 x 03
1.3893  5 08 t 05
1.3894  5 08 t 10
1.3931  5 08 t 12
1.3935  0 07 x 07
1.3946  4 08 t 04
1.3988  0 05 t 03
1.3990  0 00 x 07
1.4003  0 01 t 03
1.4004  0 06 x 10
1.4019  4 08 t 06
1.4070  4 08 t 07
1.4089  4 08 t 10
1.4119  0 05 x 10
1.4128  0 06 t 03
1.4128  4 08 t 05
1.4140  4 08 t 12
1.4152  0 04 t 03
1.4167  0 07 x 08
1.4178  6 08 t 08
1.4219  5 08 x 04
1.4265  0 02 x 03
1.4274  0 00 t 03
1.4292  6 08 t 06
1.4306  0 06 x 12
1.4316  0 00 x 08
1.4334  6 08 t 07
1.4335  0 04 x 10
1.4351  6 08 t 10
1.4364  6 08 t 12
1.4369  5 08 x 06
1.4384  0 01 x 10
1.4384  0 05 x 12
1.4385  4 08 x 04
1.4389  5 08 x 05
1.4397  0 03 x 04
1.4399  6 08 t 04
1.4418  0 03 x 06
1.4422  0 07 t 03
1.4423  0 03 x 03
1.4439  6 08 t 05
1.4493  0 05 x 03
1.4501  0 01 x 03
1.4506  5 08 x 08
1.4548  0 03 x 07
1.4566  0 03 x 05
1.4602  0 07 x 10
1.4603  0 01 x 12
1.4606  4 08 x 05
1.4611  5 08 x 07
1.4636  4 08 x 06
1.4654  0 04 x 12
1.4661  0 04 x 03
1.4667  0 06 x 03
1.4693  0 03 x 10
1.4702  0 03 x 08
1.4721  3 08 t 06
1.4724  4 08 x 08
1.4734  3 08 t 08
1.4766  0 00 x 10
1.4778  6 08 x 04
1.4781  0 00 x 03
1.4804  0 03 x 12
1.4815  3 08 t 04
1.4836  3 08 t 05
1.4854  6 08 x 05
1.4882  4 08 x 07
1.4903  0 07 x 12
1.4935  6 08 x 06
1.5006  0 00 x 12
1.5027  0 07 x 03
1.5034  3 08 t 07
1.5054  3 08 x 04
1.5054  6 08 x 08
1.5061  3 08 t 10
1.5075  3 08 t 12
1.5153  6 08 x 07
1.5279  5 08 x 10
1.5453  4 08 x 10
1.5518  3 08 x 05
1.5529  5 08 x 12
1.5551  5 08 t 03
1.5576  3 08 x 08
1.5596  3 08 x 06
1.5622  4 08 t 03
1.5714  4 08 x 12
1.5733  6 08 x 10
1.5760  0 02 x 04
1.5825  3 08 x 07
1.5864  4 08 x 03
1.5935  5 08 x 03
1.5961  6 08 x 12
1.6142  7 08 t 05
1.6197  7 08 t 04
1.6245  6 08 t 03
1.6392  3 08 x 10
1.6554  7 08 x 05
1.6556  3 08 t 03
1.6608  7 08 x 04
1.6653  3 08 x 12
1.6699  6 08 x 03
1.6839  3 08 x 03
1.6966  2 08 t 04
1.7011  2 08 t 05
1.7126  2 08 x 04
1.7571  2 08 x 05
1.7637  0 01 t 02
1.7678  0 05 t 02
1.7678  0 06 t 02
1.7761  0 31 t 02
1.7783  0 27 t 02
1.7799  0 29 t 02
1.7803  0 02 x 05
1.7846  0 04 t 02
1.7867  0 28 t 02
1.7932  0 00 t 02
1.7941  0 30 t 02
1.8105  0 07 t 02
1.8582  7 08 t 03
1.8817  0 28 x 02
1.8829  0 27 x 02
1.8836  0 29 x 02
1.8880  0 06 x 02
1.8894  0 31 x 02
1.8903  0 30 x 02
1.8937  0 01 x 02
1.8946  0 05 x 02
1.8968  2 08 t 03
1.8971  0 02 x 06
1.8972  7 08 x 03
1.8987  2 08 x 03
1.9043  0 04 x 02
1.9152  0 32 x 02
1.9153  0 32 t 02
1.9356  0 07 x 02
1.9379  0 00 x 02
1.9657  0 02 x 02
1.9694  0 03 x 02
2.0072  0 02 x 07
2.0089  5 08 t 02
2.0110  4 08 t 02
2.0116  0 02 x 08
2.0363  0 02 x 10
2.0450  0 02 x 12
2.1307  6 08 t 02
2.1337  3 08 t 02
2.1437  5 08 x 02
2.1576  4 08 x 02
2.2614  3 08 x 02
2.2819  6 08 x 02
2.3458  1 08 t 04
2.3468  1 08 x 04
2.3578  1 08 t 05
2.3588  1 08 x 05
2.4621  2 08 t 02
2.4855  7 08 t 02
2.5536  2 08 x 02
2.5734  1 08 t 03
2.5741  1 08 x 03
2.6168  7 08 x 02
2.9462  0 06 t 01
2.9551  0 05 t 01
2.9842  0 07 t 01
3.0163  0 01 t 01
3.0209  0 04 t 01
3.0562  0 31 t 01
3.0577  0 29 t 01
3.0675  0 00 t 01
3.0757  0 30 t 01
3.0856  0 28 t 01
3.1667  0 27 t 01
3.1864  0 05 x 01
3.2018  0 07 x 01
3.2093  0 06 x 01
3.2465  0 04 x 01
3.2532  0 01 x 01
3.2706  0 30 x 01
3.2859  0 31 x 01
3.3001  0 29 x 01
3.3066  0 28 x 01
3.3253  0 32 x 01
3.3350  0 27 x 01
3.3351  0 32 t 01
3.3444  5 08 t 01
3.3601  0 00 x 01
3.3799  1 08 t 02
3.4076  1 08 x 02
3.4410  6 08 t 01
3.4483  4 08 t 01
3.5181  0 03 x 01
3.5266  0 02 x 01
3.5325  5 08 x 01
3.5897  6 08 x 01
3.5941  4 08 x 01
3.6808  3 08 t 01
3.6825  7 08 t 01
3.8003  3 08 x 01
3.8696  7 08 x 01
4.1926  2 08 t 01
4.2944  2 08 x 01
6.0338  1 08 t 01
6.0362  1 08 x 01
Timings By Test Type:
0.3306  0 31 x 06    0.3306  0 32 t 06    0.2237  0 32 t 06    0.2238  0 31 x 06
0.3307  0 32 t 06    0.3306  0 31 x 06    0.2238  0 32 x 06    0.2238  0 32 t 06
0.3307  0 32 x 06    0.3306  0 32 x 06    0.2238  0 31 x 06    0.2238  0 32 x 06
0.3308  0 32 x 07    0.3307  0 31 x 07    0.2241  0 32 t 07    0.2241  0 32 x 07
0.3308  0 31 x 07    0.3307  0 32 x 07    0.2241  0 31 x 07    0.2242  0 32 t 07
0.3308  0 32 t 07    0.3307  0 32 t 07    0.2241  0 32 x 07    0.2242  0 31 x 07
0.3317  0 31 x 08    0.3317  0 32 x 08    0.2249  0 31 x 08    0.2249  0 32 x 08
0.3318  0 32 x 08    0.3318  0 31 x 08    0.2249  0 32 t 08    0.2249  0 31 x 08
0.3318  0 32 t 08    0.3318  0 32 t 08    0.2249  0 32 x 08    0.2249  0 32 t 08
0.3328  0 32 t 10    0.3328  0 32 x 10    0.2252  0 31 x 10    0.2252  0 32 x 10
0.3329  0 31 x 10    0.3328  0 31 x 10    0.2252  0 32 x 10    0.2252  0 32 t 10
0.3330  0 32 x 10    0.3329  0 32 t 10    0.2253  0 32 t 10    0.2253  0 31 x 10
0.3337  0 32 x 05    0.3337  0 32 t 05    0.2258  0 32 t 05    0.2257  0 31 x 05
0.3338  0 31 x 05    0.3337  0 32 x 05    0.2258  0 32 x 05    0.2257  0 32 t 05
0.3339  0 32 t 05    0.3337  0 31 x 05    0.2259  0 31 x 05    0.2258  0 32 x 05
0.3346  0 32 x 12    0.3345  0 31 x 12    0.2266  0 31 x 12    0.2266  0 31 x 12
0.3346  0 32 t 12    0.3346  0 32 x 12    0.2267  0 32 t 12    0.2267  0 32 x 12
0.3346  0 31 x 12    0.3347  0 29 x 08    0.2267  0 29 x 08    0.2267  0 29 x 08
0.3347  0 29 x 08    0.3347  0 32 t 12    0.2267  0 32 x 12    0.2267  0 32 t 12
0.3370  0 29 x 07    0.3369  0 29 x 07    0.2281  0 29 x 07    0.2281  0 29 x 07
0.3377  0 29 x 10    0.3376  0 29 x 10    0.2286  0 29 x 10    0.2285  0 29 x 10
0.3382  0 29 x 06    0.3381  0 29 x 06    0.2288  0 29 x 06    0.2288  0 29 x 06
0.3410  0 29 x 12    0.3411  0 29 x 12    0.2309  0 29 x 12    0.2310  0 29 x 12
0.3429  0 29 x 05    0.3428  0 29 x 05    0.2320  0 29 x 05    0.2320  0 29 x 05
0.3480  0 31 t 06    0.3480  0 31 t 06    0.2357  0 31 t 06    0.2358  0 31 t 06
0.3488  0 31 t 07    0.3486  0 31 t 07    0.2365  0 31 t 07    0.2363  0 31 t 07
0.3490  0 30 t 06    0.3490  0 30 t 06    0.2366  0 30 t 06    0.2366  0 30 t 06
0.3500  0 31 t 05    0.3501  0 31 t 05    0.2373  0 31 t 05    0.2372  0 31 t 05
0.3507  0 28 t 05    0.3506  0 30 t 05    0.2374  0 30 t 05    0.2375  0 31 t 08
0.3507  0 31 t 08    0.3506  0 28 t 05    0.2375  0 31 t 08    0.2377  0 29 t 06
0.3509  0 30 t 05    0.3506  0 31 t 08    0.2378  0 29 t 06    0.2377  0 28 t 05
0.3510  0 29 t 06    0.3509  0 29 t 06    0.2378  0 28 t 05    0.2381  0 30 t 05
0.3511  0 29 t 07    0.3511  0 29 t 07    0.2379  0 29 t 07    0.2381  0 29 t 07
0.3512  0 30 t 07    0.3513  0 30 t 07    0.2382  0 31 t 10    0.2382  0 31 t 10
0.3517  0 30 t 08    0.3516  0 30 t 08    0.2383  0 30 t 07    0.2382  0 30 t 07
0.3519  0 30 t 04    0.3520  0 31 t 10    0.2384  0 30 t 08    0.2384  0 30 t 08
0.3520  0 31 t 10    0.3521  0 30 t 04    0.2386  0 29 t 08    0.2386  0 29 t 08
0.3522  0 29 t 08    0.3522  0 29 t 08    0.2387  0 31 t 12    0.2387  0 29 t 10
0.3527  0 29 t 10    0.3527  0 29 t 10    0.2387  0 29 t 10    0.2387  0 31 t 12
0.3527  0 31 t 12    0.3528  0 31 t 12    0.2390  0 28 t 06    0.2390  0 28 t 06
0.3529  0 30 t 10    0.3529  0 28 t 06    0.2391  0 30 t 10    0.2391  0 30 t 10
0.3530  0 28 t 06    0.3529  0 30 t 10    0.2394  0 30 t 04    0.2394  0 30 t 04
0.3536  0 30 t 12    0.3535  0 30 t 12    0.2396  0 30 t 12    0.2396  0 30 t 12
0.3543  0 29 t 12    0.3543  0 29 t 12    0.2398  0 29 t 12    0.2398  0 29 t 12
0.3545  0 28 t 04    0.3546  0 28 t 04    0.2406  0 28 t 04    0.2403  0 28 t 04
0.3551  0 28 t 07    0.3550  0 28 t 07    0.2407  0 32 x 04    0.2406  0 32 x 04
0.3562  0 31 x 04    0.3561  0 31 x 04    0.2407  0 32 t 04    0.2407  0 32 t 04
0.3562  0 32 x 04    0.3562  0 32 x 04    0.2407  0 31 x 04    0.2407  0 31 x 04
0.3562  0 32 t 04    0.3562  0 32 t 04    0.2409  0 28 t 07    0.2408  0 28 t 07
0.3565  0 30 x 05    0.3565  0 30 x 05    0.2410  0 29 x 04    0.2410  0 29 x 04
0.3567  0 28 t 12    0.3567  0 28 t 12    0.2414  0 30 x 05    0.2413  0 30 x 05
0.3572  0 29 x 04    0.3571  0 29 x 04    0.2416  0 28 t 12    0.2415  0 28 t 12
0.3575  0 28 t 08    0.3575  0 28 t 08    0.2421  0 28 t 08    0.2420  0 28 t 08
0.3578  0 28 t 10    0.3578  0 28 t 10    0.2423  0 28 t 10    0.2422  0 27 t 06
0.3581  0 29 t 05    0.3580  0 29 t 05    0.2423  0 27 t 06    0.2423  0 28 t 10
0.3582  0 27 t 06    0.3583  0 27 t 06    0.2424  0 29 t 05    0.2425  0 29 t 05
0.3593  0 27 t 05    0.3595  0 27 t 07    0.2434  0 27 t 07    0.2434  0 27 t 07
0.3596  0 27 t 07    0.3595  0 27 t 05    0.2435  0 27 t 05    0.2434  0 27 t 05
0.3610  0 31 t 04    0.3608  0 31 t 04    0.2443  0 27 t 08    0.2443  0 27 t 08
0.3611  0 27 t 08    0.3611  0 27 t 08    0.2448  0 27 t 10    0.2448  0 27 t 10
0.3621  0 27 t 10    0.3621  0 27 t 10    0.2448  0 31 t 04    0.2449  0 31 t 04
0.3626  0 30 x 04    0.3626  0 30 x 06    0.2451  0 30 x 06    0.2451  0 30 x 06
0.3626  0 30 x 06    0.3626  0 30 x 04    0.2456  0 30 x 04    0.2455  0 30 x 04
0.3634  0 27 t 12    0.3632  0 27 t 12    0.2456  0 27 t 12    0.2457  0 27 t 12
0.3635  0 28 x 05    0.3634  0 28 x 05    0.2458  0 28 x 04    0.2457  0 28 x 04
0.3639  0 27 t 04    0.3639  0 27 t 04    0.2458  0 28 x 05    0.2458  0 28 x 05
0.3645  0 28 x 04    0.3642  0 28 x 04    0.2470  0 27 t 04    0.2470  0 27 t 04
0.3661  0 28 x 06    0.3663  0 28 x 06    0.2474  0 28 x 06    0.2474  0 28 x 06
0.3664  0 29 t 04    0.3664  0 29 t 04    0.2485  0 29 t 04    0.2484  0 29 t 04
0.3684  0 30 x 07    0.3687  0 30 x 07    0.2491  0 30 x 07    0.2491  0 30 x 07
0.3694  0 27 x 05    0.3696  0 27 x 05    0.2494  0 27 x 05    0.2494  0 27 x 05
0.3752  0 28 x 07    0.3751  0 28 x 07    0.2527  0 27 x 06    0.2526  0 27 x 06
0.3752  0 27 x 06    0.3753  0 27 x 06    0.2535  0 28 x 07    0.2535  0 28 x 07
0.3755  0 30 x 08    0.3754  0 30 x 08    0.2537  0 30 x 08    0.2536  0 30 x 08
0.3761  0 06 t 08    0.3761  0 06 t 08    0.2546  0 05 t 08    0.2547  0 05 t 08
0.3777  0 28 x 08    0.3778  0 28 x 08    0.2550  0 28 x 08    0.2551  0 28 x 08
0.3784  0 06 t 06    0.3785  0 06 t 06    0.2562  0 05 t 07    0.2562  0 05 t 06
0.3786  0 06 t 05    0.3786  0 06 t 05    0.2562  0 05 t 06    0.2562  0 05 t 07
0.3786  0 06 t 07    0.3788  0 06 t 07    0.2568  0 27 x 07    0.2568  0 27 x 07
0.3799  0 05 t 08    0.3797  0 05 t 08    0.2568  0 06 t 08    0.2569  0 05 t 05
0.3803  0 06 t 10    0.3802  0 06 t 10    0.2570  0 05 t 05    0.2570  0 06 t 08
0.3809  0 27 x 07    0.3810  0 27 x 07    0.2576  0 05 t 10    0.2575  0 05 t 10
0.3822  0 06 t 04    0.3821  0 06 t 04    0.2583  0 06 t 06    0.2582  0 06 t 06
0.3823  0 06 t 12    0.3824  0 06 t 12    0.2586  0 06 t 05    0.2585  0 06 t 05
0.3825  0 05 t 07    0.3826  0 05 t 06    0.2586  0 06 t 07    0.2586  0 06 t 07
0.3826  0 05 t 06    0.3826  0 05 t 07    0.2587  0 01 t 05    0.2587  0 01 t 05
0.3828  0 05 t 05    0.3828  0 05 t 05    0.2588  0 01 t 06    0.2588  0 01 t 06
0.3837  0 01 t 06    0.3835  0 01 t 05    0.2592  0 05 t 12    0.2590  0 05 t 04
0.3837  0 01 t 05    0.3837  0 01 t 06    0.2593  0 05 t 04    0.2592  0 05 t 12
0.3839  0 05 t 04    0.3841  0 05 t 04    0.2593  0 01 t 07    0.2593  0 01 t 07
0.3844  0 01 t 07    0.3843  0 04 t 08    0.2594  0 04 t 08    0.2595  0 04 t 08
0.3845  0 04 t 08    0.3844  0 01 t 07    0.2596  0 06 t 10    0.2595  0 06 t 10
0.3847  0 05 t 10    0.3848  0 05 t 10    0.2603  0 27 x 08    0.2604  0 27 x 08
0.3859  0 01 t 08    0.3860  0 01 t 08    0.2605  0 01 t 08    0.2605  0 01 t 08
0.3864  0 27 x 08    0.3862  0 27 x 08    0.2611  0 06 t 12    0.2613  0 06 t 12
0.3871  0 05 t 12    0.3870  0 05 t 12    0.2614  0 01 t 04    0.2613  0 06 t 04
0.3874  0 01 t 04    0.3875  0 01 t 04    0.2615  0 06 t 04    0.2615  0 01 t 04
0.3879  0 04 t 06    0.3880  0 04 t 07    0.2617  0 04 t 07    0.2617  0 04 t 06
0.3880  0 04 t 07    0.3881  0 04 t 06    0.2617  0 04 t 06    0.2618  0 04 t 07
0.3882  0 04 t 05    0.3882  0 04 t 05    0.2621  0 01 x 05    0.2620  0 01 x 05
0.3889  0 01 t 10    0.3890  0 01 t 10    0.2622  0 04 t 05    0.2621  0 04 t 05
0.3892  0 07 t 05    0.3893  0 07 t 05    0.2623  0 30 x 10    0.2624  0 30 x 10
0.3894  0 30 x 10    0.3894  0 30 x 10    0.2624  0 27 x 04    0.2624  0 01 t 10
0.3894  0 07 t 07    0.3894  0 07 t 08    0.2625  0 01 t 10    0.2625  0 27 x 04
0.3895  0 07 t 08    0.3895  0 07 t 07    0.2631  0 04 t 10    0.2630  0 04 t 10
0.3896  0 01 x 05    0.3896  0 01 x 05    0.2633  0 30 t 03    0.2633  0 28 x 10
0.3898  0 04 t 10    0.3897  0 07 t 06    0.2634  0 01 t 12    0.2633  0 30 t 03
0.3898  0 07 t 06    0.3898  0 27 x 04    0.2634  0 28 x 10    0.2634  0 01 t 12
0.3898  0 27 x 04    0.3899  0 04 t 10    0.2638  0 04 t 04    0.2639  0 04 t 04
0.3900  0 04 t 04    0.3900  0 01 t 12    0.2640  0 05 x 06    0.2640  0 05 x 06
0.3900  0 01 t 12    0.3902  0 04 t 04    0.2641  0 05 x 05    0.2641  0 04 t 12
0.3904  0 06 x 05    0.3904  0 06 x 05    0.2641  0 04 t 12    0.2642  0 05 x 05
0.3905  0 28 x 10    0.3905  0 28 x 10    0.2653  0 05 x 04    0.2651  0 05 x 04
0.3906  0 06 x 04    0.3906  0 06 x 04    0.2654  0 28 t 03    0.2655  0 28 t 03
0.3915  0 04 t 12    0.3915  0 04 t 12    0.2654  0 06 x 05    0.2655  0 06 x 05
0.3918  0 06 x 06    0.3917  0 06 x 06    0.2656  0 00 t 06    0.2656  0 00 t 06
0.3936  0 07 t 10    0.3935  0 07 t 10    0.2666  0 06 x 04    0.2666  0 06 x 04
0.3938  0 00 t 06    0.3939  0 00 t 06    0.2666  0 00 t 05    0.2666  0 00 t 05
0.3944  0 30 t 03    0.3943  0 30 t 03    0.2667  0 06 x 06    0.2669  0 06 x 06
0.3949  0 07 t 04    0.3946  0 00 t 05    0.2669  0 01 x 04    0.2669  0 01 x 04
0.3949  0 00 t 05    0.3947  0 07 t 04    0.2672  0 01 x 06    0.2672  0 00 t 07
0.3950  0 07 t 12    0.3949  0 07 t 12    0.2672  0 00 t 07    0.2672  0 01 x 06
0.3952  0 05 x 04    0.3953  0 05 x 04    0.2680  0 00 t 08    0.2680  0 00 t 08
0.3953  0 05 x 05    0.3954  0 05 x 05    0.2681  0 00 t 04    0.2681  0 00 t 04
0.3957  0 05 x 06    0.3957  0 00 t 07    0.2683  0 32 x 03    0.2683  0 31 x 03
0.3959  0 00 t 07    0.3957  0 05 x 06    0.2684  0 31 x 03    0.2683  0 32 x 03
0.3969  0 01 x 06    0.3967  0 00 t 04    0.2684  0 32 t 03    0.2684  0 32 t 03
0.3969  0 01 x 04    0.3969  0 01 x 04    0.2685  0 04 x 05    0.2684  0 04 x 05
0.3969  0 00 t 04    0.3970  0 01 x 06    0.2686  0 30 x 12    0.2686  0 30 x 12
0.3973  0 00 t 08    0.3974  0 00 t 08    0.2688  0 27 x 10    0.2688  0 27 x 10
0.3977  0 28 t 03    0.3977  0 28 t 03    0.2692  0 28 x 12    0.2692  0 28 x 12
0.3981  0 04 x 05    0.3981  0 04 x 05    0.2697  0 04 x 04    0.2698  0 04 x 06
0.3987  0 30 x 12    0.3986  0 30 x 12    0.2698  0 04 x 06    0.2698  0 04 x 04
0.3987  0 28 x 12    0.3987  0 28 x 12    0.2699  0 29 t 03    0.2699  0 29 t 03
0.3998  0 27 x 10    0.3997  0 27 x 10    0.2700  0 00 t 10    0.2701  0 00 t 10
0.4000  0 07 x 05    0.4000  0 07 x 05    0.2701  0 27 t 03    0.2701  0 07 t 05
0.4004  0 04 x 04    0.4003  0 06 x 07    0.2702  0 07 t 05    0.2702  0 27 t 03
0.4006  0 06 x 07    0.4005  0 04 x 04    0.2703  0 05 x 07    0.2704  0 07 t 07
0.4007  0 00 t 10    0.4008  0 00 t 10    0.2703  0 07 t 06    0.2704  0 05 x 07
0.4007  0 04 x 06    0.4008  0 04 x 06    0.2704  0 07 t 07    0.2704  0 00 x 05
0.4017  5 08 t 08    0.4018  0 00 t 12    0.2705  0 00 x 05    0.2706  0 07 t 06
0.4020  0 00 t 12    0.4018  5 08 t 08    0.2708  0 07 t 08    0.2706  0 07 t 08
0.4020  0 00 x 05    0.4019  0 00 x 05    0.2708  0 00 t 12    0.2707  0 29 x 03
0.4023  0 06 x 08    0.4024  0 06 x 08    0.2708  0 29 x 03    0.2708  0 00 t 12
0.4035  0 32 x 03    0.4035  0 31 x 03    0.2720  0 05 x 08    0.2720  0 05 x 08
0.4035  0 31 x 03    0.4036  0 32 x 03    0.2724  0 31 t 03    0.2724  0 31 t 03
0.4035  0 32 t 03    0.4037  0 32 t 03    0.2724  0 01 x 07    0.2725  0 01 x 07
0.4039  0 07 x 04    0.4039  0 07 x 04    0.2727  0 06 x 07    0.2728  0 06 x 07
0.4042  0 01 x 07    0.4042  0 01 x 07    0.2729  0 00 x 04    0.2729  0 00 x 04
0.4049  0 07 x 06    0.4050  0 07 x 06    0.2732  0 30 x 03    0.2732  0 30 x 03
0.4051  0 27 t 03    0.4051  0 29 t 03    0.2737  0 06 x 08    0.2736  0 06 x 08
0.4052  0 29 t 03    0.4052  0 27 t 03    0.2738  0 28 x 03    0.2738  0 28 x 03
0.4056  0 00 x 04    0.4053  0 05 x 07    0.2738  0 00 x 06    0.2739  0 00 x 06
0.4058  0 05 x 07    0.4057  0 00 x 04    0.2741  0 07 t 10    0.2740  0 07 t 10
0.4062  5 08 t 06    0.4062  5 08 t 06    0.2743  0 07 t 04    0.2744  0 07 t 04
0.4069  5 08 t 07    0.4070  5 08 t 07    0.2748  0 04 x 07    0.2748  0 04 x 07
0.4075  0 29 x 03    0.4075  0 04 x 07    0.2750  0 27 x 12    0.2750  0 27 x 12
0.4076  0 04 x 07    0.4075  0 29 x 03    0.2750  0 07 t 12    0.2750  0 07 t 12
0.4076  0 00 x 06    0.4075  0 00 x 06    0.2772  0 04 x 08    0.2772  0 04 x 08
0.4085  0 05 x 08    0.4085  0 05 x 08    0.2774  0 07 x 05    0.2773  0 07 x 05
0.4088  0 31 t 03    0.4089  5 08 t 04    0.2784  0 01 x 08    0.2782  0 01 t 03
0.4089  5 08 t 04    0.4090  0 31 t 03    0.2784  0 27 x 03    0.2784  0 05 t 03
0.4093  0 27 x 12    0.4093  0 27 x 12    0.2784  0 01 t 03    0.2784  0 27 x 03
0.4099  5 08 t 05    0.4098  5 08 t 10    0.2784  0 05 t 03    0.2785  0 01 x 08
0.4100  5 08 t 10    0.4099  5 08 t 05    0.2788  5 08 t 08    0.2787  5 08 t 08
0.4105  0 27 x 03    0.4105  0 30 x 03    0.2800  0 07 x 06    0.2800  0 07 x 06
0.4105  0 30 x 03    0.4110  5 08 t 12    0.2803  0 07 x 04    0.2802  0 07 x 04
0.4109  5 08 t 12    0.4112  0 04 x 08    0.2809  0 00 x 07    0.2813  0 00 x 07
0.4112  0 04 x 08    0.4113  4 08 t 08    0.2814  4 08 t 08    0.2814  4 08 t 08
0.4113  4 08 t 08    0.4117  0 07 x 07    0.2816  5 08 t 06    0.2817  5 08 t 06
0.4113  0 07 x 07    0.4123  0 28 x 03    0.2817  0 05 x 10    0.2817  0 05 x 10
0.4123  0 28 x 03    0.4133  0 01 x 08    0.2821  5 08 t 07    0.2822  5 08 t 07
0.4133  0 01 x 08    0.4140  6 08 t 08    0.2823  0 04 t 03    0.2822  0 04 t 03
0.4140  6 08 t 08    0.4141  4 08 t 04    0.2830  0 06 x 10    0.2829  0 06 x 10
0.4141  4 08 t 04    0.4164  4 08 t 06    0.2831  4 08 t 04    0.2833  4 08 t 04
0.4163  4 08 t 06    0.4171  6 08 t 06    0.2838  0 06 t 03    0.2839  0 06 t 03
0.4173  6 08 t 06    0.4171  0 06 x 10    0.2840  5 08 t 04    0.2841  5 08 t 04
0.4174  0 06 x 10    0.4176  4 08 t 07    0.2845  0 02 x 03    0.2844  0 02 x 03
0.4180  4 08 t 07    0.4183  0 07 x 08    0.2846  4 08 t 06    0.2846  4 08 t 06
0.4181  0 07 x 08    0.4184  4 08 t 10    0.2848  5 08 t 05    0.2847  5 08 t 05
0.4182  0 00 x 07    0.4185  6 08 t 07    0.2848  5 08 t 10    0.2848  5 08 t 10
0.4184  4 08 t 10    0.4186  0 00 x 07    0.2851  0 07 x 07    0.2852  0 00 t 03
0.4185  6 08 t 07    0.4192  6 08 t 10    0.2853  0 00 t 03    0.2854  0 07 x 07
0.4192  6 08 t 10    0.4194  0 27 x 03    0.2856  5 08 t 12    0.2856  5 08 t 12
0.4196  4 08 t 05    0.4195  4 08 t 05    0.2857  4 08 t 07    0.2857  4 08 t 07
0.4197  6 08 t 12    0.4197  6 08 t 12    0.2860  4 08 t 10    0.2861  4 08 t 10
0.4198  4 08 t 12    0.4197  4 08 t 12    0.2869  4 08 t 05    0.2868  4 08 t 05
0.4201  6 08 t 04    0.4201  6 08 t 04    0.2870  0 05 x 12    0.2869  0 05 x 12
0.4203  5 08 x 04    0.4205  5 08 x 04    0.2873  4 08 t 12    0.2872  4 08 t 12
0.4210  0 05 t 03    0.4210  0 05 t 03    0.2875  0 00 x 08    0.2874  0 00 x 08
0.4212  6 08 t 05    0.4212  6 08 t 05    0.2875  0 03 x 03    0.2875  0 05 x 03
0.4218  0 01 t 03    0.4218  0 01 t 03    0.2876  0 05 x 03    0.2876  0 03 x 03
0.4226  0 06 t 03    0.4226  0 06 t 03    0.2878  0 01 x 03    0.2878  0 01 x 03
0.4242  0 05 x 10    0.4242  0 05 x 10    0.2885  0 04 x 10    0.2885  0 04 x 10
0.4250  5 08 x 06    0.4249  5 08 x 06    0.2889  0 06 x 12    0.2888  0 06 x 12
0.4253  0 04 t 03    0.4252  5 08 x 05    0.2893  0 03 x 04    0.2892  0 03 x 04
0.4256  5 08 x 05    0.4255  0 04 t 03    0.2894  0 01 x 10    0.2894  0 01 x 10
0.4265  0 06 x 12    0.4264  0 06 x 12    0.2902  0 07 x 08    0.2900  0 03 x 06
0.4278  4 08 x 04    0.4277  4 08 x 04    0.2904  0 03 x 06    0.2901  0 07 x 08
0.4282  0 04 x 10    0.4283  0 04 x 10    0.2906  5 08 x 04    0.2905  5 08 x 04
0.4282  0 00 x 08    0.4284  0 00 t 03    0.2915  4 08 x 04    0.2915  4 08 x 04
0.4285  0 00 t 03    0.4284  0 00 x 08    0.2916  0 04 x 03    0.2917  0 04 x 03
0.4288  0 02 x 03    0.4288  0 02 x 03    0.2918  0 07 t 03    0.2918  0 07 t 03
0.4291  5 08 x 08    0.4291  5 08 x 08    0.2927  0 03 x 07    0.2928  0 03 x 07
0.4292  0 07 t 03    0.4293  0 07 t 03    0.2929  0 03 x 05    0.2931  0 03 x 05
0.4298  0 01 x 10    0.4297  0 01 x 10    0.2935  5 08 x 06    0.2933  0 06 x 03
0.4305  0 03 x 04    0.4306  0 03 x 06    0.2937  0 01 x 12    0.2935  5 08 x 06
0.4307  0 03 x 06    0.4307  0 03 x 04    0.2939  0 06 x 03    0.2936  0 01 x 12
0.4311  0 07 x 10    0.4312  0 07 x 10    0.2940  5 08 x 05    0.2941  5 08 x 05
0.4321  6 08 x 04    0.4320  6 08 x 04    0.2948  0 00 x 03    0.2945  0 00 x 03
0.4322  5 08 x 07    0.4322  5 08 x 07    0.2948  0 04 x 12    0.2948  0 04 x 12
0.4323  0 05 x 12    0.4323  0 05 x 12    0.2949  6 08 t 08    0.2948  6 08 t 08
0.4336  0 03 x 03    0.4336  0 03 x 03    0.2956  0 03 x 10    0.2959  0 03 x 10
0.4342  6 08 x 05    0.4342  6 08 x 05    0.2961  5 08 x 08    0.2960  4 08 x 05
0.4342  4 08 x 05    0.4342  4 08 x 05    0.2961  4 08 x 05    0.2961  0 03 x 08
0.4347  0 03 x 07    0.4346  0 03 x 07    0.2961  0 03 x 08    0.2963  5 08 x 08
0.4351  4 08 x 06    0.4352  4 08 x 06    0.2965  0 00 x 10    0.2964  0 00 x 10
0.4353  0 03 x 05    0.4353  0 03 x 05    0.2966  4 08 x 06    0.2966  4 08 x 06
0.4365  0 01 x 12    0.4366  6 08 x 06    0.2971  3 08 t 06    0.2970  3 08 t 06
0.4367  6 08 x 06    0.4366  0 01 x 12    0.2974  6 08 t 06    0.2974  3 08 t 08
0.4371  0 05 x 03    0.4371  0 05 x 03    0.2974  3 08 t 08    0.2974  6 08 t 06
0.4373  0 01 x 03    0.4372  0 01 x 03    0.2979  0 03 x 12    0.2979  0 03 x 12
0.4378  4 08 x 08    0.4376  4 08 x 08    0.2982  6 08 t 07    0.2982  6 08 t 07
0.4379  0 04 x 12    0.4379  0 04 x 12    0.2983  6 08 t 10    0.2984  6 08 t 10
0.4386  0 03 x 10    0.4390  0 03 x 08    0.2984  5 08 x 07    0.2984  5 08 x 07
0.4389  3 08 t 06    0.4390  3 08 t 06    0.2984  6 08 t 12    0.2985  4 08 x 08
0.4390  0 03 x 08    0.4392  0 03 x 10    0.2985  4 08 x 08    0.2986  6 08 t 12
0.4394  3 08 t 08    0.4393  3 08 t 08    0.2990  0 07 x 10    0.2990  0 07 x 10
0.4398  0 07 x 12    0.4397  0 06 x 03    0.2991  3 08 t 04    0.2991  3 08 t 04
0.4398  0 06 x 03    0.4399  0 07 x 12    0.2995  3 08 t 05    0.2994  3 08 t 05
0.4408  6 08 x 08    0.4408  6 08 x 08    0.2998  6 08 t 04    0.2999  6 08 t 04
0.4414  0 04 x 03    0.4414  0 04 x 03    0.3008  6 08 t 05    0.3007  6 08 t 05
0.4417  3 08 t 04    0.4417  3 08 t 04    0.3012  0 00 x 12    0.3012  0 00 x 12
0.4418  0 00 x 10    0.4419  0 00 x 10    0.3016  4 08 x 07    0.3017  4 08 x 07
0.4424  0 03 x 12    0.4423  3 08 t 05    0.3034  3 08 t 07    0.3035  3 08 t 07
0.4424  3 08 t 05    0.4423  0 03 x 12    0.3036  3 08 t 10    0.3037  3 08 t 10
0.4425  4 08 x 07    0.4425  4 08 x 07    0.3037  3 08 x 04    0.3037  3 08 x 04
0.4434  6 08 x 07    0.4432  6 08 x 07    0.3040  3 08 t 12    0.3039  3 08 t 12
0.4444  0 00 x 03    0.4444  0 00 x 03    0.3051  0 07 x 03    0.3052  0 07 x 03
0.4463  0 07 x 03    0.4461  0 07 x 03    0.3054  0 07 x 12    0.3052  0 07 x 12
0.4482  3 08 t 07    0.4483  3 08 t 07    0.3068  6 08 x 04    0.3069  6 08 x 04
0.4490  3 08 x 04    0.4490  3 08 x 04    0.3085  6 08 x 05    0.3085  6 08 x 05
0.4490  0 00 x 12    0.4492  0 00 x 12    0.3101  6 08 x 06    0.3101  6 08 x 06
0.4494  3 08 t 10    0.4493  3 08 t 10    0.3120  6 08 x 08    0.3119  6 08 x 08
0.4498  3 08 t 12    0.4499  3 08 t 12    0.3123  5 08 x 10    0.3123  5 08 x 10
0.4517  5 08 x 10    0.4516  5 08 x 10    0.3129  3 08 x 05    0.3128  3 08 x 05
0.4586  5 08 t 03    0.4585  5 08 t 03    0.3133  4 08 x 10    0.3131  4 08 x 10
0.4591  5 08 x 12    0.4591  5 08 x 12    0.3140  3 08 x 08    0.3139  3 08 x 08
0.4595  4 08 x 10    0.4594  4 08 x 10    0.3142  3 08 x 06    0.3142  3 08 x 06
0.4613  6 08 x 10    0.4612  6 08 x 10    0.3144  6 08 x 07    0.3143  6 08 x 07
0.4623  7 08 t 05    0.4622  7 08 t 05    0.3171  0 02 x 04    0.3169  0 02 x 04
0.4631  3 08 x 05    0.4630  3 08 x 05    0.3173  4 08 t 03    0.3174  5 08 x 12
0.4637  7 08 t 04    0.4634  7 08 t 04    0.3174  5 08 x 12    0.3174  4 08 t 03
0.4637  4 08 t 03    0.4637  4 08 t 03    0.3187  4 08 x 12    0.3187  4 08 x 12
0.4648  3 08 x 08    0.4648  3 08 x 08    0.3189  3 08 x 07    0.3190  5 08 t 03
0.4656  3 08 x 06    0.4656  3 08 x 06    0.3190  5 08 t 03    0.3191  3 08 x 07
0.4669  4 08 x 12    0.4671  4 08 x 12    0.3220  4 08 x 03    0.3219  4 08 x 03
0.4684  6 08 x 12    0.4684  6 08 x 12    0.3254  6 08 x 10    0.3254  6 08 x 10
0.4711  5 08 x 03    0.4706  0 02 x 04    0.3257  5 08 x 03    0.3257  5 08 x 03
0.4713  4 08 x 03    0.4711  5 08 x 03    0.3296  6 08 x 12    0.3296  6 08 x 12
0.4715  0 02 x 04    0.4713  4 08 x 03    0.3303  3 08 x 10    0.3302  3 08 x 10
0.4722  3 08 x 07    0.4723  3 08 x 07    0.3338  3 08 t 03    0.3337  3 08 t 03
0.4733  6 08 t 03    0.4731  6 08 t 03    0.3354  3 08 x 12    0.3355  3 08 x 12
0.4752  7 08 x 05    0.4751  7 08 x 05    0.3390  6 08 t 03    0.3391  6 08 t 03
0.4767  7 08 x 04    0.4767  7 08 x 04    0.3395  3 08 x 03    0.3394  3 08 x 03
0.4874  6 08 x 03    0.4875  6 08 x 03    0.3417  2 08 t 04    0.3417  2 08 t 04
0.4894  3 08 x 10    0.4893  3 08 x 10    0.3427  2 08 t 05    0.3427  2 08 t 05
0.4939  3 08 t 03    0.4941  3 08 t 03    0.3448  2 08 x 04    0.3447  2 08 x 04
0.4973  3 08 x 12    0.4971  3 08 x 12    0.3449  7 08 t 05    0.3449  7 08 t 05
0.5025  3 08 x 03    0.5025  3 08 x 03    0.3464  7 08 t 04    0.3462  7 08 t 04
0.5067  2 08 t 04    0.5065  2 08 t 04    0.3475  6 08 x 03    0.3475  6 08 x 03
0.5079  2 08 t 05    0.5079  2 08 t 05    0.3495  0 01 t 02    0.3495  0 01 t 02
0.5115  2 08 x 04    0.5116  2 08 x 04    0.3510  0 05 t 02    0.3510  0 05 t 02
0.5247  2 08 x 05    0.5247  2 08 x 05    0.3526  0 06 t 02    0.3525  0 06 t 02
0.5297  0 27 t 02    0.5299  0 27 t 02    0.3526  7 08 x 05    0.3525  7 08 x 05
0.5303  7 08 t 03    0.5303  7 08 t 03    0.3531  0 31 t 02    0.3532  0 31 t 02
0.5313  0 06 t 02    0.5314  0 06 t 02    0.3537  7 08 x 04    0.3538  2 08 x 05
0.5323  0 02 x 05    0.5324  0 02 x 05    0.3538  2 08 x 05    0.3538  7 08 x 04
0.5323  0 01 t 02    0.5324  0 01 t 02    0.3539  0 29 t 02    0.3540  0 29 t 02
0.5331  0 05 t 02    0.5329  0 05 t 02    0.3541  0 04 t 02    0.3543  0 04 t 02
0.5348  0 31 t 02    0.5330  0 00 t 02    0.3555  0 28 t 02    0.3554  0 28 t 02
0.5360  0 29 t 02    0.5350  0 31 t 02    0.3570  0 30 t 02    0.3569  0 30 t 02
0.5380  0 28 t 02    0.5359  0 29 t 02    0.3576  0 02 x 05    0.3580  0 02 x 05
0.5381  0 04 t 02    0.5378  0 28 t 02    0.3584  0 00 t 02    0.3585  0 00 t 02
0.5401  0 30 t 02    0.5381  0 04 t 02    0.3594  0 27 t 02    0.3594  0 27 t 02
0.5415  0 07 t 02    0.5401  0 30 t 02    0.3638  0 07 t 02    0.3638  0 07 t 02
0.5423  7 08 x 03    0.5415  0 07 t 02    0.3742  0 27 x 02    0.3741  0 27 x 02
0.5432  0 00 t 02    0.5424  7 08 x 03    0.3745  0 01 x 02    0.3744  0 01 x 02
0.5643  0 28 x 02    0.5614  0 28 x 02    0.3749  0 05 x 02    0.3745  0 29 x 02
0.5654  0 02 x 06    0.5631  0 29 x 02    0.3757  0 06 x 02    0.3750  0 05 x 02
0.5662  0 29 x 02    0.5641  0 31 x 02    0.3769  0 04 x 02    0.3751  0 28 x 02
0.5670  2 08 t 03    0.5654  0 30 x 02    0.3798  0 29 x 02    0.3752  0 31 x 02
0.5671  0 30 x 02    0.5668  0 02 x 06    0.3802  0 31 x 02    0.3755  0 30 x 02
0.5672  0 27 x 02    0.5671  2 08 t 03    0.3802  0 32 t 02    0.3756  0 06 x 02
0.5674  2 08 x 03    0.5673  0 27 x 02    0.3802  0 32 x 02    0.3770  0 04 x 02
0.5684  0 06 x 02    0.5675  2 08 x 03    0.3808  0 28 x 02    0.3801  0 32 x 02
0.5699  0 31 x 02    0.5684  0 06 x 02    0.3814  2 08 t 03    0.3802  0 32 t 02
0.5724  0 05 x 02    0.5723  0 05 x 02    0.3818  2 08 x 03    0.3813  2 08 t 03
0.5725  0 01 x 02    0.5723  0 01 x 02    0.3822  0 30 x 02    0.3818  0 02 x 06
0.5752  0 04 x 02    0.5727  0 00 x 02    0.3832  0 02 x 06    0.3820  2 08 x 03
0.5774  0 32 x 02    0.5752  0 04 x 02    0.3875  0 07 x 02    0.3875  0 07 x 02
0.5774  0 32 t 02    0.5774  0 32 x 02    0.3884  0 00 x 02    0.3883  0 00 x 02
0.5803  0 07 x 02    0.5775  0 32 t 02    0.3900  0 02 x 02    0.3900  0 02 x 02
0.5886  0 00 x 02    0.5803  0 07 x 02    0.3907  0 03 x 02    0.3906  0 03 x 02
0.5929  0 02 x 02    0.5929  0 02 x 02    0.3989  7 08 t 03    0.3988  7 08 t 03
0.5940  0 03 x 02    0.5941  0 03 x 02    0.4020  4 08 t 02    0.4019  4 08 t 02
0.5984  5 08 t 02    0.5984  5 08 t 02    0.4039  0 02 x 07    0.4038  0 02 x 07
0.5993  0 02 x 08    0.5998  0 02 x 07    0.4059  0 02 x 08    0.4044  0 02 x 08
0.5998  0 02 x 07    0.6020  0 02 x 08    0.4060  5 08 t 02    0.4061  5 08 t 02
0.6036  4 08 t 02    0.6035  4 08 t 02    0.4063  7 08 x 03    0.4062  7 08 x 03
0.6058  0 02 x 10    0.6108  0 02 x 10    0.4094  0 02 x 10    0.4104  0 02 x 10
0.6112  0 02 x 12    0.6113  0 02 x 12    0.4113  0 02 x 12    0.4113  0 02 x 12
0.6259  6 08 t 02    0.6258  6 08 t 02    0.4244  3 08 t 02    0.4243  3 08 t 02
0.6392  5 08 x 02    0.6391  5 08 x 02    0.4311  4 08 x 02    0.4311  4 08 x 02
0.6426  3 08 t 02    0.6425  3 08 t 02    0.4326  5 08 x 02    0.4327  5 08 x 02
0.6477  4 08 x 02    0.6477  4 08 x 02    0.4395  6 08 t 02    0.4396  6 08 t 02
0.6673  6 08 x 02    0.6673  6 08 x 02    0.4475  3 08 x 02    0.4528  3 08 x 02
0.6805  3 08 x 02    0.6806  3 08 x 02    0.4707  1 08 t 04    0.4709  1 08 t 04
0.7018  1 08 t 04    0.7021  1 08 x 04    0.4712  1 08 x 04    0.4711  1 08 x 04
0.7024  1 08 x 04    0.7025  1 08 t 04    0.4735  1 08 t 05    0.4734  1 08 t 05
0.7056  1 08 t 05    0.7054  1 08 t 05    0.4735  1 08 x 05    0.4735  1 08 x 05
0.7059  1 08 x 05    0.7059  1 08 x 05    0.4736  6 08 x 02    0.4736  6 08 x 02
0.7094  7 08 t 02    0.7093  7 08 t 02    0.4940  2 08 t 02    0.4939  2 08 t 02
0.7371  2 08 t 02    0.7371  2 08 t 02    0.5120  2 08 x 02    0.5117  2 08 x 02
0.7490  7 08 x 02    0.7490  7 08 x 02    0.5156  1 08 x 03    0.5159  1 08 t 03
0.7649  2 08 x 02    0.7650  2 08 x 02    0.5157  1 08 t 03    0.5161  1 08 x 03
0.7709  1 08 t 03    0.7709  1 08 t 03    0.5334  7 08 t 02    0.5334  7 08 t 02
0.7712  1 08 x 03    0.7712  1 08 x 03    0.5595  7 08 x 02    0.5593  7 08 x 02
0.8868  0 06 t 01    0.8864  0 06 t 01    0.5871  0 05 t 01    0.5856  0 06 t 01
0.8916  0 05 t 01    0.8901  0 05 t 01    0.5873  0 06 t 01    0.5863  0 05 t 01
0.8992  0 07 t 01    0.8978  0 07 t 01    0.5937  0 07 t 01    0.5934  0 07 t 01
0.9138  0 01 t 01    0.9128  0 04 t 01    0.5955  0 01 t 01    0.5942  0 01 t 01
0.9161  0 04 t 01    0.9129  0 01 t 01    0.5970  0 04 t 01    0.5950  0 04 t 01
0.9261  0 29 t 01    0.9247  0 29 t 01    0.6027  0 31 t 01    0.6012  0 31 t 01
0.9270  0 31 t 01    0.9253  0 31 t 01    0.6044  0 29 t 01    0.6025  0 29 t 01
0.9284  0 00 t 01    0.9281  0 00 t 01    0.6054  0 30 t 01    0.6047  0 00 t 01
0.9327  0 30 t 01    0.9325  0 30 t 01    0.6063  0 00 t 01    0.6052  0 30 t 01
0.9346  0 28 t 01    0.9337  0 28 t 01    0.6096  0 28 t 01    0.6077  0 28 t 01
0.9591  0 27 t 01    0.9541  0 27 t 01    0.6294  0 27 t 01    0.6242  0 27 t 01
0.9638  0 05 x 01    0.9626  0 05 x 01    0.6310  0 05 x 01    0.6290  0 05 x 01
0.9675  0 07 x 01    0.9678  0 07 x 01    0.6347  0 07 x 01    0.6315  0 06 x 01
0.9728  0 06 x 01    0.9701  0 06 x 01    0.6349  0 06 x 01    0.6318  0 07 x 01
0.9838  0 04 x 01    0.9815  0 04 x 01    0.6423  0 04 x 01    0.6388  0 04 x 01
0.9850  0 01 x 01    0.9821  0 01 x 01    0.6461  0 30 x 01    0.6397  0 01 x 01
0.9902  0 30 x 01    0.9891  0 30 x 01    0.6464  0 01 x 01    0.6451  0 30 x 01
0.9952  0 31 x 01    0.9942  1 08 t 02    0.6485  0 31 x 01    0.6474  0 31 x 01
0.9997  0 29 x 01    0.9948  0 31 x 01    0.6516  0 29 x 01    0.6507  0 29 x 01
1.0015  0 28 x 01    0.9981  0 29 x 01    0.6528  0 28 x 01    0.6517  0 28 x 01
1.0055  5 08 t 01    1.0006  0 28 x 01    0.6587  0 27 x 01    0.6556  0 32 t 01
1.0059  0 32 x 01    1.0030  0 32 x 01    0.6608  0 32 x 01    0.6556  0 32 x 01
1.0085  0 32 t 01    1.0048  5 08 t 01    0.6652  0 00 x 01    0.6576  0 27 x 01
1.0091  0 27 x 01    1.0054  0 32 t 01    0.6656  0 32 t 01    0.6652  0 00 x 01
1.0188  0 00 x 01    1.0095  0 27 x 01    0.6682  5 08 t 01    0.6659  5 08 t 01
1.0225  1 08 x 02    1.0109  0 00 x 01    0.6816  1 08 x 02    0.6813  1 08 x 02
1.0227  1 08 t 02    1.0223  1 08 x 02    0.6816  1 08 t 02    0.6815  1 08 t 02
1.0271  6 08 t 01    1.0252  6 08 t 01    0.6849  4 08 t 01    0.6829  4 08 t 01
1.0407  4 08 t 01    1.0397  4 08 t 01    0.6943  0 03 x 01    0.6927  0 03 x 01
1.0632  5 08 x 01    1.0613  5 08 x 01    0.6960  6 08 t 01    0.6927  6 08 t 01
1.0662  0 03 x 01    1.0649  0 03 x 01    0.6987  0 02 x 01    0.6939  0 02 x 01
1.0682  0 02 x 01    1.0658  0 02 x 01    0.7057  5 08 x 01    0.7023  5 08 x 01
1.0716  6 08 x 01    1.0706  6 08 x 01    0.7144  4 08 x 01    0.7116  4 08 x 01
1.0779  7 08 t 01    1.0755  7 08 t 01    0.7243  6 08 x 01    0.7232  6 08 x 01
1.0855  4 08 x 01    1.0827  4 08 x 01    0.7292  3 08 t 01    0.7261  3 08 t 01
1.1135  3 08 t 01    1.1119  3 08 t 01    0.7543  3 08 x 01    0.7520  3 08 x 01
1.1363  7 08 x 01    1.1351  7 08 x 01    0.7722  7 08 t 01    0.7569  7 08 t 01
1.1474  3 08 x 01    1.1466  3 08 x 01    0.8032  7 08 x 01    0.7949  7 08 x 01
1.2644  2 08 t 01    1.2628  2 08 t 01    0.8359  2 08 t 01    0.8295  2 08 t 01
1.2954  2 08 x 01    1.2929  2 08 x 01    0.8571  2 08 x 01    0.8489  2 08 x 01
1.8118  1 08 t 01    1.8099  1 08 t 01    1.2073  1 08 t 01    1.2047  1 08 t 01
1.8125  1 08 x 01    1.8100  1 08 x 01    1.2079  1 08 x 01    1.2058  1 08 x 01
---Benchmark Program Finished---
