
jeffreyhurchalla@Jeffreys-MacBook-Air montgomery_two_pow % ./testbench.sh g++ O3 MontgomeryFull __uint128_t 191 8 40                                             
compilation finished, now executing:
---Running Program---

begin benchmarks - array two_pow
(ignore)12673900455973402205682641815686729848

OVERALL BEST:
1.6923  0 30 t 04
1.6949  0 30 t 06
1.6951  0 31 t 04
1.7011  0 30 t 05
1.7020  0 31 t 06
1.7112  0 31 t 07
1.7165  0 31 t 03
1.7172  0 31 t 05
1.7203  0 29 t 05
1.7265  0 30 t 03
1.7272  0 28 t 05
1.7282  0 30 t 07
1.7317  0 29 t 04
1.7318  0 31 t 08
1.7346  0 29 t 06
1.7399  0 28 t 04
1.7445  0 30 t 08
1.7492  0 28 t 06
1.7507  0 31 t 10
1.7521  0 29 t 07
1.7586  0 29 t 03
1.7637  0 28 t 07
1.7638  0 28 t 03
1.7661  0 31 t 12
1.7666  0 29 t 08
1.7695  0 30 x 04
1.7718  0 30 t 12
1.7740  0 31 x 04
1.7785  0 28 t 08
1.7796  0 30 t 10
1.7881  0 30 x 06
1.7923  0 29 t 10
1.7940  0 30 x 05
1.7958  0 31 x 07
1.7963  0 28 t 10
1.7966  0 31 x 06
1.7973  0 30 x 07
1.7978  0 31 x 08
1.8061  0 28 t 12
1.8074  0 31 x 05
1.8079  0 29 x 04
1.8081  0 30 x 08
1.8090  0 31 x 10
1.8104  0 28 x 04
1.8126  0 29 x 05
1.8165  0 28 x 05
1.8171  0 29 t 12
1.8204  0 30 x 10
1.8220  0 29 x 06
1.8230  0 28 x 06
1.8254  0 31 x 03
1.8284  0 29 x 08
1.8291  0 30 x 03
1.8311  0 30 x 12
1.8317  0 31 x 12
1.8336  0 28 x 08
1.8386  0 28 x 07
1.8399  0 29 x 07
1.8512  0 29 x 10
1.8527  0 05 t 04
1.8537  0 28 x 10
1.8604  0 05 t 05
1.8607  0 29 x 12
1.8610  0 28 x 12
1.8687  0 06 t 04
1.8734  0 29 x 03
1.8743  0 28 x 03
1.8749  0 05 t 06
1.8759  0 06 t 05
1.8767  0 04 t 04
1.8895  0 05 t 08
1.8913  0 05 t 07
1.8931  0 04 t 05
1.8931  0 27 t 05
1.8973  0 04 t 06
1.9020  0 06 t 03
1.9022  0 04 t 07
1.9025  0 00 t 04
1.9031  0 05 t 03
1.9047  0 06 t 06
1.9073  0 00 t 05
1.9105  0 27 t 04
1.9128  0 00 t 06
1.9136  0 27 t 03
1.9226  0 27 t 06
1.9246  0 04 t 08
1.9267  0 05 t 10
1.9299  0 05 x 04
1.9309  0 04 t 10
1.9321  0 04 t 03
1.9335  0 00 t 07
1.9350  0 05 x 05
1.9355  0 27 t 07
1.9411  0 27 t 08
1.9416  0 00 t 03
1.9490  0 05 x 06
1.9503  0 06 x 04
1.9509  0 06 x 05
1.9553  0 27 t 10
1.9553  0 05 x 08
1.9558  0 27 x 04
1.9568  0 06 t 07
1.9570  0 00 t 08
1.9580  0 05 t 12
1.9586  0 04 t 12
1.9594  0 04 x 04
1.9598  0 06 t 08
1.9663  0 04 x 05
1.9673  0 07 t 03
1.9692  0 27 t 12
1.9696  0 01 t 04
1.9704  0 27 x 06
1.9730  0 01 t 05
1.9733  0 05 x 07
1.9744  0 04 x 06
1.9748  0 00 x 05
1.9754  0 04 x 08
1.9764  0 00 t 10
1.9784  0 00 x 04
1.9803  0 27 x 05
1.9809  0 07 t 05
1.9810  0 00 x 06
1.9876  0 06 t 12
1.9878  0 00 t 12
1.9879  0 01 t 06
1.9896  0 27 x 07
1.9906  0 06 x 03
1.9913  0 01 t 07
1.9915  0 07 t 04
1.9945  0 05 x 10
1.9950  0 05 x 03
1.9959  0 06 t 10
1.9970  0 27 x 08
1.9980  0 04 x 07
2.0013  0 06 x 06
2.0039  0 27 x 03
2.0134  0 00 x 08
2.0146  0 00 x 07
2.0148  0 04 x 12
2.0168  0 04 x 10
2.0230  0 04 x 03
2.0257  0 00 x 10
2.0262  0 01 t 03
2.0264  0 27 x 10
2.0295  0 06 x 07
2.0311  0 06 x 08
2.0350  0 00 x 03
2.0434  0 01 t 10
2.0452  0 01 t 08
2.0470  0 27 x 12
2.0500  0 01 x 04
2.0538  0 05 x 12
2.0552  0 01 t 12
2.0556  0 01 x 05
2.0630  0 07 x 04
2.0726  0 01 x 06
2.0789  0 06 x 10
2.0813  0 06 x 12
2.0893  0 01 x 07
2.0911  0 07 t 06
2.1044  0 07 x 03
2.1045  0 01 x 03
2.1205  0 01 x 08
2.1360  0 01 x 12
2.1412  0 01 x 10
2.1517  0 00 x 12
2.1612  4 08 t 05
2.1620  4 08 t 04
2.1869  4 08 t 06
2.1902  0 07 t 07
2.1904  0 07 x 05
2.1947  4 08 t 03
2.1978  0 07 t 08
2.1989  0 07 t 12
2.2075  0 07 x 06
2.2081  4 08 t 07
2.2205  3 08 t 04
2.2224  4 08 t 08
2.2283  4 08 x 04
2.2300  5 08 t 04
2.2394  4 08 x 05
2.2427  0 07 x 07
2.2443  4 08 t 10
2.2454  3 08 t 03
2.2532  5 08 t 05
2.2539  3 08 t 05
2.2562  3 08 t 06
2.2591  5 08 t 06
2.2601  0 07 t 10
2.2606  3 08 x 04
2.2631  3 08 t 07
2.2646  4 08 x 06
2.2687  5 08 t 03
2.2763  3 08 t 08
2.2797  0 07 x 08
2.2859  4 08 t 12
2.2915  4 08 x 07
2.2973  5 08 t 07
2.3019  4 08 x 03
2.3087  3 08 t 12
2.3102  4 08 x 08
2.3130  3 08 x 05
2.3166  3 08 t 10
2.3214  5 08 t 08
2.3250  3 08 x 06
2.3266  5 08 x 04
2.3348  5 08 x 06
2.3394  3 08 x 03
2.3400  4 08 x 10
2.3404  5 08 x 05
2.3414  4 08 x 12
2.3533  3 08 x 07
2.3558  0 07 x 10
2.3587  3 08 x 08
2.3715  5 08 t 10
2.3742  5 08 x 07
2.3777  0 07 x 12
2.3825  5 08 x 03
2.3852  5 08 t 12
2.3857  3 08 x 10
2.3965  5 08 x 08
2.4065  3 08 x 12
2.4269  2 08 t 04
2.4364  5 08 x 10
2.4490  2 08 t 05
2.4539  5 08 x 12
2.5035  2 08 x 04
2.5144  2 08 t 03
2.5274  6 08 t 05
2.5292  2 08 x 05
2.5319  6 08 t 06
2.5421  6 08 t 04
2.5616  6 08 t 03
2.5874  6 08 t 07
2.5950  2 08 x 03
2.6048  6 08 x 04
2.6155  6 08 t 08
2.6214  6 08 x 05
2.6316  6 08 x 06
2.6782  6 08 x 03
2.6898  6 08 x 07
2.6986  6 08 t 10
2.7170  6 08 x 08
2.7381  6 08 t 12
2.7747  6 08 x 10
2.7904  6 08 x 12
3.1853  7 08 t 05
3.1945  7 08 t 04
3.2382  7 08 t 03
3.2682  7 08 x 04
3.2817  7 08 x 05
3.2988  0 03 x 03
3.3198  1 08 x 05
3.3235  1 08 t 04
3.3242  1 08 t 05
3.3263  1 08 x 04
3.3485  7 08 x 03
3.3796  0 03 x 04
3.3904  0 02 x 03
3.4007  0 03 x 05
3.4165  0 02 x 05
3.4256  1 08 x 03
3.4287  1 08 t 03
3.4303  0 02 x 04
3.4427  0 03 x 06
3.4972  0 02 x 06
3.5084  0 03 x 07
3.5174  0 02 x 07
3.5438  0 02 x 10
3.5488  0 03 x 08
3.5603  0 02 x 08
3.5914  0 02 x 12
3.6302  0 03 x 10
3.6551  0 03 x 12
Timings By Test Type:
0.6165  0 30 t 06    0.3871  0 31 x 04    0.4165  0 31 t 03    0.2632  0 31 x 08
0.6167  0 30 t 05    0.3884  0 31 x 08    0.4179  0 31 t 06    0.2636  0 31 x 07
0.6168  0 31 t 04    0.3885  0 31 x 07    0.4183  0 30 t 03    0.2641  0 31 x 04
0.6169  0 31 t 03    0.3885  0 30 x 04    0.4185  0 30 t 06    0.2643  0 30 x 04
0.6176  0 30 t 04    0.3898  0 30 t 06    0.4185  0 30 t 05    0.2653  0 30 x 06
0.6177  0 31 t 06    0.3898  0 30 t 04    0.4191  0 30 t 04    0.2654  0 30 x 07
0.6178  0 31 t 07    0.3906  0 30 x 08    0.4194  0 31 t 04    0.2656  0 31 x 06
0.6180  0 30 t 03    0.3907  0 30 x 07    0.4207  0 31 t 07    0.2657  0 31 t 04
0.6209  0 31 t 05    0.3915  0 30 x 06    0.4235  0 31 t 05    0.2657  0 30 x 08
0.6261  0 30 t 07    0.3929  0 31 x 06    0.4238  0 29 t 03    0.2658  0 30 t 04
0.6268  0 29 t 05    0.3932  0 31 t 04    0.4240  0 29 t 05    0.2679  0 30 x 05
0.6269  0 29 t 06    0.3939  0 30 x 05    0.4244  0 29 t 06    0.2691  0 30 t 05
0.6272  0 28 t 05    0.3948  0 31 t 06    0.4252  0 30 t 07    0.2694  0 31 x 05
0.6281  0 29 t 03    0.3961  0 31 x 05    0.4253  0 28 t 05    0.2695  0 29 x 05
0.6292  0 28 t 03    0.3968  0 30 t 05    0.4258  0 29 t 04    0.2701  0 30 t 06
0.6297  0 29 t 04    0.3976  0 31 x 10    0.4259  0 28 t 03    0.2702  0 31 t 08
0.6305  0 29 t 07    0.3976  0 29 x 05    0.4260  0 29 t 07    0.2702  0 29 t 05
0.6313  0 28 t 06    0.3987  0 31 t 08    0.4282  0 28 t 04    0.2709  0 29 x 06
0.6319  0 28 t 04    0.3993  0 29 t 05    0.4290  0 28 t 06    0.2710  0 31 x 12
0.6323  0 31 t 10    0.3994  0 28 x 05    0.4295  0 31 t 08    0.2711  0 29 x 08
0.6334  0 31 t 08    0.3994  0 28 x 04    0.4299  0 31 t 10    0.2711  0 31 x 10
0.6349  0 28 t 07    0.3996  0 29 x 04    0.4320  0 30 t 08    0.2715  0 28 x 04
0.6358  0 30 t 08    0.3997  0 31 t 05    0.4333  0 28 t 07    0.2717  0 31 t 06
0.6383  0 31 t 12    0.3998  0 31 x 12    0.4353  0 31 t 12    0.2717  0 29 x 04
0.6415  0 30 t 10    0.4002  0 30 x 12    0.4354  0 29 t 08    0.2717  0 28 x 05
0.6415  0 30 t 12    0.4006  0 31 t 07    0.4357  0 30 t 12    0.2719  0 29 x 07
0.6431  0 29 t 08    0.4007  0 28 x 06    0.4365  0 28 t 08    0.2722  0 28 x 06
0.6455  0 29 t 10    0.4007  0 29 x 08    0.4374  0 29 t 10    0.2722  0 31 t 07
0.6473  0 28 t 10    0.4010  0 29 x 06    0.4377  0 30 t 10    0.2723  0 28 x 07
0.6503  0 28 t 08    0.4011  0 30 t 08    0.4390  0 28 t 10    0.2726  0 30 x 10
0.6527  0 28 t 12    0.4016  0 28 x 08    0.4423  0 29 t 12    0.2728  0 28 t 05
0.6542  0 29 t 12    0.4016  0 29 x 07    0.4435  0 28 t 12    0.2731  0 31 t 05
0.6664  0 30 x 04    0.4019  0 28 t 05    0.4503  0 30 x 04    0.2733  0 28 x 08
0.6704  0 31 x 04    0.4021  0 29 t 04    0.4523  0 31 x 04    0.2736  0 30 t 07
0.6736  0 27 t 06    0.4025  0 30 x 10    0.4552  0 27 t 05    0.2739  0 30 x 12
0.6744  0 30 x 06    0.4034  0 30 t 07    0.4556  0 27 t 06    0.2741  0 29 t 04
0.6744  0 05 t 04    0.4034  0 28 x 07    0.4559  0 27 t 04    0.2750  0 31 t 03
0.6748  0 27 t 05    0.4046  0 28 t 04    0.4564  0 30 x 05    0.2751  0 28 t 04
0.6758  0 30 x 05    0.4053  0 29 t 06    0.4566  0 05 t 05    0.2755  0 30 t 08
0.6760  0 05 t 05    0.4081  0 31 t 03    0.4567  0 27 t 03    0.2757  0 31 x 03
0.6765  0 27 t 04    0.4095  0 28 x 12    0.4570  0 30 x 06    0.2768  0 30 x 03
0.6773  0 31 x 06    0.4105  0 28 t 06    0.4576  0 31 x 03    0.2770  0 29 t 08
0.6775  0 27 t 03    0.4107  0 29 x 12    0.4576  0 29 x 04    0.2772  0 30 t 03
0.6789  0 06 t 05    0.4107  0 31 t 10    0.4591  0 05 t 04    0.2777  0 31 t 10
0.6790  0 29 x 04    0.4111  0 29 t 08    0.4595  0 30 x 03    0.2779  0 29 x 12
0.6791  0 31 x 10    0.4118  0 28 x 10    0.4599  0 28 x 04    0.2781  0 29 t 06
0.6792  0 27 t 07    0.4120  0 31 x 03    0.4600  0 27 t 07    0.2783  0 28 t 06
0.6795  0 06 t 04    0.4124  0 29 x 10    0.4601  0 31 x 05    0.2784  0 31 t 12
0.6796  0 28 x 04    0.4127  0 30 x 03    0.4609  0 31 x 06    0.2784  0 28 t 08
0.6800  0 30 x 07    0.4131  0 30 t 03    0.4612  0 30 x 07    0.2785  0 29 x 10
0.6800  0 30 x 03    0.4133  0 28 t 08    0.4613  0 31 x 10    0.2792  0 28 x 12
0.6801  0 31 x 03    0.4142  0 30 t 12    0.4614  0 05 t 06    0.2801  0 28 x 10
0.6806  0 05 t 06    0.4142  0 31 t 12    0.4617  0 29 x 05    0.2805  0 30 t 12
0.6817  0 31 x 07    0.4146  0 28 t 07    0.4619  0 31 x 07    0.2808  0 29 t 07
0.6817  0 31 x 05    0.4149  0 29 t 07    0.4621  0 28 x 05    0.2809  0 28 t 07
0.6819  0 30 x 10    0.4176  0 30 t 10    0.4622  0 31 x 08    0.2828  0 30 t 10
0.6833  0 28 x 05    0.4223  0 29 t 03    0.4630  0 29 x 06    0.2843  0 29 x 03
0.6835  0 06 t 03    0.4229  0 29 t 10    0.4631  0 04 t 04    0.2844  0 29 t 03
0.6838  0 29 x 05    0.4229  0 28 t 12    0.4634  0 30 x 10    0.2849  0 28 t 03
0.6839  0 31 x 08    0.4229  0 29 x 03    0.4635  0 04 t 05    0.2854  0 05 x 08
0.6853  0 04 t 04    0.4234  0 28 t 10    0.4638  0 05 t 07    0.2859  0 05 x 05
0.6854  0 28 x 06    0.4237  0 28 t 03    0.4638  0 30 x 08    0.2865  0 05 x 04
0.6857  0 05 t 03    0.4245  0 05 x 05    0.4639  0 04 t 06    0.2865  0 28 t 10
0.6870  0 29 x 06    0.4246  0 05 x 04    0.4639  0 05 t 03    0.2866  0 29 t 10
0.6879  0 05 t 07    0.4248  0 06 x 05    0.4644  0 04 t 07    0.2868  0 28 x 03
0.6879  0 30 x 08    0.4256  0 28 x 03    0.4647  0 28 x 06    0.2870  0 28 t 12
0.6884  0 04 t 06    0.4256  0 06 x 04    0.4652  0 06 t 05    0.2891  0 05 t 04
0.6886  0 04 t 05    0.4258  0 05 x 08    0.4654  0 06 t 04    0.2905  0 04 x 08
0.6891  0 06 t 06    0.4280  0 06 t 04    0.4657  0 29 x 08    0.2911  0 06 x 05
0.6899  0 30 x 12    0.4281  0 05 x 06    0.4672  0 30 x 12    0.2917  0 04 x 05
0.6903  0 28 x 08    0.4285  0 05 t 08    0.4675  0 06 t 03    0.2918  0 29 t 12
0.6910  0 29 x 08    0.4289  0 29 t 12    0.4680  0 29 x 10    0.2921  0 04 x 04
0.6914  0 04 t 07    0.4294  0 05 x 07    0.4682  0 31 x 12    0.2922  0 05 t 05
0.6921  0 28 x 10    0.4299  0 04 x 08    0.4684  0 28 x 08    0.2929  0 00 x 05
0.6923  0 29 x 10    0.4301  0 05 t 04    0.4684  0 28 x 03    0.2930  0 06 x 04
0.6927  0 31 x 12    0.4314  0 04 x 04    0.4687  0 04 t 03    0.2934  0 04 t 04
0.6935  0 28 x 03    0.4323  0 04 x 05    0.4687  0 00 t 05    0.2935  0 05 t 08
0.6935  0 28 x 07    0.4324  0 04 x 06    0.4693  0 29 x 03    0.2947  0 05 x 06
0.6948  0 00 t 05    0.4325  0 06 x 06    0.4693  0 28 x 07    0.2948  0 05 x 07
0.6949  0 05 t 08    0.4337  0 00 x 04    0.4696  0 28 x 10    0.2948  0 05 t 06
0.6953  0 00 t 06    0.4341  0 00 x 05    0.4700  0 00 t 03    0.2950  0 00 x 04
0.6957  0 00 t 04    0.4343  0 06 t 05    0.4700  0 27 t 10    0.2956  0 05 x 10
0.6961  0 29 x 07    0.4345  0 00 x 06    0.4701  0 00 t 06    0.2958  0 06 t 04
0.6963  0 00 t 03    0.4349  0 04 t 04    0.4703  0 29 x 07    0.2966  0 00 t 04
0.6965  0 27 t 08    0.4355  0 04 x 07    0.4705  0 27 t 08    0.2974  0 06 t 05
0.6968  0 04 t 03    0.4356  0 05 t 05    0.4706  0 00 t 04    0.2977  0 00 t 06
0.6968  0 27 t 10    0.4377  0 06 t 06    0.4726  0 05 t 08    0.2983  0 04 x 10
0.6969  0 29 x 03    0.4378  0 06 x 07    0.4730  0 29 x 12    0.2984  0 04 x 07
0.6990  0 28 x 12    0.4380  0 05 t 06    0.4733  0 28 x 12    0.2986  0 00 t 05
0.6992  0 29 x 12    0.4397  0 00 t 04    0.4741  0 27 t 12    0.2988  0 05 t 07
0.6996  0 27 t 12    0.4405  0 05 x 10    0.4741  0 05 t 10    0.2989  0 00 x 06
0.7018  0 06 t 07    0.4408  0 05 t 07    0.4746  0 06 t 06    0.2992  0 00 x 08
0.7037  0 07 t 03    0.4409  0 06 x 08    0.4748  0 04 t 10    0.2993  0 27 x 04
0.7051  0 04 t 08    0.4413  0 04 t 05    0.4757  0 04 t 08    0.2994  0 05 t 10
0.7085  0 04 t 10    0.4414  0 00 x 07    0.4759  0 00 t 07    0.2997  0 04 t 05
0.7090  0 00 t 07    0.4416  0 27 x 04    0.4798  0 01 t 04    0.2998  0 04 t 06
0.7092  0 06 t 08    0.4424  0 00 x 08    0.4803  0 01 t 05    0.2999  0 04 x 06
0.7097  0 05 t 12    0.4430  0 04 t 08    0.4805  0 01 t 06    0.3000  0 04 x 12
0.7099  0 05 t 10    0.4433  0 05 t 10    0.4831  0 01 t 07    0.3003  0 04 t 07
0.7100  0 07 t 05    0.4439  0 04 x 10    0.4846  0 04 t 12    0.3008  0 04 t 08
0.7126  0 06 t 12    0.4443  0 06 t 08    0.4852  0 00 t 08    0.3019  0 00 x 10
0.7130  0 01 t 05    0.4445  0 04 x 12    0.4854  0 05 t 12    0.3020  0 00 x 07
0.7132  0 01 t 04    0.4449  0 06 t 03    0.4864  0 01 t 03    0.3020  0 27 x 07
0.7137  0 01 t 06    0.4452  0 04 t 06    0.4884  0 00 t 10    0.3022  0 04 t 10
0.7145  0 01 t 07    0.4453  0 00 t 05    0.4884  0 27 x 06    0.3024  0 00 t 07
0.7159  0 00 t 10    0.4455  0 04 t 10    0.4886  0 27 x 05    0.3030  0 27 x 08
0.7177  0 07 t 04    0.4457  0 07 x 04    0.4889  0 27 x 04    0.3033  0 06 t 06
0.7188  0 04 t 12    0.4461  0 04 t 07    0.4894  0 00 t 12    0.3041  0 00 t 08
0.7195  0 00 t 08    0.4461  0 00 t 07    0.4897  0 05 x 04    0.3041  0 05 t 03
0.7218  0 01 t 03    0.4462  0 06 x 03    0.4899  0 06 t 07    0.3043  0 04 t 12
0.7250  0 06 t 10    0.4472  0 00 x 10    0.4913  0 05 x 06    0.3046  0 27 x 06
0.7255  0 27 x 06    0.4483  0 00 t 08    0.4916  0 05 x 05    0.3054  0 05 x 03
0.7259  0 27 x 04    0.4486  0 27 x 08    0.4919  0 07 t 03    0.3062  0 06 t 03
0.7265  0 27 x 05    0.4494  0 05 t 03    0.4921  0 27 x 03    0.3065  0 27 t 05
0.7277  0 00 t 12    0.4494  0 07 t 04    0.4956  0 06 t 08    0.3070  0 06 x 06
0.7291  0 05 x 04    0.4497  0 00 t 06    0.4964  0 01 t 10    0.3072  0 06 x 08
0.7323  0 27 x 03    0.4509  0 05 x 03    0.4971  0 05 x 03    0.3073  0 06 x 03
0.7329  0 06 x 04    0.4510  0 06 t 07    0.4973  0 04 x 04    0.3080  0 05 t 12
0.7329  0 05 x 05    0.4510  0 04 t 12    0.4975  0 01 t 08    0.3086  0 05 x 12
0.7330  0 06 x 05    0.4513  0 06 t 10    0.4978  0 27 x 10    0.3086  0 27 x 05
0.7349  0 05 x 06    0.4515  0 27 x 07    0.4979  0 27 x 07    0.3092  0 04 t 03
0.7355  0 01 t 10    0.4520  0 27 x 06    0.4988  0 06 x 04    0.3094  0 06 x 07
0.7362  0 06 x 03    0.4534  0 06 x 12    0.4988  0 04 x 05    0.3103  0 00 t 10
0.7378  0 27 x 10    0.4536  0 07 t 05    0.4996  0 07 t 05    0.3105  0 04 x 03
0.7379  0 01 t 08    0.4549  0 05 t 12    0.5000  0 04 x 06    0.3105  0 00 t 12
0.7382  0 27 x 07    0.4550  0 05 x 12    0.5009  0 06 x 03    0.3108  0 06 t 08
0.7386  0 04 x 04    0.4559  0 07 t 03    0.5009  0 05 x 08    0.3111  0 01 x 05
0.7399  0 07 t 06    0.4564  0 06 x 10    0.5010  0 00 x 06    0.3113  0 27 t 08
0.7416  0 05 x 03    0.4566  0 06 t 12    0.5014  0 06 t 12    0.3121  0 00 x 03
0.7420  0 04 x 06    0.4566  0 27 t 05    0.5015  0 00 x 05    0.3121  0 00 t 03
0.7430  0 27 x 08    0.4566  0 27 x 05    0.5016  0 00 x 04    0.3139  0 01 x 04
0.7432  0 05 x 08    0.4567  0 04 x 03    0.5020  0 06 x 05    0.3141  0 06 x 12
0.7434  0 04 x 05    0.4575  0 04 t 03    0.5020  0 05 x 07    0.3141  0 06 t 07
0.7462  0 00 x 05    0.4589  0 00 x 03    0.5024  0 27 x 08    0.3143  0 27 t 04
0.7466  0 00 x 06    0.4595  0 01 x 04    0.5026  0 01 t 12    0.3144  0 27 t 03
0.7467  0 01 t 12    0.4602  0 00 t 12    0.5039  0 05 x 10    0.3145  0 01 t 05
0.7470  0 05 x 07    0.4618  0 00 t 10    0.5046  0 06 t 10    0.3145  0 01 t 04
0.7477  0 04 x 08    0.4621  0 01 t 04    0.5051  0 04 x 03    0.3147  0 07 x 04
0.7481  0 00 x 04    0.4622  0 01 x 05    0.5057  0 07 t 04    0.3147  0 27 x 03
0.7486  0 06 x 06    0.4627  0 01 x 06    0.5073  0 04 x 08    0.3149  0 06 t 10
0.7507  0 04 x 03    0.4628  0 27 t 08    0.5073  0 27 x 12    0.3152  0 06 x 10
0.7527  0 27 x 12    0.4632  0 00 t 03    0.5079  0 00 x 03    0.3156  0 27 t 10
0.7545  0 05 x 10    0.4638  0 27 t 04    0.5082  0 04 x 07    0.3159  0 07 t 03
0.7559  0 04 x 07    0.4647  0 27 x 03    0.5089  0 00 x 07    0.3170  0 06 t 12
0.7561  0 00 x 03    0.4651  0 27 t 03    0.5108  0 00 x 08    0.3171  0 27 x 10
0.7584  0 04 x 12    0.4652  0 01 t 05    0.5119  0 04 x 12    0.3172  0 27 x 12
0.7598  0 06 x 08    0.4671  0 01 x 07    0.5125  0 01 x 04    0.3177  0 07 t 05
0.7599  0 00 x 10    0.4694  0 07 x 03    0.5126  0 04 x 10    0.3187  0 07 t 04
0.7604  0 06 x 07    0.4698  0 27 x 12    0.5131  0 06 x 06    0.3189  0 27 t 06
0.7610  0 00 x 08    0.4728  0 27 t 10    0.5154  0 01 x 05    0.3198  0 01 x 06
0.7620  0 04 x 10    0.4730  0 01 t 06    0.5167  0 00 x 10    0.3198  0 27 t 12
0.7623  0 00 x 07    0.4737  0 27 x 10    0.5183  0 05 x 12    0.3199  0 01 t 07
0.7641  0 01 x 04    0.4738  0 01 t 07    0.5192  0 01 x 06    0.3203  0 27 t 07
0.7665  0 07 x 04    0.4744  0 07 x 05    0.5195  0 01 x 03    0.3207  0 00 x 12
0.7668  0 01 x 05    0.4744  0 27 t 06    0.5218  0 01 x 07    0.3207  0 01 t 06
0.7709  0 01 x 06    0.4757  0 27 t 12    0.5219  0 06 x 07    0.3210  0 01 x 07
0.7719  0 05 x 12    0.4759  0 27 t 07    0.5232  0 06 x 08    0.3236  0 01 x 08
0.7727  0 06 x 10    0.4775  0 07 t 06    0.5295  0 01 x 08    0.3241  0 07 x 03
0.7733  0 01 x 03    0.4778  0 00 x 12    0.5339  0 01 x 10    0.3247  0 01 t 12
0.7754  0 07 x 03    0.4779  0 01 x 08    0.5345  0 06 x 12    0.3256  0 01 x 12
0.7765  0 07 t 08    0.4784  0 07 x 06    0.5347  0 06 x 10    0.3263  0 01 t 10
0.7769  0 07 t 07    0.4809  0 01 x 12    0.5349  0 01 x 12    0.3268  0 01 x 10
0.7771  4 08 t 04    0.4812  0 01 t 12    0.5354  0 07 x 03    0.3268  0 01 t 08
0.7776  0 07 t 12    0.4830  0 01 t 08    0.5359  0 07 t 06    0.3274  0 01 x 03
0.7793  0 06 x 12    0.4840  0 01 x 10    0.5361  0 07 x 04    0.3294  0 01 t 03
0.7794  0 01 x 07    0.4843  0 01 x 03    0.5373  4 08 t 03    0.3378  0 07 t 06
0.7799  4 08 t 03    0.4845  4 08 x 05    0.5380  4 08 t 04    0.3415  4 08 x 05
0.7810  4 08 t 05    0.4852  0 01 t 10    0.5398  4 08 t 05    0.3429  4 08 x 04
0.7816  5 08 t 04    0.4858  4 08 x 04    0.5426  0 00 x 12    0.3436  4 08 x 06
0.7878  5 08 t 03    0.4882  4 08 x 06    0.5464  3 08 t 03    0.3456  3 08 x 04
0.7895  0 01 x 08    0.4887  0 01 t 03    0.5488  3 08 t 04    0.3461  3 08 x 06
0.7946  0 01 x 12    0.4907  0 07 x 07    0.5495  4 08 t 06    0.3462  4 08 t 06
0.7956  4 08 t 07    0.4911  4 08 x 07    0.5497  0 07 t 07    0.3469  4 08 t 05
0.7965  0 01 x 10    0.4935  4 08 t 05    0.5518  4 08 t 07    0.3489  4 08 t 04
0.7971  4 08 t 06    0.4939  4 08 x 08    0.5555  5 08 t 04    0.3490  3 08 x 05
0.7983  0 07 x 05    0.4941  4 08 t 06    0.5561  4 08 t 08    0.3491  4 08 x 07
0.7984  0 07 t 10    0.4952  0 07 x 08    0.5577  5 08 t 03    0.3491  3 08 x 07
0.8009  5 08 t 05    0.4965  0 07 t 08    0.5592  0 07 t 12    0.3498  4 08 x 08
0.8024  5 08 t 06    0.4980  4 08 t 04    0.5597  3 08 t 05    0.3503  0 07 x 05
0.8031  4 08 t 08    0.4984  0 07 t 12    0.5602  4 08 t 10    0.3513  0 07 x 07
0.8037  0 07 x 06    0.4996  0 07 t 07    0.5604  3 08 t 08    0.3520  3 08 x 08
0.8041  3 08 t 03    0.5029  3 08 x 04    0.5609  3 08 t 07    0.3527  3 08 x 10
0.8073  3 08 t 04    0.5050  3 08 x 05    0.5616  3 08 t 06    0.3531  3 08 t 04
0.8081  5 08 t 07    0.5050  3 08 x 06    0.5638  0 07 t 08    0.3535  4 08 t 07
0.8097  4 08 t 10    0.5060  5 08 x 04    0.5669  5 08 t 05    0.3540  0 07 x 06
0.8107  0 00 x 12    0.5069  3 08 x 08    0.5674  0 07 x 05    0.3543  3 08 t 06
0.8118  5 08 t 08    0.5071  5 08 x 05    0.5692  5 08 t 06    0.3553  3 08 t 07
0.8187  0 07 x 07    0.5072  4 08 t 07    0.5707  4 08 x 04    0.3559  4 08 t 08
0.8215  3 08 t 07    0.5074  4 08 t 08    0.5712  3 08 x 04    0.3568  3 08 t 05
0.8216  3 08 t 05    0.5079  5 08 x 06    0.5715  0 07 x 06    0.3586  3 08 t 08
0.8227  4 08 t 12    0.5080  4 08 x 10    0.5746  0 07 t 10    0.3588  4 08 x 10
0.8247  3 08 t 06    0.5088  3 08 x 07    0.5760  5 08 t 07    0.3609  0 07 t 08
0.8269  3 08 t 08    0.5091  4 08 x 12    0.5762  4 08 x 05    0.3615  4 08 x 03
0.8289  4 08 x 04    0.5113  3 08 t 04    0.5774  3 08 t 12    0.3619  4 08 t 03
0.8299  0 07 x 08    0.5113  4 08 t 10    0.5776  3 08 t 10    0.3623  4 08 x 12
0.8355  5 08 t 12    0.5123  5 08 t 06    0.5777  4 08 t 12    0.3624  0 07 x 08
0.8358  5 08 t 10    0.5124  5 08 t 05    0.5807  4 08 x 03    0.3624  3 08 x 12
0.8373  4 08 x 05    0.5134  5 08 x 07    0.5812  5 08 t 08    0.3627  3 08 t 03
0.8373  3 08 t 12    0.5137  0 07 t 10    0.5820  0 07 x 07    0.3631  4 08 t 10
0.8410  3 08 x 04    0.5148  0 07 x 10    0.5823  3 08 x 03    0.3637  0 07 t 12
0.8430  3 08 t 10    0.5151  0 07 x 12    0.5847  4 08 x 06    0.3639  3 08 x 03
0.8446  4 08 x 03    0.5152  4 08 x 03    0.5900  2 08 t 04    0.3640  0 07 t 07
0.8481  4 08 x 06    0.5156  3 08 t 06    0.5903  3 08 x 05    0.3652  3 08 t 10
0.8501  5 08 x 04    0.5156  4 08 t 03    0.5918  4 08 x 07    0.3659  3 08 t 12
0.8528  5 08 x 06    0.5158  3 08 t 05    0.5923  0 07 x 08    0.3663  4 08 t 12
0.8559  5 08 x 03    0.5178  5 08 t 04    0.5961  3 08 x 06    0.3709  5 08 x 04
0.8565  0 07 x 10    0.5191  5 08 x 08    0.5976  5 08 t 12    0.3711  5 08 x 05
0.8573  5 08 x 05    0.5193  4 08 t 12    0.5980  5 08 t 10    0.3716  5 08 x 06
0.8574  6 08 t 03    0.5224  3 08 x 10    0.5981  2 08 t 05    0.3729  5 08 t 05
0.8591  6 08 t 05    0.5254  3 08 t 07    0.5995  5 08 x 04    0.3734  0 07 t 10
0.8594  4 08 x 07    0.5260  3 08 x 12    0.6005  4 08 x 08    0.3751  5 08 t 04
0.8616  6 08 t 04    0.5281  3 08 t 12    0.6012  4 08 x 12    0.3751  0 07 x 10
0.8623  6 08 t 06    0.5299  5 08 t 07    0.6023  5 08 x 03    0.3752  5 08 t 06
0.8625  3 08 x 03    0.5304  3 08 t 08    0.6023  2 08 t 03    0.3758  0 07 x 12
0.8660  4 08 x 08    0.5307  3 08 x 03    0.6024  5 08 x 06    0.3800  5 08 x 07
0.8665  5 08 x 07    0.5308  3 08 t 10    0.6030  4 08 x 10    0.3824  5 08 x 08
0.8686  3 08 x 05    0.5318  5 08 x 10    0.6034  3 08 x 07    0.3833  5 08 t 07
0.8687  4 08 x 12    0.5322  3 08 t 03    0.6049  5 08 x 05    0.3894  2 08 t 04
0.8702  4 08 x 10    0.5338  5 08 t 03    0.6077  3 08 x 08    0.3894  5 08 t 03
0.8706  0 07 x 12    0.5346  5 08 x 03    0.6094  0 07 x 10    0.3896  5 08 x 03
0.8738  5 08 x 08    0.5350  5 08 t 08    0.6110  3 08 x 10    0.3901  2 08 x 04
0.8740  6 08 t 07    0.5351  5 08 x 12    0.6143  5 08 x 07    0.3902  2 08 t 05
0.8749  2 08 t 04    0.5394  5 08 t 10    0.6145  3 08 x 12    0.3909  2 08 x 05
0.8778  3 08 x 06    0.5472  5 08 t 12    0.6162  0 07 x 12    0.3934  5 08 t 08
0.8808  6 08 t 08    0.5726  2 08 t 04    0.6199  2 08 x 04    0.3951  5 08 x 10
0.8825  5 08 x 10    0.5728  2 08 x 04    0.6211  5 08 x 08    0.3961  5 08 x 12
0.8862  2 08 t 05    0.5745  2 08 t 05    0.6269  5 08 x 10    0.3983  5 08 t 10
0.8891  5 08 x 12    0.5762  2 08 x 05    0.6296  2 08 x 05    0.4049  5 08 t 12
0.8920  3 08 x 07    0.5793  6 08 x 04    0.6335  5 08 x 12    0.4072  2 08 x 03
0.8922  3 08 x 08    0.5804  6 08 t 06    0.6342  6 08 t 03    0.4100  2 08 t 03
0.8969  2 08 t 03    0.5807  6 08 x 05    0.6358  6 08 t 05    0.4483  6 08 x 05
0.8996  3 08 x 10    0.5822  6 08 x 06    0.6375  2 08 x 03    0.4498  6 08 x 04
0.9036  3 08 x 12    0.5822  6 08 t 05    0.6386  6 08 t 06    0.4503  6 08 t 05
0.9043  6 08 t 10    0.5885  6 08 t 04    0.6386  6 08 t 04    0.4506  6 08 t 06
0.9081  6 08 x 04    0.5916  6 08 x 07    0.6519  6 08 t 07    0.4508  6 08 x 06
0.9125  6 08 t 12    0.5972  6 08 t 07    0.6584  6 08 t 08    0.4534  6 08 t 04
0.9169  6 08 x 05    0.6005  6 08 x 08    0.6676  6 08 x 04    0.4636  6 08 x 07
0.9208  2 08 x 04    0.6011  2 08 x 03    0.6726  6 08 t 10    0.4643  6 08 t 07
0.9217  6 08 x 06    0.6041  6 08 t 03    0.6754  6 08 x 05    0.4658  6 08 t 03
0.9244  6 08 x 03    0.6050  6 08 t 08    0.6769  6 08 x 06    0.4678  6 08 x 03
0.9324  2 08 x 05    0.6053  2 08 t 03    0.6784  6 08 x 03    0.4713  6 08 x 08
0.9398  6 08 x 07    0.6076  6 08 x 03    0.6789  0 03 x 03    0.4714  6 08 t 08
0.9443  6 08 x 08    0.6111  6 08 x 10    0.6877  6 08 t 12    0.4883  6 08 x 10
0.9491  2 08 x 03    0.6200  6 08 x 12    0.6916  0 03 x 04    0.4887  6 08 x 12
0.9596  6 08 x 10    0.6265  6 08 t 10    0.6948  6 08 x 07    0.4952  6 08 t 10
0.9628  6 08 x 12    0.6397  6 08 t 12    0.6962  0 03 x 05    0.4982  6 08 t 12
1.0125  0 03 x 03    0.7449  7 08 x 04    0.7009  6 08 x 08    0.5440  1 08 x 04
1.0164  7 08 t 05    0.7467  7 08 x 05    0.7030  0 03 x 06    0.5440  1 08 x 05
1.0196  7 08 t 04    0.7493  7 08 t 05    0.7158  6 08 x 10    0.5446  1 08 t 05
1.0199  7 08 t 03    0.7499  7 08 t 04    0.7190  6 08 x 12    0.5448  1 08 t 04
1.0314  0 03 x 04    0.7751  7 08 t 03    0.7225  0 03 x 07    0.5620  1 08 x 03
1.0376  0 03 x 05    0.7769  7 08 x 03    0.7292  0 03 x 08    0.5635  1 08 t 03
1.0469  0 03 x 06    0.8075  1 08 x 05    0.7422  0 03 x 12    0.6094  0 02 x 03
1.0684  7 08 x 04    0.8097  1 08 t 05    0.7429  0 03 x 10    0.6129  0 02 x 05
1.0757  7 08 x 05    0.8108  1 08 x 04    0.7483  0 02 x 03    0.6181  0 02 x 04
1.0790  0 03 x 07    0.8124  1 08 t 04    0.7584  0 02 x 05    0.6200  7 08 x 05
1.0863  7 08 x 03    0.8326  1 08 t 03    0.7588  0 02 x 04    0.6202  7 08 x 04
1.0869  0 03 x 08    0.8372  1 08 x 03    0.7695  0 02 x 06    0.6205  7 08 t 05
1.1077  0 03 x 10    0.9092  0 02 x 03    0.7733  0 02 x 07    0.6225  7 08 t 04
1.1141  0 03 x 12    0.9156  0 02 x 05    0.7833  0 02 x 10    0.6394  7 08 t 03
1.1235  0 02 x 03    0.9188  0 02 x 04    0.7851  0 02 x 08    0.6397  7 08 x 03
1.1296  0 02 x 05    0.9366  0 02 x 06    0.7893  0 02 x 12    0.6402  0 02 x 10
1.1346  0 02 x 04    0.9459  0 02 x 07    0.7905  1 08 x 05    0.6449  0 03 x 03
1.1458  0 02 x 06    0.9524  0 02 x 10    0.7908  1 08 t 04    0.6453  0 02 x 06
1.1491  0 02 x 07    0.9585  0 02 x 08    0.7912  1 08 x 04    0.6459  0 02 x 08
1.1680  0 02 x 10    0.9618  0 02 x 12    0.7915  1 08 t 05    0.6491  0 02 x 07
1.1708  0 02 x 08    0.9625  0 03 x 03    0.7993  7 08 t 05    0.6615  0 02 x 12
1.1755  1 08 t 04    0.9912  0 03 x 04    0.8024  7 08 t 04    0.6653  0 03 x 04
1.1778  1 08 x 05    0.9993  0 03 x 05    0.8038  7 08 t 03    0.6675  0 03 x 05
1.1784  1 08 t 05    1.0038  0 03 x 06    0.8122  1 08 x 03    0.6890  0 03 x 06
1.1787  0 02 x 12    1.0120  0 03 x 07    0.8155  1 08 t 03    0.6950  0 03 x 07
1.1804  1 08 x 04    1.0353  0 03 x 08    0.8348  7 08 x 04    0.6974  0 03 x 08
1.2143  1 08 x 03    1.0591  0 03 x 10    0.8393  7 08 x 05    0.7206  0 03 x 10
1.2171  1 08 t 03    1.0737  0 03 x 12    0.8456  7 08 x 03    0.7251  0 03 x 12
---Benchmark Program Finished---