
./testbench.sh clang++ O3 MontgomeryHalf __uint128_t 191 8 40 -DTEST_ARRAY

compilation finished, now executing:
---Running Program---

begin benchmarks - array two_pow
(ignore)304583630284728281743452880583364600384

OVERALL BEST:
1.0658  0 30 x 06
1.0683  0 32 x 05
1.0683  0 31 x 05
1.0690  0 30 x 05
1.0699  0 32 x 12
1.0700  0 31 x 12
1.0723  0 32 x 06
1.0724  0 31 x 06
1.0737  0 32 x 07
1.0739  0 31 x 07
1.0752  0 29 x 06
1.0759  0 31 x 10
1.0759  0 32 x 10
1.0760  0 28 x 06
1.0764  0 29 x 10
1.0770  0 32 x 08
1.0771  0 31 x 08
1.0772  0 29 x 05
1.0777  0 29 x 08
1.0779  0 29 x 12
1.0780  0 30 x 12
1.0786  0 30 x 07
1.0819  0 30 x 10
1.0819  0 28 x 05
1.0832  0 29 x 07
1.0840  0 28 x 07
1.0870  0 30 x 08
1.0875  0 30 x 04
1.0894  0 28 x 10
1.0897  0 28 x 12
1.0910  0 31 x 04
1.0911  0 32 x 04
1.0935  0 28 x 08
1.0937  0 29 x 04
1.0956  0 28 x 04
1.0958  0 27 x 12
1.0966  0 27 x 07
1.0984  0 27 x 06
1.0985  0 27 x 10
1.0997  0 27 x 08
1.1025  0 27 x 05
1.1311  0 27 x 04
1.1840  0 05 x 12
1.1871  0 06 x 12
1.1906  0 05 x 08
1.1921  0 05 x 10
1.1933  0 06 x 08
1.1950  0 01 x 12
1.1956  0 06 x 10
1.1975  0 05 x 07
1.1985  0 04 x 12
1.2008  0 06 x 07
1.2014  0 05 x 05
1.2035  0 05 x 06
1.2036  0 01 x 10
1.2061  0 06 x 05
1.2064  0 06 x 06
1.2083  0 04 x 10
1.2086  0 04 x 08
1.2121  0 01 x 07
1.2131  0 01 x 08
1.2137  0 01 x 06
1.2158  0 04 x 06
1.2194  0 05 x 04
1.2210  0 04 x 07
1.2221  0 01 x 05
1.2226  0 04 x 05
1.2260  0 06 x 04
1.2277  0 00 x 12
1.2307  0 01 x 04
1.2349  0 00 x 10
1.2401  0 00 x 08
1.2407  0 00 x 07
1.2441  0 00 x 06
1.2453  0 07 x 12
1.2454  0 04 x 04
1.2456  0 31 x 03
1.2457  0 32 x 03
1.2490  0 00 x 05
1.2504  0 30 x 03
1.2507  0 29 x 03
1.2517  0 07 x 08
1.2518  0 28 x 03
1.2520  0 07 x 10
1.2525  0 00 x 04
1.2600  0 07 x 07
1.2615  0 07 x 05
1.2637  0 07 x 06
1.2787  0 07 x 04
1.2864  0 03 x 08
1.2872  0 03 x 10
1.2877  0 03 x 07
1.2897  0 03 x 12
1.2898  0 03 x 06
1.2915  0 27 x 03
1.2985  0 03 x 05
1.3026  0 03 x 04
1.3309  0 05 x 03
1.3315  5 08 x 12
1.3367  0 06 x 03
1.3368  0 01 x 03
1.3390  5 08 x 06
1.3406  5 08 x 10
1.3484  0 04 x 03
1.3484  5 08 x 07
1.3492  5 08 x 08
1.3563  5 08 x 05
1.3573  6 08 x 12
1.3630  6 08 x 10
1.3654  6 08 x 06
1.3668  0 00 x 03
1.3703  6 08 x 08
1.3704  0 03 x 03
1.3717  5 08 x 04
1.3722  6 08 x 07
1.3747  4 08 x 12
1.3814  6 08 x 05
1.3878  4 08 x 06
1.3878  4 08 x 10
1.3947  0 07 x 03
1.3982  4 08 x 08
1.3988  4 08 x 07
1.3997  6 08 x 04
1.4089  4 08 x 05
1.4207  4 08 x 04
1.4960  3 08 x 12
1.5037  5 08 x 03
1.5133  3 08 x 10
1.5152  3 08 x 06
1.5209  7 08 x 05
1.5269  3 08 x 08
1.5378  3 08 x 07
1.5392  3 08 x 05
1.5427  7 08 x 04
1.5434  6 08 x 03
1.5474  4 08 x 03
1.5503  3 08 x 04
1.6443  0 28 x 02
1.6541  0 29 x 02
1.6582  0 31 x 02
1.6584  0 32 x 02
1.6604  0 01 x 02
1.6604  0 05 x 02
1.6622  3 08 x 03
1.6648  0 30 x 02
1.6654  0 06 x 02
1.6713  0 04 x 02
1.6942  0 00 x 02
1.6994  7 08 x 03
1.7052  0 27 x 02
1.7233  0 07 x 02
1.8310  0 02 x 02
1.8370  0 03 x 02
1.8377  2 08 x 04
1.8378  5 08 x 02
1.8397  2 08 x 05
1.8608  4 08 x 02
1.8929  6 08 x 02
1.9317  2 08 x 03
1.9819  3 08 x 02
1.9889  0 02 x 03
2.0116  0 02 x 04
2.0331  0 02 x 07
2.0409  0 02 x 06
2.0482  0 02 x 05
2.0536  0 02 x 08
2.0639  0 02 x 10
2.0678  0 02 x 12
2.0688  7 08 x 02
2.2366  2 08 x 02
2.5938  1 08 x 04
2.6302  1 08 x 05
2.7935  1 08 x 03
2.8509  0 06 x 01
2.8559  0 05 x 01
2.8696  0 01 x 01
2.8804  0 04 x 01
2.8824  0 07 x 01
2.9048  0 29 x 01
2.9162  0 31 x 01
2.9231  0 28 x 01
2.9289  0 00 x 01
2.9300  0 30 x 01
2.9554  0 32 x 01
3.0317  0 27 x 01
3.1313  1 08 x 02
3.2443  5 08 x 01
3.3096  6 08 x 01
3.3305  4 08 x 01
3.3980  0 02 x 01
3.4308  0 03 x 01
3.5233  3 08 x 01
3.5895  7 08 x 01
3.9994  2 08 x 01
5.5957  1 08 x 01
Timings By Test Type:
0.3156  0 30 x 06    0.3157  0 30 x 06    0.2171  0 31 x 05    0.2172  0 32 x 05
0.3163  0 30 x 05    0.3164  0 30 x 05    0.2172  0 32 x 05    0.2172  0 31 x 05
0.3169  0 31 x 05    0.3170  0 32 x 05    0.2172  0 31 x 12    0.2172  0 32 x 12
0.3170  0 32 x 05    0.3170  0 31 x 05    0.2172  0 32 x 12    0.2172  0 31 x 12
0.3177  0 31 x 12    0.3177  0 32 x 12    0.2173  0 30 x 06    0.2173  0 30 x 06
0.3178  0 32 x 12    0.3178  0 31 x 12    0.2179  0 32 x 06    0.2179  0 31 x 06
0.3181  0 29 x 08    0.3181  0 29 x 08    0.2179  0 31 x 06    0.2179  0 32 x 06
0.3183  0 31 x 06    0.3182  0 32 x 06    0.2181  0 30 x 05    0.2182  0 30 x 05
0.3183  0 32 x 06    0.3183  0 31 x 06    0.2182  0 32 x 07    0.2183  0 32 x 07
0.3185  0 31 x 07    0.3186  0 32 x 07    0.2183  0 31 x 07    0.2184  0 31 x 07
0.3186  0 32 x 07    0.3187  0 31 x 07    0.2185  0 29 x 06    0.2186  0 32 x 10
0.3189  0 29 x 10    0.3189  0 28 x 06    0.2186  0 31 x 10    0.2186  0 29 x 06
0.3189  0 28 x 06    0.3189  0 29 x 10    0.2186  0 32 x 10    0.2187  0 31 x 10
0.3190  0 29 x 06    0.3190  0 29 x 06    0.2188  0 29 x 12    0.2187  0 29 x 12
0.3193  0 30 x 12    0.3193  0 31 x 10    0.2189  0 29 x 05    0.2190  0 29 x 05
0.3193  0 30 x 07    0.3193  0 32 x 10    0.2189  0 32 x 08    0.2190  0 31 x 08
0.3193  0 31 x 10    0.3194  0 30 x 12    0.2190  0 31 x 08    0.2190  0 32 x 08
0.3193  0 32 x 10    0.3194  0 30 x 07    0.2191  0 28 x 06    0.2192  0 28 x 06
0.3194  0 32 x 08    0.3196  0 32 x 08    0.2193  0 29 x 10    0.2194  0 29 x 10
0.3195  0 31 x 08    0.3197  0 31 x 08    0.2196  0 32 x 04    0.2197  0 31 x 04
0.3197  0 29 x 05    0.3197  0 29 x 05    0.2196  0 31 x 04    0.2197  0 30 x 12
0.3201  0 29 x 12    0.3202  0 29 x 12    0.2197  0 30 x 12    0.2198  0 32 x 04
0.3203  0 28 x 05    0.3204  0 28 x 05    0.2198  0 30 x 07    0.2201  0 29 x 07
0.3204  0 30 x 10    0.3206  0 30 x 10    0.2199  0 30 x 04    0.2201  0 30 x 07
0.3210  0 28 x 07    0.3211  0 28 x 07    0.2201  0 29 x 07    0.2202  0 30 x 04
0.3215  0 29 x 07    0.3216  0 29 x 07    0.2202  0 29 x 04    0.2203  0 29 x 04
0.3219  0 30 x 08    0.3220  0 30 x 08    0.2205  0 30 x 10    0.2204  0 30 x 10
0.3228  0 28 x 10    0.3230  0 28 x 10    0.2206  0 28 x 05    0.2207  0 28 x 05
0.3230  0 28 x 12    0.3231  0 28 x 12    0.2207  0 29 x 08    0.2208  0 29 x 08
0.3236  0 30 x 04    0.3237  0 30 x 04    0.2209  0 28 x 07    0.2210  0 28 x 07
0.3243  0 28 x 08    0.3243  0 28 x 08    0.2215  0 30 x 08    0.2216  0 30 x 08
0.3256  0 27 x 07    0.3256  0 27 x 12    0.2217  0 28 x 04    0.2218  0 28 x 12
0.3256  0 27 x 12    0.3257  0 27 x 07    0.2218  0 28 x 10    0.2218  0 28 x 10
0.3259  0 32 x 04    0.3259  0 31 x 04    0.2218  0 28 x 12    0.2220  0 28 x 04
0.3259  0 31 x 04    0.3259  0 32 x 04    0.2223  0 27 x 12    0.2223  0 27 x 12
0.3261  0 28 x 04    0.3259  0 28 x 04    0.2224  0 28 x 08    0.2224  0 28 x 08
0.3262  0 27 x 10    0.3262  0 27 x 06    0.2226  0 27 x 07    0.2228  0 27 x 07
0.3263  0 27 x 06    0.3263  0 27 x 10    0.2230  0 27 x 06    0.2230  0 27 x 06
0.3266  0 27 x 08    0.3266  0 29 x 04    0.2230  0 27 x 10    0.2230  0 27 x 10
0.3266  0 29 x 04    0.3268  0 27 x 08    0.2231  0 27 x 08    0.2232  0 27 x 08
0.3274  0 27 x 05    0.3274  0 27 x 05    0.2238  0 27 x 05    0.2238  0 27 x 05
0.3360  0 27 x 04    0.3359  0 27 x 04    0.2296  0 27 x 04    0.2296  0 27 x 04
0.3509  0 06 x 12    0.3511  0 06 x 12    0.2389  0 05 x 12    0.2390  0 05 x 12
0.3528  0 06 x 08    0.3529  0 06 x 08    0.2407  0 05 x 08    0.2407  0 05 x 08
0.3530  0 05 x 12    0.3532  0 05 x 12    0.2407  0 05 x 10    0.2407  0 05 x 10
0.3538  0 06 x 10    0.3540  0 06 x 10    0.2417  0 01 x 12    0.2417  0 01 x 12
0.3545  0 05 x 08    0.3547  0 05 x 08    0.2422  0 05 x 07    0.2421  0 05 x 07
0.3549  0 06 x 07    0.3550  0 06 x 07    0.2423  0 04 x 12    0.2424  0 04 x 12
0.3553  0 05 x 10    0.3554  0 05 x 10    0.2426  0 06 x 12    0.2425  0 06 x 12
0.3558  0 01 x 12    0.3558  0 01 x 12    0.2430  0 05 x 05    0.2430  0 05 x 05
0.3565  0 05 x 07    0.3566  0 05 x 07    0.2431  0 05 x 06    0.2431  0 05 x 06
0.3568  0 04 x 12    0.3570  0 06 x 05    0.2432  0 01 x 10    0.2433  0 01 x 10
0.3569  0 06 x 05    0.3570  0 04 x 12    0.2439  0 06 x 08    0.2438  0 06 x 08
0.3571  0 06 x 06    0.3571  0 06 x 06    0.2439  0 06 x 10    0.2439  0 06 x 10
0.3577  0 05 x 05    0.3577  0 05 x 05    0.2441  0 04 x 10    0.2442  0 04 x 10
0.3584  0 01 x 10    0.3586  0 05 x 06    0.2444  0 04 x 08    0.2443  0 04 x 08
0.3587  0 05 x 06    0.3587  0 01 x 10    0.2450  0 01 x 07    0.2450  0 01 x 07
0.3599  0 04 x 08    0.3600  0 04 x 08    0.2453  0 01 x 06    0.2452  0 01 x 08
0.3600  0 04 x 10    0.3601  0 04 x 10    0.2453  0 01 x 08    0.2453  0 01 x 06
0.3610  0 01 x 07    0.3611  0 01 x 07    0.2453  0 06 x 07    0.2455  0 06 x 07
0.3612  0 01 x 08    0.3613  0 01 x 08    0.2457  0 04 x 06    0.2457  0 04 x 06
0.3616  0 01 x 06    0.3616  0 01 x 06    0.2461  0 06 x 06    0.2461  0 06 x 05
0.3622  0 04 x 06    0.3622  0 04 x 06    0.2461  0 06 x 05    0.2462  0 06 x 06
0.3626  0 05 x 04    0.3626  0 05 x 04    0.2468  0 04 x 07    0.2469  0 04 x 07
0.3632  0 06 x 04    0.3631  0 06 x 04    0.2469  0 01 x 05    0.2470  0 01 x 05
0.3636  0 04 x 07    0.3637  0 04 x 07    0.2471  0 05 x 04    0.2471  0 05 x 04
0.3640  0 01 x 05    0.3640  0 04 x 05    0.2472  0 04 x 05    0.2473  0 04 x 05
0.3641  0 04 x 05    0.3642  0 01 x 05    0.2483  0 00 x 12    0.2482  0 00 x 12
0.3654  0 07 x 12    0.3655  0 07 x 12    0.2485  0 01 x 04    0.2487  0 01 x 04
0.3656  0 00 x 12    0.3656  0 00 x 12    0.2496  0 32 x 03    0.2497  0 32 x 03
0.3666  0 01 x 04    0.3669  0 01 x 04    0.2496  0 31 x 03    0.2497  0 31 x 03
0.3671  0 07 x 10    0.3673  0 07 x 10    0.2498  0 00 x 10    0.2498  0 00 x 10
0.3673  0 07 x 08    0.3675  0 07 x 08    0.2499  0 06 x 04    0.2499  0 06 x 04
0.3675  0 00 x 10    0.3678  0 00 x 10    0.2506  0 29 x 03    0.2508  0 29 x 03
0.3690  0 00 x 08    0.3691  0 00 x 08    0.2509  0 00 x 08    0.2510  0 00 x 08
0.3691  0 00 x 07    0.3694  0 00 x 07    0.2512  0 00 x 07    0.2511  0 00 x 07
0.3699  0 07 x 07    0.3700  0 07 x 07    0.2512  0 30 x 03    0.2513  0 30 x 03
0.3700  0 07 x 05    0.3701  0 07 x 05    0.2513  0 28 x 03    0.2514  0 28 x 03
0.3701  0 00 x 06    0.3704  0 00 x 06    0.2514  0 04 x 04    0.2517  0 04 x 04
0.3712  0 04 x 04    0.3711  0 04 x 04    0.2517  0 00 x 06    0.2519  0 00 x 06
0.3714  0 07 x 06    0.3715  0 00 x 05    0.2530  0 00 x 05    0.2530  0 00 x 05
0.3714  0 00 x 05    0.3715  0 07 x 06    0.2537  0 00 x 04    0.2536  0 00 x 04
0.3727  0 00 x 04    0.3725  0 00 x 04    0.2572  0 07 x 12    0.2571  0 07 x 12
0.3731  0 31 x 03    0.3732  0 31 x 03    0.2585  0 07 x 08    0.2584  0 07 x 08
0.3732  0 32 x 03    0.3732  0 32 x 03    0.2587  0 07 x 10    0.2589  0 07 x 10
0.3739  0 30 x 03    0.3740  0 30 x 03    0.2595  0 27 x 03    0.2596  0 27 x 03
0.3745  0 28 x 03    0.3746  0 28 x 03    0.2600  0 07 x 07    0.2601  0 07 x 07
0.3747  0 29 x 03    0.3747  0 29 x 03    0.2601  0 03 x 08    0.2602  0 03 x 08
0.3752  0 07 x 04    0.3753  0 07 x 04    0.2602  0 03 x 10    0.2603  0 03 x 10
0.3830  0 03 x 08    0.3831  0 03 x 08    0.2603  0 03 x 07    0.2604  0 03 x 07
0.3833  0 03 x 10    0.3834  0 03 x 10    0.2604  0 07 x 06    0.2604  0 07 x 06
0.3834  0 03 x 07    0.3836  0 03 x 07    0.2606  0 03 x 06    0.2607  0 03 x 06
0.3840  0 03 x 12    0.3841  0 03 x 12    0.2606  0 07 x 05    0.2608  0 07 x 05
0.3843  0 03 x 06    0.3843  0 03 x 06    0.2608  0 03 x 12    0.2608  0 03 x 12
0.3862  0 27 x 03    0.3862  0 27 x 03    0.2625  0 03 x 05    0.2626  0 03 x 05
0.3866  0 03 x 05    0.3868  0 03 x 05    0.2631  0 03 x 04    0.2632  0 03 x 04
0.3881  0 03 x 04    0.3883  0 03 x 04    0.2640  0 07 x 04    0.2641  0 07 x 04
0.3911  5 08 x 12    0.3911  5 08 x 12    0.2659  0 05 x 03    0.2659  0 05 x 03
0.3939  5 08 x 06    0.3938  5 08 x 06    0.2664  0 01 x 03    0.2666  0 01 x 03
0.3939  5 08 x 10    0.3941  5 08 x 10    0.2690  0 04 x 03    0.2689  0 04 x 03
0.3950  6 08 x 12    0.3951  6 08 x 12    0.2695  0 06 x 03    0.2695  0 06 x 03
0.3962  5 08 x 07    0.3963  5 08 x 07    0.2735  0 00 x 03    0.2735  0 00 x 03
0.3964  5 08 x 08    0.3965  5 08 x 08    0.2744  0 03 x 03    0.2745  0 03 x 03
0.3969  6 08 x 10    0.3971  6 08 x 10    0.2746  5 08 x 12    0.2747  5 08 x 12
0.3973  6 08 x 06    0.3974  6 08 x 06    0.2757  5 08 x 06    0.2757  5 08 x 06
0.3987  6 08 x 08    0.3987  6 08 x 08    0.2763  5 08 x 10    0.2763  5 08 x 10
0.3988  0 06 x 03    0.3989  0 06 x 03    0.2779  5 08 x 07    0.2779  5 08 x 07
0.3990  6 08 x 07    0.3991  6 08 x 07    0.2781  5 08 x 08    0.2781  5 08 x 08
0.3991  5 08 x 05    0.3993  5 08 x 05    0.2789  5 08 x 05    0.2790  5 08 x 05
0.3994  0 05 x 03    0.3996  0 05 x 03    0.2811  4 08 x 12    0.2811  4 08 x 12
0.4018  0 01 x 03    0.4021  0 01 x 03    0.2815  5 08 x 04    0.2815  5 08 x 04
0.4022  6 08 x 05    0.4024  6 08 x 05    0.2833  4 08 x 06    0.2833  4 08 x 06
0.4044  5 08 x 04    0.4043  5 08 x 04    0.2835  4 08 x 10    0.2836  4 08 x 10
0.4052  0 04 x 03    0.4053  0 04 x 03    0.2836  6 08 x 12    0.2836  6 08 x 12
0.4062  4 08 x 12    0.4064  4 08 x 12    0.2842  0 07 x 03    0.2842  0 07 x 03
0.4081  6 08 x 04    0.4082  6 08 x 04    0.2845  6 08 x 10    0.2845  6 08 x 10
0.4098  0 00 x 03    0.4100  0 00 x 03    0.2853  6 08 x 06    0.2854  6 08 x 06
0.4103  4 08 x 10    0.4103  4 08 x 10    0.2858  4 08 x 08    0.2858  4 08 x 08
0.4105  4 08 x 06    0.4106  4 08 x 06    0.2858  4 08 x 07    0.2859  4 08 x 07
0.4107  0 03 x 03    0.4109  0 03 x 03    0.2864  6 08 x 08    0.2864  6 08 x 08
0.4132  0 07 x 03    0.4131  0 07 x 03    0.2870  6 08 x 07    0.2872  6 08 x 07
0.4133  4 08 x 08    0.4133  4 08 x 08    0.2872  4 08 x 05    0.2874  4 08 x 05
0.4135  4 08 x 07    0.4134  4 08 x 07    0.2885  6 08 x 05    0.2884  6 08 x 05
0.4171  4 08 x 05    0.4171  4 08 x 05    0.2891  4 08 x 04    0.2892  4 08 x 04
0.4211  4 08 x 04    0.4212  4 08 x 04    0.2917  6 08 x 04    0.2918  6 08 x 04
0.4358  7 08 x 05    0.4359  7 08 x 05    0.3031  3 08 x 12    0.3032  3 08 x 12
0.4424  7 08 x 04    0.4424  7 08 x 04    0.3067  3 08 x 10    0.3067  3 08 x 10
0.4438  5 08 x 03    0.4439  5 08 x 03    0.3071  3 08 x 06    0.3072  3 08 x 06
0.4448  3 08 x 12    0.4448  3 08 x 12    0.3080  5 08 x 03    0.3080  5 08 x 03
0.4498  3 08 x 10    0.4501  3 08 x 10    0.3098  3 08 x 08    0.3098  3 08 x 08
0.4504  3 08 x 06    0.4506  3 08 x 06    0.3116  3 08 x 05    0.3118  3 08 x 07
0.4505  6 08 x 03    0.4507  6 08 x 03    0.3118  3 08 x 07    0.3120  3 08 x 05
0.4536  3 08 x 08    0.4538  3 08 x 08    0.3137  3 08 x 04    0.3138  3 08 x 04
0.4571  3 08 x 07    0.4572  3 08 x 07    0.3146  4 08 x 03    0.3148  4 08 x 03
0.4577  3 08 x 05    0.4578  3 08 x 05    0.3210  6 08 x 03    0.3211  6 08 x 03
0.4589  4 08 x 03    0.4591  4 08 x 03    0.3245  7 08 x 05    0.3246  7 08 x 05
0.4613  3 08 x 04    0.4614  3 08 x 04    0.3289  7 08 x 04    0.3290  7 08 x 04
0.4880  7 08 x 03    0.4847  0 28 x 02    0.3297  0 01 x 02    0.3300  0 01 x 02
0.4953  3 08 x 03    0.4881  7 08 x 03    0.3300  0 29 x 02    0.3301  0 29 x 02
0.4969  0 29 x 02    0.4954  3 08 x 03    0.3307  0 28 x 02    0.3309  0 28 x 02
0.4980  0 28 x 02    0.4971  0 29 x 02    0.3308  0 31 x 02    0.3309  0 31 x 02
0.4983  0 31 x 02    0.4982  0 32 x 02    0.3309  0 32 x 02    0.3310  0 32 x 02
0.4983  0 32 x 02    0.4983  0 31 x 02    0.3310  0 05 x 02    0.3311  0 05 x 02
0.4990  0 06 x 02    0.4991  0 06 x 02    0.3322  0 30 x 02    0.3322  0 30 x 02
0.4991  0 05 x 02    0.4992  0 05 x 02    0.3327  0 04 x 02    0.3327  0 04 x 02
0.5001  0 30 x 02    0.5002  0 30 x 02    0.3336  0 06 x 02    0.3337  0 06 x 02
0.5003  0 01 x 02    0.5003  0 01 x 02    0.3357  3 08 x 03    0.3357  3 08 x 03
0.5028  0 04 x 02    0.5031  0 04 x 02    0.3378  0 00 x 02    0.3378  0 00 x 02
0.5092  0 00 x 02    0.5093  0 00 x 02    0.3400  0 27 x 02    0.3403  0 27 x 02
0.5124  0 27 x 02    0.5125  0 27 x 02    0.3483  0 07 x 02    0.3484  0 07 x 02
0.5133  0 07 x 02    0.5134  0 07 x 02    0.3615  7 08 x 03    0.3618  7 08 x 03
0.5472  2 08 x 04    0.5474  2 08 x 04    0.3653  0 02 x 02    0.3660  0 02 x 02
0.5477  2 08 x 05    0.5478  2 08 x 05    0.3676  0 03 x 02    0.3677  0 03 x 02
0.5479  5 08 x 02    0.5480  5 08 x 02    0.3709  5 08 x 02    0.3709  5 08 x 02
0.5498  0 02 x 02    0.5499  0 02 x 02    0.3716  2 08 x 04    0.3715  2 08 x 04
0.5508  0 03 x 02    0.5509  0 03 x 02    0.3721  2 08 x 05    0.3721  2 08 x 05
0.5575  4 08 x 02    0.5575  4 08 x 02    0.3728  4 08 x 02    0.3730  4 08 x 02
0.5588  6 08 x 02    0.5587  6 08 x 02    0.3876  6 08 x 02    0.3877  6 08 x 02
0.5754  2 08 x 03    0.5757  2 08 x 03    0.3902  2 08 x 03    0.3904  2 08 x 03
0.5925  0 02 x 03    0.5927  0 02 x 03    0.3960  3 08 x 02    0.3961  3 08 x 02
0.5948  3 08 x 02    0.5950  3 08 x 02    0.4008  0 02 x 03    0.4030  0 02 x 03
0.5983  0 02 x 04    0.5961  0 02 x 04    0.4041  0 02 x 04    0.4131  0 02 x 04
0.6006  7 08 x 02    0.6006  7 08 x 02    0.4107  0 02 x 07    0.4146  0 02 x 07
0.6027  0 02 x 07    0.6050  0 02 x 07    0.4139  0 02 x 05    0.4160  0 02 x 06
0.6044  0 02 x 06    0.6063  0 02 x 06    0.4140  0 02 x 08    0.4169  0 02 x 05
0.6099  0 02 x 08    0.6070  0 02 x 05    0.4141  0 02 x 06    0.4172  0 02 x 08
0.6104  0 02 x 05    0.6125  0 02 x 08    0.4181  0 02 x 12    0.4177  0 02 x 12
0.6137  0 02 x 10    0.6128  0 02 x 10    0.4186  0 02 x 10    0.4188  0 02 x 10
0.6155  0 02 x 12    0.6165  0 02 x 12    0.4337  7 08 x 02    0.4339  7 08 x 02
0.6698  2 08 x 02    0.6699  2 08 x 02    0.4476  2 08 x 02    0.4494  2 08 x 02
0.7749  1 08 x 04    0.7747  1 08 x 04    0.5221  1 08 x 04    0.5221  1 08 x 04
0.7846  1 08 x 05    0.7849  1 08 x 05    0.5302  1 08 x 05    0.5304  1 08 x 05
0.8339  1 08 x 03    0.8341  1 08 x 03    0.5625  1 08 x 03    0.5629  1 08 x 03
0.8542  0 06 x 01    0.8543  0 06 x 01    0.5712  0 06 x 01    0.5712  0 06 x 01
0.8563  0 05 x 01    0.8566  0 05 x 01    0.5715  0 05 x 01    0.5715  0 05 x 01
0.8616  0 07 x 01    0.8619  0 01 x 01    0.5728  0 01 x 01    0.5729  0 01 x 01
0.8620  0 01 x 01    0.8620  0 07 x 01    0.5757  0 04 x 01    0.5760  0 04 x 01
0.8641  0 04 x 01    0.8646  0 04 x 01    0.5793  0 07 x 01    0.5776  0 29 x 01
0.8697  0 31 x 01    0.8654  0 29 x 01    0.5845  0 00 x 01    0.5795  0 07 x 01
0.8731  0 29 x 01    0.8726  0 31 x 01    0.5888  0 29 x 01    0.5797  0 28 x 01
0.8778  0 30 x 01    0.8745  0 28 x 01    0.5895  0 28 x 01    0.5807  0 30 x 01
0.8794  0 28 x 01    0.8799  0 00 x 01    0.5913  0 31 x 01    0.5825  0 31 x 01
0.8798  0 00 x 01    0.8800  0 30 x 01    0.5913  0 32 x 01    0.5847  0 00 x 01
0.8861  0 32 x 01    0.8865  0 32 x 01    0.5916  0 30 x 01    0.5915  0 32 x 01
0.9180  0 27 x 01    0.9024  0 27 x 01    0.6079  0 27 x 01    0.6035  0 27 x 01
0.9359  1 08 x 02    0.9358  1 08 x 02    0.6299  1 08 x 02    0.6298  1 08 x 02
0.9739  5 08 x 01    0.9740  5 08 x 01    0.6481  5 08 x 01    0.6482  5 08 x 01
0.9844  6 08 x 01    0.9848  6 08 x 01    0.6614  4 08 x 01    0.6617  4 08 x 01
1.0036  4 08 x 01    1.0038  4 08 x 01    0.6710  6 08 x 01    0.6694  6 08 x 01
1.0266  0 02 x 01    1.0268  0 02 x 01    0.6721  0 02 x 01    0.6725  0 02 x 01
1.0369  0 03 x 01    1.0369  0 03 x 01    0.6784  0 03 x 01    0.6787  0 03 x 01
1.0521  7 08 x 01    1.0522  7 08 x 01    0.6989  3 08 x 01    0.6991  3 08 x 01
1.0625  3 08 x 01    1.0628  3 08 x 01    0.7425  7 08 x 01    0.7427  7 08 x 01
1.2061  2 08 x 01    1.2062  2 08 x 01    0.7934  2 08 x 01    0.7936  2 08 x 01
1.6783  1 08 x 01    1.6784  1 08 x 01    1.1192  1 08 x 01    1.1198  1 08 x 01
---Benchmark Program Finished---
