
./testbench.sh g++ O3 MontgomeryQuarter __uint128_t 191 8 40 -DTEST_ARRAY

compilation finished, now executing:
---Running Program---

begin benchmarks - array two_pow
(ignore)5349058770945686463884924119731073391

OVERALL BEST:
1.2000  0 32 x 07
1.2001  0 31 x 07
1.2042  0 31 x 12
1.2044  0 32 x 12
1.2047  0 32 x 08
1.2051  0 31 x 08
1.2058  0 31 x 10
1.2060  0 32 x 10
1.2092  0 29 x 12
1.2104  0 31 x 06
1.2109  0 32 x 06
1.2116  0 30 x 10
1.2120  0 28 x 12
1.2123  0 27 x 12
1.2148  0 30 x 08
1.2151  0 30 x 12
1.2153  0 30 x 07
1.2197  0 28 x 10
1.2203  0 29 x 06
1.2204  0 27 x 10
1.2247  0 27 x 08
1.2248  0 28 x 08
1.2251  0 27 x 06
1.2281  0 30 x 05
1.2283  0 27 x 07
1.2286  0 28 x 06
1.2296  0 27 x 04
1.2300  0 29 x 08
1.2312  0 32 x 05
1.2318  0 31 x 05
1.2325  0 29 x 10
1.2347  0 27 x 05
1.2352  0 29 x 05
1.2373  0 28 x 05
1.2373  0 28 x 07
1.2382  0 31 x 04
1.2386  0 30 x 04
1.2387  0 32 x 04
1.2408  0 30 x 06
1.2419  0 29 x 07
1.2509  0 27 x 03
1.2566  0 29 x 04
1.2575  0 32 x 03
1.2587  0 31 x 03
1.2625  0 30 x 03
1.2640  0 28 x 03
1.2645  0 29 x 03
1.2667  0 28 x 04
1.2858  0 05 x 04
1.2920  0 05 x 05
1.3051  0 06 x 04
1.3078  0 05 x 12
1.3079  0 05 x 06
1.3115  0 00 x 05
1.3121  0 04 x 04
1.3128  0 04 x 06
1.3180  0 06 x 05
1.3181  0 00 x 04
1.3201  0 00 x 06
1.3204  0 04 x 12
1.3219  0 00 x 12
1.3246  0 04 x 05
1.3257  0 05 x 03
1.3359  0 06 x 03
1.3423  0 06 x 06
1.3460  0 05 x 08
1.3460  0 04 x 03
1.3477  0 04 x 08
1.3535  0 00 x 08
1.3618  0 00 x 03
1.3643  0 07 x 04
1.3705  0 05 x 07
1.3765  0 00 x 07
1.3831  0 00 x 10
1.3853  0 01 x 07
1.3901  0 04 x 10
1.3935  0 01 x 05
1.3969  0 01 x 06
1.3969  0 01 x 08
1.3984  0 05 x 10
1.3984  0 07 x 03
1.3991  0 01 x 04
1.4104  0 01 x 12
1.4181  0 06 x 12
1.4225  0 06 x 10
1.4232  0 07 x 05
1.4263  0 01 x 03
1.4376  0 06 x 08
1.4429  0 01 x 10
1.4432  0 06 x 07
1.4483  0 04 x 07
1.4545  0 07 x 06
1.4928  3 08 x 12
1.4949  4 08 x 08
1.4979  0 07 x 07
1.5014  4 08 x 12
1.5040  4 08 x 05
1.5077  4 08 x 10
1.5096  4 08 x 04
1.5124  4 08 x 06
1.5152  3 08 x 04
1.5153  3 08 x 07
1.5176  3 08 x 05
1.5185  0 31 x 02
1.5186  4 08 x 07
1.5187  0 27 x 02
1.5191  0 07 x 08
1.5236  3 08 x 08
1.5241  0 05 x 02
1.5249  3 08 x 06
1.5261  3 08 x 10
1.5318  0 06 x 02
1.5432  0 29 x 02
1.5443  0 30 x 02
1.5470  0 07 x 10
1.5495  0 32 x 02
1.5506  0 03 x 05
1.5513  0 03 x 07
1.5531  4 08 x 03
1.5539  0 03 x 08
1.5544  0 04 x 02
1.5551  0 00 x 02
1.5599  0 28 x 02
1.5613  0 03 x 04
1.5623  0 03 x 03
1.5634  0 03 x 06
1.5710  3 08 x 03
1.5882  0 03 x 10
1.5948  0 03 x 12
1.6003  5 08 x 08
1.6004  0 07 x 02
1.6164  5 08 x 05
1.6173  0 07 x 12
1.6188  5 08 x 10
1.6239  5 08 x 07
1.6251  5 08 x 04
1.6266  5 08 x 06
1.6311  5 08 x 12
1.6487  0 01 x 02
1.6540  2 08 x 03
1.6614  5 08 x 03
1.6933  2 08 x 05
1.6989  2 08 x 04
1.7142  0 03 x 02
1.7623  4 08 x 02
1.7997  3 08 x 02
1.9072  6 08 x 08
1.9081  5 08 x 02
1.9166  6 08 x 06
1.9182  6 08 x 07
1.9432  6 08 x 05
1.9499  6 08 x 10
1.9500  6 08 x 04
1.9613  2 08 x 02
1.9659  6 08 x 12
1.9775  6 08 x 03
2.1775  1 08 x 05
2.1812  1 08 x 04
2.2125  1 08 x 03
2.2288  6 08 x 02
2.2443  0 02 x 12
2.2458  0 02 x 06
2.2467  0 02 x 08
2.2479  0 02 x 02
2.2485  0 02 x 05
2.2634  0 02 x 10
2.2705  0 02 x 04
2.2710  0 02 x 07
2.2744  0 02 x 03
2.5165  0 06 x 01
2.5167  0 05 x 01
2.5294  0 02 x 01
2.5551  0 07 x 01
2.5724  0 01 x 01
2.5806  0 04 x 01
2.6065  7 08 x 04
2.6101  7 08 x 05
2.6103  1 08 x 02
2.6303  0 00 x 01
2.6538  7 08 x 03
2.6608  0 27 x 01
2.6828  0 30 x 01
2.6837  0 28 x 01
2.7096  0 29 x 01
2.7213  0 31 x 01
2.7334  0 32 x 01
2.7600  0 03 x 01
2.9050  7 08 x 02
2.9965  4 08 x 01
3.1081  5 08 x 01
3.1243  3 08 x 01
3.4649  2 08 x 01
3.4941  6 08 x 01
4.1248  7 08 x 01
4.6069  1 08 x 01
Timings By Test Type:
0.3528  0 31 x 12    0.3528  0 32 x 12    0.2464  0 31 x 07    0.2454  0 03 x 12
0.3528  0 32 x 12    0.3529  0 31 x 12    0.2464  0 32 x 07    0.2455  0 03 x 07
0.3534  0 31 x 10    0.3533  0 31 x 10    0.2482  0 31 x 06    0.2456  0 03 x 08
0.3535  0 32 x 10    0.3535  0 32 x 10    0.2485  0 32 x 08    0.2460  0 03 x 10
0.3537  0 32 x 07    0.3537  0 32 x 07    0.2486  0 32 x 06    0.2462  0 31 x 07
0.3537  0 31 x 07    0.3537  0 31 x 07    0.2487  0 31 x 08    0.2463  0 32 x 07
0.3537  0 32 x 08    0.3539  0 31 x 08    0.2492  0 31 x 12    0.2464  0 03 x 05
0.3537  0 31 x 08    0.3540  0 32 x 08    0.2493  0 27 x 12    0.2469  0 03 x 06
0.3546  0 30 x 10    0.3546  0 30 x 10    0.2494  0 32 x 12    0.2482  0 31 x 06
0.3551  0 30 x 12    0.3551  0 30 x 12    0.2494  0 29 x 12    0.2484  0 32 x 06
0.3552  0 29 x 12    0.3552  0 29 x 12    0.2495  0 32 x 10    0.2485  0 32 x 08
0.3558  0 30 x 08    0.3559  0 30 x 08    0.2496  0 31 x 10    0.2488  0 31 x 08
0.3563  0 28 x 12    0.3560  0 03 x 07    0.2498  0 28 x 12    0.2493  0 31 x 12
0.3565  0 30 x 07    0.3562  0 28 x 12    0.2511  0 30 x 07    0.2494  0 32 x 12
0.3568  0 27 x 12    0.3562  0 03 x 08    0.2512  0 30 x 10    0.2494  0 27 x 12
0.3569  0 32 x 06    0.3563  0 03 x 12    0.2515  0 30 x 08    0.2494  0 29 x 12
0.3570  0 31 x 06    0.3565  0 30 x 07    0.2516  0 29 x 06    0.2495  0 32 x 10
0.3572  0 28 x 10    0.3568  0 27 x 12    0.2517  0 27 x 04    0.2496  0 31 x 10
0.3584  0 27 x 10    0.3569  0 32 x 06    0.2519  0 27 x 10    0.2497  0 28 x 12
0.3588  0 29 x 06    0.3570  0 03 x 10    0.2522  0 27 x 06    0.2508  0 03 x 03
0.3590  0 28 x 08    0.3570  0 31 x 06    0.2522  0 30 x 05    0.2512  0 30 x 10
0.3598  0 29 x 08    0.3572  0 28 x 10    0.2523  0 27 x 08    0.2512  0 30 x 07
0.3600  0 27 x 08    0.3583  0 27 x 10    0.2524  0 30 x 12    0.2514  0 29 x 06
0.3601  0 28 x 06    0.3583  0 03 x 05    0.2526  0 28 x 10    0.2517  0 30 x 08
0.3603  0 27 x 06    0.3585  0 29 x 06    0.2528  0 32 x 05    0.2518  0 27 x 04
0.3610  0 27 x 07    0.3587  0 03 x 06    0.2529  0 31 x 05    0.2518  0 27 x 10
0.3618  0 30 x 05    0.3591  0 28 x 08    0.2532  0 27 x 07    0.2521  0 30 x 05
0.3623  0 28 x 07    0.3598  0 29 x 08    0.2533  0 27 x 03    0.2522  0 03 x 04
0.3626  0 32 x 05    0.3599  0 27 x 08    0.2534  0 28 x 08    0.2523  0 27 x 06
0.3626  0 29 x 10    0.3602  0 28 x 06    0.2537  0 29 x 10    0.2524  0 30 x 12
0.3630  0 31 x 05    0.3604  0 27 x 06    0.2537  0 27 x 05    0.2525  0 27 x 08
0.3630  0 27 x 04    0.3610  0 27 x 07    0.2540  0 29 x 05    0.2527  0 28 x 10
0.3634  0 28 x 05    0.3620  0 30 x 05    0.2542  0 28 x 06    0.2528  0 31 x 05
0.3636  0 27 x 05    0.3623  0 28 x 07    0.2545  0 32 x 03    0.2530  0 32 x 05
0.3637  0 29 x 05    0.3625  0 29 x 10    0.2545  0 31 x 03    0.2531  0 27 x 07
0.3639  0 29 x 07    0.3628  0 32 x 05    0.2547  0 30 x 04    0.2531  0 27 x 03
0.3641  0 31 x 04    0.3631  0 31 x 05    0.2549  0 31 x 04    0.2533  0 28 x 08
0.3641  0 30 x 06    0.3631  0 27 x 04    0.2549  0 28 x 05    0.2536  0 29 x 10
0.3643  0 32 x 04    0.3636  0 27 x 05    0.2550  0 32 x 04    0.2537  0 27 x 05
0.3645  0 30 x 04    0.3636  0 29 x 05    0.2553  0 29 x 08    0.2539  0 29 x 05
0.3708  0 29 x 04    0.3640  0 29 x 07    0.2558  0 30 x 03    0.2541  0 28 x 06
0.3722  0 27 x 03    0.3640  0 30 x 06    0.2559  0 29 x 03    0.2542  0 32 x 03
0.3726  0 28 x 04    0.3641  0 28 x 05    0.2564  0 30 x 06    0.2547  0 31 x 03
0.3744  0 32 x 03    0.3642  0 31 x 04    0.2564  0 28 x 07    0.2549  0 30 x 04
0.3749  0 31 x 03    0.3644  0 32 x 04    0.2569  0 28 x 03    0.2549  0 28 x 05
0.3751  0 28 x 03    0.3646  0 30 x 04    0.2570  0 29 x 07    0.2550  0 31 x 04
0.3758  0 30 x 03    0.3667  0 03 x 04    0.2575  0 29 x 04    0.2550  0 32 x 04
0.3769  0 29 x 03    0.3693  0 03 x 03    0.2606  0 28 x 04    0.2552  0 29 x 08
0.3805  0 05 x 04    0.3707  0 29 x 04    0.2645  0 05 x 04    0.2557  0 30 x 03
0.3810  0 05 x 05    0.3722  0 27 x 03    0.2667  0 04 x 04    0.2561  0 29 x 03
0.3839  0 05 x 12    0.3728  0 28 x 04    0.2668  0 04 x 06    0.2563  0 30 x 06
0.3864  0 05 x 06    0.3744  0 32 x 03    0.2673  0 05 x 05    0.2564  0 28 x 07
0.3873  0 06 x 04    0.3747  0 31 x 03    0.2676  0 00 x 05    0.2570  0 29 x 07
0.3882  0 00 x 05    0.3749  0 28 x 03    0.2691  0 04 x 12    0.2570  0 28 x 03
0.3889  0 00 x 04    0.3753  0 30 x 03    0.2693  0 05 x 06    0.2576  0 29 x 04
0.3900  0 04 x 04    0.3755  0 29 x 03    0.2694  0 06 x 04    0.2607  0 28 x 04
0.3902  0 00 x 06    0.3788  0 05 x 04    0.2696  0 04 x 05    0.2620  0 05 x 04
0.3903  0 04 x 06    0.3791  0 05 x 05    0.2698  0 00 x 06    0.2646  0 05 x 05
0.3904  0 00 x 12    0.3821  0 05 x 12    0.2702  0 00 x 04    0.2648  0 06 x 04
0.3906  0 06 x 05    0.3836  0 06 x 04    0.2706  0 00 x 12    0.2660  0 04 x 04
0.3920  0 04 x 12    0.3847  0 05 x 06    0.2710  0 05 x 03    0.2661  0 04 x 06
0.3934  0 04 x 05    0.3868  0 06 x 05    0.2716  0 04 x 03    0.2675  0 05 x 06
0.3939  0 05 x 03    0.3881  0 00 x 05    0.2718  0 05 x 12    0.2676  0 00 x 05
0.3963  0 06 x 06    0.3890  0 00 x 04    0.2725  0 06 x 05    0.2680  0 06 x 05
0.3970  0 05 x 08    0.3894  0 04 x 04    0.2735  0 06 x 03    0.2681  0 04 x 12
0.3982  0 06 x 03    0.3895  0 04 x 06    0.2742  0 04 x 08    0.2685  0 05 x 03
0.3997  0 00 x 08    0.3902  0 00 x 06    0.2749  0 00 x 03    0.2688  0 04 x 05
0.4004  0 04 x 08    0.3904  0 00 x 12    0.2771  0 00 x 08    0.2693  0 06 x 03
0.4022  0 04 x 03    0.3911  0 04 x 12    0.2774  0 05 x 08    0.2698  0 00 x 06
0.4040  0 07 x 04    0.3922  0 06 x 06    0.2794  0 06 x 06    0.2699  0 05 x 12
0.4041  0 05 x 07    0.3923  0 05 x 03    0.2818  0 01 x 07    0.2701  0 00 x 04
0.4056  0 00 x 07    0.3928  0 04 x 05    0.2824  0 04 x 10    0.2704  0 00 x 12
0.4060  0 00 x 03    0.3950  0 06 x 03    0.2826  0 00 x 07    0.2708  0 04 x 03
0.4082  0 00 x 10    0.3957  0 07 x 04    0.2831  0 05 x 07    0.2734  0 04 x 08
0.4117  0 01 x 07    0.3958  0 05 x 08    0.2833  0 00 x 10    0.2744  0 06 x 06
0.4133  0 04 x 10    0.3997  0 04 x 08    0.2834  0 01 x 05    0.2748  0 00 x 03
0.4135  0 05 x 10    0.3998  0 00 x 08    0.2836  0 01 x 08    0.2758  0 05 x 08
0.4142  0 01 x 05    0.4014  0 04 x 03    0.2836  0 01 x 06    0.2770  0 00 x 08
0.4146  0 07 x 03    0.4022  0 05 x 07    0.2840  0 01 x 04    0.2780  0 07 x 04
0.4154  0 01 x 06    0.4055  0 00 x 07    0.2862  0 01 x 12    0.2811  0 05 x 07
0.4156  0 01 x 08    0.4061  0 00 x 03    0.2867  0 07 x 04    0.2812  0 01 x 07
0.4161  0 01 x 04    0.4069  0 07 x 03    0.2876  0 05 x 10    0.2819  0 04 x 10
0.4164  0 06 x 12    0.4081  0 00 x 10    0.2881  0 01 x 03    0.2827  0 01 x 05
0.4180  0 07 x 05    0.4088  0 07 x 05    0.2929  0 07 x 03    0.2827  0 01 x 08
0.4192  0 06 x 10    0.4106  0 01 x 07    0.2937  0 01 x 10    0.2828  0 00 x 07
0.4196  0 01 x 12    0.4117  0 05 x 10    0.2946  0 04 x 07    0.2830  0 01 x 06
0.4242  0 06 x 08    0.4124  0 06 x 12    0.2964  0 06 x 10    0.2834  0 00 x 10
0.4249  0 06 x 07    0.4125  0 04 x 10    0.2968  0 06 x 12    0.2835  0 01 x 04
0.4256  0 01 x 03    0.4133  0 01 x 05    0.2988  0 06 x 08    0.2841  0 07 x 03
0.4275  0 07 x 06    0.4148  0 01 x 06    0.3012  0 06 x 07    0.2855  0 01 x 12
0.4284  0 01 x 10    0.4150  0 01 x 08    0.3022  0 27 x 02    0.2856  0 05 x 10
0.4302  0 04 x 07    0.4150  0 06 x 10    0.3031  0 07 x 05    0.2875  0 01 x 03
0.4347  4 08 x 08    0.4155  0 01 x 04    0.3070  0 31 x 02    0.2898  0 03 x 02
0.4356  4 08 x 12    0.4179  0 07 x 06    0.3077  3 08 x 12    0.2919  0 06 x 10
0.4374  4 08 x 05    0.4191  0 01 x 12    0.3080  0 05 x 02    0.2925  0 06 x 12
0.4378  4 08 x 10    0.4201  0 06 x 08    0.3081  0 29 x 02    0.2929  0 01 x 10
0.4386  3 08 x 12    0.4206  0 06 x 07    0.3090  0 07 x 06    0.2934  0 07 x 05
0.4389  4 08 x 04    0.4251  0 01 x 03    0.3105  0 30 x 02    0.2940  0 04 x 07
0.4401  0 07 x 07    0.4255  0 03 x 02    0.3106  0 04 x 02    0.2945  0 06 x 08
0.4402  4 08 x 06    0.4279  0 01 x 10    0.3111  0 32 x 02    0.2964  0 06 x 07
0.4413  4 08 x 07    0.4295  0 04 x 07    0.3114  0 28 x 02    0.3001  0 07 x 06
0.4453  0 07 x 08    0.4308  0 07 x 07    0.3115  3 08 x 04    0.3027  0 27 x 02
0.4458  3 08 x 07    0.4345  4 08 x 08    0.3117  0 00 x 02    0.3049  0 31 x 02
0.4459  3 08 x 04    0.4356  4 08 x 12    0.3118  3 08 x 07    0.3061  0 05 x 02
0.4467  3 08 x 05    0.4361  0 07 x 08    0.3120  3 08 x 05    0.3077  3 08 x 12
0.4486  3 08 x 06    0.4375  4 08 x 05    0.3121  0 06 x 02    0.3077  0 29 x 02
0.4490  3 08 x 08    0.4377  4 08 x 10    0.3127  4 08 x 08    0.3082  0 06 x 02
0.4501  3 08 x 10    0.4389  3 08 x 12    0.3128  3 08 x 08    0.3091  0 30 x 02
0.4517  4 08 x 03    0.4390  4 08 x 04    0.3129  3 08 x 10    0.3093  0 07 x 07
0.4522  0 31 x 02    0.4405  4 08 x 06    0.3137  3 08 x 06    0.3101  0 04 x 02
0.4525  0 07 x 10    0.4412  4 08 x 07    0.3144  4 08 x 05    0.3110  0 32 x 02
0.4561  0 05 x 02    0.4433  0 07 x 10    0.3151  4 08 x 12    0.3117  3 08 x 04
0.4577  5 08 x 08    0.4457  3 08 x 07    0.3157  4 08 x 04    0.3118  0 00 x 02
0.4586  0 06 x 02    0.4460  3 08 x 04    0.3159  4 08 x 06    0.3120  3 08 x 07
0.4620  3 08 x 03    0.4469  3 08 x 05    0.3161  4 08 x 10    0.3121  3 08 x 05
0.4622  5 08 x 10    0.4488  3 08 x 06    0.3177  0 07 x 07    0.3124  0 28 x 02
0.4624  5 08 x 05    0.4491  3 08 x 08    0.3180  4 08 x 07    0.3127  3 08 x 08
0.4627  0 27 x 02    0.4501  3 08 x 10    0.3231  0 07 x 08    0.3129  4 08 x 08
0.4636  0 32 x 02    0.4512  0 27 x 02    0.3233  3 08 x 03    0.3130  3 08 x 10
0.4641  5 08 x 07    0.4517  4 08 x 03    0.3246  4 08 x 03    0.3138  3 08 x 06
0.4649  5 08 x 04    0.4529  0 06 x 02    0.3291  0 07 x 02    0.3145  0 07 x 08
0.4650  5 08 x 06    0.4539  0 05 x 02    0.3305  0 07 x 10    0.3147  4 08 x 05
0.4651  5 08 x 12    0.4544  0 31 x 02    0.3313  0 01 x 02    0.3150  4 08 x 12
0.4658  0 00 x 02    0.4573  0 30 x 02    0.3379  2 08 x 03    0.3158  4 08 x 06
0.4672  0 04 x 02    0.4575  5 08 x 08    0.3426  5 08 x 08    0.3160  4 08 x 04
0.4673  0 30 x 02    0.4593  0 29 x 02    0.3442  0 07 x 12    0.3160  4 08 x 10
0.4681  0 29 x 02    0.4621  5 08 x 10    0.3458  5 08 x 05    0.3181  4 08 x 07
0.4731  0 28 x 02    0.4621  3 08 x 03    0.3460  2 08 x 05    0.3207  0 07 x 10
0.4739  0 07 x 12    0.4623  5 08 x 05    0.3471  2 08 x 04    0.3211  0 07 x 02
0.4753  5 08 x 03    0.4630  0 28 x 02    0.3472  5 08 x 10    0.3235  3 08 x 03
0.4780  0 07 x 02    0.4639  0 32 x 02    0.3476  5 08 x 04    0.3250  4 08 x 03
0.4889  2 08 x 03    0.4641  5 08 x 07    0.3477  5 08 x 07    0.3307  0 01 x 02
0.4939  0 01 x 02    0.4642  0 07 x 12    0.3482  5 08 x 06    0.3349  0 07 x 12
0.5005  2 08 x 05    0.4648  5 08 x 04    0.3503  5 08 x 12    0.3382  2 08 x 03
0.5022  2 08 x 04    0.4652  5 08 x 06    0.3551  5 08 x 03    0.3425  5 08 x 08
0.5215  4 08 x 02    0.4653  5 08 x 12    0.3565  4 08 x 02    0.3458  5 08 x 05
0.5324  6 08 x 08    0.4659  0 00 x 02    0.3650  3 08 x 02    0.3462  2 08 x 05
0.5350  3 08 x 02    0.4664  0 04 x 02    0.3825  0 03 x 03    0.3472  2 08 x 04
0.5351  6 08 x 06    0.4722  0 07 x 02    0.3829  0 03 x 04    0.3474  5 08 x 10
0.5352  6 08 x 07    0.4755  5 08 x 03    0.3840  0 03 x 05    0.3477  5 08 x 04
0.5427  6 08 x 05    0.4891  2 08 x 03    0.3859  0 03 x 07    0.3480  5 08 x 07
0.5428  6 08 x 10    0.4929  0 01 x 02    0.3869  0 03 x 08    0.3481  5 08 x 06
0.5443  6 08 x 04    0.5006  2 08 x 05    0.3893  0 03 x 06    0.3503  5 08 x 12
0.5465  6 08 x 12    0.5024  2 08 x 04    0.3957  2 08 x 02    0.3554  5 08 x 03
0.5524  6 08 x 03    0.5217  4 08 x 02    0.3963  0 03 x 02    0.3626  4 08 x 02
0.5533  5 08 x 02    0.5324  6 08 x 08    0.4004  0 03 x 10    0.3647  3 08 x 02
0.5594  0 03 x 04    0.5350  6 08 x 06    0.4008  5 08 x 02    0.3962  2 08 x 02
0.5597  0 03 x 03    0.5350  3 08 x 02    0.4036  0 03 x 12    0.4007  5 08 x 02
0.5619  0 03 x 05    0.5353  6 08 x 07    0.4211  6 08 x 08    0.4214  6 08 x 08
0.5639  0 03 x 07    0.5424  6 08 x 05    0.4233  6 08 x 06    0.4232  6 08 x 06
0.5651  0 03 x 08    0.5430  6 08 x 10    0.4238  6 08 x 07    0.4240  6 08 x 07
0.5685  0 03 x 06    0.5444  6 08 x 04    0.4290  6 08 x 05    0.4246  0 02 x 02
0.5848  2 08 x 02    0.5468  6 08 x 12    0.4306  6 08 x 04    0.4289  0 02 x 12
0.5848  0 03 x 10    0.5525  6 08 x 03    0.4320  6 08 x 10    0.4291  6 08 x 05
0.5895  0 03 x 12    0.5534  5 08 x 02    0.4361  6 08 x 03    0.4299  0 02 x 06
0.6026  0 03 x 02    0.5847  2 08 x 02    0.4362  6 08 x 12    0.4300  0 02 x 08
0.6278  6 08 x 02    0.6267  0 02 x 12    0.4424  1 08 x 05    0.4306  6 08 x 04
0.6462  1 08 x 05    0.6278  0 02 x 08    0.4435  1 08 x 04    0.4312  0 02 x 05
0.6470  1 08 x 04    0.6280  6 08 x 02    0.4497  1 08 x 03    0.4320  6 08 x 10
0.6560  1 08 x 03    0.6284  0 02 x 06    0.4821  0 02 x 05    0.4336  0 02 x 10
0.7049  0 02 x 05    0.6303  0 02 x 02    0.4824  0 02 x 06    0.4355  0 02 x 07
0.7050  0 02 x 06    0.6303  0 02 x 05    0.4830  0 02 x 12    0.4356  0 02 x 04
0.7057  0 02 x 12    0.6334  0 02 x 10    0.4830  0 02 x 08    0.4364  6 08 x 03
0.7059  0 02 x 08    0.6343  0 02 x 07    0.4831  0 02 x 02    0.4364  6 08 x 12
0.7061  7 08 x 04    0.6363  0 02 x 03    0.4864  0 02 x 10    0.4402  0 02 x 03
0.7074  7 08 x 05    0.6376  0 02 x 04    0.4864  6 08 x 02    0.4426  1 08 x 05
0.7081  0 02 x 03    0.6463  1 08 x 05    0.4869  0 02 x 04    0.4434  1 08 x 04
0.7099  0 02 x 02    0.6473  1 08 x 04    0.4880  0 02 x 07    0.4498  1 08 x 03
0.7100  0 02 x 10    0.6570  1 08 x 03    0.4899  0 02 x 03    0.4867  6 08 x 02
0.7104  0 02 x 04    0.7061  7 08 x 04    0.5073  0 05 x 01    0.4892  0 02 x 01
0.7132  0 02 x 07    0.7072  7 08 x 05    0.5085  0 06 x 01    0.5059  0 06 x 01
0.7200  7 08 x 03    0.7149  0 02 x 01    0.5161  0 01 x 01    0.5059  0 05 x 01
0.7529  0 05 x 01    0.7199  7 08 x 03    0.5187  0 04 x 01    0.5138  0 07 x 01
0.7533  0 06 x 01    0.7489  0 06 x 01    0.5202  0 07 x 01    0.5157  0 01 x 01
0.7648  0 07 x 01    0.7506  0 05 x 01    0.5277  0 00 x 01    0.5174  0 04 x 01
0.7728  0 01 x 01    0.7562  0 07 x 01    0.5283  1 08 x 02    0.5188  0 03 x 01
0.7737  0 04 x 01    0.7678  0 01 x 01    0.5341  0 02 x 01    0.5276  0 00 x 01
0.7767  1 08 x 02    0.7707  0 03 x 01    0.5361  0 27 x 01    0.5289  1 08 x 02
0.7904  0 00 x 01    0.7709  0 04 x 01    0.5412  0 30 x 01    0.5324  0 27 x 01
0.7912  0 02 x 01    0.7763  1 08 x 02    0.5414  0 28 x 01    0.5380  0 28 x 01
0.7959  7 08 x 02    0.7845  0 00 x 01    0.5446  0 29 x 01    0.5384  0 30 x 01
0.7992  0 27 x 01    0.7930  0 27 x 01    0.5468  0 31 x 01    0.5446  0 29 x 01
0.8039  0 30 x 01    0.7957  7 08 x 02    0.5496  0 32 x 01    0.5477  0 31 x 01
0.8052  0 28 x 01    0.7990  0 28 x 01    0.5854  0 03 x 01    0.5504  0 32 x 01
0.8106  0 29 x 01    0.7993  0 30 x 01    0.5970  7 08 x 04    0.5972  7 08 x 04
0.8133  0 31 x 01    0.8098  0 29 x 01    0.5980  7 08 x 05    0.5976  7 08 x 05
0.8168  0 32 x 01    0.8135  0 31 x 01    0.6051  4 08 x 01    0.6056  4 08 x 01
0.8851  0 03 x 01    0.8165  0 32 x 01    0.6070  7 08 x 03    0.6069  7 08 x 03
0.8938  4 08 x 01    0.8920  4 08 x 01    0.6240  3 08 x 01    0.6249  3 08 x 01
0.9169  5 08 x 01    0.9169  5 08 x 01    0.6364  5 08 x 01    0.6379  5 08 x 01
0.9371  3 08 x 01    0.9383  3 08 x 01    0.6565  7 08 x 02    0.6568  7 08 x 02
1.0100  6 08 x 01    1.0105  6 08 x 01    0.6909  2 08 x 01    0.6915  2 08 x 01
1.0441  2 08 x 01    1.0385  2 08 x 01    0.7364  6 08 x 01    0.7371  6 08 x 01
1.1604  7 08 x 01    1.1602  7 08 x 01    0.9020  7 08 x 01    0.9023  7 08 x 01
1.3811  1 08 x 01    1.3723  1 08 x 01    0.9269  1 08 x 01    0.9266  1 08 x 01
---Benchmark Program Finished---
