
./testbench.sh g++ O3 MontgomeryFull __uint128_t 191 8 40 -DTEST_ARRAY

compilation finished, now executing:
---Running Program---

begin benchmarks - array two_pow
(ignore)332163741205411267698489818326060553048

OVERALL BEST:
1.7084  0 31 t 05
1.7148  0 30 t 04
1.7162  0 30 t 05
1.7187  0 31 t 04
1.7220  0 31 t 06
1.7285  0 30 t 06
1.7331  0 29 t 06
1.7355  0 30 t 08
1.7371  0 29 t 05
1.7385  0 31 t 07
1.7405  0 29 t 08
1.7413  0 29 t 07
1.7413  0 28 t 06
1.7420  0 28 t 05
1.7434  0 31 t 08
1.7435  0 28 t 08
1.7461  0 28 t 04
1.7465  0 28 t 07
1.7469  0 31 t 10
1.7479  0 29 t 04
1.7507  0 29 t 10
1.7543  0 30 t 07
1.7598  0 30 t 10
1.7623  0 28 t 10
1.7668  0 31 t 03
1.7701  0 31 t 12
1.7706  0 30 t 12
1.7724  0 28 t 12
1.7776  0 30 t 03
1.7787  0 29 t 12
1.7855  0 31 x 04
1.7905  0 29 t 03
1.7932  0 28 t 03
1.7944  0 30 x 04
1.7954  0 32 t 04
1.7956  0 32 x 04
1.8031  0 30 x 06
1.8056  0 31 x 06
1.8069  0 30 x 05
1.8072  0 32 t 06
1.8072  0 32 x 06
1.8129  0 31 x 05
1.8143  0 32 x 05
1.8150  0 32 t 05
1.8160  0 31 x 07
1.8168  0 32 t 07
1.8175  0 32 x 07
1.8207  0 30 x 07
1.8232  0 31 x 08
1.8235  0 32 x 08
1.8235  0 32 t 08
1.8243  0 29 x 06
1.8245  0 30 x 08
1.8253  0 29 x 05
1.8269  0 28 x 05
1.8291  0 28 x 06
1.8293  0 29 x 04
1.8306  0 29 x 10
1.8322  0 32 t 12
1.8324  0 32 x 12
1.8328  0 31 x 12
1.8379  0 28 x 04
1.8429  0 29 x 07
1.8454  0 29 x 08
1.8495  0 28 x 10
1.8497  0 30 x 12
1.8499  0 31 x 10
1.8503  0 28 x 07
1.8507  0 32 x 10
1.8507  0 32 t 10
1.8541  0 28 x 08
1.8576  0 30 x 10
1.8600  0 31 x 03
1.8600  0 32 t 03
1.8601  0 32 x 03
1.8606  0 30 x 03
1.8620  0 05 t 05
1.8666  0 29 x 12
1.8691  0 28 x 12
1.8705  0 05 t 06
1.8781  0 05 t 04
1.8807  0 05 t 07
1.8807  0 06 t 05
1.8816  0 05 t 08
1.8825  0 04 t 08
1.8832  0 04 t 07
1.8859  0 06 t 04
1.8862  0 04 t 05
1.8874  0 05 t 10
1.8874  0 04 t 10
1.8912  0 04 t 04
1.8913  0 04 t 06
1.8941  0 28 x 03
1.8974  0 29 x 03
1.9018  0 27 t 08
1.9036  0 27 t 05
1.9036  0 06 t 06
1.9074  0 06 t 07
1.9128  0 05 t 12
1.9138  0 04 t 12
1.9143  0 00 t 05
1.9145  0 00 t 06
1.9177  0 05 t 03
1.9180  0 27 t 06
1.9189  0 27 t 04
1.9194  0 27 t 10
1.9206  0 00 t 07
1.9238  0 00 t 04
1.9256  0 06 t 03
1.9256  0 00 t 08
1.9266  0 27 t 07
1.9292  0 27 t 03
1.9383  0 27 t 12
1.9414  0 04 t 03
1.9429  0 00 t 10
1.9492  0 05 x 04
1.9529  0 05 x 05
1.9577  0 27 x 04
1.9589  0 05 x 06
1.9601  0 00 t 12
1.9616  0 00 t 03
1.9623  0 06 t 08
1.9640  0 06 t 10
1.9641  0 05 x 08
1.9714  0 06 x 04
1.9720  0 06 t 12
1.9730  0 04 x 04
1.9779  0 05 x 07
1.9795  0 01 t 05
1.9797  0 01 t 04
1.9811  0 04 x 08
1.9827  0 04 x 06
1.9833  0 04 x 05
1.9840  0 05 x 10
1.9846  0 06 x 05
1.9849  0 01 t 06
1.9858  0 01 t 07
1.9871  0 07 t 05
1.9917  0 27 x 05
1.9928  0 27 x 06
1.9936  0 27 x 07
2.0016  0 04 x 07
2.0016  0 06 x 06
2.0042  0 04 x 10
2.0044  0 00 x 06
2.0055  0 00 x 04
2.0084  0 01 t 10
2.0087  0 27 x 08
2.0087  0 00 x 05
2.0137  0 05 x 03
2.0150  0 07 t 03
2.0152  0 01 t 08
2.0154  0 07 t 04
2.0155  0 06 x 03
2.0208  0 06 x 08
2.0211  0 00 x 10
2.0245  0 00 x 08
2.0248  0 27 x 10
2.0248  0 04 x 12
2.0268  0 06 x 07
2.0269  0 27 x 03
2.0274  0 00 x 07
2.0299  0 06 x 10
2.0358  0 01 t 12
2.0427  0 27 x 12
2.0436  0 01 t 03
2.0443  0 04 x 03
2.0518  0 06 x 12
2.0520  0 00 x 12
2.0599  0 05 x 12
2.0630  0 00 x 03
2.0658  0 01 x 04
2.0741  0 01 x 05
2.0818  0 01 x 06
2.0886  0 29 t 02
2.0909  0 07 x 04
2.0947  0 07 t 06
2.0970  0 28 t 02
2.0981  0 01 x 07
2.1188  0 07 x 03
2.1202  0 01 x 08
2.1210  0 01 x 03
2.1274  0 01 x 10
2.1423  0 01 x 12
2.1440  0 07 t 07
2.1588  0 31 t 02
2.1613  0 30 t 02
2.1663  0 30 x 02
2.1726  0 29 x 02
2.1740  0 07 x 06
2.1766  0 07 t 08
2.1854  0 07 t 12
2.1880  0 28 x 02
2.2046  0 04 t 02
2.2067  0 07 x 05
2.2077  4 08 t 05
2.2078  0 31 x 02
2.2101  4 08 t 04
2.2111  0 00 t 02
2.2154  0 32 x 02
2.2156  0 32 t 02
2.2227  4 08 t 06
2.2286  0 27 t 02
2.2351  0 07 t 10
2.2462  0 05 t 02
2.2479  0 07 x 07
2.2504  0 06 t 02
2.2534  4 08 t 07
2.2536  4 08 t 03
2.2540  4 08 t 08
2.2554  0 06 x 02
2.2597  0 05 x 02
2.2601  3 08 t 04
2.2618  0 07 t 02
2.2710  0 00 x 02
2.2737  4 08 t 10
2.2811  0 07 x 08
2.2836  0 04 x 02
2.2844  4 08 x 04
2.2956  0 01 t 02
2.2966  4 08 x 05
2.3002  3 08 t 05
2.3017  3 08 t 03
2.3030  4 08 t 12
2.3032  0 27 x 02
2.3034  3 08 t 07
2.3037  5 08 t 05
2.3049  3 08 t 06
2.3068  5 08 t 04
2.3075  5 08 t 06
2.3179  4 08 x 06
2.3196  3 08 t 08
2.3204  3 08 x 04
2.3261  3 08 t 10
2.3288  5 08 t 03
2.3329  3 08 t 12
2.3331  0 07 x 10
2.3340  5 08 t 07
2.3469  4 08 x 07
2.3524  0 07 x 12
2.3581  0 07 x 02
2.3620  4 08 x 03
2.3628  4 08 x 08
2.3678  5 08 t 10
2.3689  5 08 t 08
2.3700  3 08 x 05
2.3733  4 08 x 10
2.3776  4 08 x 12
2.3792  3 08 x 06
2.3809  5 08 x 04
2.3908  5 08 x 06
2.3967  3 08 x 08
2.3990  3 08 x 03
2.3998  5 08 x 05
2.4054  5 08 t 12
2.4099  3 08 x 07
2.4109  0 01 x 02
2.4246  5 08 x 07
2.4265  3 08 x 10
2.4327  3 08 x 12
2.4444  5 08 x 03
2.4516  5 08 x 08
2.4743  5 08 x 10
2.4885  2 08 t 04
2.4996  5 08 x 12
2.5106  2 08 t 05
2.5116  4 08 t 02
2.5639  2 08 x 04
2.5651  3 08 t 02
2.5741  2 08 t 03
2.5869  2 08 x 05
2.5898  6 08 t 05
2.5948  6 08 t 06
2.6052  4 08 x 02
2.6221  6 08 t 04
2.6277  6 08 t 03
2.6553  6 08 t 07
2.6580  2 08 x 03
2.6708  5 08 t 02
2.6712  6 08 x 04
2.6775  3 08 x 02
2.6833  6 08 x 05
2.6865  6 08 x 06
2.6909  6 08 t 08
2.7008  5 08 x 02
2.7217  6 08 t 10
2.7480  6 08 x 03
2.7570  6 08 x 07
2.7721  6 08 t 12
2.7792  6 08 x 08
2.8373  6 08 x 10
2.8460  2 08 t 02
2.8584  6 08 x 12
2.9463  2 08 x 02
2.9664  6 08 t 02
2.9913  6 08 x 02
3.2624  7 08 t 05
3.2687  0 31 t 01
3.2689  0 01 t 01
3.2732  7 08 t 04
3.2734  0 29 t 01
3.2836  0 04 t 01
3.2940  0 30 t 01
3.3047  0 28 t 01
3.3204  7 08 t 03
3.3284  0 00 t 01
3.3454  7 08 x 04
3.3606  0 06 t 01
3.3608  0 07 t 01
3.3632  0 05 t 01
3.3654  7 08 x 05
3.3680  0 03 x 03
3.3733  0 31 x 01
3.3929  0 30 x 01
3.3935  1 08 x 04
3.3970  1 08 t 04
3.3977  0 29 x 01
3.4027  1 08 x 05
3.4041  1 08 t 05
3.4053  0 06 x 01
3.4126  0 28 x 01
3.4137  0 05 x 01
3.4290  7 08 x 03
3.4405  0 27 t 01
3.4429  0 01 x 01
3.4433  0 32 x 01
3.4438  0 04 x 01
3.4585  0 03 x 04
3.4593  0 32 t 01
3.4636  0 07 x 01
3.4657  0 02 x 03
3.4657  0 03 x 02
3.4742  0 02 x 02
3.4876  0 00 x 01
3.4878  0 03 x 05
3.4950  0 02 x 04
3.4979  0 02 x 05
3.5113  0 27 x 01
3.5138  1 08 x 03
3.5142  1 08 t 03
3.5202  0 03 x 06
3.5473  0 02 x 06
3.5630  0 03 x 07
3.5889  0 02 x 07
3.5962  0 03 x 08
3.6024  0 02 x 08
3.6125  0 02 x 10
3.6134  7 08 t 02
3.6663  0 02 x 12
3.6766  0 03 x 10
3.6860  7 08 x 02
3.7529  0 03 x 12
3.7743  1 08 t 02
3.7743  1 08 x 02
3.7787  0 02 x 01
3.7926  4 08 t 01
3.8683  5 08 t 01
3.9428  4 08 x 01
3.9750  3 08 t 01
4.0018  5 08 x 01
4.1029  0 03 x 01
4.1069  3 08 x 01
4.1266  6 08 t 01
4.2938  6 08 x 01
4.5165  2 08 t 01
4.5852  2 08 x 01
4.8964  7 08 t 01
5.0205  7 08 x 01
6.1702  1 08 t 01
6.1917  1 08 x 01
Timings By Test Type:
0.6249  0 31 t 05    0.3904  0 32 x 07    0.4242  0 31 t 05    0.2651  0 32 x 07
0.6262  0 30 t 04    0.3904  0 31 x 07    0.4244  0 30 t 04    0.2651  0 31 x 07
0.6270  0 31 t 04    0.3904  0 32 t 07    0.4254  0 31 t 04    0.2651  0 32 t 07
0.6274  0 30 t 05    0.3906  0 31 x 04    0.4264  0 30 t 05    0.2653  0 32 t 12
0.6318  0 29 t 06    0.3907  0 32 x 04    0.4283  0 29 t 06    0.2653  0 31 x 04
0.6319  0 29 t 10    0.3907  0 32 t 04    0.4284  0 31 t 03    0.2653  0 31 x 12
0.6319  0 31 t 06    0.3912  0 31 x 12    0.4285  0 31 t 06    0.2654  0 32 x 12
0.6334  0 28 t 06    0.3912  0 32 x 12    0.4288  0 29 t 10    0.2654  0 32 t 08
0.6338  0 30 t 06    0.3913  0 32 t 08    0.4294  0 29 t 05    0.2655  0 32 t 04
0.6339  0 29 t 07    0.3913  0 32 x 08    0.4300  0 30 t 06    0.2655  0 31 x 08
0.6340  0 29 t 05    0.3913  0 32 t 12    0.4300  0 29 t 07    0.2655  0 32 x 08
0.6342  0 31 t 03    0.3915  0 31 x 08    0.4300  0 29 t 04    0.2656  0 32 x 04
0.6344  0 28 t 04    0.3919  0 30 x 08    0.4300  0 28 t 05    0.2665  0 32 t 06
0.6351  0 29 t 04    0.3921  0 30 x 06    0.4301  0 28 t 04    0.2665  0 32 x 06
0.6353  0 28 t 07    0.3922  0 32 t 06    0.4307  0 28 t 06    0.2666  0 30 x 06
0.6353  0 28 t 08    0.3923  0 30 x 04    0.4311  0 30 t 03    0.2666  0 31 x 06
0.6353  0 28 t 05    0.3923  0 31 x 06    0.4318  0 28 t 08    0.2667  0 30 x 08
0.6361  0 28 t 10    0.3924  0 31 t 05    0.4318  0 29 t 08    0.2668  0 30 x 04
0.6362  0 29 t 08    0.3924  0 32 x 06    0.4319  0 28 t 07    0.2669  0 31 t 05
0.6364  0 31 t 10    0.3924  0 30 x 07    0.4319  0 31 t 10    0.2672  0 30 x 07
0.6366  0 30 t 08    0.3931  0 32 t 05    0.4326  0 28 t 10    0.2674  0 31 x 05
0.6368  0 30 t 03    0.3932  0 31 x 05    0.4328  0 30 t 08    0.2675  0 32 x 05
0.6400  0 31 t 07    0.3932  0 32 x 05    0.4342  0 29 t 03    0.2676  0 32 t 05
0.6406  0 30 t 10    0.3936  0 30 x 05    0.4344  0 31 t 07    0.2677  0 31 t 06
0.6416  0 29 t 12    0.3939  0 31 t 06    0.4347  0 28 t 03    0.2680  0 30 x 05
0.6417  0 31 t 08    0.3943  0 30 t 05    0.4354  0 30 t 10    0.2681  0 30 t 05
0.6425  0 28 t 03    0.3953  0 30 t 04    0.4355  0 31 t 08    0.2686  0 31 t 07
0.6430  0 28 t 12    0.3955  0 31 t 07    0.4370  0 28 t 12    0.2689  0 30 t 04
0.6431  0 29 t 03    0.3958  0 30 t 06    0.4374  0 29 t 12    0.2689  0 30 t 06
0.6434  0 30 t 07    0.3961  0 30 x 12    0.4375  0 30 t 07    0.2692  0 31 t 08
0.6451  0 31 t 12    0.3965  0 31 t 04    0.4392  0 31 t 12    0.2695  0 30 t 08
0.6466  0 30 t 12    0.3966  0 30 t 08    0.4395  0 30 t 12    0.2697  0 31 t 04
0.6719  0 31 x 04    0.3970  0 31 t 08    0.4572  0 30 x 04    0.2701  0 30 x 12
0.6781  0 30 x 04    0.3986  0 29 x 08    0.4577  0 31 x 04    0.2704  0 29 x 08
0.6800  0 27 t 04    0.3986  0 29 x 10    0.4589  0 32 x 04    0.2706  0 29 x 10
0.6802  0 27 t 06    0.3995  0 29 x 07    0.4589  0 32 t 04    0.2712  0 29 x 07
0.6804  0 32 t 04    0.4002  0 29 x 06    0.4593  0 27 t 04    0.2716  0 29 x 05
0.6804  0 32 x 04    0.4003  0 28 x 08    0.4598  0 27 t 03    0.2716  0 29 x 06
0.6824  0 30 x 06    0.4003  0 29 x 05    0.4598  0 27 t 06    0.2719  0 29 t 06
0.6825  0 27 t 05    0.4003  0 28 x 06    0.4612  0 27 t 05    0.2719  0 29 t 08
0.6825  0 27 t 07    0.4004  0 30 t 07    0.4615  0 27 t 07    0.2722  0 28 x 06
0.6826  0 27 t 03    0.4006  0 29 t 08    0.4618  0 30 x 05    0.2723  0 29 t 05
0.6835  0 30 x 05    0.4008  0 28 x 07    0.4619  0 30 x 06    0.2723  0 28 x 08
0.6841  0 31 x 06    0.4010  0 28 x 05    0.4620  0 05 t 05    0.2728  0 28 x 05
0.6844  0 27 t 10    0.4012  0 29 t 06    0.4625  0 31 x 06    0.2729  0 30 t 07
0.6844  0 27 t 08    0.4016  0 29 t 05    0.4626  0 27 t 08    0.2729  0 28 x 07
0.6845  0 05 t 05    0.4019  0 31 x 10    0.4626  0 27 t 10    0.2736  0 29 x 12
0.6851  0 32 t 06    0.4022  0 32 t 10    0.4627  0 32 x 06    0.2738  0 29 t 07
0.6856  0 32 x 06    0.4023  0 32 x 10    0.4633  0 29 x 04    0.2738  0 28 t 05
0.6861  0 06 t 05    0.4024  0 28 x 10    0.4635  0 32 t 06    0.2739  0 28 t 08
0.6873  0 31 x 05    0.4025  0 28 t 08    0.4648  0 29 x 06    0.2739  0 31 t 10
0.6877  0 29 x 04    0.4025  0 29 x 12    0.4648  0 05 t 04    0.2741  0 28 t 06
0.6877  0 29 x 06    0.4028  0 28 t 05    0.4649  0 31 x 05    0.2744  0 29 x 04
0.6878  0 28 x 05    0.4031  0 28 t 06    0.4650  0 29 x 05    0.2747  0 28 x 10
0.6881  0 05 t 06    0.4036  0 29 t 07    0.4651  0 05 t 06    0.2751  0 28 t 07
0.6885  0 32 x 05    0.4039  0 29 x 04    0.4651  0 32 x 05    0.2757  0 28 x 04
0.6885  0 29 x 05    0.4042  0 28 t 07    0.4653  0 28 x 05    0.2762  0 29 t 04
0.6885  0 32 t 05    0.4046  0 28 x 04    0.4657  0 32 t 05    0.2763  0 28 t 04
0.6890  0 05 t 07    0.4046  0 30 x 10    0.4660  0 04 t 07    0.2763  0 28 x 12
0.6892  0 05 t 04    0.4047  0 31 t 10    0.4663  0 30 x 03    0.2764  0 30 t 10
0.6895  0 28 x 06    0.4051  0 28 x 12    0.4666  0 32 t 03    0.2768  0 30 t 12
0.6897  0 06 t 04    0.4054  0 28 t 04    0.4667  0 32 x 03    0.2768  0 31 x 10
0.6907  0 28 x 04    0.4067  0 29 t 04    0.4667  0 31 x 03    0.2771  0 32 t 10
0.6911  0 30 x 03    0.4073  0 30 t 10    0.4668  0 04 t 04    0.2771  0 32 x 10
0.6915  0 04 t 07    0.4077  0 30 t 12    0.4669  0 28 x 04    0.2777  0 31 t 12
0.6916  0 27 t 12    0.4081  0 31 t 12    0.4671  0 04 t 05    0.2785  0 29 t 10
0.6921  0 31 x 07    0.4116  0 29 t 10    0.4672  0 28 x 06    0.2795  0 30 x 10
0.6923  0 05 t 10    0.4125  0 28 t 12    0.4672  0 04 t 08    0.2800  0 28 t 12
0.6927  0 29 x 10    0.4131  0 28 t 10    0.4673  0 05 t 07    0.2805  0 28 t 10
0.6928  0 30 x 07    0.4160  0 29 t 12    0.4675  0 04 t 10    0.2805  0 31 x 03
0.6930  0 04 t 05    0.4197  0 31 x 03    0.4679  0 32 t 07    0.2806  0 32 x 03
0.6931  0 32 t 03    0.4197  0 32 x 03    0.4682  0 27 t 12    0.2807  0 32 t 03
0.6931  0 31 x 03    0.4197  0 32 t 03    0.4683  0 30 x 07    0.2823  0 30 x 03
0.6932  0 32 x 03    0.4209  0 30 x 03    0.4684  0 31 x 07    0.2825  0 31 t 03
0.6932  0 06 t 03    0.4217  0 31 t 03    0.4684  0 32 x 07    0.2837  0 29 t 12
0.6934  0 32 t 07    0.4238  0 05 x 08    0.4686  0 04 t 06    0.2848  0 30 t 03
0.6937  0 32 x 07    0.4249  0 30 t 03    0.4687  0 29 x 10    0.2854  0 05 x 08
0.6938  0 04 t 04    0.4268  0 05 x 05    0.4691  0 05 t 03    0.2857  0 29 x 03
0.6939  0 04 t 10    0.4269  0 29 t 03    0.4703  0 05 t 10    0.2862  0 29 t 03
0.6941  0 04 t 08    0.4271  0 29 x 03    0.4704  0 31 x 08    0.2874  0 05 x 05
0.6942  0 05 t 03    0.4272  0 05 t 08    0.4705  0 32 x 08    0.2876  0 28 x 03
0.6949  0 04 t 06    0.4272  0 05 x 04    0.4705  0 32 t 08    0.2879  0 05 t 08
0.6950  0 30 x 08    0.4273  0 28 x 03    0.4708  0 30 x 08    0.2880  0 05 t 05
0.6951  0 06 t 07    0.4275  0 05 t 05    0.4710  0 06 t 05    0.2880  0 05 x 06
0.6954  0 05 t 08    0.4277  0 05 x 06    0.4711  0 05 t 08    0.2881  0 28 t 03
0.6958  0 31 x 08    0.4279  0 28 t 03    0.4725  0 29 x 07    0.2883  0 05 x 04
0.6962  0 06 t 06    0.4279  0 04 x 08    0.4725  0 06 t 04    0.2886  0 05 t 06
0.6962  0 32 x 08    0.4285  0 06 t 05    0.4727  0 04 t 03    0.2889  0 05 x 07
0.6964  0 32 t 08    0.4286  0 05 t 06    0.4735  0 06 t 03    0.2890  0 04 x 08
0.6964  0 31 x 10    0.4289  0 06 x 05    0.4736  0 28 x 10    0.2903  0 05 x 10
0.6965  0 32 t 10    0.4291  0 06 x 04    0.4738  0 32 t 12    0.2908  0 04 t 08
0.6965  0 32 x 10    0.4293  0 05 x 07    0.4739  0 32 x 12    0.2917  0 05 t 04
0.6977  0 30 x 10    0.4293  0 06 t 04    0.4740  0 29 x 08    0.2921  0 05 t 10
0.6988  0 28 x 10    0.4297  0 06 t 06    0.4743  0 31 x 12    0.2922  0 05 t 07
0.6998  0 29 x 07    0.4305  0 04 t 08    0.4744  0 04 t 12    0.2925  0 04 x 06
0.7015  0 05 t 12    0.4309  0 05 x 10    0.4745  0 00 t 05    0.2926  0 04 t 07
0.7017  0 28 x 07    0.4320  0 06 x 08    0.4745  0 00 t 03    0.2927  0 04 t 05
0.7017  0 32 t 12    0.4323  0 05 t 07    0.4746  0 28 x 03    0.2928  0 04 t 10
0.7019  0 32 x 12    0.4323  0 05 t 04    0.4746  0 00 t 06    0.2930  0 04 x 07
0.7020  0 31 x 12    0.4327  0 06 t 07    0.4748  0 31 x 10    0.2931  0 04 x 04
0.7020  0 04 t 03    0.4327  0 05 t 10    0.4748  0 32 x 10    0.2934  0 04 x 05
0.7024  0 29 x 08    0.4331  0 04 x 06    0.4749  0 28 x 07    0.2934  0 04 t 06
0.7036  0 00 t 06    0.4331  0 04 t 07    0.4749  0 32 t 10    0.2935  0 04 x 10
0.7037  0 00 t 05    0.4332  0 04 t 10    0.4758  0 30 x 10    0.2942  0 06 x 04
0.7038  0 04 t 12    0.4334  0 06 x 06    0.4762  0 00 t 04    0.2943  0 06 t 04
0.7045  0 28 x 03    0.4335  0 04 x 04    0.4763  0 29 x 03    0.2947  0 04 t 04
0.7051  0 28 x 08    0.4335  0 04 t 05    0.4765  0 28 x 08    0.2949  0 04 x 12
0.7053  0 00 t 03    0.4338  0 04 x 07    0.4772  0 00 t 07    0.2952  0 06 t 05
0.7055  0 00 t 04    0.4339  0 04 x 05    0.4777  0 29 t 02    0.2952  0 06 x 05
0.7055  0 30 x 12    0.4342  0 04 x 10    0.4779  0 30 x 12    0.2954  0 00 x 06
0.7068  0 00 t 07    0.4344  0 04 t 06    0.4783  0 05 t 12    0.2956  0 00 x 10
0.7079  0 28 x 12    0.4356  0 06 x 10    0.4790  0 00 t 08    0.2957  0 00 x 08
0.7083  0 29 x 03    0.4359  0 04 t 04    0.4790  0 28 t 02    0.2957  0 05 t 12
0.7096  0 00 t 08    0.4360  0 04 x 12    0.4797  0 28 x 12    0.2963  0 00 x 12
0.7102  0 29 x 12    0.4363  0 06 x 07    0.4797  0 00 t 10    0.2963  0 00 x 05
0.7103  0 00 t 10    0.4373  0 05 t 12    0.4802  0 29 x 12    0.2964  0 00 x 07
0.7109  0 29 t 02    0.4373  0 00 x 06    0.4803  0 06 t 07    0.2965  0 06 t 06
0.7116  0 28 t 02    0.4379  0 06 x 12    0.4812  0 06 t 06    0.2967  0 04 t 12
0.7151  0 06 t 10    0.4380  0 00 x 10    0.4844  0 00 t 12    0.2968  0 00 t 05
0.7158  0 06 t 08    0.4380  0 00 x 08    0.4845  0 01 t 05    0.2969  0 00 t 06
0.7160  0 06 t 12    0.4388  0 00 x 05    0.4845  0 01 t 04    0.2969  0 00 t 07
0.7179  0 00 t 12    0.4389  0 04 t 12    0.4856  0 01 t 06    0.2970  0 00 x 04
0.7199  0 01 t 04    0.4389  0 00 x 07    0.4863  0 01 t 07    0.2971  0 00 t 08
0.7205  0 07 t 05    0.4391  0 00 x 04    0.4882  0 01 t 10    0.2986  0 27 x 04
0.7211  0 01 t 05    0.4393  0 00 t 05    0.4899  0 27 x 04    0.2993  0 06 t 07
0.7212  0 07 t 03    0.4394  0 00 t 06    0.4902  0 31 t 02    0.2995  0 00 t 04
0.7217  0 01 t 06    0.4394  0 00 x 12    0.4912  0 01 t 08    0.2998  0 06 x 08
0.7219  0 01 t 07    0.4396  0 00 t 07    0.4918  0 30 t 02    0.2998  0 06 x 06
0.7251  0 01 t 10    0.4400  0 00 t 08    0.4922  0 01 t 03    0.3020  0 06 x 10
0.7276  0 07 t 04    0.4410  0 27 x 04    0.4930  0 27 x 05    0.3020  0 06 x 12
0.7283  0 27 x 04    0.4416  0 06 t 08    0.4938  0 27 x 06    0.3022  0 27 x 07
0.7298  0 31 t 02    0.4424  0 06 t 10    0.4952  0 05 x 04    0.3024  0 05 x 12
0.7298  0 01 t 08    0.4426  0 00 t 04    0.4968  0 30 x 02    0.3024  0 06 x 07
0.7300  0 30 t 02    0.4461  0 05 x 12    0.4969  0 06 t 08    0.3026  0 27 x 08
0.7315  0 27 x 05    0.4462  0 07 t 05    0.4970  0 06 t 12    0.3030  0 05 t 03
0.7322  0 01 t 03    0.4473  0 27 x 07    0.4974  0 06 t 10    0.3031  0 00 t 10
0.7325  0 27 x 06    0.4478  0 06 t 12    0.4976  0 01 t 12    0.3041  0 27 t 08
0.7376  0 30 x 02    0.4481  0 27 x 08    0.4981  0 05 x 05    0.3047  0 05 x 03
0.7384  0 05 x 04    0.4496  0 07 x 04    0.4994  0 05 x 06    0.3049  0 00 t 12
0.7389  0 01 t 12    0.4498  0 06 x 03    0.4997  0 27 x 03    0.3062  0 27 t 05
0.7406  0 05 x 05    0.4498  0 00 t 10    0.5008  0 04 x 04    0.3070  0 06 x 03
0.7426  0 06 x 04    0.4507  0 27 t 08    0.5011  0 27 x 07    0.3080  0 06 t 08
0.7430  0 27 x 07    0.4508  0 06 t 03    0.5024  0 29 x 02    0.3080  0 06 t 03
0.7438  0 05 x 06    0.4514  0 05 t 03    0.5028  0 27 x 10    0.3087  0 27 x 06
0.7439  0 27 x 03    0.4529  0 00 t 12    0.5034  0 07 t 03    0.3090  0 04 t 03
0.7457  0 04 x 04    0.4531  0 05 x 03    0.5043  0 05 x 08    0.3092  0 06 t 10
0.7467  0 27 x 10    0.4534  0 07 t 04    0.5043  0 05 x 03    0.3092  0 27 x 05
0.7474  0 29 x 02    0.4537  0 27 t 05    0.5047  0 04 x 06    0.3096  0 27 x 12
0.7486  0 06 x 05    0.4577  0 04 t 03    0.5050  0 04 x 05    0.3106  0 04 x 03
0.7495  0 06 x 03    0.4578  0 27 x 06    0.5055  0 06 x 04    0.3107  0 27 t 10
0.7506  0 05 x 08    0.4581  0 27 x 05    0.5058  0 05 x 07    0.3111  0 01 x 04
0.7510  0 04 x 05    0.4594  0 27 x 12    0.5059  0 27 t 02    0.3112  0 06 t 12
0.7516  0 05 x 03    0.4598  0 04 x 03    0.5064  0 27 x 08    0.3117  0 01 t 05
0.7516  0 27 x 08    0.4608  0 01 x 04    0.5065  0 07 t 05    0.3120  0 27 x 10
0.7521  0 06 x 06    0.4617  0 27 t 10    0.5069  0 31 x 02    0.3124  0 01 t 04
0.7524  0 04 x 06    0.4623  0 01 t 05    0.5081  0 05 x 10    0.3128  0 01 x 06
0.7527  0 27 t 02    0.4628  0 01 t 04    0.5081  0 04 x 08    0.3129  0 01 x 05
0.7529  0 07 t 06    0.4633  0 00 x 03    0.5092  0 06 x 03    0.3132  0 27 t 12
0.7540  0 05 x 07    0.4633  0 27 x 10    0.5096  0 32 t 02    0.3133  0 27 t 06
0.7541  0 31 x 02    0.4639  0 01 x 06    0.5096  0 32 x 02    0.3134  0 01 t 06
0.7549  0 05 x 10    0.4639  0 01 x 05    0.5098  0 00 x 04    0.3134  0 01 t 07
0.7561  0 04 x 08    0.4641  0 01 t 07    0.5099  0 28 x 02    0.3139  0 07 t 05
0.7565  0 28 x 02    0.4643  0 01 t 06    0.5099  0 04 t 02    0.3139  0 00 x 03
0.7582  0 32 x 02    0.4647  0 27 t 06    0.5111  0 00 x 06    0.3143  0 27 t 04
0.7583  0 32 t 02    0.4653  0 27 t 04    0.5117  0 04 x 03    0.3146  0 01 x 07
0.7587  0 04 t 02    0.4653  0 27 t 12    0.5120  0 06 x 05    0.3150  0 27 t 07
0.7596  0 00 x 04    0.4658  0 00 t 03    0.5125  0 27 x 12    0.3159  0 00 t 03
0.7606  0 00 x 06    0.4661  0 01 x 07    0.5125  0 04 x 07    0.3160  0 27 x 03
0.7607  0 07 t 07    0.4664  0 07 t 03    0.5126  0 00 t 02    0.3170  0 07 x 04
0.7610  0 00 x 05    0.4673  0 27 x 03    0.5127  0 00 x 05    0.3174  0 27 t 03
0.7612  0 27 x 12    0.4675  0 07 x 06    0.5135  0 04 x 10    0.3176  0 01 x 12
0.7623  0 04 x 07    0.4677  0 27 t 07    0.5138  0 07 t 04    0.3186  0 01 x 08
0.7623  0 04 x 03    0.4694  0 27 t 03    0.5161  0 00 x 03    0.3192  0 01 t 08
0.7629  0 04 x 10    0.4697  0 07 t 06    0.5163  0 06 x 06    0.3201  0 01 x 10
0.7634  0 00 t 02    0.4699  0 07 x 03    0.5176  0 00 x 10    0.3203  0 01 t 10
0.7636  0 06 x 07    0.4709  0 01 x 12    0.5186  0 00 x 08    0.3205  0 07 t 04
0.7641  0 06 x 08    0.4721  0 01 x 08    0.5191  0 00 x 07    0.3222  0 01 t 12
0.7652  0 06 x 10    0.4745  0 01 x 10    0.5198  0 01 x 04    0.3240  0 07 t 03
0.7696  0 00 x 03    0.4747  0 01 t 10    0.5203  0 04 x 12    0.3256  0 07 x 03
0.7700  0 00 x 10    0.4750  0 01 t 08    0.5206  0 05 t 02    0.3274  0 01 x 03
0.7722  0 00 x 08    0.4765  0 07 x 05    0.5215  0 01 x 05    0.3301  0 01 t 03
0.7730  0 00 x 07    0.4772  0 01 t 12    0.5245  0 06 x 07    0.3340  0 07 x 06
0.7736  0 04 x 12    0.4834  0 07 x 07    0.5246  0 01 x 06    0.3362  0 07 t 06
0.7736  0 05 t 02    0.4852  0 01 x 03    0.5249  0 06 x 08    0.3430  0 07 x 05
0.7741  0 01 x 04    0.4860  0 07 t 07    0.5253  0 01 x 03    0.3492  0 07 x 07
0.7746  0 07 t 12    0.4881  0 07 x 08    0.5260  0 27 x 02    0.3505  4 08 x 05
0.7748  0 07 t 08    0.4884  0 07 t 08    0.5264  0 06 t 02    0.3512  4 08 x 04
0.7751  0 06 t 02    0.4891  0 01 t 03    0.5271  0 06 x 10    0.3520  4 08 x 06
0.7757  0 01 x 05    0.4934  0 07 t 12    0.5282  0 00 x 12    0.3525  0 07 t 07
0.7772  0 07 t 02    0.4980  4 08 x 05    0.5284  0 05 x 12    0.3542  3 08 x 04
0.7790  0 07 x 04    0.4990  4 08 x 04    0.5294  0 01 t 02    0.3545  4 08 t 06
0.7791  0 06 x 12    0.4996  4 08 x 06    0.5300  0 01 x 07    0.3551  4 08 t 05
0.7805  0 01 x 06    0.5037  4 08 t 06    0.5300  0 00 x 02    0.3551  3 08 x 06
0.7825  0 07 x 03    0.5039  0 07 x 12    0.5328  0 06 x 12    0.3558  0 07 x 08
0.7830  0 05 x 12    0.5042  4 08 x 07    0.5335  0 05 x 02    0.3560  0 07 t 08
0.7831  0 01 x 03    0.5046  4 08 t 05    0.5345  0 01 x 08    0.3565  3 08 x 05
0.7873  0 01 x 07    0.5054  4 08 x 08    0.5356  0 06 x 02    0.3568  4 08 x 07
0.7880  0 00 x 12    0.5062  0 07 x 10    0.5359  0 07 t 06    0.3571  3 08 x 08
0.7885  0 01 t 02    0.5064  0 07 t 10    0.5361  0 01 x 10    0.3571  4 08 t 04
0.7886  0 27 x 02    0.5067  4 08 x 10    0.5387  0 07 t 02    0.3574  3 08 t 04
0.7888  0 07 t 10    0.5072  4 08 t 08    0.5390  0 04 x 02    0.3575  3 08 x 07
0.7894  0 06 x 02    0.5075  4 08 t 04    0.5408  0 07 x 03    0.3577  4 08 x 08
0.7898  0 00 x 02    0.5084  4 08 t 07    0.5445  0 01 x 12    0.3582  0 29 t 02
0.7935  0 05 x 02    0.5092  4 08 x 12    0.5448  0 07 t 07    0.3584  3 08 x 10
0.7951  0 01 x 08    0.5106  4 08 t 10    0.5454  0 07 x 04    0.3589  4 08 t 08
0.7962  4 08 t 04    0.5166  3 08 x 04    0.5493  4 08 t 04    0.3592  4 08 x 10
0.7967  0 01 x 10    0.5169  4 08 t 12    0.5506  4 08 t 05    0.3592  4 08 t 07
0.7974  4 08 t 05    0.5182  3 08 x 06    0.5523  4 08 t 03    0.3596  3 08 x 12
0.8017  4 08 t 03    0.5186  3 08 x 05    0.5569  0 07 t 12    0.3605  0 07 t 12
0.8034  0 04 x 02    0.5189  5 08 x 06    0.5571  4 08 t 06    0.3610  3 08 t 06
0.8040  0 07 x 06    0.5192  5 08 x 04    0.5574  0 07 t 08    0.3615  0 28 t 02
0.8075  4 08 t 06    0.5200  3 08 x 08    0.5583  3 08 t 04    0.3616  4 08 x 12
0.8086  5 08 t 03    0.5204  5 08 x 05    0.5596  3 08 t 03    0.3618  4 08 t 10
0.8093  0 01 x 12    0.5205  3 08 x 07    0.5652  0 01 x 02    0.3620  3 08 t 07
0.8110  0 07 x 05    0.5213  3 08 x 10    0.5653  0 07 x 02    0.3624  3 08 t 05
0.8127  5 08 t 04    0.5215  3 08 t 04    0.5664  4 08 t 07    0.3630  3 08 t 08
0.8182  5 08 t 05    0.5232  5 08 t 05    0.5677  4 08 t 08    0.3637  3 08 t 10
0.8193  0 07 x 02    0.5233  3 08 x 12    0.5685  0 07 x 06    0.3653  3 08 t 12
0.8193  5 08 t 06    0.5244  5 08 t 06    0.5687  0 07 t 10    0.3669  4 08 t 12
0.8194  4 08 t 07    0.5256  5 08 x 07    0.5709  3 08 t 05    0.3675  0 28 x 02
0.8201  4 08 t 08    0.5268  3 08 t 06    0.5720  3 08 t 07    0.3676  0 29 x 02
0.8228  3 08 t 04    0.5272  3 08 t 05    0.5728  3 08 t 06    0.3688  0 07 x 12
0.8262  3 08 t 03    0.5273  3 08 t 07    0.5730  5 08 t 03    0.3704  4 08 x 03
0.8273  0 07 x 07    0.5279  4 08 x 03    0.5739  4 08 t 10    0.3708  0 05 x 02
0.8275  4 08 t 10    0.5283  3 08 t 08    0.5757  5 08 t 04    0.3709  4 08 t 03
0.8280  5 08 t 07    0.5285  5 08 t 07    0.5762  0 07 x 05    0.3710  0 07 x 10
0.8351  5 08 t 10    0.5288  4 08 t 03    0.5779  3 08 t 08    0.3712  0 07 t 10
0.8377  0 07 x 08    0.5295  3 08 t 10    0.5798  5 08 t 05    0.3714  0 30 x 02
0.8381  4 08 t 12    0.5306  5 08 t 04    0.5800  3 08 t 10    0.3715  3 08 x 03
0.8398  3 08 t 05    0.5306  5 08 x 08    0.5803  5 08 t 06    0.3715  0 06 x 02
0.8407  5 08 t 08    0.5308  3 08 t 12    0.5811  4 08 t 12    0.3723  3 08 t 03
0.8421  3 08 t 07    0.5347  5 08 x 10    0.5820  3 08 t 12    0.3724  0 04 t 02
0.8437  0 01 x 02    0.5354  5 08 t 08    0.5845  4 08 x 04    0.3726  0 00 t 02
0.8442  3 08 t 06    0.5379  5 08 t 10    0.5850  3 08 x 04    0.3733  0 31 t 02
0.8475  5 08 t 12    0.5395  5 08 x 12    0.5880  4 08 t 02    0.3744  0 04 x 02
0.8478  0 07 x 10    0.5419  0 29 t 02    0.5881  0 07 x 07    0.3744  0 30 t 02
0.8497  4 08 x 04    0.5429  3 08 x 03    0.5887  5 08 t 07    0.3764  0 31 x 02
0.8504  3 08 t 08    0.5437  3 08 t 03    0.5899  4 08 x 05    0.3767  0 32 x 02
0.8529  3 08 t 10    0.5449  0 28 t 02    0.5964  4 08 x 03    0.3768  0 32 t 02
0.8549  3 08 t 12    0.5464  5 08 t 12    0.5967  5 08 t 10    0.3781  0 05 t 02
0.8579  4 08 t 02    0.5480  5 08 t 03    0.5975  4 08 x 06    0.3786  0 00 x 02
0.8581  4 08 x 05    0.5487  5 08 x 03    0.5981  5 08 t 08    0.3788  0 06 t 02
0.8619  0 07 x 12    0.5541  0 28 x 02    0.5990  3 08 x 03    0.3798  5 08 x 06
0.8646  3 08 x 04    0.5553  0 29 x 02    0.5996  0 07 x 08    0.3800  5 08 x 04
0.8673  4 08 x 03    0.5589  0 06 x 02    0.6000  3 08 t 02    0.3807  5 08 x 05
0.8687  4 08 x 06    0.5604  0 30 x 02    0.6046  3 08 x 05    0.3808  0 07 t 02
0.8693  5 08 x 04    0.5619  0 05 x 02    0.6048  2 08 t 04    0.3825  5 08 t 05
0.8750  5 08 x 06    0.5626  0 00 t 02    0.6064  5 08 t 12    0.3835  5 08 t 06
0.8779  5 08 x 03    0.5636  0 04 t 02    0.6065  4 08 x 07    0.3859  0 27 t 02
0.8794  5 08 x 05    0.5651  0 30 t 02    0.6081  0 07 x 10    0.3871  5 08 x 07
0.8795  4 08 x 07    0.5652  0 07 t 02    0.6091  3 08 x 06    0.3877  5 08 t 04
0.8796  6 08 t 03    0.5655  0 31 t 02    0.6124  4 08 x 08    0.3887  5 08 t 07
0.8807  6 08 t 05    0.5668  0 04 x 02    0.6125  5 08 x 04    0.3890  0 01 t 02
0.8825  6 08 t 06    0.5701  0 06 t 02    0.6133  2 08 t 05    0.3915  5 08 x 08
0.8850  5 08 x 07    0.5703  0 31 x 02    0.6142  3 08 x 08    0.3920  0 07 x 02
0.8856  3 08 x 03    0.5709  0 32 x 02    0.6159  4 08 x 10    0.3932  0 27 x 02
0.8872  4 08 x 08    0.5710  0 32 t 02    0.6162  4 08 x 12    0.3947  5 08 t 08
0.8881  3 08 t 02    0.5726  0 00 x 02    0.6170  5 08 x 06    0.3959  5 08 x 10
0.8889  5 08 t 02    0.5738  0 05 t 02    0.6178  0 07 x 12    0.3980  2 08 t 04
0.8903  3 08 x 05    0.5815  0 07 x 02    0.6179  2 08 t 03    0.3981  5 08 t 10
0.8906  4 08 x 12    0.5841  0 27 t 02    0.6181  5 08 x 03    0.3983  2 08 x 04
0.8914  4 08 x 10    0.5872  2 08 x 04    0.6189  3 08 x 07    0.3986  0 01 x 02
0.8921  6 08 t 04    0.5873  2 08 t 04    0.6193  5 08 x 05    0.3992  5 08 t 03
0.8952  5 08 x 08    0.5883  2 08 t 05    0.6230  4 08 x 02    0.3992  2 08 t 05
0.8967  3 08 x 06    0.5887  0 01 t 02    0.6251  3 08 x 10    0.3997  5 08 x 03
0.8983  2 08 t 04    0.5892  2 08 x 05    0.6252  5 08 t 02    0.4002  2 08 x 05
0.8987  6 08 t 07    0.5943  6 08 x 05    0.6269  3 08 x 12    0.4002  5 08 x 12
0.9026  5 08 x 10    0.5944  6 08 x 04    0.6269  5 08 x 07    0.4050  5 08 t 12
0.9054  3 08 x 08    0.5946  6 08 x 06    0.6344  5 08 x 08    0.4162  2 08 x 03
0.9090  6 08 t 08    0.5954  0 27 x 02    0.6348  2 08 x 04    0.4189  2 08 t 03
0.9098  2 08 t 05    0.5958  6 08 t 05    0.6392  3 08 x 02    0.4324  4 08 t 02
0.9110  4 08 x 02    0.5962  6 08 t 06    0.6412  5 08 x 10    0.4326  3 08 t 02
0.9114  5 08 x 12    0.6034  0 01 x 02    0.6436  2 08 x 05    0.4349  4 08 x 02
0.9120  6 08 t 10    0.6037  6 08 t 04    0.6442  5 08 x 02    0.4383  3 08 x 02
0.9131  3 08 x 07    0.6085  6 08 x 07    0.6485  5 08 x 12    0.4604  6 08 x 05
0.9164  5 08 x 02    0.6108  6 08 t 07    0.6492  6 08 t 03    0.4606  6 08 x 04
0.9178  2 08 t 03    0.6140  6 08 x 08    0.6517  6 08 t 05    0.4609  6 08 x 06
0.9217  3 08 x 10    0.6152  2 08 x 03    0.6541  6 08 t 06    0.4615  6 08 t 05
0.9229  3 08 x 12    0.6193  6 08 t 08    0.6548  2 08 x 03    0.4619  6 08 t 06
0.9312  6 08 t 12    0.6195  2 08 t 03    0.6594  6 08 t 04    0.4669  6 08 t 04
0.9315  6 08 x 04    0.6210  6 08 t 03    0.6598  2 08 t 02    0.4749  6 08 x 07
0.9387  6 08 x 05    0.6226  6 08 x 03    0.6695  6 08 t 07    0.4763  6 08 t 07
0.9400  6 08 x 06    0.6273  6 08 x 10    0.6762  0 31 t 01    0.4763  5 08 x 02
0.9437  2 08 x 04    0.6280  6 08 t 10    0.6786  6 08 t 08    0.4779  6 08 t 03
0.9474  3 08 x 02    0.6333  4 08 t 02    0.6826  0 29 t 01    0.4791  6 08 x 03
0.9501  6 08 x 03    0.6341  6 08 x 12    0.6847  6 08 x 04    0.4804  6 08 x 08
0.9540  2 08 x 05    0.6363  4 08 x 02    0.6847  0 30 t 01    0.4829  5 08 t 02
0.9571  6 08 t 02    0.6388  6 08 t 12    0.6866  6 08 t 10    0.4840  6 08 t 08
0.9623  6 08 x 07    0.6444  3 08 t 02    0.6899  6 08 x 05    0.4846  2 08 t 02
0.9680  6 08 x 08    0.6525  3 08 x 02    0.6905  0 03 x 03    0.4860  2 08 x 02
0.9718  2 08 x 03    0.6638  5 08 x 02    0.6909  6 08 x 06    0.4946  6 08 x 10
0.9796  6 08 x 02    0.6737  5 08 t 02    0.6939  0 04 t 01    0.4950  6 08 t 10
0.9828  6 08 x 10    0.7178  2 08 t 02    0.6940  0 28 t 01    0.5016  6 08 x 12
0.9838  2 08 t 02    0.7203  2 08 x 02    0.6963  6 08 x 03    0.5023  6 08 t 12
0.9863  6 08 x 12    0.7385  6 08 x 02    0.6971  0 01 t 01    0.5561  6 08 x 02
1.0225  0 29 t 01    0.7464  6 08 t 02    0.6981  2 08 x 02    0.5566  1 08 t 04
1.0245  0 31 t 01    0.7636  7 08 x 04    0.6998  6 08 t 12    0.5570  1 08 x 05
1.0303  0 28 t 01    0.7660  7 08 x 05    0.7017  6 08 t 02    0.5574  1 08 t 05
1.0311  0 30 t 01    0.7667  7 08 t 05    0.7025  0 31 x 01    0.5576  1 08 x 04
1.0312  0 03 x 03    0.7699  7 08 t 04    0.7033  0 00 t 01    0.5612  6 08 t 02
1.0368  0 04 t 01    0.7948  7 08 t 03    0.7057  0 30 x 01    0.5750  1 08 x 03
1.0378  0 01 t 01    0.7953  7 08 x 03    0.7084  0 03 x 04    0.5751  1 08 t 03
1.0400  7 08 t 05    0.8282  1 08 t 04    0.7098  0 03 x 02    0.6053  0 01 t 01
1.0419  2 08 x 02    0.8284  1 08 x 04    0.7099  0 29 x 01    0.6102  0 04 t 01
1.0439  7 08 t 04    0.8286  1 08 t 05    0.7112  6 08 x 07    0.6172  0 31 t 01
1.0462  7 08 t 03    0.8289  1 08 x 05    0.7117  0 27 t 01    0.6175  0 07 t 01
1.0480  0 00 t 01    0.8564  1 08 x 03    0.7149  0 05 t 01    0.6187  0 29 t 01
1.0570  0 03 x 04    0.8567  1 08 t 03    0.7158  0 28 x 01    0.6204  0 06 t 01
1.0613  0 03 x 02    0.9080  7 08 t 02    0.7158  0 03 x 05    0.6210  0 00 t 01
1.0643  0 31 x 01    0.9144  7 08 x 02    0.7167  6 08 x 08    0.6214  0 02 x 03
1.0654  0 03 x 05    0.9267  0 02 x 03    0.7171  6 08 x 02    0.6224  0 06 x 01
1.0669  0 30 x 01    0.9288  0 01 t 01    0.7188  0 32 x 01    0.6234  0 30 t 01
1.0683  0 06 t 01    0.9344  0 02 x 04    0.7189  0 32 t 01    0.6238  0 05 t 01
1.0688  0 05 t 01    0.9368  0 02 x 05    0.7195  0 06 t 01    0.6245  0 28 t 01
1.0768  0 07 t 01    0.9379  0 07 t 01    0.7236  0 03 x 06    0.6249  0 05 x 01
1.0776  0 29 x 01    0.9398  0 02 x 02    0.7246  0 05 x 01    0.6279  0 02 x 04
1.0792  0 03 x 06    0.9427  0 04 t 01    0.7263  0 06 x 01    0.6286  0 01 x 01
1.0814  0 28 x 01    0.9496  1 08 x 02    0.7281  0 04 x 01    0.6291  0 07 x 01
1.0823  0 27 t 01    0.9498  0 29 t 01    0.7287  0 07 t 01    0.6300  0 02 x 02
1.0856  0 32 x 01    0.9498  1 08 t 02    0.7318  0 01 x 01    0.6305  0 02 x 05
1.0927  0 32 t 01    0.9508  0 31 t 01    0.7325  6 08 x 10    0.6322  0 04 x 01
1.0942  7 08 x 04    0.9525  0 06 t 01    0.7360  0 00 x 01    0.6325  0 31 x 01
1.0954  0 03 x 07    0.9526  0 02 x 06    0.7361  0 03 x 07    0.6339  7 08 x 04
1.0974  0 06 x 01    0.9547  0 30 t 01    0.7361  0 27 x 01    0.6343  0 29 x 01
1.1005  0 05 x 01    0.9556  0 05 t 01    0.7365  6 08 x 12    0.6356  7 08 x 05
1.1036  7 08 x 05    0.9559  0 28 t 01    0.7443  0 03 x 08    0.6359  7 08 t 05
1.1079  7 08 t 02    0.9559  0 07 x 01    0.7528  0 07 x 01    0.6361  1 08 t 02
1.1082  0 04 x 01    0.9560  0 00 t 01    0.7586  0 03 x 10    0.6363  1 08 x 02
1.1097  0 03 x 08    0.9592  0 06 x 01    0.7636  0 02 x 02    0.6373  0 28 x 01
1.1101  0 27 x 01    0.9636  0 05 x 01    0.7699  0 03 x 12    0.6380  7 08 t 04
1.1123  7 08 x 03    0.9657  0 02 x 07    0.7703  0 02 x 03    0.6391  0 30 x 01
1.1142  0 01 x 01    0.9682  0 02 x 08    0.7758  0 02 x 04    0.6401  0 02 x 06
1.1186  0 00 x 01    0.9682  0 01 x 01    0.7773  0 02 x 05    0.6436  0 00 x 01
1.1258  0 07 x 01    0.9713  0 02 x 10    0.7858  0 02 x 06    0.6486  0 02 x 07
1.1297  0 03 x 10    0.9742  0 31 x 01    0.7935  0 02 x 07    0.6490  0 32 x 01
1.1407  0 02 x 02    0.9752  0 04 x 01    0.7966  0 02 x 08    0.6495  0 32 t 01
1.1447  7 08 x 02    0.9758  0 29 x 01    0.7987  0 02 x 10    0.6496  0 27 t 01
1.1456  0 03 x 12    0.9781  0 28 x 01    0.8060  1 08 x 04    0.6511  0 02 x 08
1.1473  0 02 x 03    0.9812  0 30 x 01    0.8071  0 02 x 01    0.6523  0 02 x 10
1.1533  0 02 x 05    0.9858  0 03 x 03    0.8077  1 08 t 04    0.6555  7 08 x 03
1.1568  0 02 x 04    0.9862  0 02 x 12    0.8087  4 08 t 01    0.6556  7 08 t 03
1.1688  0 02 x 06    0.9894  0 00 x 01    0.8092  1 08 x 05    0.6559  0 27 x 01
1.1810  0 02 x 07    0.9899  0 32 x 01    0.8098  1 08 t 05    0.6603  0 03 x 03
1.1850  4 08 t 01    0.9969  0 27 t 01    0.8100  0 02 x 12    0.6625  0 02 x 12
1.1866  0 02 x 08    0.9982  0 32 t 01    0.8198  7 08 t 05    0.6789  0 03 x 02
1.1901  0 02 x 10    1.0091  0 27 x 01    0.8214  7 08 t 04    0.6800  0 03 x 04
1.1910  5 08 t 01    1.0131  0 03 x 04    0.8217  0 03 x 01    0.6859  0 03 x 05
1.2014  1 08 x 04    1.0157  0 03 x 02    0.8237  7 08 t 03    0.6889  0 02 x 01
1.2046  1 08 t 04    1.0208  0 03 x 05    0.8315  5 08 t 01    0.6895  0 03 x 06
1.2076  1 08 x 05    1.0278  0 03 x 06    0.8347  1 08 t 03    0.6954  0 03 x 07
1.2076  0 02 x 12    1.0361  0 03 x 07    0.8347  1 08 x 03    0.6997  0 03 x 08
1.2084  1 08 t 05    1.0425  0 03 x 08    0.8397  4 08 x 01    0.7181  4 08 t 01
1.2304  0 02 x 01    1.0523  0 02 x 01    0.8402  3 08 t 01    0.7182  0 03 x 10
1.2477  1 08 x 03    1.0699  0 03 x 10    0.8537  7 08 x 04    0.7319  7 08 t 02
1.2477  1 08 t 03    1.0808  4 08 t 01    0.8602  7 08 x 05    0.7360  7 08 x 02
1.2492  0 03 x 01    1.0970  5 08 t 01    0.8634  5 08 x 01    0.7380  0 03 x 12
1.2515  6 08 t 01    1.0995  0 03 x 12    0.8656  7 08 t 02    0.7404  4 08 x 01
1.2575  4 08 x 01    1.1053  4 08 x 01    0.8659  7 08 x 03    0.7457  3 08 t 01
1.2599  3 08 t 01    1.1121  5 08 x 01    0.8749  3 08 x 01    0.7488  5 08 t 01
1.2617  5 08 x 01    1.1293  3 08 t 01    0.8760  1 08 t 02    0.7647  5 08 x 01
1.2949  3 08 x 01    1.1493  6 08 t 01    0.8762  1 08 x 02    0.7684  3 08 x 01
1.3122  1 08 x 02    1.1686  3 08 x 01    0.8909  7 08 x 02    0.8072  0 03 x 01
1.3123  1 08 t 02    1.1860  6 08 x 01    0.9088  6 08 t 01    0.8169  6 08 t 01
1.3144  6 08 x 01    1.2249  0 03 x 01    0.9467  6 08 x 01    0.8467  6 08 x 01
1.4250  2 08 t 01    1.2960  2 08 t 01    0.9467  2 08 t 01    0.8488  2 08 t 01
1.4394  7 08 t 01    1.3016  2 08 x 01    0.9716  2 08 x 01    0.8514  2 08 x 01
1.4606  2 08 x 01    1.3462  7 08 t 01    1.0896  7 08 t 01    1.0213  7 08 t 01
1.4943  7 08 x 01    1.3684  7 08 x 01    1.1226  7 08 x 01    1.0351  7 08 x 01
1.9650  1 08 t 01    1.7380  1 08 t 01    1.3038  1 08 t 01    1.1635  1 08 t 01
1.9667  1 08 x 01    1.7572  1 08 x 01    1.3041  1 08 x 01    1.1637  1 08 x 01
---Benchmark Program Finished---
