
jeffreyhurchalla@Jeffreys-MacBook-Air montgomery_two_pow % ./testbench.sh clang++ O3 MontgomeryFull __uint128_t 191 8 40 -DHURCHALLA_MONTGOMERY_TWO_POW_USE_CSELECT_ON_BIT -DHURCHALLA_ALLOW_INLINE_ASM_ALL
compilation finished, now executing:
---Running Program---

begin benchmarks - array two_pow
(ignore)12673900455973402205682641815686729848

OVERALL BEST:
1.1025  0 31 x 05
1.1032  0 30 x 06
1.1038  0 31 x 07
1.1040  0 31 x 06
1.1052  0 30 x 05
1.1058  0 30 x 07
1.1072  0 30 x 08
1.1078  0 31 x 10
1.1086  0 31 x 08
1.1092  0 30 x 10
1.1129  0 31 x 12
1.1145  0 29 x 05
1.1149  0 30 x 12
1.1153  0 29 x 06
1.1161  0 29 x 07
1.1166  0 28 x 07
1.1167  0 29 x 10
1.1170  0 28 x 06
1.1186  0 28 x 05
1.1187  0 28 x 10
1.1193  0 29 x 08
1.1197  0 28 x 08
1.1237  0 28 x 12
1.1276  0 29 x 12
1.1362  0 27 x 06
1.1380  0 30 x 04
1.1381  0 27 x 07
1.1417  0 27 x 08
1.1428  0 27 x 05
1.1446  0 31 x 04
1.1461  0 27 x 10
1.1487  0 28 x 04
1.1528  0 27 x 12
1.1577  0 30 t 06
1.1586  0 31 t 05
1.1601  0 31 t 06
1.1610  0 29 x 04
1.1610  0 30 t 05
1.1618  0 30 t 04
1.1645  0 31 t 07
1.1645  0 30 t 07
1.1671  0 31 t 08
1.1684  0 30 t 08
1.1689  0 29 t 06
1.1694  0 31 t 04
1.1694  0 28 t 05
1.1707  0 28 t 06
1.1716  0 29 t 07
1.1753  0 29 t 05
1.1764  0 28 t 07
1.1771  0 29 t 08
1.1773  0 28 t 08
1.1787  0 28 t 04
1.1809  0 31 t 10
1.1811  0 30 t 10
1.1837  0 27 x 04
1.1879  0 28 t 10
1.1889  0 29 t 10
1.1924  0 30 t 12
1.1932  0 27 t 06
1.1944  0 31 t 12
1.1948  0 29 t 04
1.1954  0 28 t 12
1.1967  0 27 t 05
1.2008  0 27 t 08
1.2008  0 27 t 07
1.2013  0 29 t 12
1.2098  0 27 t 04
1.2147  0 27 t 10
1.2297  0 27 t 12
1.2688  0 06 t 05
1.2760  0 05 t 05
1.2777  0 06 t 04
1.2789  0 06 t 06
1.2803  0 05 t 08
1.2815  0 06 x 05
1.2838  0 05 t 06
1.2842  0 30 t 03
1.2844  0 05 t 04
1.2847  0 01 t 05
1.2872  0 01 t 04
1.2877  0 06 t 07
1.2928  0 06 t 12
1.2928  0 01 t 06
1.2952  0 28 t 03
1.2955  0 31 t 03
1.2959  0 01 x 05
1.2989  0 06 t 08
1.2995  0 06 x 06
1.3003  0 06 t 10
1.3012  0 04 t 05
1.3016  0 05 x 05
1.3021  0 06 x 04
1.3026  0 05 t 12
1.3047  0 01 t 08
1.3063  0 05 t 10
1.3071  0 04 t 08
1.3071  0 05 x 04
1.3078  0 04 t 04
1.3086  0 07 t 05
1.3086  0 01 t 10
1.3099  0 04 t 06
1.3121  0 05 x 06
1.3125  0 30 x 03
1.3133  0 04 t 10
1.3148  0 28 x 03
1.3165  0 01 t 12
1.3169  0 00 t 05
1.3171  0 01 x 04
1.3173  0 29 t 03
1.3177  0 31 x 03
1.3190  0 05 t 07
1.3198  0 29 x 03
1.3200  0 07 t 06
1.3206  0 07 t 07
1.3212  0 04 t 12
1.3213  0 00 t 06
1.3220  0 00 t 04
1.3229  0 07 x 05
1.3240  0 04 x 05
1.3240  0 01 t 07
1.3247  0 04 x 04
1.3248  0 07 t 04
1.3292  0 01 x 06
1.3294  0 07 t 08
1.3321  0 27 t 03
1.3332  5 08 t 08
1.3337  0 04 x 06
1.3342  0 00 x 05
1.3400  0 00 x 04
1.3418  0 00 t 07
1.3433  0 06 x 07
1.3439  5 08 t 06
1.3456  0 07 x 06
1.3458  0 04 t 07
1.3465  0 07 t 12
1.3472  5 08 t 07
1.3474  0 07 x 04
1.3492  0 00 t 08
1.3497  0 27 x 03
1.3520  0 00 t 10
1.3553  5 08 t 04
1.3554  4 08 t 08
1.3562  0 06 x 08
1.3562  5 08 t 05
1.3574  0 00 t 12
1.3587  0 01 x 07
1.3608  0 05 x 07
1.3609  4 08 t 04
1.3622  0 07 t 10
1.3672  0 05 x 08
1.3681  0 04 x 07
1.3691  4 08 t 06
1.3715  4 08 t 07
1.3760  0 00 x 06
1.3800  5 08 t 10
1.3801  4 08 t 05
1.3832  5 08 t 12
1.3847  5 08 x 05
1.3861  0 04 x 08
1.3895  0 06 t 03
1.3897  0 02 x 03
1.3917  0 01 t 03
1.3936  0 05 t 03
1.3943  0 07 x 07
1.3962  6 08 t 08
1.3963  0 01 x 08
1.3977  6 08 t 06
1.3983  6 08 t 07
1.4006  4 08 t 10
1.4023  5 08 x 06
1.4052  0 03 x 03
1.4083  0 07 x 08
1.4083  6 08 t 05
1.4086  4 08 x 05
1.4094  0 03 x 06
1.4095  0 00 x 07
1.4098  0 04 t 03
1.4108  6 08 t 04
1.4113  0 03 x 04
1.4113  4 08 t 12
1.4128  0 00 t 03
1.4155  0 06 x 10
1.4185  5 08 x 08
1.4262  0 03 x 05
1.4270  0 05 x 10
1.4271  0 03 x 07
1.4276  6 08 t 10
1.4294  0 07 t 03
1.4306  4 08 x 06
1.4333  6 08 t 12
1.4344  0 03 x 10
1.4352  5 08 x 07
1.4355  0 06 x 03
1.4366  0 01 x 10
1.4367  0 05 x 03
1.4370  3 08 t 06
1.4373  0 06 x 12
1.4374  0 01 x 03
1.4397  0 00 x 08
1.4398  3 08 t 08
1.4415  0 03 x 08
1.4418  6 08 x 05
1.4465  3 08 t 05
1.4476  4 08 x 08
1.4491  0 05 x 12
1.4493  0 04 x 10
1.4494  5 08 x 04
1.4523  0 03 x 12
1.4549  0 04 x 03
1.4564  3 08 t 04
1.4587  6 08 x 06
1.4606  0 00 x 03
1.4614  4 08 x 04
1.4622  4 08 x 07
1.4661  3 08 x 04
1.4662  0 01 x 12
1.4677  3 08 t 07
1.4692  0 07 x 10
1.4735  0 04 x 12
1.4816  0 00 x 10
1.4841  0 07 x 03
1.4842  6 08 x 08
1.4888  0 07 x 12
1.4949  6 08 x 07
1.4980  3 08 x 05
1.4984  3 08 t 10
1.5052  6 08 x 04
1.5059  3 08 t 12
1.5100  0 00 x 12
1.5160  5 08 t 03
1.5199  5 08 x 10
1.5242  4 08 t 03
1.5258  3 08 x 06
1.5276  3 08 x 08
1.5353  4 08 x 10
1.5501  4 08 x 03
1.5518  5 08 x 03
1.5526  0 02 x 04
1.5563  5 08 x 12
1.5625  3 08 x 07
1.5671  6 08 x 10
1.5704  4 08 x 12
1.5752  7 08 t 05
1.5862  7 08 t 04
1.5863  6 08 t 03
1.5980  6 08 x 12
1.6067  7 08 x 05
1.6171  3 08 t 03
1.6244  6 08 x 03
1.6274  3 08 x 10
1.6438  3 08 x 03
1.6497  2 08 t 04
1.6612  2 08 t 05
1.6679  3 08 x 12
1.6697  7 08 x 04
1.6748  2 08 x 04
1.6942  2 08 x 05
1.7501  0 02 x 05
1.8096  7 08 t 03
1.8503  2 08 t 03
1.8527  7 08 x 03
1.8538  2 08 x 03
1.8664  0 02 x 06
1.9682  0 02 x 07
1.9683  0 02 x 08
1.9907  0 02 x 12
1.9923  0 02 x 10
2.2851  1 08 t 04
2.2916  1 08 x 04
2.2999  1 08 x 05
2.3023  1 08 t 05
2.5089  1 08 x 03
2.5098  1 08 t 03
Timings By Test Type:
0.3283  0 30 x 06    0.3283  0 31 x 05    0.2224  0 31 x 05    0.2229  0 31 x 05
0.3289  0 31 x 05    0.3284  0 31 x 06    0.2229  0 30 x 06    0.2233  0 31 x 07
0.3290  0 31 x 07    0.3286  0 30 x 06    0.2230  0 31 x 07    0.2234  0 31 x 06
0.3290  0 30 x 08    0.3286  0 31 x 07    0.2231  0 31 x 06    0.2234  0 30 x 06
0.3291  0 31 x 06    0.3288  0 30 x 05    0.2234  0 31 x 08    0.2236  0 30 x 05
0.3292  0 30 x 05    0.3289  0 30 x 07    0.2235  0 30 x 10    0.2238  0 31 x 10
0.3292  0 30 x 07    0.3298  0 30 x 08    0.2236  0 30 x 07    0.2241  0 31 x 08
0.3300  0 31 x 10    0.3304  0 31 x 10    0.2236  0 30 x 05    0.2241  0 30 x 10
0.3304  0 31 x 08    0.3307  0 31 x 08    0.2237  0 31 x 10    0.2242  0 30 x 08
0.3306  0 30 x 10    0.3309  0 30 x 10    0.2241  0 30 x 08    0.2242  0 30 x 07
0.3319  0 31 x 12    0.3320  0 29 x 05    0.2244  0 31 x 12    0.2246  0 31 x 12
0.3322  0 28 x 07    0.3320  0 31 x 12    0.2247  0 30 x 12    0.2250  0 29 x 05
0.3322  0 29 x 05    0.3321  0 29 x 06    0.2251  0 29 x 10    0.2252  0 30 x 12
0.3323  0 29 x 06    0.3322  0 28 x 07    0.2251  0 29 x 07    0.2252  0 29 x 06
0.3327  0 28 x 06    0.3322  0 30 x 12    0.2253  0 29 x 05    0.2253  0 29 x 10
0.3328  0 29 x 07    0.3323  0 29 x 07    0.2254  0 29 x 08    0.2258  0 29 x 07
0.3329  0 30 x 12    0.3326  0 28 x 05    0.2257  0 28 x 10    0.2259  0 28 x 07
0.3333  0 28 x 08    0.3326  0 28 x 06    0.2257  0 28 x 06    0.2260  0 28 x 06
0.3334  0 29 x 10    0.3327  0 28 x 10    0.2257  0 29 x 06    0.2261  0 28 x 05
0.3335  0 28 x 05    0.3330  0 29 x 10    0.2263  0 28 x 07    0.2264  0 28 x 08
0.3339  0 28 x 10    0.3335  0 29 x 08    0.2265  0 28 x 05    0.2264  0 29 x 08
0.3340  0 29 x 08    0.3335  0 28 x 08    0.2266  0 28 x 08    0.2265  0 28 x 10
0.3354  0 28 x 12    0.3345  0 28 x 12    0.2266  0 28 x 12    0.2272  0 28 x 12
0.3361  0 29 x 12    0.3356  0 29 x 12    0.2273  0 29 x 12    0.2286  0 29 x 12
0.3382  0 27 x 06    0.3389  0 30 x 04    0.2294  0 27 x 06    0.2292  0 27 x 06
0.3384  0 30 x 04    0.3389  0 27 x 07    0.2300  0 27 x 07    0.2301  0 27 x 07
0.3391  0 27 x 07    0.3394  0 27 x 06    0.2300  0 27 x 08    0.2304  0 30 x 04
0.3404  0 27 x 08    0.3403  0 27 x 08    0.2304  0 30 x 04    0.2306  0 27 x 10
0.3406  0 27 x 05    0.3406  0 31 x 04    0.2309  0 27 x 05    0.2307  0 27 x 05
0.3408  0 31 x 04    0.3407  0 27 x 05    0.2314  0 27 x 10    0.2310  0 27 x 08
0.3419  0 28 x 04    0.3418  0 28 x 04    0.2317  0 31 x 04    0.2315  0 31 x 04
0.3421  0 27 x 10    0.3419  0 27 x 10    0.2320  0 27 x 12    0.2319  0 27 x 12
0.3444  0 27 x 12    0.3443  0 30 t 06    0.2325  0 28 x 04    0.2325  0 28 x 04
0.3451  0 30 t 06    0.3445  0 27 x 12    0.2339  0 31 t 05    0.2338  0 31 t 06
0.3451  0 31 t 05    0.3452  0 31 t 05    0.2340  0 30 t 06    0.2343  0 29 x 04
0.3452  0 30 t 05    0.3453  0 31 t 06    0.2344  0 29 x 04    0.2344  0 30 t 06
0.3454  0 30 t 04    0.3453  0 30 t 05    0.2345  0 31 t 06    0.2344  0 31 t 05
0.3463  0 31 t 07    0.3458  0 29 x 04    0.2348  0 31 t 07    0.2350  0 30 t 04
0.3464  0 29 x 04    0.3462  0 30 t 04    0.2352  0 30 t 04    0.2351  0 30 t 05
0.3465  0 31 t 06    0.3467  0 31 t 07    0.2353  0 30 t 07    0.2357  0 30 t 07
0.3467  0 30 t 07    0.3468  0 30 t 07    0.2354  0 30 t 05    0.2359  0 31 t 08
0.3472  0 31 t 04    0.3477  0 29 t 06    0.2354  0 31 t 08    0.2364  0 31 t 04
0.3476  0 30 t 08    0.3478  0 31 t 08    0.2358  0 30 t 08    0.2364  0 30 t 08
0.3480  0 31 t 08    0.3480  0 28 t 05    0.2359  0 29 t 07    0.2365  0 28 t 05
0.3482  0 29 t 06    0.3484  0 31 t 04    0.2361  0 28 t 06    0.2366  0 29 t 06
0.3483  0 28 t 05    0.3487  0 30 t 08    0.2365  0 29 t 06    0.2367  0 31 t 07
0.3485  0 28 t 06    0.3491  0 29 t 07    0.2367  0 28 t 05    0.2368  0 28 t 06
0.3492  0 29 t 08    0.3493  0 29 t 08    0.2372  0 28 t 07    0.2369  0 29 t 07
0.3497  0 29 t 07    0.3493  0 28 t 06    0.2373  0 29 t 08    0.2375  0 29 t 05
0.3499  0 29 t 05    0.3497  0 29 t 05    0.2374  0 28 t 08    0.2376  0 28 t 07
0.3500  0 28 t 07    0.3505  0 28 t 08    0.2375  0 31 t 04    0.2381  0 28 t 08
0.3507  0 28 t 04    0.3506  0 31 t 10    0.2383  0 29 t 05    0.2385  0 28 t 04
0.3508  0 31 t 10    0.3506  0 28 t 04    0.2383  0 31 t 10    0.2391  0 27 x 04
0.3513  0 28 t 08    0.3507  0 30 t 10    0.2386  0 30 t 10    0.2397  0 30 t 10
0.3520  0 29 t 10    0.3516  0 28 t 07    0.2389  0 28 t 04    0.2405  0 30 t 12
0.3521  0 30 t 10    0.3526  0 28 t 10    0.2390  0 27 x 04    0.2412  0 31 t 10
0.3529  0 27 x 04    0.3527  0 27 x 04    0.2402  0 28 t 10    0.2413  0 28 t 10
0.3537  0 28 t 10    0.3540  0 29 t 10    0.2409  0 27 t 06    0.2414  0 29 t 08
0.3537  0 28 t 12    0.3552  0 27 t 06    0.2409  0 29 t 10    0.2415  0 27 t 07
0.3543  0 30 t 12    0.3557  0 29 t 04    0.2411  0 31 t 12    0.2416  0 27 t 06
0.3548  0 31 t 12    0.3559  0 30 t 12    0.2416  0 29 t 12    0.2418  0 27 t 05
0.3555  0 29 t 04    0.3561  0 28 t 12    0.2417  0 27 t 05    0.2418  0 29 t 04
0.3556  0 27 t 06    0.3562  0 27 t 05    0.2418  0 30 t 12    0.2420  0 29 t 10
0.3569  0 27 t 05    0.3563  0 31 t 12    0.2418  0 29 t 04    0.2421  0 31 t 12
0.3582  0 27 t 08    0.3573  0 27 t 08    0.2420  0 27 t 08    0.2425  0 29 t 12
0.3593  0 27 t 07    0.3576  0 27 t 07    0.2425  0 27 t 07    0.2427  0 28 t 12
0.3594  0 29 t 12    0.3578  0 29 t 12    0.2429  0 28 t 12    0.2432  0 27 t 08
0.3602  0 27 t 04    0.3592  0 27 t 10    0.2444  0 27 t 04    0.2446  0 27 t 04
0.3634  0 27 t 10    0.3606  0 27 t 04    0.2455  0 27 t 10    0.2466  0 27 t 10
0.3659  0 27 t 12    0.3661  0 27 t 12    0.2476  0 27 t 12    0.2500  0 27 t 12
0.3766  0 06 t 05    0.3773  0 06 t 05    0.2561  0 05 t 05    0.2545  0 05 t 08
0.3791  0 06 t 04    0.3792  0 06 t 04    0.2568  0 30 t 03    0.2556  0 05 t 05
0.3802  0 06 t 06    0.3799  0 06 t 06    0.2568  0 05 t 08    0.2571  0 30 t 03
0.3812  0 06 t 12    0.3804  0 06 x 05    0.2569  0 06 t 05    0.2575  0 05 t 06
0.3818  0 06 x 05    0.3813  0 06 t 07    0.2575  0 05 t 06    0.2580  0 06 t 05
0.3818  0 05 t 05    0.3825  0 05 t 05    0.2586  0 05 t 04    0.2589  0 05 t 04
0.3822  0 06 t 07    0.3825  0 01 t 05    0.2588  0 01 t 05    0.2592  0 01 t 08
0.3828  0 05 t 04    0.3836  0 05 t 08    0.2589  0 28 t 03    0.2594  0 06 t 04
0.3837  0 01 t 05    0.3841  0 05 t 04    0.2591  0 31 t 03    0.2594  0 01 t 04
0.3844  0 01 t 04    0.3841  0 05 t 06    0.2592  0 01 t 04    0.2596  0 06 t 06
0.3846  0 05 t 06    0.3842  0 01 t 04    0.2593  0 06 t 06    0.2596  0 01 t 05
0.3853  0 30 t 03    0.3850  0 06 t 12    0.2595  0 06 x 05    0.2597  0 28 t 03
0.3854  0 05 t 08    0.3851  0 30 t 03    0.2600  0 06 t 04    0.2597  0 31 t 03
0.3858  0 06 x 06    0.3853  0 01 t 06    0.2602  0 01 t 06    0.2598  0 06 x 05
0.3859  0 07 t 05    0.3856  0 06 t 10    0.2603  0 05 x 05    0.2598  0 06 t 08
0.3868  0 01 t 06    0.3859  0 06 t 08    0.2610  0 05 t 12    0.2605  0 01 t 06
0.3873  0 01 x 05    0.3860  0 07 t 05    0.2610  0 01 x 05    0.2607  0 05 x 05
0.3879  0 06 t 10    0.3865  0 01 x 05    0.2617  0 05 t 10    0.2607  0 05 t 10
0.3880  0 04 t 10    0.3872  0 06 x 04    0.2619  0 05 x 04    0.2610  0 05 t 12
0.3880  0 28 t 03    0.3875  0 31 t 03    0.2619  0 04 t 05    0.2611  0 01 x 05
0.3882  0 06 x 04    0.3882  0 06 x 06    0.2621  0 30 x 03    0.2618  0 06 t 07
0.3884  0 06 t 08    0.3885  0 07 t 06    0.2624  0 06 t 07    0.2621  0 05 x 06
0.3886  0 04 t 05    0.3886  0 04 t 05    0.2627  0 06 x 06    0.2621  0 04 t 05
0.3890  0 07 t 07    0.3886  0 28 t 03    0.2629  0 29 t 03    0.2622  0 30 x 03
0.3891  0 01 t 10    0.3897  0 07 t 07    0.2629  0 04 t 08    0.2627  0 28 x 03
0.3892  0 31 t 03    0.3898  0 04 t 08    0.2630  0 06 t 10    0.2628  0 06 x 06
0.3896  0 07 t 06    0.3901  0 05 t 12    0.2630  0 05 x 06    0.2629  0 29 x 03
0.3903  0 04 t 04    0.3902  0 05 x 05    0.2630  0 06 x 04    0.2629  0 05 x 04
0.3905  0 05 x 05    0.3903  0 01 t 08    0.2631  0 31 x 03    0.2630  0 06 t 12
0.3906  0 07 x 05    0.3905  0 04 t 04    0.2631  0 04 t 06    0.2631  0 31 x 03
0.3906  0 05 t 12    0.3909  0 07 t 04    0.2632  0 28 x 03    0.2632  0 29 t 03
0.3907  0 04 t 08    0.3911  0 05 x 04    0.2632  0 29 x 03    0.2634  0 04 t 04
0.3909  0 01 t 08    0.3912  0 01 t 10    0.2636  0 06 t 12    0.2636  0 04 t 08
0.3910  0 04 t 06    0.3913  0 05 t 10    0.2637  0 04 t 04    0.2637  0 06 x 04
0.3912  0 05 x 04    0.3913  0 07 x 05    0.2641  0 01 t 10    0.2639  0 06 t 10
0.3916  0 07 t 04    0.3914  0 04 t 06    0.2643  0 01 t 08    0.2641  0 05 t 07
0.3926  0 05 t 10    0.3925  0 00 t 06    0.2647  0 05 t 07    0.2643  0 01 t 10
0.3930  0 01 x 04    0.3926  0 01 t 12    0.2649  0 06 t 08    0.2644  0 04 t 06
0.3930  0 00 t 05    0.3931  0 07 t 08    0.2653  0 00 t 05    0.2647  0 01 x 04
0.3931  0 05 x 06    0.3932  0 00 t 05    0.2656  0 04 t 10    0.2650  0 01 t 12
0.3931  0 01 t 12    0.3932  0 01 x 04    0.2658  0 01 t 12    0.2654  0 00 t 05
0.3933  5 08 t 08    0.3933  0 04 t 12    0.2661  0 01 t 07    0.2657  0 27 t 03
0.3940  0 07 t 08    0.3935  5 08 t 08    0.2661  0 27 t 03    0.2657  0 04 t 10
0.3942  0 00 t 04    0.3937  0 00 t 04    0.2662  0 01 x 04    0.2658  0 04 x 05
0.3943  0 30 x 03    0.3938  0 30 x 03    0.2664  0 04 x 05    0.2659  0 01 x 06
0.3947  0 28 x 03    0.3939  0 04 t 10    0.2664  0 04 t 12    0.2659  0 04 t 12
0.3952  0 00 t 06    0.3940  0 05 x 06    0.2666  0 04 x 04    0.2666  0 00 t 06
0.3953  0 05 t 07    0.3942  0 28 x 03    0.2669  0 00 t 04    0.2667  0 04 x 04
0.3955  0 31 x 03    0.3943  0 01 t 07    0.2670  0 00 t 06    0.2671  0 01 t 07
0.3956  0 04 t 12    0.3949  0 05 t 07    0.2674  0 04 x 06    0.2671  0 00 t 04
0.3958  0 29 t 03    0.3953  0 04 x 05    0.2683  0 00 x 05    0.2681  0 00 x 05
0.3959  0 04 x 04    0.3954  0 29 t 03    0.2684  0 07 t 05    0.2683  0 07 t 05
0.3961  0 07 x 06    0.3956  0 04 x 04    0.2690  0 01 x 06    0.2684  0 04 x 06
0.3961  0 01 x 06    0.3960  0 31 x 03    0.2699  0 00 x 04    0.2690  0 07 t 08
0.3962  5 08 t 06    0.3963  5 08 t 06    0.2702  0 07 x 05    0.2692  0 27 x 03
0.3965  0 04 x 05    0.3964  0 07 x 04    0.2702  0 07 t 06    0.2693  0 00 x 04
0.3966  0 07 t 12    0.3968  0 07 t 12    0.2704  0 27 x 03    0.2695  0 01 x 07
0.3966  0 01 t 07    0.3969  0 29 x 03    0.2710  0 00 t 07    0.2703  0 07 t 07
0.3967  0 29 x 03    0.3980  5 08 t 07    0.2713  0 07 t 04    0.2707  0 06 x 07
0.3972  5 08 t 07    0.3982  0 01 x 06    0.2716  0 07 t 07    0.2709  0 00 t 07
0.3973  0 07 x 04    0.3987  0 00 t 07    0.2719  0 00 t 08    0.2709  0 07 t 04
0.3975  0 04 x 06    0.3989  5 08 t 04    0.2720  0 00 t 10    0.2709  0 07 x 05
0.3983  0 00 x 05    0.3995  0 00 x 05    0.2721  0 04 t 07    0.2714  0 05 x 07
0.3994  0 06 x 08    0.3995  5 08 t 05    0.2726  0 05 x 07    0.2717  0 00 t 08
0.3996  0 06 x 07    0.3999  0 06 x 07    0.2730  0 00 t 12    0.2718  0 07 t 06
0.3998  0 27 t 03    0.4000  0 04 t 07    0.2731  0 06 x 07    0.2721  0 00 t 10
0.3999  5 08 t 05    0.4003  0 07 x 06    0.2733  0 07 t 08    0.2722  0 04 t 07
0.4001  0 00 x 04    0.4004  0 04 x 06    0.2736  5 08 t 08    0.2723  0 00 t 12
0.4004  5 08 t 04    0.4005  0 27 t 03    0.2738  0 05 x 08    0.2728  0 05 x 08
0.4010  5 08 t 12    0.4006  0 00 x 04    0.2753  0 07 x 06    0.2729  5 08 t 08
0.4012  0 00 t 07    0.4014  0 07 t 10    0.2753  5 08 t 06    0.2739  0 07 x 06
0.4015  0 04 t 07    0.4020  4 08 t 08    0.2755  5 08 t 07    0.2754  4 08 t 08
0.4018  0 00 t 08    0.4033  4 08 t 04    0.2757  0 01 x 07    0.2754  0 06 x 08
0.4020  4 08 t 08    0.4038  0 00 t 08    0.2761  4 08 t 08    0.2758  4 08 t 04
0.4021  0 07 t 10    0.4047  0 27 x 03    0.2763  0 06 x 08    0.2759  0 00 x 06
0.4030  0 00 t 10    0.4050  0 00 t 10    0.2766  0 04 x 07    0.2761  5 08 t 06
0.4048  4 08 t 04    0.4050  0 06 x 08    0.2767  0 07 x 04    0.2763  0 07 t 12
0.4054  0 27 x 03    0.4053  4 08 t 06    0.2768  0 07 t 12    0.2765  0 04 x 07
0.4057  0 05 x 07    0.4053  0 00 t 12    0.2770  4 08 t 04    0.2765  0 01 t 03
0.4059  0 04 x 07    0.4063  6 08 t 08    0.2773  0 02 x 03    0.2765  5 08 t 07
0.4059  6 08 t 08    0.4067  0 01 x 07    0.2779  5 08 t 04    0.2769  0 07 x 04
0.4065  4 08 t 07    0.4076  5 08 t 10    0.2779  4 08 t 06    0.2773  0 02 x 03
0.4067  0 01 x 07    0.4077  4 08 t 07    0.2782  0 05 t 03    0.2775  0 05 t 03
0.4068  0 05 x 08    0.4081  6 08 t 06    0.2784  0 01 t 03    0.2781  5 08 t 04
0.4068  0 00 t 12    0.4087  5 08 x 05    0.2785  0 00 x 06    0.2782  5 08 t 10
0.4072  4 08 t 06    0.4092  0 04 x 07    0.2785  4 08 t 07    0.2783  5 08 t 05
0.4077  6 08 t 07    0.4092  6 08 t 07    0.2785  5 08 t 05    0.2787  4 08 t 06
0.4079  6 08 t 06    0.4096  4 08 t 05    0.2790  0 07 t 10    0.2789  4 08 t 07
0.4087  5 08 x 05    0.4105  5 08 t 12    0.2792  0 06 t 03    0.2793  0 06 t 03
0.4095  4 08 t 05    0.4108  0 00 x 06    0.2799  0 03 x 03    0.2798  0 07 t 10
0.4097  0 04 x 08    0.4109  6 08 t 05    0.2804  0 04 x 08    0.2799  0 04 x 08
0.4101  5 08 t 10    0.4111  0 05 x 07    0.2806  0 01 x 08    0.2801  4 08 t 10
0.4104  0 07 x 07    0.4113  6 08 t 04    0.2808  4 08 t 05    0.2801  4 08 t 05
0.4108  6 08 t 05    0.4119  0 07 x 07    0.2823  0 04 t 03    0.2806  0 03 x 03
0.4109  0 00 x 06    0.4137  5 08 x 06    0.2826  0 00 x 07    0.2812  0 01 x 08
0.4117  6 08 t 04    0.4138  0 05 x 08    0.2827  0 00 t 03    0.2814  0 04 t 03
0.4124  0 07 x 08    0.4150  0 06 t 03    0.2829  5 08 x 05    0.2820  0 00 x 07
0.4157  5 08 x 06    0.4161  0 04 x 08    0.2832  0 03 x 04    0.2823  0 00 t 03
0.4158  6 08 t 12    0.4166  0 01 x 08    0.2837  0 03 x 06    0.2838  0 05 x 10
0.4161  0 06 t 03    0.4172  4 08 t 10    0.2841  5 08 t 10    0.2838  0 01 x 10
0.4167  0 02 x 03    0.4175  0 01 t 03    0.2849  4 08 t 10    0.2841  0 03 x 06
0.4172  4 08 t 12    0.4176  0 07 x 08    0.2850  0 05 x 03    0.2844  5 08 x 05
0.4180  0 01 x 08    0.4179  6 08 t 10    0.2854  0 05 x 10    0.2844  0 03 x 04
0.4181  6 08 t 10    0.4183  0 02 x 03    0.2855  5 08 t 12    0.2853  0 05 x 03
0.4182  4 08 x 05    0.4183  4 08 x 05    0.2855  0 01 x 03    0.2860  0 07 x 07
0.4183  4 08 t 10    0.4191  5 08 x 08    0.2858  4 08 x 05    0.2860  0 01 x 03
0.4187  5 08 x 08    0.4192  0 05 t 03    0.2860  0 07 x 07    0.2861  0 06 x 10
0.4187  0 05 t 03    0.4194  4 08 t 12    0.2864  0 06 x 03    0.2862  4 08 x 05
0.4192  0 01 t 03    0.4196  6 08 t 12    0.2865  0 06 x 10    0.2863  5 08 t 12
0.4208  0 03 x 06    0.4208  0 03 x 06    0.2865  0 03 x 05    0.2863  5 08 x 06
0.4211  6 08 x 05    0.4209  6 08 x 05    0.2866  5 08 x 06    0.2864  0 03 x 05
0.4213  0 00 x 07    0.4211  0 06 x 10    0.2868  0 03 x 07    0.2865  0 03 x 07
0.4218  0 06 x 10    0.4211  0 03 x 04    0.2871  4 08 t 12    0.2876  4 08 t 12
0.4225  0 03 x 04    0.4220  0 03 x 03    0.2886  0 05 x 12    0.2876  0 06 x 03
0.4228  0 03 x 03    0.4226  5 08 x 07    0.2888  0 03 x 10    0.2882  0 00 x 08
0.4228  0 04 t 03    0.4233  0 04 t 03    0.2889  0 07 x 08    0.2882  0 03 x 10
0.4232  4 08 x 06    0.4236  0 00 x 07    0.2891  4 08 x 06    0.2888  0 05 x 12
0.4242  5 08 x 07    0.4236  0 00 t 03    0.2891  0 03 x 08    0.2893  0 07 x 08
0.4243  0 00 t 03    0.4247  0 07 t 03    0.2893  0 00 x 08    0.2894  0 07 t 03
0.4252  0 07 t 03    0.4256  6 08 x 06    0.2898  5 08 x 08    0.2899  3 08 t 08
0.4268  6 08 x 06    0.4259  4 08 x 06    0.2900  0 01 x 10    0.2899  0 04 x 03
0.4269  0 03 x 07    0.4262  0 03 x 05    0.2901  3 08 t 06    0.2901  3 08 t 06
0.4271  0 03 x 05    0.4268  0 03 x 07    0.2901  0 07 t 03    0.2904  0 03 x 08
0.4276  0 06 x 12    0.4279  4 08 x 08    0.2904  0 04 x 03    0.2906  0 06 x 12
0.4277  5 08 x 04    0.4280  0 06 x 12    0.2904  3 08 t 08    0.2908  5 08 x 08
0.4281  3 08 t 06    0.4286  3 08 t 06    0.2905  6 08 t 07    0.2910  6 08 t 07
0.4284  0 03 x 10    0.4287  5 08 x 04    0.2906  6 08 t 06    0.2912  6 08 t 06
0.4286  0 05 x 10    0.4290  0 03 x 10    0.2910  0 04 x 10    0.2913  0 04 x 10
0.4296  3 08 t 08    0.4293  0 05 x 10    0.2911  0 06 x 12    0.2920  0 00 x 03
0.4304  0 06 x 03    0.4299  3 08 t 08    0.2914  6 08 t 08    0.2924  4 08 x 06
0.4305  3 08 t 05    0.4307  3 08 t 05    0.2922  3 08 t 05    0.2926  6 08 t 08
0.4308  0 03 x 08    0.4309  0 00 x 08    0.2926  0 00 x 03    0.2931  3 08 t 05
0.4308  6 08 x 08    0.4310  0 06 x 03    0.2930  0 03 x 12    0.2933  6 08 t 05
0.4311  0 01 x 10    0.4311  0 03 x 08    0.2933  6 08 t 05    0.2935  0 03 x 12
0.4313  0 00 x 08    0.4316  0 01 x 10    0.2936  6 08 t 04    0.2937  4 08 x 08
0.4316  4 08 x 08    0.4325  0 01 x 03    0.2938  5 08 x 07    0.2940  3 08 t 04
0.4329  0 03 x 12    0.4329  0 03 x 12    0.2944  4 08 x 08    0.2942  6 08 t 04
0.4331  0 05 x 03    0.4333  0 05 x 03    0.2947  3 08 t 04    0.2946  5 08 x 07
0.4332  0 07 x 10    0.4335  6 08 x 08    0.2949  0 01 x 12    0.2947  6 08 t 10
0.4334  0 07 x 12    0.4335  3 08 t 04    0.2958  3 08 x 04    0.2949  0 01 x 12
0.4334  0 04 x 10    0.4336  0 04 x 10    0.2962  4 08 x 04    0.2956  3 08 x 04
0.4334  0 01 x 03    0.4338  0 07 x 10    0.2962  3 08 t 07    0.2962  5 08 x 04
0.4335  4 08 x 04    0.4342  4 08 x 07    0.2968  5 08 x 04    0.2965  3 08 t 07
0.4343  3 08 t 04    0.4349  4 08 x 04    0.2968  6 08 t 10    0.2968  4 08 x 07
0.4344  4 08 x 07    0.4353  6 08 x 07    0.2969  4 08 x 07    0.2968  4 08 x 04
0.4352  6 08 x 07    0.4362  0 05 x 12    0.2970  0 04 x 12    0.2969  0 04 x 12
0.4355  0 05 x 12    0.4369  3 08 x 04    0.2972  0 00 x 10    0.2975  0 00 x 10
0.4371  3 08 t 07    0.4371  0 04 x 03    0.2987  6 08 t 12    0.2992  6 08 t 12
0.4374  0 04 x 03    0.4379  3 08 t 07    0.2993  6 08 x 05    0.3005  6 08 x 05
0.4375  0 00 x 03    0.4380  0 07 x 03    0.3012  0 07 x 10    0.3010  0 07 x 10
0.4378  3 08 x 04    0.4382  0 01 x 12    0.3018  3 08 x 05    0.3016  3 08 t 10
0.4381  0 01 x 12    0.4385  0 00 x 03    0.3020  6 08 x 06    0.3020  3 08 x 05
0.4391  0 04 x 12    0.4404  0 04 x 12    0.3024  3 08 t 10    0.3031  0 07 x 03
0.4398  0 07 x 03    0.4408  6 08 x 04    0.3024  0 00 x 12    0.3031  3 08 t 12
0.4402  6 08 x 04    0.4414  0 07 x 12    0.3031  0 07 x 03    0.3033  0 00 x 12
0.4442  0 00 x 10    0.4426  0 00 x 10    0.3039  3 08 t 12    0.3043  6 08 x 06
0.4467  3 08 x 05    0.4450  3 08 t 10    0.3060  3 08 x 06    0.3071  0 07 x 12
0.4469  5 08 t 03    0.4465  5 08 t 03    0.3069  0 07 x 12    0.3088  3 08 x 08
0.4474  5 08 x 10    0.4471  5 08 x 10    0.3092  4 08 t 03    0.3090  3 08 x 06
0.4495  3 08 t 10    0.4476  3 08 x 05    0.3100  3 08 x 08    0.3091  6 08 x 08
0.4499  3 08 t 12    0.4489  3 08 t 12    0.3108  6 08 x 08    0.3096  4 08 t 03
0.4510  7 08 t 05    0.4517  7 08 t 05    0.3113  4 08 x 10    0.3111  6 08 x 07
0.4523  0 00 x 12    0.4521  0 00 x 12    0.3115  5 08 t 03    0.3112  5 08 t 03
0.4528  4 08 t 03    0.4526  4 08 t 03    0.3116  6 08 x 04    0.3114  4 08 x 10
0.4539  7 08 t 04    0.4533  7 08 t 04    0.3127  0 02 x 04    0.3125  6 08 x 04
0.4547  3 08 x 08    0.4541  3 08 x 08    0.3128  5 08 x 10    0.3125  0 02 x 04
0.4562  4 08 x 10    0.4545  3 08 x 06    0.3134  6 08 x 07    0.3126  5 08 x 10
0.4562  3 08 x 06    0.4564  4 08 x 10    0.3139  3 08 x 07    0.3148  4 08 x 03
0.4589  5 08 x 03    0.4576  6 08 x 10    0.3142  4 08 x 03    0.3175  5 08 x 03
0.4600  6 08 x 10    0.4587  5 08 x 03    0.3168  5 08 x 03    0.3176  3 08 x 07
0.4603  4 08 x 03    0.4591  5 08 x 12    0.3179  5 08 x 12    0.3178  5 08 x 12
0.4613  7 08 x 05    0.4608  4 08 x 03    0.3187  4 08 x 12    0.3189  4 08 x 12
0.4614  5 08 x 12    0.4611  7 08 x 05    0.3241  6 08 x 10    0.3254  6 08 x 10
0.4619  6 08 t 03    0.4619  6 08 t 03    0.3254  3 08 t 03    0.3266  3 08 t 03
0.4641  0 02 x 04    0.4632  0 02 x 04    0.3290  3 08 x 10    0.3296  3 08 x 10
0.4664  3 08 x 07    0.4646  3 08 x 07    0.3305  6 08 x 12    0.3304  6 08 x 12
0.4669  4 08 x 12    0.4658  4 08 x 12    0.3310  3 08 x 03    0.3310  6 08 t 03
0.4692  6 08 x 12    0.4680  6 08 x 12    0.3315  6 08 t 03    0.3311  3 08 x 03
0.4741  6 08 x 03    0.4749  6 08 x 03    0.3319  2 08 t 04    0.3325  2 08 t 04
0.4770  7 08 x 04    0.4790  7 08 x 04    0.3344  2 08 t 05    0.3349  2 08 t 05
0.4821  3 08 t 03    0.4830  3 08 t 03    0.3360  3 08 x 12    0.3356  3 08 x 12
0.4834  3 08 x 10    0.4855  3 08 x 10    0.3360  7 08 t 05    0.3365  7 08 t 05
0.4910  3 08 x 03    0.4907  3 08 x 03    0.3377  6 08 x 03    0.3370  2 08 x 04
0.4925  2 08 t 04    0.4928  2 08 t 04    0.3377  2 08 x 04    0.3378  6 08 x 03
0.4958  2 08 t 05    0.4962  2 08 t 05    0.3394  7 08 t 04    0.3396  7 08 t 04
0.4983  3 08 x 12    0.4980  3 08 x 12    0.3409  2 08 x 05    0.3414  2 08 x 05
0.5008  2 08 x 04    0.4993  2 08 x 04    0.3417  7 08 x 05    0.3426  7 08 x 05
0.5066  2 08 x 05    0.5053  2 08 x 05    0.3526  0 02 x 05    0.3530  0 02 x 05
0.5160  7 08 t 03    0.5157  7 08 t 03    0.3540  7 08 x 04    0.3597  7 08 x 04
0.5235  0 02 x 05    0.5210  0 02 x 05    0.3713  2 08 t 03    0.3716  2 08 t 03
0.5299  7 08 x 03    0.5293  7 08 x 03    0.3720  2 08 x 03    0.3727  2 08 x 03
0.5537  2 08 t 03    0.5536  2 08 t 03    0.3748  0 02 x 06    0.3755  0 02 x 06
0.5543  2 08 x 03    0.5548  2 08 x 03    0.3887  7 08 t 03    0.3892  7 08 t 03
0.5586  0 02 x 06    0.5575  0 02 x 06    0.3950  0 02 x 08    0.3959  0 02 x 07
0.5880  0 02 x 08    0.5879  0 02 x 07    0.3956  0 02 x 07    0.3966  7 08 x 03
0.5888  0 02 x 07    0.5887  0 02 x 08    0.3969  7 08 x 03    0.3966  0 02 x 08
0.5955  0 02 x 12    0.5939  0 02 x 12    0.4002  0 02 x 12    0.4007  0 02 x 10
0.5957  0 02 x 10    0.5953  0 02 x 10    0.4006  0 02 x 10    0.4011  0 02 x 12
0.6843  1 08 t 04    0.6831  1 08 t 04    0.4577  1 08 t 04    0.4599  1 08 t 04
0.6849  1 08 x 04    0.6860  1 08 x 04    0.4604  1 08 x 04    0.4603  1 08 x 04
0.6874  1 08 x 05    0.6879  1 08 x 05    0.4625  1 08 x 05    0.4622  1 08 x 05
0.6890  1 08 t 05    0.6880  1 08 t 05    0.4630  1 08 t 05    0.4622  1 08 t 05
0.7517  1 08 x 03    0.7511  1 08 t 03    0.5020  1 08 x 03    0.5035  1 08 t 03
0.7532  1 08 t 03    0.7516  1 08 x 03    0.5020  1 08 t 03    0.5037  1 08 x 03
---Benchmark Program Finished---