
./testbench.sh clang++ O3 MontgomeryHalf __uint128_t 191 8 40 -DTEST_ARRAY -DHURCHALLA_MONTGOMERY_TWO_POW_USE_CSELECT_ON_BIT -DHURCHALLA_ALLOW_INLINE_ASM_ALL

compilation finished, now executing:
---Running Program---

begin benchmarks - array two_pow
(ignore)304583630284728281743452880583364600384

OVERALL BEST:
1.0127  0 30 x 06
1.0138  0 32 x 12
1.0138  0 31 x 12
1.0152  0 31 x 08
1.0152  0 32 x 08
1.0189  0 31 x 10
1.0189  0 32 x 10
1.0195  0 30 x 08
1.0195  0 32 x 07
1.0196  0 31 x 07
1.0198  0 30 x 12
1.0211  0 32 x 06
1.0213  0 31 x 06
1.0218  0 32 x 05
1.0218  0 31 x 05
1.0224  0 30 x 10
1.0227  0 30 x 07
1.0276  0 32 x 04
1.0276  0 31 x 04
1.0288  0 28 x 06
1.0303  0 30 x 04
1.0314  0 30 x 05
1.0378  0 29 x 05
1.0389  0 29 x 06
1.0406  0 29 x 12
1.0407  0 29 x 07
1.0414  0 28 x 05
1.0419  0 27 x 10
1.0419  0 27 x 08
1.0431  0 27 x 07
1.0431  0 29 x 08
1.0431  0 29 x 10
1.0433  0 27 x 06
1.0441  0 27 x 12
1.0441  0 28 x 12
1.0453  0 28 x 07
1.0460  0 29 x 04
1.0473  0 28 x 08
1.0473  0 27 x 05
1.0475  0 28 x 04
1.0502  0 28 x 10
1.0617  0 27 x 04
1.1046  0 05 x 08
1.1084  0 05 x 07
1.1113  0 05 x 10
1.1118  0 05 x 12
1.1128  0 05 x 06
1.1132  0 01 x 10
1.1141  0 01 x 06
1.1159  0 01 x 07
1.1165  0 05 x 05
1.1166  0 01 x 12
1.1168  0 06 x 08
1.1168  0 01 x 08
1.1173  0 04 x 08
1.1182  0 06 x 07
1.1184  0 01 x 05
1.1186  0 06 x 06
1.1201  0 01 x 04
1.1206  0 04 x 12
1.1207  0 04 x 10
1.1246  0 06 x 12
1.1253  0 06 x 10
1.1253  0 04 x 07
1.1253  0 06 x 05
1.1283  0 04 x 06
1.1332  0 04 x 05
1.1343  0 05 x 04
1.1406  0 00 x 06
1.1436  0 00 x 10
1.1445  0 00 x 12
1.1465  0 00 x 07
1.1476  0 06 x 04
1.1490  0 00 x 05
1.1495  0 00 x 08
1.1554  0 04 x 04
1.1583  0 00 x 04
1.1618  0 31 x 03
1.1618  0 32 x 03
1.1663  0 07 x 05
1.1681  0 29 x 03
1.1707  0 28 x 03
1.1729  0 07 x 07
1.1773  0 07 x 06
1.1873  0 27 x 03
1.1903  0 07 x 08
1.1937  0 07 x 12
1.1976  0 07 x 10
1.1994  5 08 x 08
1.2158  0 07 x 04
1.2254  6 08 x 08
1.2281  5 08 x 04
1.2347  0 05 x 03
1.2365  0 01 x 03
1.2374  4 08 x 08
1.2437  0 04 x 03
1.2444  5 08 x 12
1.2452  0 02 x 03
1.2460  5 08 x 07
1.2467  0 06 x 03
1.2469  4 08 x 04
1.2486  5 08 x 10
1.2557  6 08 x 12
1.2586  0 00 x 03
1.2594  5 08 x 06
1.2594  6 08 x 10
1.2617  5 08 x 05
1.2656  6 08 x 07
1.2693  0 03 x 04
1.2777  6 08 x 04
1.2779  0 03 x 06
1.2821  6 08 x 06
1.2822  0 03 x 05
1.2847  4 08 x 12
1.2902  0 03 x 07
1.2905  4 08 x 05
1.2908  0 03 x 03
1.2916  6 08 x 05
1.2918  4 08 x 10
1.2932  4 08 x 07
1.2998  0 03 x 08
1.3005  4 08 x 06
1.3077  3 08 x 08
1.3105  0 03 x 10
1.3122  0 07 x 03
1.3214  3 08 x 04
1.3222  0 03 x 12
1.3643  0 30 x 03
1.3737  5 08 x 03
1.3809  4 08 x 03
1.4002  3 08 x 12
1.4068  0 02 x 04
1.4088  3 08 x 10
1.4140  3 08 x 07
1.4156  3 08 x 06
1.4195  7 08 x 05
1.4230  3 08 x 05
1.4597  6 08 x 03
1.4666  3 08 x 03
1.4666  7 08 x 04
1.5189  0 02 x 05
1.5530  2 08 x 04
1.5534  0 05 x 02
1.5559  0 32 x 02
1.5583  0 01 x 02
1.5674  0 04 x 02
1.5676  0 31 x 02
1.5676  0 29 x 02
1.5690  0 06 x 02
1.5707  0 28 x 02
1.5751  0 30 x 02
1.5776  0 27 x 02
1.5874  0 00 x 02
1.6307  0 07 x 02
1.6864  2 08 x 05
1.6902  7 08 x 03
1.6945  0 02 x 06
1.7045  2 08 x 03
1.7046  0 02 x 02
1.7332  4 08 x 02
1.7388  0 03 x 02
1.7525  5 08 x 02
1.8317  3 08 x 02
1.8364  0 02 x 07
1.8871  6 08 x 02
1.9360  0 02 x 12
1.9422  0 02 x 10
1.9454  0 02 x 08
2.0661  2 08 x 02
2.2359  7 08 x 02
2.2378  1 08 x 04
2.3703  1 08 x 05
2.4360  1 08 x 03
2.5998  0 06 x 01
2.6100  0 05 x 01
2.6372  0 04 x 01
2.6395  0 01 x 01
2.6419  0 07 x 01
2.6832  0 29 x 01
2.6872  0 28 x 01
2.6902  0 30 x 01
2.6905  0 31 x 01
2.7277  0 00 x 01
2.7369  0 32 x 01
2.7592  0 27 x 01
2.7973  1 08 x 02
2.9028  5 08 x 01
2.9757  4 08 x 01
2.9766  6 08 x 01
3.0633  0 03 x 01
3.1280  0 02 x 01
3.1986  3 08 x 01
3.3000  7 08 x 01
3.6412  2 08 x 01
5.0393  1 08 x 01
Timings By Test Type:
0.3005  0 30 x 06    0.3005  0 30 x 06    0.2058  0 32 x 12    0.2058  0 32 x 12
0.3010  0 32 x 08    0.3011  0 31 x 08    0.2058  0 31 x 12    0.2058  0 31 x 12
0.3010  0 31 x 12    0.3011  0 32 x 08    0.2058  0 30 x 06    0.2059  0 30 x 06
0.3011  0 31 x 08    0.3011  0 32 x 12    0.2065  0 31 x 08    0.2065  0 31 x 08
0.3011  0 32 x 12    0.3012  0 31 x 12    0.2065  0 32 x 08    0.2066  0 32 x 08
0.3025  0 32 x 10    0.3026  0 31 x 10    0.2067  0 32 x 04    0.2069  0 31 x 10
0.3025  0 31 x 10    0.3026  0 30 x 08    0.2068  0 31 x 04    0.2069  0 32 x 10
0.3026  0 30 x 08    0.3026  0 32 x 10    0.2069  0 32 x 10    0.2069  0 31 x 04
0.3026  0 30 x 12    0.3027  0 30 x 12    0.2069  0 31 x 10    0.2069  0 32 x 04
0.3026  0 32 x 07    0.3027  0 31 x 07    0.2071  0 31 x 07    0.2070  0 32 x 07
0.3027  0 31 x 07    0.3028  0 32 x 07    0.2071  0 32 x 07    0.2071  0 31 x 07
0.3033  0 31 x 05    0.3033  0 32 x 05    0.2071  0 32 x 06    0.2072  0 30 x 08
0.3033  0 32 x 06    0.3034  0 31 x 05    0.2071  0 31 x 06    0.2072  0 32 x 06
0.3034  0 32 x 05    0.3034  0 32 x 06    0.2071  0 30 x 08    0.2072  0 31 x 06
0.3034  0 30 x 10    0.3035  0 31 x 06    0.2072  0 30 x 12    0.2072  0 30 x 12
0.3035  0 31 x 06    0.3035  0 30 x 10    0.2076  0 30 x 04    0.2076  0 32 x 05
0.3035  0 30 x 07    0.3037  0 30 x 07    0.2076  0 31 x 05    0.2076  0 31 x 05
0.3057  0 28 x 06    0.3057  0 28 x 06    0.2076  0 32 x 05    0.2077  0 30 x 04
0.3062  0 30 x 05    0.3064  0 30 x 05    0.2077  0 30 x 10    0.2078  0 30 x 07
0.3069  0 32 x 04    0.3070  0 31 x 04    0.2078  0 30 x 07    0.2078  0 30 x 10
0.3070  0 31 x 04    0.3070  0 32 x 04    0.2087  0 28 x 06    0.2087  0 28 x 06
0.3075  0 30 x 04    0.3075  0 30 x 04    0.2094  0 30 x 05    0.2094  0 30 x 05
0.3085  0 29 x 05    0.3085  0 29 x 05    0.2103  0 29 x 04    0.2104  0 29 x 04
0.3087  0 29 x 06    0.3087  0 29 x 06    0.2104  0 29 x 05    0.2105  0 29 x 05
0.3092  0 29 x 07    0.3092  0 29 x 07    0.2107  0 29 x 06    0.2107  0 29 x 06
0.3092  0 29 x 12    0.3092  0 29 x 12    0.2109  0 28 x 04    0.2109  0 28 x 04
0.3092  0 29 x 08    0.3093  0 29 x 08    0.2111  0 29 x 12    0.2111  0 29 x 12
0.3094  0 28 x 05    0.3094  0 28 x 05    0.2112  0 29 x 07    0.2112  0 29 x 07
0.3095  0 27 x 08    0.3095  0 27 x 08    0.2113  0 28 x 05    0.2114  0 27 x 10
0.3096  0 27 x 10    0.3096  0 27 x 10    0.2114  0 27 x 10    0.2114  0 28 x 05
0.3099  0 29 x 10    0.3099  0 29 x 10    0.2114  0 27 x 08    0.2115  0 27 x 08
0.3099  0 27 x 07    0.3100  0 27 x 07    0.2115  0 27 x 06    0.2116  0 27 x 06
0.3101  0 27 x 06    0.3102  0 27 x 06    0.2116  0 27 x 07    0.2116  0 27 x 07
0.3103  0 27 x 12    0.3102  0 28 x 12    0.2117  0 29 x 10    0.2117  0 29 x 10
0.3103  0 28 x 12    0.3104  0 27 x 12    0.2117  0 27 x 12    0.2117  0 27 x 12
0.3105  0 28 x 07    0.3106  0 28 x 07    0.2118  0 28 x 12    0.2118  0 28 x 12
0.3109  0 28 x 08    0.3110  0 28 x 08    0.2121  0 28 x 07    0.2122  0 28 x 07
0.3112  0 27 x 05    0.3112  0 27 x 05    0.2123  0 29 x 08    0.2123  0 29 x 08
0.3120  0 28 x 10    0.3121  0 28 x 10    0.2125  0 27 x 05    0.2125  0 27 x 05
0.3126  0 29 x 04    0.3126  0 29 x 04    0.2127  0 28 x 08    0.2127  0 28 x 08
0.3129  0 28 x 04    0.3129  0 28 x 04    0.2131  0 28 x 10    0.2130  0 28 x 10
0.3171  0 27 x 04    0.3171  0 27 x 04    0.2137  0 27 x 04    0.2138  0 27 x 04
0.3288  0 05 x 08    0.3289  0 05 x 08    0.2234  0 05 x 08    0.2235  0 05 x 08
0.3298  0 06 x 08    0.3298  0 06 x 08    0.2240  0 01 x 04    0.2241  0 05 x 07
0.3301  0 05 x 07    0.3302  0 05 x 07    0.2241  0 05 x 07    0.2241  0 01 x 04
0.3303  0 06 x 07    0.3304  0 06 x 07    0.2248  0 05 x 10    0.2248  0 05 x 10
0.3306  0 06 x 06    0.3306  0 06 x 06    0.2249  0 05 x 12    0.2249  0 05 x 12
0.3308  0 05 x 10    0.3309  0 05 x 10    0.2250  0 05 x 06    0.2250  0 05 x 06
0.3309  0 05 x 12    0.3310  0 05 x 12    0.2251  0 01 x 10    0.2251  0 01 x 10
0.3314  0 05 x 06    0.3314  0 05 x 06    0.2253  0 01 x 06    0.2251  0 01 x 06
0.3315  0 01 x 10    0.3315  0 01 x 10    0.2257  0 01 x 07    0.2257  0 01 x 07
0.3317  0 06 x 12    0.3318  0 06 x 12    0.2257  0 05 x 05    0.2258  0 05 x 05
0.3318  0 01 x 06    0.3319  0 01 x 06    0.2259  0 01 x 08    0.2258  0 01 x 08
0.3322  0 06 x 10    0.3322  0 06 x 10    0.2259  0 04 x 08    0.2260  0 04 x 08
0.3322  0 01 x 07    0.3322  0 01 x 12    0.2262  0 01 x 12    0.2260  0 01 x 12
0.3323  0 01 x 12    0.3323  0 01 x 07    0.2262  0 01 x 05    0.2262  0 01 x 05
0.3324  0 05 x 05    0.3325  0 06 x 05    0.2267  0 04 x 10    0.2267  0 04 x 10
0.3325  0 06 x 05    0.3326  0 05 x 05    0.2269  0 04 x 12    0.2270  0 04 x 12
0.3325  0 01 x 08    0.3326  0 01 x 08    0.2276  0 04 x 07    0.2277  0 04 x 07
0.3327  0 04 x 08    0.3327  0 04 x 08    0.2281  0 04 x 06    0.2282  0 04 x 06
0.3330  0 01 x 05    0.3330  0 01 x 05    0.2286  0 06 x 08    0.2286  0 06 x 08
0.3334  0 04 x 12    0.3334  0 04 x 12    0.2288  0 06 x 06    0.2287  0 06 x 07
0.3336  0 04 x 10    0.3337  0 04 x 10    0.2288  0 06 x 07    0.2288  0 06 x 06
0.3350  0 04 x 07    0.3350  0 04 x 07    0.2291  0 04 x 05    0.2290  0 05 x 04
0.3360  0 04 x 06    0.3360  0 04 x 06    0.2292  0 05 x 04    0.2291  0 04 x 05
0.3360  0 01 x 04    0.3361  0 01 x 04    0.2301  0 06 x 05    0.2302  0 06 x 05
0.3375  0 04 x 05    0.3375  0 04 x 05    0.2305  0 06 x 10    0.2305  0 06 x 10
0.3380  0 05 x 04    0.3381  0 05 x 04    0.2306  0 06 x 12    0.2305  0 06 x 12
0.3385  0 06 x 04    0.3385  0 06 x 04    0.2308  0 00 x 06    0.2309  0 00 x 06
0.3394  0 00 x 06    0.3396  0 00 x 06    0.2316  0 00 x 10    0.2316  0 00 x 10
0.3402  0 00 x 10    0.3402  0 00 x 10    0.2317  0 00 x 12    0.2317  0 00 x 12
0.3405  0 00 x 12    0.3405  0 00 x 12    0.2320  0 00 x 07    0.2321  0 00 x 07
0.3412  0 00 x 07    0.3412  0 00 x 07    0.2326  0 00 x 05    0.2328  0 00 x 08
0.3417  0 00 x 05    0.3418  0 00 x 05    0.2327  0 00 x 08    0.2329  0 00 x 05
0.3419  0 00 x 08    0.3421  0 00 x 08    0.2334  0 31 x 03    0.2334  0 31 x 03
0.3424  0 07 x 05    0.3423  0 07 x 05    0.2334  0 32 x 03    0.2334  0 32 x 03
0.3438  0 07 x 07    0.3438  0 07 x 07    0.2335  0 04 x 04    0.2335  0 04 x 04
0.3442  0 00 x 04    0.3441  0 04 x 04    0.2347  0 29 x 03    0.2348  0 29 x 03
0.3443  0 04 x 04    0.3442  0 00 x 04    0.2349  0 00 x 04    0.2350  0 00 x 04
0.3450  0 07 x 06    0.3450  0 07 x 06    0.2353  0 06 x 04    0.2352  0 06 x 04
0.3475  0 32 x 03    0.3475  0 32 x 03    0.2354  0 28 x 03    0.2355  0 28 x 03
0.3475  0 31 x 03    0.3475  0 31 x 03    0.2387  0 27 x 03    0.2388  0 27 x 03
0.3480  0 07 x 08    0.3481  0 07 x 08    0.2408  0 07 x 05    0.2408  0 07 x 05
0.3491  0 07 x 12    0.3491  0 07 x 12    0.2427  0 07 x 07    0.2427  0 07 x 07
0.3493  0 29 x 03    0.3494  0 29 x 03    0.2437  0 07 x 06    0.2437  0 07 x 06
0.3498  0 28 x 03    0.3499  0 28 x 03    0.2462  5 08 x 08    0.2464  5 08 x 08
0.3505  0 07 x 10    0.3506  0 07 x 10    0.2466  0 05 x 03    0.2466  0 05 x 03
0.3534  5 08 x 08    0.3534  5 08 x 08    0.2466  0 01 x 03    0.2467  0 01 x 03
0.3548  0 27 x 03    0.3549  0 27 x 03    0.2471  0 07 x 08    0.2470  0 07 x 08
0.3562  0 07 x 04    0.3564  0 07 x 04    0.2477  0 07 x 12    0.2478  0 07 x 12
0.3574  6 08 x 08    0.3574  6 08 x 08    0.2482  0 07 x 10    0.2483  0 07 x 10
0.3610  5 08 x 04    0.3609  5 08 x 04    0.2489  0 04 x 03    0.2490  0 04 x 03
0.3660  4 08 x 08    0.3660  4 08 x 08    0.2490  0 02 x 03    0.2491  0 02 x 03
0.3662  5 08 x 12    0.3661  5 08 x 12    0.2514  0 06 x 03    0.2514  0 06 x 03
0.3666  6 08 x 12    0.3665  5 08 x 07    0.2516  0 07 x 04    0.2516  0 07 x 04
0.3666  5 08 x 07    0.3666  6 08 x 12    0.2525  0 00 x 03    0.2525  0 00 x 03
0.3675  5 08 x 10    0.3675  5 08 x 10    0.2527  4 08 x 08    0.2528  4 08 x 08
0.3677  6 08 x 10    0.3678  6 08 x 10    0.2531  5 08 x 04    0.2530  5 08 x 04
0.3691  4 08 x 04    0.3691  6 08 x 07    0.2543  4 08 x 04    0.2544  4 08 x 04
0.3692  6 08 x 07    0.3692  4 08 x 04    0.2553  6 08 x 08    0.2553  6 08 x 08
0.3706  0 05 x 03    0.3708  0 05 x 03    0.2561  5 08 x 12    0.2560  5 08 x 12
0.3710  5 08 x 06    0.3709  5 08 x 06    0.2564  5 08 x 07    0.2565  0 03 x 04
0.3711  6 08 x 04    0.3711  6 08 x 04    0.2565  0 03 x 04    0.2565  5 08 x 07
0.3714  5 08 x 05    0.3713  5 08 x 05    0.2568  5 08 x 10    0.2568  5 08 x 10
0.3714  0 01 x 03    0.3716  0 01 x 03    0.2579  0 03 x 03    0.2579  0 03 x 03
0.3720  0 06 x 03    0.3720  0 06 x 03    0.2583  0 03 x 06    0.2584  0 03 x 06
0.3729  0 04 x 03    0.3729  0 04 x 03    0.2587  5 08 x 06    0.2588  5 08 x 06
0.3734  0 02 x 03    0.3736  0 02 x 03    0.2592  0 03 x 05    0.2594  0 03 x 05
0.3737  6 08 x 06    0.3738  6 08 x 06    0.2595  5 08 x 05    0.2594  5 08 x 05
0.3761  6 08 x 05    0.3761  6 08 x 05    0.2610  0 03 x 07    0.2610  0 03 x 07
0.3768  0 00 x 03    0.3768  0 00 x 03    0.2613  6 08 x 12    0.2612  6 08 x 12
0.3781  0 03 x 04    0.3782  0 03 x 04    0.2620  6 08 x 10    0.2620  6 08 x 10
0.3802  4 08 x 12    0.3801  4 08 x 12    0.2622  4 08 x 12    0.2623  4 08 x 12
0.3805  0 03 x 06    0.3806  0 03 x 06    0.2630  4 08 x 05    0.2625  0 03 x 08
0.3820  0 03 x 05    0.3816  0 03 x 05    0.2631  0 03 x 08    0.2630  4 08 x 05
0.3822  4 08 x 05    0.3823  4 08 x 05    0.2636  4 08 x 10    0.2636  4 08 x 10
0.3822  4 08 x 10    0.3823  4 08 x 10    0.2637  6 08 x 07    0.2637  6 08 x 07
0.3825  4 08 x 07    0.3826  4 08 x 07    0.2641  4 08 x 07    0.2641  4 08 x 07
0.3842  0 03 x 07    0.3840  0 03 x 07    0.2649  0 03 x 10    0.2648  0 03 x 10
0.3849  4 08 x 06    0.3849  4 08 x 06    0.2654  4 08 x 06    0.2654  4 08 x 06
0.3875  0 03 x 03    0.3864  0 03 x 08    0.2654  3 08 x 08    0.2654  3 08 x 08
0.3878  0 03 x 08    0.3875  0 03 x 03    0.2671  0 03 x 12    0.2672  0 07 x 03
0.3884  3 08 x 08    0.3885  3 08 x 08    0.2673  0 07 x 03    0.2673  0 03 x 12
0.3888  0 07 x 03    0.3889  0 07 x 03    0.2673  6 08 x 06    0.2673  6 08 x 06
0.3903  0 03 x 10    0.3904  0 03 x 10    0.2678  6 08 x 04    0.2678  6 08 x 04
0.3924  3 08 x 04    0.3927  3 08 x 04    0.2682  3 08 x 04    0.2681  3 08 x 04
0.3938  0 03 x 12    0.3940  0 03 x 12    0.2697  6 08 x 05    0.2697  6 08 x 05
0.4063  5 08 x 03    0.4063  5 08 x 03    0.2741  0 30 x 03    0.2741  0 30 x 03
0.4069  7 08 x 05    0.4070  7 08 x 05    0.2789  4 08 x 03    0.2792  4 08 x 03
0.4081  0 30 x 03    0.4080  0 30 x 03    0.2805  5 08 x 03    0.2806  5 08 x 03
0.4114  4 08 x 03    0.4114  4 08 x 03    0.2836  3 08 x 12    0.2837  3 08 x 12
0.4164  3 08 x 12    0.4164  3 08 x 12    0.2844  0 02 x 04    0.2848  0 02 x 04
0.4186  0 02 x 04    0.4186  7 08 x 04    0.2856  3 08 x 10    0.2855  3 08 x 10
0.4188  7 08 x 04    0.4189  0 02 x 04    0.2866  3 08 x 07    0.2868  3 08 x 07
0.4188  3 08 x 10    0.4189  3 08 x 10    0.2869  3 08 x 06    0.2869  3 08 x 06
0.4202  3 08 x 07    0.4202  3 08 x 07    0.2881  3 08 x 05    0.2882  3 08 x 05
0.4209  3 08 x 06    0.4210  3 08 x 06    0.2945  3 08 x 03    0.2944  3 08 x 03
0.4232  3 08 x 05    0.4235  3 08 x 05    0.3028  7 08 x 05    0.3028  7 08 x 05
0.4242  6 08 x 03    0.4243  6 08 x 03    0.3055  6 08 x 03    0.3057  6 08 x 03
0.4388  3 08 x 03    0.4388  3 08 x 03    0.3070  0 02 x 05    0.3077  0 02 x 05
0.4528  0 02 x 05    0.4514  0 02 x 05    0.3091  0 01 x 02    0.3092  0 01 x 02
0.4621  2 08 x 04    0.4595  0 32 x 02    0.3101  0 05 x 02    0.3101  0 05 x 02
0.4665  0 05 x 02    0.4621  2 08 x 04    0.3113  0 04 x 02    0.3113  0 04 x 02
0.4699  0 01 x 02    0.4666  0 05 x 02    0.3117  0 27 x 02    0.3124  0 29 x 02
0.4707  0 06 x 02    0.4691  0 27 x 02    0.3123  0 32 x 02    0.3124  0 31 x 02
0.4714  0 29 x 02    0.4700  0 01 x 02    0.3124  0 31 x 02    0.3124  0 32 x 02
0.4714  0 31 x 02    0.4706  0 06 x 02    0.3124  0 29 x 02    0.3132  0 28 x 02
0.4716  0 32 x 02    0.4714  0 29 x 02    0.3132  0 28 x 02    0.3139  0 06 x 02
0.4721  0 28 x 02    0.4714  0 31 x 02    0.3138  0 06 x 02    0.3141  0 30 x 02
0.4723  0 04 x 02    0.4722  0 28 x 02    0.3141  0 30 x 02    0.3143  0 27 x 02
0.4734  0 30 x 02    0.4725  0 04 x 02    0.3143  2 08 x 04    0.3144  2 08 x 04
0.4773  0 00 x 02    0.4735  0 30 x 02    0.3146  7 08 x 04    0.3147  7 08 x 04
0.4789  7 08 x 03    0.4774  0 00 x 02    0.3163  0 00 x 02    0.3163  0 00 x 02
0.4825  0 27 x 02    0.4792  7 08 x 03    0.3294  0 07 x 02    0.3296  0 07 x 02
0.4858  0 07 x 02    0.4859  0 07 x 02    0.3411  2 08 x 05    0.3414  2 08 x 05
0.5020  2 08 x 05    0.5020  2 08 x 05    0.3423  0 02 x 02    0.3422  0 02 x 06
0.5037  0 02 x 02    0.5043  0 02 x 06    0.3428  0 02 x 06    0.3423  0 02 x 02
0.5051  0 02 x 06    0.5074  2 08 x 03    0.3449  2 08 x 03    0.3449  2 08 x 03
0.5073  2 08 x 03    0.5162  0 02 x 02    0.3462  0 03 x 02    0.3461  0 03 x 02
0.5189  4 08 x 02    0.5191  4 08 x 02    0.3476  4 08 x 02    0.3475  4 08 x 02
0.5204  5 08 x 02    0.5205  5 08 x 02    0.3558  5 08 x 02    0.3559  5 08 x 02
0.5232  0 03 x 02    0.5233  0 03 x 02    0.3657  3 08 x 02    0.3656  3 08 x 02
0.5467  0 02 x 07    0.5460  0 02 x 07    0.3660  7 08 x 03    0.3662  7 08 x 03
0.5501  3 08 x 02    0.5503  3 08 x 02    0.3716  0 02 x 07    0.3720  0 02 x 07
0.5515  6 08 x 02    0.5515  6 08 x 02    0.3918  0 02 x 08    0.3917  0 02 x 12
0.5765  0 02 x 12    0.5760  0 02 x 12    0.3918  0 02 x 12    0.3920  6 08 x 02
0.5794  0 02 x 10    0.5771  0 02 x 10    0.3920  6 08 x 02    0.3929  0 02 x 10
0.5807  0 02 x 08    0.5786  0 02 x 08    0.3928  0 02 x 10    0.3943  0 02 x 08
0.6196  2 08 x 02    0.6198  2 08 x 02    0.4133  2 08 x 02    0.4134  2 08 x 02
0.6326  7 08 x 02    0.6330  7 08 x 02    0.4510  1 08 x 04    0.4510  1 08 x 04
0.6678  1 08 x 04    0.6680  1 08 x 04    0.4781  1 08 x 05    0.4782  1 08 x 05
0.7070  1 08 x 05    0.7070  1 08 x 05    0.4851  7 08 x 02    0.4852  7 08 x 02
0.7273  1 08 x 03    0.7275  1 08 x 03    0.4906  1 08 x 03    0.4907  1 08 x 03
0.7766  0 06 x 01    0.7742  0 06 x 01    0.5252  0 05 x 01    0.5231  0 06 x 01
0.7816  0 05 x 01    0.7786  0 05 x 01    0.5258  0 06 x 01    0.5246  0 05 x 01
0.7846  0 07 x 01    0.7833  0 07 x 01    0.5307  0 04 x 01    0.5281  0 04 x 01
0.7881  0 01 x 01    0.7856  0 04 x 01    0.5323  0 01 x 01    0.5316  0 01 x 01
0.7928  0 04 x 01    0.7874  0 01 x 01    0.5344  0 07 x 01    0.5368  0 31 x 01
0.8059  0 29 x 01    0.8044  0 29 x 01    0.5361  0 29 x 01    0.5368  0 29 x 01
0.8064  0 28 x 01    0.8046  0 28 x 01    0.5366  0 28 x 01    0.5385  0 30 x 01
0.8077  0 30 x 01    0.8064  0 30 x 01    0.5376  0 30 x 01    0.5396  0 28 x 01
0.8086  0 31 x 01    0.8075  0 31 x 01    0.5376  0 31 x 01    0.5396  0 07 x 01
0.8195  0 00 x 01    0.8162  0 32 x 01    0.5459  0 00 x 01    0.5460  0 00 x 01
0.8251  0 32 x 01    0.8164  0 00 x 01    0.5472  0 32 x 01    0.5484  0 32 x 01
0.8291  0 27 x 01    0.8275  0 27 x 01    0.5510  0 27 x 01    0.5515  0 27 x 01
0.8395  1 08 x 02    0.8338  1 08 x 02    0.5642  1 08 x 02    0.5597  1 08 x 02
0.8660  5 08 x 01    0.8598  5 08 x 01    0.5848  5 08 x 01    0.5922  5 08 x 01
0.8751  6 08 x 01    0.8751  6 08 x 01    0.5977  4 08 x 01    0.5958  4 08 x 01
0.8936  4 08 x 01    0.8886  4 08 x 01    0.6060  0 03 x 01    0.6065  0 03 x 01
0.9263  0 03 x 01    0.9245  0 03 x 01    0.6119  6 08 x 01    0.6144  6 08 x 01
0.9449  0 02 x 01    0.9440  0 02 x 01    0.6206  0 02 x 01    0.6185  0 02 x 01
0.9597  3 08 x 01    0.9521  7 08 x 01    0.6433  3 08 x 01    0.6362  3 08 x 01
0.9754  7 08 x 01    0.9595  3 08 x 01    0.6862  7 08 x 01    0.6863  7 08 x 01
1.1031  2 08 x 01    1.0827  2 08 x 01    0.7277  2 08 x 01    0.7277  2 08 x 01
1.5175  1 08 x 01    1.4902  1 08 x 01    1.0157  1 08 x 01    1.0159  1 08 x 01
---Benchmark Program Finished---
