
./testbench.sh g++ O3 MontgomeryQuarter __uint128_t 191 8 40 -DTEST_ARRAY -DHURCHALLA_MONTGOMERY_TWO_POW_USE_CSELECT_ON_BIT -DHURCHALLA_ALLOW_INLINE_ASM_ALL

compilation finished, now executing:
---Running Program---

begin benchmarks - array two_pow
(ignore)5349058770945686463884924119731073391

OVERALL BEST:
1.0225  0 32 x 06
1.0227  0 30 x 06
1.0227  0 31 x 06
1.0302  0 31 x 07
1.0302  0 31 x 05
1.0303  0 32 x 05
1.0304  0 32 x 07
1.0324  0 30 x 05
1.0392  0 28 x 05
1.0417  0 30 x 07
1.0441  0 29 x 06
1.0456  0 30 x 04
1.0459  0 31 x 04
1.0460  0 32 x 04
1.0470  0 29 x 05
1.0470  0 28 x 06
1.0477  0 27 x 08
1.0478  0 28 x 12
1.0496  0 27 x 06
1.0498  0 27 x 07
1.0501  0 27 x 10
1.0511  0 30 x 12
1.0520  0 28 x 04
1.0520  0 30 x 08
1.0521  0 27 x 12
1.0524  0 32 x 12
1.0525  0 28 x 07
1.0526  0 31 x 12
1.0528  0 27 x 05
1.0532  0 28 x 08
1.0532  0 31 x 08
1.0536  0 32 x 08
1.0543  0 29 x 07
1.0555  0 31 x 10
1.0566  0 29 x 04
1.0575  0 32 x 10
1.0577  0 30 x 10
1.0600  0 29 x 10
1.0636  0 28 x 10
1.0640  0 29 x 08
1.0663  0 27 x 04
1.0684  0 29 x 12
1.0960  0 05 x 08
1.1077  0 05 x 05
1.1097  0 05 x 07
1.1102  0 05 x 06
1.1109  0 05 x 04
1.1112  0 05 x 10
1.1115  0 06 x 08
1.1131  0 05 x 12
1.1155  0 01 x 05
1.1167  0 06 x 05
1.1183  0 01 x 06
1.1191  0 04 x 08
1.1192  0 06 x 06
1.1202  0 01 x 12
1.1212  0 01 x 07
1.1213  0 01 x 10
1.1223  0 01 x 08
1.1249  0 06 x 07
1.1260  0 01 x 04
1.1265  0 06 x 12
1.1281  0 06 x 10
1.1296  0 04 x 05
1.1298  0 06 x 04
1.1319  0 04 x 06
1.1329  0 00 x 05
1.1338  0 04 x 12
1.1347  0 04 x 10
1.1367  0 00 x 06
1.1367  0 04 x 04
1.1376  0 04 x 07
1.1412  0 00 x 10
1.1418  0 00 x 08
1.1418  0 00 x 07
1.1424  0 00 x 12
1.1469  0 00 x 04
1.1661  0 07 x 05
1.1701  0 07 x 06
1.1714  0 07 x 08
1.1738  0 07 x 07
1.1748  0 07 x 04
1.1852  0 07 x 10
1.1868  0 07 x 12
1.1900  5 08 x 10
1.1915  5 08 x 12
1.1921  0 31 x 03
1.1937  0 32 x 03
1.1946  5 08 x 05
1.1947  5 08 x 06
1.1947  5 08 x 08
1.1949  0 30 x 03
1.1965  5 08 x 07
1.2000  0 29 x 03
1.2018  0 28 x 03
1.2018  6 08 x 12
1.2087  6 08 x 10
1.2092  6 08 x 08
1.2115  6 08 x 05
1.2125  5 08 x 04
1.2130  6 08 x 06
1.2133  6 08 x 07
1.2137  0 27 x 03
1.2186  0 03 x 05
1.2218  0 03 x 06
1.2228  0 03 x 04
1.2245  0 03 x 08
1.2271  0 03 x 07
1.2284  4 08 x 12
1.2294  4 08 x 10
1.2307  0 03 x 10
1.2314  6 08 x 04
1.2319  0 03 x 12
1.2335  4 08 x 08
1.2345  4 08 x 06
1.2347  4 08 x 05
1.2354  4 08 x 07
1.2420  0 05 x 03
1.2451  0 03 x 03
1.2461  4 08 x 04
1.2502  0 01 x 03
1.2510  0 06 x 03
1.2610  0 00 x 03
1.2623  0 04 x 03
1.2989  0 07 x 03
1.3112  7 08 x 05
1.3204  3 08 x 12
1.3211  3 08 x 08
1.3258  3 08 x 10
1.3260  3 08 x 07
1.3274  3 08 x 06
1.3281  3 08 x 05
1.3353  7 08 x 04
1.3412  3 08 x 04
1.3521  5 08 x 03
1.3792  4 08 x 03
1.3807  6 08 x 03
1.4756  3 08 x 03
1.5038  7 08 x 03
1.5451  2 08 x 05
1.5592  2 08 x 04
1.5880  0 05 x 02
1.5941  0 06 x 02
1.5947  0 01 x 02
1.6036  0 04 x 02
1.6039  0 29 x 02
1.6054  0 28 x 02
1.6065  0 00 x 02
1.6075  0 31 x 02
1.6105  0 30 x 02
1.6200  0 32 x 02
1.6303  0 27 x 02
1.6366  0 07 x 02
1.6703  0 03 x 02
1.7029  2 08 x 03
1.7414  5 08 x 02
1.7644  4 08 x 02
1.7903  6 08 x 02
1.8603  3 08 x 02
1.9498  7 08 x 02
2.0416  0 02 x 04
2.0456  0 02 x 03
2.0678  0 02 x 05
2.0758  0 02 x 02
2.0877  2 08 x 02
2.0881  0 02 x 08
2.0884  0 02 x 06
2.0916  0 02 x 07
2.1015  0 02 x 10
2.1057  0 02 x 12
2.1893  1 08 x 05
2.2307  1 08 x 04
2.3494  1 08 x 03
2.6299  0 02 x 01
2.6721  0 06 x 01
2.6869  0 05 x 01
2.6980  0 07 x 01
2.7071  0 01 x 01
2.7249  0 30 x 01
2.7252  0 04 x 01
2.7524  0 29 x 01
2.7649  0 31 x 01
2.7710  0 28 x 01
2.7925  0 32 x 01
2.8097  1 08 x 02
2.8167  0 27 x 01
2.8186  0 00 x 01
2.9754  5 08 x 01
2.9913  0 03 x 01
3.0681  4 08 x 01
3.0971  6 08 x 01
3.2088  3 08 x 01
3.3620  7 08 x 01
3.6534  2 08 x 01
4.9397  1 08 x 01
Timings By Test Type:
0.3016  0 32 x 06    0.3017  0 32 x 06    0.2095  0 30 x 06    0.2095  0 30 x 06
0.3017  0 31 x 06    0.3017  0 31 x 06    0.2096  0 32 x 06    0.2096  0 32 x 06
0.3018  0 30 x 06    0.3019  0 30 x 06    0.2097  0 31 x 06    0.2096  0 31 x 06
0.3032  0 31 x 07    0.3032  0 31 x 07    0.2110  0 31 x 05    0.2110  0 31 x 05
0.3032  0 32 x 07    0.3032  0 32 x 07    0.2111  0 32 x 05    0.2111  0 32 x 05
0.3041  0 32 x 05    0.3041  0 32 x 05    0.2115  0 30 x 05    0.2116  0 30 x 05
0.3041  0 31 x 05    0.3041  0 31 x 05    0.2118  0 31 x 07    0.2120  0 31 x 07
0.3046  0 30 x 05    0.3046  0 30 x 05    0.2120  0 32 x 07    0.2120  0 32 x 07
0.3068  0 28 x 05    0.3068  0 28 x 05    0.2123  0 30 x 04    0.2122  0 29 x 06
0.3069  0 30 x 07    0.3069  0 30 x 07    0.2125  0 32 x 04    0.2122  0 30 x 04
0.3084  0 27 x 08    0.3085  0 27 x 08    0.2126  0 31 x 04    0.2125  0 32 x 04
0.3086  0 28 x 12    0.3086  0 29 x 06    0.2128  0 28 x 05    0.2125  0 31 x 04
0.3086  0 29 x 06    0.3087  0 28 x 12    0.2139  0 30 x 07    0.2128  0 28 x 05
0.3086  0 28 x 06    0.3088  0 28 x 06    0.2141  0 28 x 04    0.2138  0 28 x 04
0.3091  0 27 x 07    0.3092  0 27 x 10    0.2142  0 29 x 05    0.2139  0 30 x 07
0.3092  0 27 x 10    0.3092  0 27 x 07    0.2147  0 29 x 06    0.2142  0 29 x 05
0.3093  0 29 x 05    0.3093  0 29 x 05    0.2149  0 28 x 06    0.2147  0 28 x 06
0.3096  0 27 x 06    0.3096  0 27 x 06    0.2152  0 29 x 04    0.2151  0 29 x 04
0.3096  0 27 x 12    0.3096  0 32 x 12    0.2153  0 27 x 06    0.2152  0 27 x 06
0.3097  0 31 x 12    0.3097  0 30 x 12    0.2153  0 28 x 12    0.2153  0 28 x 12
0.3098  0 30 x 12    0.3097  0 31 x 12    0.2154  0 27 x 08    0.2154  0 27 x 08
0.3098  0 32 x 12    0.3098  0 30 x 08    0.2155  0 27 x 05    0.2155  0 27 x 05
0.3099  0 30 x 08    0.3098  0 27 x 12    0.2157  0 27 x 07    0.2158  0 27 x 07
0.3100  0 31 x 08    0.3099  0 28 x 07    0.2158  0 27 x 10    0.2158  0 30 x 12
0.3100  0 28 x 07    0.3100  0 28 x 08    0.2159  0 30 x 12    0.2159  0 27 x 10
0.3100  0 28 x 08    0.3100  0 31 x 08    0.2162  0 30 x 08    0.2162  0 30 x 08
0.3100  0 32 x 08    0.3103  0 32 x 08    0.2164  0 28 x 07    0.2162  0 28 x 07
0.3104  0 31 x 04    0.3105  0 31 x 04    0.2164  0 27 x 12    0.2163  0 27 x 12
0.3104  0 32 x 04    0.3105  0 29 x 07    0.2165  0 32 x 12    0.2165  0 32 x 12
0.3105  0 29 x 07    0.3105  0 30 x 04    0.2165  0 29 x 07    0.2165  0 31 x 12
0.3106  0 30 x 04    0.3106  0 32 x 04    0.2166  0 31 x 08    0.2166  0 28 x 08
0.3107  0 31 x 10    0.3107  0 31 x 10    0.2166  0 28 x 08    0.2166  0 31 x 08
0.3109  0 27 x 05    0.3109  0 27 x 05    0.2166  0 31 x 12    0.2166  0 32 x 08
0.3113  0 32 x 10    0.3112  0 32 x 10    0.2167  0 32 x 08    0.2167  0 27 x 04
0.3116  0 30 x 10    0.3117  0 30 x 10    0.2167  0 27 x 04    0.2168  0 29 x 07
0.3120  0 28 x 04    0.3120  0 28 x 04    0.2171  0 31 x 10    0.2170  0 31 x 10
0.3121  0 29 x 10    0.3122  0 29 x 10    0.2172  0 30 x 10    0.2171  0 30 x 10
0.3132  0 29 x 04    0.3130  0 29 x 04    0.2175  0 32 x 10    0.2175  0 32 x 10
0.3133  0 29 x 08    0.3131  0 29 x 08    0.2178  0 29 x 10    0.2178  0 29 x 10
0.3134  0 28 x 10    0.3132  0 28 x 10    0.2185  0 28 x 10    0.2184  0 28 x 10
0.3146  0 29 x 12    0.3147  0 29 x 12    0.2188  0 29 x 08    0.2188  0 29 x 08
0.3164  0 27 x 04    0.3165  0 27 x 04    0.2196  0 29 x 12    0.2195  0 29 x 12
0.3227  0 05 x 08    0.3227  0 05 x 08    0.2253  0 05 x 08    0.2253  0 05 x 08
0.3268  0 05 x 07    0.3270  0 05 x 07    0.2262  0 05 x 04    0.2260  0 05 x 04
0.3274  0 06 x 08    0.3273  0 05 x 05    0.2265  0 05 x 05    0.2264  0 05 x 05
0.3274  0 05 x 05    0.3273  0 06 x 08    0.2268  0 01 x 05    0.2268  0 01 x 05
0.3275  0 05 x 06    0.3276  0 05 x 10    0.2274  0 01 x 06    0.2274  0 01 x 06
0.3276  0 05 x 10    0.3276  0 05 x 06    0.2276  0 05 x 06    0.2275  0 04 x 08
0.3283  0 05 x 12    0.3285  0 05 x 12    0.2276  0 04 x 08    0.2276  0 05 x 06
0.3291  0 06 x 05    0.3291  0 06 x 05    0.2279  0 05 x 07    0.2280  0 05 x 10
0.3293  0 05 x 04    0.3293  0 05 x 04    0.2280  0 01 x 07    0.2280  0 05 x 07
0.3299  0 06 x 06    0.3299  0 06 x 06    0.2280  0 01 x 10    0.2280  0 01 x 10
0.3309  0 01 x 05    0.3309  0 01 x 05    0.2280  0 05 x 10    0.2280  0 01 x 07
0.3316  0 06 x 07    0.3317  0 01 x 06    0.2282  0 01 x 12    0.2281  0 01 x 12
0.3318  0 01 x 06    0.3318  0 06 x 07    0.2282  0 05 x 12    0.2281  0 05 x 12
0.3320  0 01 x 12    0.3319  0 01 x 12    0.2282  0 01 x 08    0.2282  0 01 x 08
0.3321  0 04 x 08    0.3320  0 04 x 08    0.2284  0 06 x 08    0.2284  0 06 x 08
0.3321  0 06 x 12    0.3320  0 06 x 12    0.2288  0 01 x 04    0.2287  0 01 x 04
0.3325  0 06 x 10    0.3325  0 06 x 10    0.2292  0 06 x 05    0.2293  0 06 x 05
0.3326  0 01 x 10    0.3326  0 01 x 07    0.2296  0 04 x 05    0.2296  0 04 x 05
0.3326  0 01 x 07    0.3326  0 01 x 10    0.2297  0 06 x 06    0.2297  0 06 x 06
0.3329  0 01 x 08    0.3329  0 01 x 08    0.2302  0 04 x 06    0.2301  0 04 x 06
0.3330  0 06 x 04    0.3330  0 06 x 04    0.2307  0 06 x 07    0.2304  0 04 x 04
0.3342  0 01 x 04    0.3342  0 01 x 04    0.2308  0 04 x 10    0.2308  0 06 x 07
0.3351  0 00 x 05    0.3351  0 00 x 05    0.2308  0 04 x 12    0.2308  0 04 x 10
0.3353  0 04 x 05    0.3352  0 04 x 05    0.2312  0 06 x 12    0.2309  0 04 x 12
0.3358  0 04 x 06    0.3358  0 00 x 06    0.2312  0 04 x 04    0.2312  0 06 x 12
0.3358  0 00 x 06    0.3359  0 04 x 06    0.2313  0 00 x 05    0.2314  0 04 x 07
0.3361  0 04 x 12    0.3359  0 04 x 12    0.2314  0 04 x 07    0.2314  0 00 x 05
0.3365  0 04 x 10    0.3365  0 04 x 10    0.2315  0 06 x 10    0.2316  0 06 x 10
0.3367  0 00 x 10    0.3368  0 00 x 10    0.2319  0 06 x 04    0.2319  0 06 x 04
0.3369  0 00 x 07    0.3368  0 00 x 08    0.2326  0 00 x 06    0.2326  0 00 x 06
0.3369  0 00 x 08    0.3369  0 00 x 07    0.2338  0 00 x 10    0.2338  0 00 x 10
0.3372  0 00 x 12    0.3372  0 00 x 12    0.2340  0 00 x 07    0.2340  0 00 x 12
0.3375  0 04 x 07    0.3374  0 04 x 07    0.2340  0 00 x 08    0.2340  0 00 x 07
0.3376  0 04 x 04    0.3376  0 04 x 04    0.2340  0 00 x 12    0.2340  0 00 x 08
0.3383  0 00 x 04    0.3386  0 00 x 04    0.2349  0 00 x 04    0.2351  0 00 x 04
0.3414  0 07 x 05    0.3415  0 07 x 05    0.2406  0 31 x 03    0.2407  0 31 x 03
0.3427  0 07 x 06    0.3429  0 07 x 06    0.2409  0 32 x 03    0.2410  0 30 x 03
0.3429  0 07 x 08    0.3429  0 07 x 08    0.2411  0 30 x 03    0.2411  0 32 x 03
0.3439  0 07 x 07    0.3438  0 07 x 07    0.2417  0 07 x 05    0.2416  0 07 x 05
0.3445  0 07 x 04    0.3446  0 07 x 04    0.2422  0 29 x 03    0.2420  0 29 x 03
0.3470  0 07 x 10    0.3470  0 07 x 10    0.2423  0 07 x 06    0.2423  0 07 x 06
0.3471  0 07 x 12    0.3471  0 07 x 12    0.2427  0 28 x 03    0.2427  0 07 x 04
0.3493  5 08 x 10    0.3493  5 08 x 10    0.2428  0 07 x 08    0.2428  0 07 x 08
0.3496  5 08 x 12    0.3496  5 08 x 12    0.2430  0 07 x 07    0.2428  0 28 x 03
0.3502  6 08 x 12    0.3502  6 08 x 12    0.2430  0 07 x 04    0.2431  0 07 x 07
0.3508  5 08 x 08    0.3508  5 08 x 08    0.2449  0 27 x 03    0.2449  0 27 x 03
0.3512  5 08 x 06    0.3512  5 08 x 06    0.2456  0 07 x 10    0.2456  0 07 x 10
0.3512  5 08 x 05    0.3513  5 08 x 05    0.2457  5 08 x 10    0.2456  5 08 x 10
0.3514  5 08 x 07    0.3514  5 08 x 07    0.2460  5 08 x 05    0.2461  5 08 x 05
0.3521  6 08 x 08    0.3522  6 08 x 10    0.2461  5 08 x 06    0.2461  5 08 x 12
0.3522  6 08 x 10    0.3523  6 08 x 08    0.2461  5 08 x 12    0.2462  5 08 x 06
0.3529  6 08 x 05    0.3531  6 08 x 05    0.2463  0 07 x 12    0.2463  0 07 x 12
0.3533  6 08 x 07    0.3534  6 08 x 07    0.2466  5 08 x 08    0.2465  5 08 x 08
0.3535  6 08 x 06    0.3535  6 08 x 06    0.2468  5 08 x 07    0.2468  5 08 x 07
0.3554  0 31 x 03    0.3554  0 31 x 03    0.2479  0 03 x 05    0.2479  0 03 x 05
0.3559  0 32 x 03    0.3558  0 32 x 03    0.2487  0 03 x 06    0.2486  0 03 x 06
0.3564  0 30 x 03    0.3563  0 30 x 03    0.2489  0 03 x 04    0.2487  0 03 x 04
0.3566  5 08 x 04    0.3565  5 08 x 04    0.2495  0 03 x 08    0.2495  0 03 x 08
0.3580  0 29 x 03    0.3578  0 29 x 03    0.2497  5 08 x 04    0.2497  5 08 x 04
0.3582  0 28 x 03    0.3581  0 28 x 03    0.2500  0 03 x 07    0.2499  0 03 x 07
0.3588  6 08 x 04    0.3587  6 08 x 04    0.2507  6 08 x 12    0.2507  6 08 x 12
0.3614  0 03 x 05    0.3614  0 03 x 05    0.2507  0 03 x 10    0.2507  0 03 x 10
0.3620  0 27 x 03    0.3619  0 27 x 03    0.2508  0 05 x 03    0.2507  0 05 x 03
0.3622  4 08 x 12    0.3621  4 08 x 12    0.2511  0 03 x 12    0.2510  0 03 x 12
0.3623  0 03 x 06    0.3623  0 03 x 06    0.2511  0 03 x 03    0.2510  0 03 x 03
0.3624  4 08 x 10    0.3624  4 08 x 10    0.2512  0 01 x 03    0.2512  0 01 x 03
0.3625  0 03 x 04    0.3627  0 03 x 04    0.2520  4 08 x 12    0.2520  6 08 x 10
0.3628  0 03 x 08    0.3628  0 03 x 08    0.2523  6 08 x 10    0.2521  4 08 x 12
0.3636  4 08 x 08    0.3636  0 03 x 07    0.2523  4 08 x 10    0.2523  4 08 x 10
0.3637  0 03 x 07    0.3637  4 08 x 08    0.2524  6 08 x 08    0.2525  6 08 x 08
0.3642  4 08 x 06    0.3642  4 08 x 06    0.2528  6 08 x 05    0.2528  6 08 x 05
0.3643  4 08 x 07    0.3643  4 08 x 07    0.2529  4 08 x 05    0.2529  4 08 x 05
0.3644  4 08 x 05    0.3645  4 08 x 05    0.2530  6 08 x 06    0.2530  6 08 x 06
0.3647  0 03 x 10    0.3646  0 03 x 10    0.2531  4 08 x 06    0.2530  4 08 x 06
0.3650  0 03 x 12    0.3650  0 03 x 12    0.2531  0 06 x 03    0.2530  4 08 x 08
0.3680  4 08 x 04    0.3679  4 08 x 04    0.2531  4 08 x 08    0.2531  0 06 x 03
0.3703  0 05 x 03    0.3702  0 05 x 03    0.2533  6 08 x 07    0.2534  6 08 x 07
0.3715  0 03 x 03    0.3715  0 03 x 03    0.2534  4 08 x 07    0.2534  4 08 x 07
0.3724  0 06 x 03    0.3724  0 06 x 03    0.2541  0 04 x 03    0.2541  0 04 x 03
0.3739  0 01 x 03    0.3739  0 01 x 03    0.2544  0 00 x 03    0.2545  0 00 x 03
0.3760  0 00 x 03    0.3761  0 00 x 03    0.2551  4 08 x 04    0.2551  4 08 x 04
0.3764  7 08 x 05    0.3765  7 08 x 05    0.2569  6 08 x 04    0.2569  6 08 x 04
0.3770  0 04 x 03    0.3771  0 04 x 03    0.2653  0 07 x 03    0.2652  0 07 x 03
0.3831  7 08 x 04    0.3831  7 08 x 04    0.2691  3 08 x 08    0.2692  3 08 x 08
0.3842  0 07 x 03    0.3843  0 07 x 03    0.2693  3 08 x 12    0.2693  3 08 x 12
0.3911  3 08 x 12    0.3908  3 08 x 12    0.2701  3 08 x 06    0.2701  3 08 x 07
0.3915  3 08 x 08    0.3914  3 08 x 08    0.2702  3 08 x 07    0.2702  3 08 x 10
0.3927  3 08 x 10    0.3927  3 08 x 10    0.2702  3 08 x 10    0.2704  3 08 x 06
0.3929  3 08 x 07    0.3929  3 08 x 07    0.2705  3 08 x 05    0.2705  3 08 x 05
0.3935  3 08 x 06    0.3934  3 08 x 06    0.2731  3 08 x 04    0.2731  3 08 x 04
0.3936  3 08 x 05    0.3936  3 08 x 05    0.2757  5 08 x 03    0.2756  5 08 x 03
0.3975  3 08 x 04    0.3975  3 08 x 04    0.2792  7 08 x 05    0.2792  7 08 x 05
0.4004  5 08 x 03    0.4004  5 08 x 03    0.2796  4 08 x 03    0.2795  4 08 x 03
0.4047  6 08 x 03    0.4047  6 08 x 03    0.2846  7 08 x 04    0.2845  7 08 x 04
0.4100  4 08 x 03    0.4101  4 08 x 03    0.2856  6 08 x 03    0.2857  6 08 x 03
0.4320  7 08 x 03    0.4320  7 08 x 03    0.2980  3 08 x 03    0.2979  3 08 x 03
0.4398  3 08 x 03    0.4398  3 08 x 03    0.3139  2 08 x 05    0.3139  2 08 x 05
0.4587  2 08 x 05    0.4586  2 08 x 05    0.3168  2 08 x 04    0.3169  2 08 x 04
0.4626  2 08 x 04    0.4628  2 08 x 04    0.3180  0 05 x 02    0.3178  0 05 x 02
0.4761  0 05 x 02    0.4735  0 29 x 02    0.3182  0 01 x 02    0.3182  0 01 x 02
0.4772  0 06 x 02    0.4743  0 00 x 02    0.3200  0 06 x 02    0.3194  0 28 x 02
0.4791  0 01 x 02    0.4744  0 31 x 02    0.3200  7 08 x 03    0.3198  0 06 x 02
0.4815  0 04 x 02    0.4747  0 28 x 02    0.3203  0 04 x 02    0.3198  7 08 x 03
0.4846  0 00 x 02    0.4754  0 30 x 02    0.3238  0 00 x 02    0.3203  0 04 x 02
0.4850  0 29 x 02    0.4761  0 05 x 02    0.3240  0 29 x 02    0.3214  0 29 x 02
0.4855  0 32 x 02    0.4772  0 06 x 02    0.3244  0 32 x 02    0.3230  0 31 x 02
0.4856  0 31 x 02    0.4792  0 01 x 02    0.3245  0 31 x 02    0.3238  0 00 x 02
0.4861  0 28 x 02    0.4814  0 27 x 02    0.3250  0 30 x 02    0.3239  0 30 x 02
0.4862  0 30 x 02    0.4815  0 04 x 02    0.3252  0 28 x 02    0.3244  0 27 x 02
0.4876  0 07 x 02    0.4856  0 32 x 02    0.3300  0 27 x 02    0.3244  0 32 x 02
0.4945  0 27 x 02    0.4876  0 07 x 02    0.3308  0 07 x 02    0.3306  0 07 x 02
0.5008  0 03 x 02    0.5009  0 03 x 02    0.3343  0 03 x 02    0.3343  0 03 x 02
0.5054  2 08 x 03    0.5054  2 08 x 03    0.3461  2 08 x 03    0.3460  2 08 x 03
0.5180  5 08 x 02    0.5179  5 08 x 02    0.3527  5 08 x 02    0.3528  5 08 x 02
0.5272  4 08 x 02    0.5271  4 08 x 02    0.3551  4 08 x 02    0.3550  4 08 x 02
0.5279  6 08 x 02    0.5279  6 08 x 02    0.3674  6 08 x 02    0.3672  6 08 x 02
0.5572  3 08 x 02    0.5573  3 08 x 02    0.3729  3 08 x 02    0.3730  3 08 x 02
0.5664  7 08 x 02    0.5664  7 08 x 02    0.4084  7 08 x 02    0.4086  7 08 x 02
0.6064  0 02 x 04    0.6063  0 02 x 04    0.4145  0 02 x 04    0.4143  0 02 x 04
0.6082  0 02 x 03    0.6074  0 02 x 03    0.4149  0 02 x 03    0.4151  0 02 x 03
0.6138  0 02 x 05    0.6125  0 02 x 05    0.4172  0 02 x 02    0.4171  0 02 x 02
0.6188  0 02 x 06    0.6197  0 02 x 06    0.4193  2 08 x 02    0.4194  2 08 x 02
0.6202  0 02 x 08    0.6200  0 02 x 08    0.4205  0 02 x 05    0.4210  0 02 x 05
0.6203  0 02 x 07    0.6202  0 02 x 07    0.4243  0 02 x 08    0.4236  0 02 x 08
0.6206  0 02 x 02    0.6209  0 02 x 02    0.4246  0 02 x 06    0.4254  0 02 x 06
0.6238  0 02 x 10    0.6239  0 02 x 10    0.4256  0 02 x 07    0.4254  0 02 x 07
0.6246  2 08 x 02    0.6244  2 08 x 02    0.4269  0 02 x 10    0.4269  0 02 x 10
0.6250  0 02 x 12    0.6251  0 02 x 12    0.4278  0 02 x 12    0.4279  0 02 x 12
0.6506  1 08 x 05    0.6510  1 08 x 05    0.4437  1 08 x 05    0.4439  1 08 x 05
0.6631  1 08 x 04    0.6634  1 08 x 04    0.4521  1 08 x 04    0.4521  1 08 x 04
0.6989  1 08 x 03    0.6988  1 08 x 03    0.4758  1 08 x 03    0.4758  1 08 x 03
0.7867  0 02 x 01    0.7852  0 02 x 01    0.5289  0 02 x 01    0.5292  0 02 x 01
0.8027  0 06 x 01    0.7959  0 06 x 01    0.5365  0 06 x 01    0.5370  0 06 x 01
0.8043  0 05 x 01    0.8021  0 05 x 01    0.5404  0 05 x 01    0.5401  0 05 x 01
0.8080  0 07 x 01    0.8031  0 07 x 01    0.5443  0 07 x 01    0.5404  0 01 x 01
0.8127  0 01 x 01    0.8053  0 01 x 01    0.5486  0 30 x 01    0.5427  0 07 x 01
0.8153  0 30 x 01    0.8114  0 04 x 01    0.5487  0 01 x 01    0.5452  0 04 x 01
0.8166  0 04 x 01    0.8129  0 30 x 01    0.5520  0 04 x 01    0.5481  0 30 x 01
0.8232  0 29 x 01    0.8210  1 08 x 02    0.5540  0 29 x 01    0.5534  0 29 x 01
0.8272  0 31 x 01    0.8219  0 29 x 01    0.5555  0 31 x 01    0.5552  0 31 x 01
0.8288  0 28 x 01    0.8270  0 31 x 01    0.5578  0 28 x 01    0.5568  0 28 x 01
0.8398  0 32 x 01    0.8276  0 28 x 01    0.5643  0 32 x 01    0.5569  0 32 x 01
0.8435  1 08 x 02    0.8315  0 32 x 01    0.5661  0 27 x 01    0.5654  0 00 x 01
0.8436  0 27 x 01    0.8341  0 00 x 01    0.5706  0 00 x 01    0.5655  0 27 x 01
0.8486  0 00 x 01    0.8416  0 27 x 01    0.5725  1 08 x 02    0.5727  1 08 x 02
0.8899  5 08 x 01    0.8840  5 08 x 01    0.5975  0 03 x 01    0.5955  0 03 x 01
0.9009  0 03 x 01    0.8975  0 03 x 01    0.6023  5 08 x 01    0.5992  5 08 x 01
0.9220  6 08 x 01    0.9187  6 08 x 01    0.6120  4 08 x 01    0.6086  4 08 x 01
0.9259  4 08 x 01    0.9216  4 08 x 01    0.6283  6 08 x 01    0.6281  6 08 x 01
0.9660  3 08 x 01    0.9630  3 08 x 01    0.6415  3 08 x 01    0.6383  3 08 x 01
0.9848  7 08 x 01    0.9818  7 08 x 01    0.7006  7 08 x 01    0.6948  7 08 x 01
1.0998  2 08 x 01    1.0884  2 08 x 01    0.7376  2 08 x 01    0.7277  2 08 x 01
1.4783  1 08 x 01    1.4707  1 08 x 01    0.9996  1 08 x 01    0.9911  1 08 x 01
---Benchmark Program Finished---
