
---Benchmark Program Finished---
jeffreyhurchalla@Jeffreys-MacBook-Air montgomery_two_pow % ./testbench.sh clang++ O3 MontgomeryFull __uint128_t 191 8 40
compilation finished, now executing:
---Running Program---

begin benchmarks - array two_pow
(ignore)12673900455973402205682641815686729848

OVERALL BEST:
1.2961  0 31 x 10
1.2963  0 31 x 05
1.2980  0 31 x 08
1.2984  0 31 x 12
1.3024  0 31 x 06
1.3056  0 30 x 06
1.3059  0 30 x 10
1.3067  0 31 x 04
1.3069  0 30 x 07
1.3080  0 30 x 05
1.3080  0 30 x 08
1.3094  0 30 x 12
1.3110  0 31 x 07
1.3122  0 29 x 08
1.3122  0 30 x 04
1.3124  0 29 x 12
1.3131  0 29 x 07
1.3132  0 29 x 10
1.3140  0 29 x 06
1.3180  0 29 x 05
1.3199  0 28 x 10
1.3206  0 28 x 12
1.3247  0 28 x 08
1.3248  0 28 x 06
1.3264  0 28 x 05
1.3265  0 28 x 07
1.3279  0 29 x 04
1.3316  0 28 x 04
1.3427  0 27 x 10
1.3429  0 27 x 07
1.3439  0 27 x 12
1.3459  0 27 x 06
1.3462  0 27 x 08
1.3465  0 27 x 05
1.3616  0 27 x 04
1.3644  0 31 t 05
1.3683  0 31 t 07
1.3684  0 31 t 08
1.3695  0 31 t 10
1.3719  0 31 t 04
1.3719  0 31 t 06
1.3743  0 31 t 12
1.3745  0 30 t 06
1.3757  0 30 t 05
1.3780  0 30 t 04
1.3798  0 30 t 07
1.3806  0 29 t 10
1.3826  0 29 t 08
1.3835  0 30 t 08
1.3841  0 29 t 07
1.3863  0 29 t 06
1.3870  0 30 t 10
1.3875  0 29 t 12
1.3908  0 30 t 12
1.3911  0 28 t 06
1.3916  0 29 t 05
1.3930  0 28 t 05
1.3944  0 29 t 04
1.3950  0 28 t 07
1.3968  0 28 t 04
1.3994  0 28 t 08
1.3997  0 28 t 10
1.4070  0 28 t 12
1.4105  0 06 x 08
1.4113  0 27 t 10
1.4121  0 05 x 08
1.4132  0 27 t 07
1.4147  0 27 t 12
1.4149  0 27 t 08
1.4150  0 27 t 05
1.4155  0 31 t 03
1.4156  0 27 t 06
1.4193  0 30 t 03
1.4209  0 05 x 12
1.4212  0 06 x 12
1.4242  0 06 x 10
1.4256  0 27 t 04
1.4269  0 05 x 10
1.4273  0 01 x 10
1.4286  0 06 x 07
1.4286  0 06 x 06
1.4288  0 01 x 08
1.4297  0 04 x 08
1.4301  0 01 x 12
1.4304  0 31 x 03
1.4310  0 29 t 03
1.4310  0 28 t 03
1.4332  0 01 x 07
1.4340  0 05 x 07
1.4345  0 05 x 06
1.4350  0 30 x 03
1.4360  0 06 x 04
1.4373  0 05 x 04
1.4378  0 01 x 04
1.4391  0 28 x 03
1.4398  0 04 x 12
1.4461  0 04 x 10
1.4478  0 29 x 03
1.4530  0 04 x 06
1.4559  0 04 x 07
1.4583  0 04 x 04
1.4648  0 07 x 08
1.4695  0 00 x 12
1.4749  0 01 x 06
1.4753  0 06 x 05
1.4756  0 00 x 06
1.4758  0 00 x 04
1.4762  0 00 x 08
1.4777  0 27 t 03
1.4794  0 06 t 08
1.4799  0 07 x 06
1.4801  0 07 x 07
1.4831  0 07 x 12
1.4834  0 00 x 10
1.4842  0 07 x 04
1.4844  0 05 t 08
1.4849  0 07 x 10
1.4857  0 06 t 10
1.4866  0 05 x 05
1.4875  0 00 x 07
1.4894  0 00 x 05
1.4895  0 05 t 10
1.4900  0 01 x 05
1.4908  0 06 t 12
1.4933  0 06 t 06
1.4942  0 05 t 12
1.4947  0 06 t 07
1.4953  0 27 x 03
1.4957  5 08 x 08
1.5011  0 04 t 08
1.5011  0 06 t 05
1.5015  0 01 t 08
1.5020  0 01 t 10
1.5028  0 01 t 07
1.5030  0 01 t 12
1.5035  0 05 t 07
1.5051  0 01 t 06
1.5065  0 05 t 06
1.5078  0 05 t 05
1.5084  5 08 x 10
1.5090  0 01 t 05
1.5091  5 08 x 12
1.5136  0 04 x 05
1.5144  0 04 t 12
1.5149  0 04 t 10
1.5161  5 08 x 07
1.5175  0 07 x 05
1.5268  0 04 t 07
1.5284  5 08 x 04
1.5286  6 08 x 08
1.5289  5 08 x 05
1.5302  4 08 x 08
1.5312  0 04 t 06
1.5315  0 01 t 04
1.5320  0 07 t 08
1.5369  6 08 x 10
1.5369  0 04 t 05
1.5401  6 08 x 12
1.5424  0 00 t 08
1.5432  4 08 x 10
1.5444  0 00 t 07
1.5448  0 00 t 12
1.5451  4 08 x 12
1.5457  0 00 t 10
1.5467  0 07 t 07
1.5470  6 08 x 07
1.5473  0 07 t 06
1.5496  0 07 t 10
1.5527  0 07 t 12
1.5535  0 07 t 05
1.5549  0 03 x 10
1.5550  6 08 x 06
1.5557  0 01 t 03
1.5561  5 08 t 08
1.5566  4 08 x 07
1.5585  0 03 x 08
1.5593  0 03 x 07
1.5595  6 08 x 04
1.5596  0 03 x 12
1.5602  0 06 t 03
1.5628  0 01 x 03
1.5633  0 03 x 06
1.5636  6 08 x 05
1.5639  0 05 t 03
1.5640  0 06 x 03
1.5641  0 05 x 03
1.5655  4 08 x 04
1.5666  0 03 x 05
1.5676  0 03 x 04
1.5704  4 08 x 05
1.5739  5 08 x 06
1.5764  5 08 t 04
1.5802  0 00 t 06
1.5807  5 08 t 06
1.5815  0 00 t 04
1.5823  5 08 t 07
1.5845  5 08 t 05
1.5878  0 00 t 03
1.5886  5 08 t 10
1.5893  4 08 t 08
1.5899  0 04 t 03
1.5900  6 08 t 08
1.5905  0 04 x 03
1.5915  5 08 t 12
1.5965  0 03 x 03
1.5969  0 00 x 03
1.6053  4 08 t 04
1.6058  0 07 t 03
1.6071  0 00 t 05
1.6072  0 07 x 03
1.6076  6 08 t 04
1.6111  6 08 t 07
1.6114  6 08 t 06
1.6123  6 08 t 10
1.6155  4 08 t 06
1.6161  6 08 t 05
1.6183  0 06 t 04
1.6195  4 08 x 06
1.6199  4 08 t 07
1.6219  4 08 t 05
1.6236  4 08 t 12
1.6242  4 08 t 10
1.6265  6 08 t 12
1.6330  3 08 x 08
1.6418  0 05 t 04
1.6475  3 08 x 12
1.6498  5 08 x 03
1.6513  5 08 t 03
1.6534  3 08 x 10
1.6577  0 07 t 04
1.6605  3 08 t 04
1.6728  3 08 x 04
1.6790  3 08 x 07
1.6817  0 04 t 04
1.6852  3 08 x 05
1.6863  3 08 t 08
1.6865  4 08 x 03
1.6889  6 08 t 03
1.6902  6 08 x 03
1.6935  4 08 t 03
1.7001  7 08 x 05
1.7057  7 08 x 04
1.7260  3 08 t 06
1.7284  3 08 t 10
1.7293  3 08 x 06
1.7312  3 08 t 12
1.7325  3 08 t 07
1.7371  3 08 t 05
1.7540  7 08 t 05
1.7601  7 08 t 04
1.7917  3 08 t 03
1.7961  3 08 x 03
1.8385  7 08 t 03
1.8438  7 08 x 03
1.8544  2 08 x 04
1.8941  2 08 t 04
1.9300  2 08 t 05
1.9305  2 08 x 05
2.0408  2 08 x 03
2.0573  2 08 t 03
2.0666  0 02 x 03
2.1115  0 02 x 04
2.1129  0 02 x 05
2.1176  0 02 x 10
2.1189  0 02 x 08
2.1194  0 02 x 06
2.1221  0 02 x 12
2.1222  0 02 x 07
2.5743  1 08 t 04
2.5771  1 08 x 04
2.6637  1 08 x 05
2.6682  1 08 t 05
2.8427  1 08 t 03
2.8434  1 08 x 03
Timings By Test Type:
0.3860  0 31 x 10    0.3861  0 31 x 05    0.2615  0 31 x 10    0.2612  0 31 x 05
0.3870  0 31 x 05    0.3864  0 31 x 10    0.2618  0 31 x 12    0.2620  0 31 x 08
0.3870  0 31 x 08    0.3869  0 31 x 12    0.2620  0 31 x 05    0.2622  0 31 x 10
0.3873  0 31 x 12    0.3870  0 31 x 08    0.2621  0 31 x 08    0.2624  0 31 x 12
0.3881  0 30 x 08    0.3881  0 30 x 06    0.2626  0 31 x 06    0.2626  0 31 x 06
0.3881  0 30 x 06    0.3884  0 30 x 05    0.2632  0 31 x 04    0.2642  0 30 x 06
0.3886  0 31 x 04    0.3884  0 31 x 06    0.2643  0 30 x 07    0.2643  0 30 x 10
0.3887  0 30 x 10    0.3885  0 30 x 07    0.2644  0 30 x 10    0.2646  0 29 x 10
0.3888  0 31 x 06    0.3886  0 30 x 10    0.2644  0 31 x 07    0.2647  0 29 x 06
0.3893  0 30 x 07    0.3891  0 30 x 08    0.2646  0 30 x 08    0.2648  0 31 x 04
0.3893  0 30 x 05    0.3895  0 30 x 04    0.2646  0 30 x 12    0.2648  0 30 x 07
0.3895  0 30 x 12    0.3896  0 31 x 07    0.2646  0 29 x 12    0.2649  0 29 x 12
0.3907  0 30 x 04    0.3901  0 31 x 04    0.2647  0 29 x 10    0.2650  0 31 x 07
0.3908  0 29 x 08    0.3903  0 30 x 12    0.2648  0 29 x 07    0.2651  0 29 x 07
0.3912  0 29 x 12    0.3908  0 29 x 06    0.2649  0 29 x 06    0.2651  0 30 x 12
0.3915  0 29 x 07    0.3909  0 29 x 08    0.2649  0 30 x 05    0.2654  0 30 x 05
0.3920  0 31 x 07    0.3917  0 29 x 12    0.2650  0 29 x 08    0.2654  0 29 x 08
0.3921  0 29 x 10    0.3918  0 29 x 07    0.2651  0 30 x 06    0.2660  0 30 x 04
0.3924  0 28 x 10    0.3918  0 29 x 10    0.2657  0 29 x 05    0.2663  0 30 x 08
0.3927  0 29 x 05    0.3927  0 28 x 10    0.2660  0 30 x 04    0.2665  0 29 x 05
0.3930  0 28 x 12    0.3929  0 28 x 12    0.2669  0 28 x 12    0.2673  0 28 x 10
0.3931  0 28 x 06    0.3931  0 29 x 05    0.2675  0 29 x 04    0.2673  0 29 x 04
0.3936  0 29 x 06    0.3942  0 28 x 08    0.2675  0 28 x 10    0.2677  0 28 x 12
0.3939  0 28 x 08    0.3945  0 28 x 07    0.2680  0 28 x 06    0.2683  0 28 x 08
0.3943  0 28 x 05    0.3947  0 28 x 06    0.2680  0 28 x 05    0.2690  0 28 x 05
0.3945  0 28 x 07    0.3950  0 28 x 05    0.2682  0 28 x 08    0.2691  0 28 x 06
0.3965  0 29 x 04    0.3956  0 28 x 04    0.2683  0 28 x 07    0.2693  0 28 x 07
0.3975  0 28 x 04    0.3965  0 29 x 04    0.2692  0 28 x 04    0.2693  0 28 x 04
0.4001  0 27 x 10    0.4009  0 27 x 07    0.2704  0 27 x 06    0.2705  0 27 x 12
0.4002  0 27 x 07    0.4009  0 27 x 05    0.2707  0 27 x 10    0.2706  0 27 x 07
0.4010  0 27 x 12    0.4012  0 27 x 12    0.2712  0 27 x 08    0.2706  0 27 x 10
0.4017  0 27 x 08    0.4013  0 27 x 10    0.2712  0 27 x 05    0.2707  0 27 x 06
0.4021  0 27 x 05    0.4020  0 27 x 08    0.2712  0 27 x 12    0.2713  0 27 x 08
0.4025  0 27 x 06    0.4023  0 27 x 06    0.2713  0 27 x 07    0.2723  0 27 x 05
0.4072  0 27 x 04    0.4064  0 31 t 05    0.2735  0 27 x 04    0.2736  0 27 x 04
0.4075  0 31 t 05    0.4074  0 31 t 08    0.2753  0 31 t 05    0.2752  0 31 t 05
0.4081  0 31 t 08    0.4074  0 27 x 04    0.2758  0 31 t 07    0.2755  0 31 t 10
0.4082  0 31 t 07    0.4080  0 31 t 07    0.2766  0 31 t 08    0.2762  0 31 t 08
0.4083  0 31 t 10    0.4081  0 31 t 06    0.2767  0 31 t 10    0.2764  0 31 t 07
0.4088  0 30 t 05    0.4082  0 31 t 04    0.2774  0 31 t 04    0.2767  0 31 t 12
0.4089  0 31 t 04    0.4091  0 31 t 10    0.2775  0 31 t 06    0.2771  0 31 t 06
0.4091  0 31 t 06    0.4092  0 30 t 06    0.2779  0 30 t 06    0.2773  0 31 t 04
0.4092  0 30 t 04    0.4098  0 31 t 12    0.2781  0 31 t 12    0.2779  0 30 t 06
0.4096  0 30 t 06    0.4101  0 30 t 04    0.2784  0 30 t 05    0.2784  0 30 t 05
0.4097  0 31 t 12    0.4101  0 30 t 05    0.2785  0 29 t 10    0.2785  0 29 t 08
0.4114  0 30 t 07    0.4107  0 30 t 07    0.2786  0 29 t 08    0.2786  0 29 t 10
0.4115  0 30 t 08    0.4116  0 29 t 10    0.2788  0 30 t 07    0.2789  0 29 t 12
0.4119  0 29 t 10    0.4118  0 30 t 08    0.2794  0 30 t 04    0.2789  0 30 t 07
0.4128  0 29 t 08    0.4125  0 29 t 07    0.2794  0 29 t 07    0.2792  0 29 t 07
0.4128  0 29 t 06    0.4128  0 29 t 08    0.2795  0 30 t 08    0.2793  0 30 t 04
0.4129  0 29 t 07    0.4128  0 30 t 10    0.2799  0 29 t 06    0.2805  0 29 t 06
0.4131  0 30 t 10    0.4129  0 29 t 12    0.2805  0 30 t 10    0.2806  0 30 t 10
0.4136  0 30 t 12    0.4130  0 29 t 06    0.2810  0 29 t 04    0.2807  0 30 t 08
0.4137  0 28 t 06    0.4134  0 30 t 12    0.2811  0 28 t 06    0.2812  0 30 t 12
0.4139  0 29 t 12    0.4141  0 29 t 05    0.2814  0 28 t 05    0.2815  0 29 t 05
0.4144  0 28 t 05    0.4143  0 28 t 06    0.2814  0 29 t 05    0.2820  0 29 t 04
0.4147  0 29 t 05    0.4145  0 28 t 07    0.2818  0 29 t 12    0.2820  0 28 t 05
0.4151  0 28 t 07    0.4152  0 28 t 05    0.2827  0 30 t 12    0.2820  0 28 t 06
0.4153  0 28 t 04    0.4160  0 29 t 04    0.2828  0 28 t 04    0.2826  0 28 t 07
0.4155  0 29 t 04    0.4161  0 28 t 04    0.2829  0 28 t 07    0.2826  0 28 t 08
0.4163  0 28 t 08    0.4161  0 28 t 10    0.2829  0 05 x 08    0.2827  0 28 t 04
0.4172  0 28 t 10    0.4170  0 28 t 08    0.2834  0 28 t 10    0.2829  0 28 t 10
0.4178  0 28 t 12    0.4172  0 28 t 12    0.2835  0 31 t 03    0.2832  0 05 x 08
0.4195  0 06 x 08    0.4198  0 06 x 08    0.2835  0 28 t 08    0.2842  0 31 t 03
0.4207  0 27 t 10    0.4210  0 27 t 10    0.2845  0 27 t 10    0.2845  0 27 t 06
0.4209  0 27 t 07    0.4213  0 27 t 07    0.2849  0 27 t 08    0.2846  0 30 t 03
0.4218  0 27 t 08    0.4214  0 06 x 12    0.2850  0 27 t 12    0.2847  0 27 t 08
0.4221  0 27 t 12    0.4215  0 27 t 05    0.2850  0 05 x 12    0.2851  0 27 t 10
0.4221  0 06 x 12    0.4221  0 27 t 12    0.2852  0 27 t 05    0.2854  0 28 t 12
0.4224  0 27 t 05    0.4227  0 27 t 06    0.2852  0 31 x 03    0.2856  0 27 t 12
0.4227  0 27 t 06    0.4231  0 05 x 08    0.2852  0 27 t 07    0.2856  0 05 x 12
0.4228  0 05 x 08    0.4234  0 31 t 03    0.2856  0 06 x 08    0.2857  0 06 x 08
0.4229  0 06 x 10    0.4236  0 27 t 08    0.2856  0 27 t 06    0.2858  0 27 t 07
0.4244  0 30 t 03    0.4238  0 30 t 03    0.2862  0 05 x 10    0.2860  0 27 t 05
0.4245  0 31 t 03    0.4239  0 06 x 06    0.2863  0 28 t 03    0.2861  0 05 x 10
0.4246  0 06 x 07    0.4241  0 06 x 10    0.2864  0 30 t 03    0.2866  0 31 x 03
0.4250  0 06 x 06    0.4243  0 06 x 07    0.2866  0 28 t 12    0.2871  0 29 t 03
0.4256  0 27 t 04    0.4245  0 05 x 12    0.2867  0 27 t 04    0.2872  0 28 t 03
0.4258  0 05 x 12    0.4252  0 27 t 04    0.2868  0 29 t 03    0.2873  0 05 x 06
0.4258  0 01 x 08    0.4256  0 01 x 10    0.2872  0 01 x 10    0.2874  0 30 x 03
0.4269  0 01 x 10    0.4261  0 06 x 04    0.2874  0 05 x 07    0.2874  0 01 x 12
0.4269  0 06 x 04    0.4262  0 04 x 08    0.2874  0 01 x 08    0.2877  0 01 x 10
0.4273  0 01 x 07    0.4270  0 05 x 10    0.2875  0 05 x 06    0.2877  0 05 x 07
0.4274  0 04 x 08    0.4275  0 01 x 08    0.2876  0 30 x 03    0.2880  0 27 t 04
0.4274  0 01 x 12    0.4276  0 01 x 12    0.2877  0 04 x 08    0.2880  0 01 x 08
0.4276  0 05 x 10    0.4281  0 28 t 03    0.2877  0 01 x 12    0.2884  0 04 x 08
0.4287  0 29 t 03    0.4284  0 01 x 07    0.2882  0 01 x 07    0.2885  0 06 x 10
0.4289  0 05 x 06    0.4285  0 29 t 03    0.2885  0 28 x 03    0.2887  0 28 x 03
0.4292  0 05 x 04    0.4293  0 31 x 03    0.2886  0 06 x 12    0.2887  0 05 x 04
0.4293  0 31 x 03    0.4294  0 05 x 07    0.2888  0 06 x 10    0.2889  0 01 x 04
0.4294  0 28 t 03    0.4296  0 05 x 04    0.2889  0 29 x 03    0.2891  0 06 x 12
0.4295  0 05 x 07    0.4297  0 01 x 04    0.2890  0 01 x 04    0.2893  0 01 x 07
0.4298  0 30 x 03    0.4302  0 30 x 03    0.2895  0 06 x 07    0.2893  0 06 x 06
0.4300  0 04 x 12    0.4304  0 04 x 12    0.2897  0 05 x 04    0.2894  0 04 x 12
0.4302  0 01 x 04    0.4308  0 28 x 03    0.2899  0 04 x 12    0.2898  0 29 x 03
0.4311  0 28 x 03    0.4308  0 05 x 06    0.2903  0 06 x 06    0.2902  0 06 x 07
0.4319  0 04 x 10    0.4324  0 04 x 10    0.2913  0 04 x 10    0.2905  0 04 x 10
0.4331  0 07 x 08    0.4328  0 07 x 08    0.2915  0 06 x 04    0.2915  0 06 x 04
0.4343  0 04 x 06    0.4339  0 04 x 06    0.2925  0 04 x 06    0.2924  0 04 x 06
0.4345  0 04 x 07    0.4342  0 29 x 03    0.2930  0 04 x 07    0.2930  0 04 x 04
0.4349  0 29 x 03    0.4353  0 04 x 07    0.2930  0 04 x 04    0.2931  0 04 x 07
0.4366  0 07 x 07    0.4353  0 04 x 04    0.2955  0 00 x 12    0.2961  0 00 x 12
0.4369  0 04 x 04    0.4363  0 07 x 06    0.2961  0 01 x 06    0.2968  0 05 t 08
0.4372  0 07 x 10    0.4375  0 07 x 07    0.2963  0 00 x 04    0.2971  0 01 x 06
0.4372  0 07 x 06    0.4379  0 07 x 12    0.2964  0 00 x 08    0.2973  0 00 x 08
0.4377  0 07 x 12    0.4379  0 07 x 10    0.2966  0 00 x 06    0.2978  0 05 x 05
0.4382  0 07 x 04    0.4385  0 07 x 04    0.2967  0 05 t 08    0.2978  0 00 x 06
0.4390  0 00 x 12    0.4389  0 00 x 12    0.2976  0 05 x 05    0.2979  0 00 x 10
0.4394  0 06 x 05    0.4390  0 06 x 05    0.2979  0 27 t 03    0.2983  0 06 x 05
0.4404  0 06 t 08    0.4401  0 00 x 06    0.2984  0 05 t 10    0.2983  0 27 t 03
0.4406  0 00 x 08    0.4401  0 00 x 04    0.2985  0 00 x 10    0.2987  0 00 x 04
0.4407  0 00 x 04    0.4404  0 06 t 08    0.2986  0 06 x 05    0.2989  0 05 t 10
0.4409  0 27 t 03    0.4406  0 01 x 06    0.2993  0 06 t 08    0.2992  0 05 t 12
0.4411  0 00 x 06    0.4406  0 27 t 03    0.2994  0 00 x 07    0.2992  0 07 x 08
0.4411  0 01 x 06    0.4418  0 06 t 10    0.2994  0 05 t 12    0.2993  0 06 t 08
0.4413  0 06 t 10    0.4419  0 00 x 08    0.2996  0 01 x 05    0.2995  0 01 x 05
0.4427  0 06 t 12    0.4425  5 08 x 08    0.2996  0 00 x 05    0.2996  0 00 x 05
0.4430  5 08 x 08    0.4428  0 06 t 12    0.2997  0 07 x 08    0.2999  0 00 x 07
0.4431  0 00 x 07    0.4434  0 00 x 10    0.3005  0 05 t 07    0.3011  0 06 t 10
0.4435  0 00 x 10    0.4437  0 06 t 06    0.3014  0 06 t 10    0.3012  0 27 x 03
0.4439  0 06 t 06    0.4447  0 06 t 07    0.3018  0 01 t 10    0.3013  0 05 t 07
0.4445  0 06 t 07    0.4450  0 01 x 05    0.3018  0 27 x 03    0.3022  0 01 t 08
0.4449  0 00 x 05    0.4451  0 00 x 07    0.3021  0 05 t 05    0.3023  0 06 t 06
0.4451  0 05 t 08    0.4452  0 00 x 05    0.3022  0 01 t 08    0.3025  0 05 t 05
0.4452  0 27 x 03    0.4454  0 05 x 05    0.3023  0 06 t 12    0.3026  0 01 t 10
0.4459  0 05 x 05    0.4457  0 05 t 08    0.3023  0 01 t 06    0.3028  0 05 t 06
0.4459  5 08 x 12    0.4459  0 05 t 10    0.3024  0 05 t 06    0.3028  0 06 t 07
0.4459  0 01 x 05    0.4462  5 08 x 10    0.3024  0 01 t 12    0.3030  0 06 t 12
0.4461  0 06 t 05    0.4465  0 06 t 05    0.3026  0 01 t 07    0.3032  0 04 t 08
0.4462  0 05 t 10    0.4467  5 08 x 12    0.3026  0 06 t 07    0.3033  0 07 x 06
0.4466  5 08 x 10    0.4470  0 27 x 03    0.3027  0 07 x 07    0.3033  0 07 x 07
0.4467  0 04 t 08    0.4473  0 05 t 12    0.3028  0 04 t 08    0.3035  0 01 t 12
0.4477  0 01 t 12    0.4476  0 07 x 05    0.3031  0 01 t 05    0.3035  0 01 t 05
0.4481  0 01 t 10    0.4477  0 01 t 07    0.3031  0 07 x 06    0.3036  0 07 x 12
0.4482  0 07 x 05    0.4484  0 04 t 08    0.3034  0 06 t 06    0.3037  0 01 t 07
0.4482  0 05 t 12    0.4486  0 01 t 08    0.3037  0 07 x 04    0.3038  0 01 t 06
0.4483  5 08 x 07    0.4489  0 01 t 06    0.3039  0 07 x 12    0.3038  0 06 t 05
0.4485  0 01 t 08    0.4494  0 01 t 12    0.3045  0 04 t 10    0.3039  0 07 x 04
0.4486  6 08 x 08    0.4494  5 08 x 07    0.3045  0 07 x 10    0.3044  0 04 x 05
0.4488  0 01 t 07    0.4495  0 01 t 10    0.3047  0 06 t 05    0.3045  0 04 t 10
0.4500  0 01 t 06    0.4496  6 08 x 08    0.3048  0 04 x 05    0.3050  0 04 t 12
0.4504  0 05 t 07    0.4502  0 05 t 06    0.3052  5 08 x 08    0.3051  5 08 x 08
0.4505  0 01 t 05    0.4509  6 08 x 10    0.3053  0 04 t 12    0.3052  0 07 x 10
0.4508  6 08 x 10    0.4511  0 05 t 05    0.3065  0 04 t 07    0.3072  0 01 t 04
0.4512  0 05 t 06    0.4512  0 05 t 07    0.3078  5 08 x 10    0.3077  0 04 t 07
0.4517  0 04 x 05    0.4516  6 08 x 12    0.3083  0 04 t 06    0.3078  5 08 x 10
0.4518  0 04 t 12    0.4519  0 01 t 05    0.3085  5 08 x 12    0.3080  5 08 x 12
0.4520  0 05 t 05    0.4521  0 07 t 08    0.3086  0 01 t 04    0.3088  0 04 t 06
0.4522  0 04 t 10    0.4524  0 04 t 12    0.3089  5 08 x 07    0.3095  5 08 x 07
0.4524  6 08 x 12    0.4524  5 08 x 05    0.3093  4 08 x 08    0.3101  4 08 x 08
0.4527  5 08 x 05    0.4526  0 04 x 05    0.3095  0 04 t 05    0.3104  0 04 t 05
0.4528  0 07 t 08    0.4527  5 08 x 04    0.3099  0 00 t 12    0.3104  0 00 t 08
0.4536  6 08 x 07    0.4533  6 08 x 07    0.3104  0 00 t 07    0.3104  0 00 t 10
0.4540  5 08 x 04    0.4536  0 04 t 10    0.3106  0 00 t 08    0.3107  5 08 x 04
0.4556  4 08 x 08    0.4552  4 08 x 08    0.3109  0 07 x 05    0.3108  0 07 x 05
0.4560  6 08 x 06    0.4559  6 08 x 06    0.3109  5 08 x 04    0.3108  0 00 t 07
0.4564  0 04 t 07    0.4562  0 04 t 07    0.3116  5 08 x 05    0.3119  0 00 t 12
0.4566  0 07 t 07    0.4564  0 07 t 06    0.3119  0 00 t 10    0.3121  5 08 x 05
0.4567  0 07 t 06    0.4566  0 07 t 10    0.3126  0 03 x 10    0.3130  4 08 x 10
0.4574  6 08 x 04    0.4566  0 04 t 06    0.3128  4 08 x 10    0.3131  0 03 x 07
0.4575  0 04 t 06    0.4569  0 07 t 12    0.3128  0 01 t 03    0.3131  0 03 x 10
0.4578  0 07 t 10    0.4571  6 08 x 04    0.3128  4 08 x 12    0.3132  0 03 x 08
0.4579  6 08 x 05    0.4574  0 01 t 04    0.3134  0 03 x 07    0.3132  0 03 x 12
0.4582  0 01 t 04    0.4577  6 08 x 05    0.3135  0 07 t 08    0.3135  0 01 t 03
0.4582  0 07 t 12    0.4577  0 07 t 07    0.3136  0 03 x 08    0.3136  0 07 t 08
0.4587  0 07 t 05    0.4579  4 08 x 10    0.3136  0 03 x 06    0.3138  4 08 x 12
0.4588  0 04 t 05    0.4583  0 04 t 05    0.3140  0 03 x 12    0.3139  0 01 x 03
0.4594  4 08 x 12    0.4591  4 08 x 12    0.3141  0 05 x 03    0.3142  0 03 x 06
0.4595  4 08 x 10    0.4596  0 07 t 05    0.3141  0 03 x 04    0.3145  0 03 x 05
0.4602  5 08 t 08    0.4601  5 08 t 08    0.3146  0 05 t 03    0.3146  0 05 t 03
0.4603  0 00 t 08    0.4611  0 00 t 08    0.3147  0 01 x 03    0.3149  6 08 x 08
0.4605  0 00 t 07    0.4612  0 00 t 12    0.3151  0 03 x 05    0.3150  0 03 x 04
0.4610  0 00 t 10    0.4623  0 00 t 10    0.3155  6 08 x 08    0.3150  4 08 x 07
0.4618  0 00 t 12    0.4628  0 00 t 07    0.3156  4 08 x 07    0.3153  0 05 x 03
0.4625  4 08 x 07    0.4635  4 08 x 07    0.3161  0 06 t 03    0.3163  0 07 t 07
0.4630  0 06 t 03    0.4641  0 06 t 03    0.3161  0 07 t 07    0.3163  0 06 x 03
0.4646  5 08 x 06    0.4643  0 03 x 10    0.3163  0 06 x 03    0.3166  0 07 t 06
0.4648  0 01 t 03    0.4647  0 01 t 03    0.3169  4 08 x 04    0.3170  0 06 t 03
0.4649  0 03 x 10    0.4654  4 08 x 04    0.3173  6 08 x 10    0.3173  0 07 t 10
0.4653  0 03 x 08    0.4655  0 06 x 03    0.3173  0 07 t 05    0.3177  4 08 x 04
0.4655  4 08 x 04    0.4660  5 08 t 04    0.3175  0 07 t 06    0.3177  0 00 t 06
0.4657  0 03 x 12    0.4665  0 03 x 08    0.3176  4 08 x 05    0.3178  5 08 t 08
0.4658  0 06 x 03    0.4665  0 03 x 06    0.3176  0 00 t 06    0.3179  0 07 t 05
0.4662  0 03 x 07    0.4666  6 08 t 08    0.3179  0 07 t 12    0.3179  6 08 x 10
0.4663  6 08 t 08    0.4666  0 03 x 07    0.3179  5 08 t 08    0.3179  6 08 x 12
0.4665  0 05 t 03    0.4667  0 03 x 12    0.3179  0 07 t 10    0.3181  4 08 x 05
0.4667  5 08 t 04    0.4671  0 01 x 03    0.3182  6 08 x 12    0.3189  0 00 t 04
0.4671  0 01 x 03    0.4673  5 08 t 06    0.3184  0 00 t 04    0.3197  0 07 t 12
0.4673  4 08 x 05    0.4674  0 03 x 05    0.3193  0 04 x 03    0.3197  0 00 t 03
0.4673  0 05 x 03    0.4674  4 08 x 05    0.3199  6 08 x 07    0.3200  0 04 x 03
0.4680  5 08 t 06    0.4674  5 08 x 06    0.3201  0 00 t 03    0.3201  0 04 t 03
0.4684  5 08 t 07    0.4675  0 05 x 03    0.3205  0 04 t 03    0.3201  6 08 x 07
0.4689  0 03 x 06    0.4681  0 03 x 04    0.3208  5 08 x 06    0.3211  5 08 x 06
0.4695  0 03 x 05    0.4683  0 05 t 03    0.3214  0 03 x 03    0.3214  0 03 x 03
0.4699  5 08 t 05    0.4686  5 08 t 05    0.3215  6 08 x 06    0.3215  6 08 x 06
0.4700  5 08 t 12    0.4690  5 08 t 07    0.3216  5 08 t 04    0.3218  0 00 x 03
0.4704  0 03 x 04    0.4695  5 08 t 10    0.3218  4 08 t 08    0.3221  5 08 t 07
0.4708  6 08 t 04    0.4701  5 08 t 12    0.3224  0 00 x 03    0.3221  5 08 t 04
0.4718  0 00 t 06    0.4707  6 08 t 04    0.3227  6 08 x 04    0.3223  6 08 x 04
0.4719  6 08 t 07    0.4718  0 00 t 04    0.3228  5 08 t 07    0.3225  5 08 t 06
0.4720  5 08 t 10    0.4725  4 08 t 08    0.3229  5 08 t 06    0.3227  4 08 t 08
0.4724  0 00 t 04    0.4729  6 08 t 06    0.3230  5 08 t 05    0.3230  5 08 t 05
0.4724  4 08 t 08    0.4730  0 00 t 06    0.3232  0 00 t 05    0.3233  0 00 t 05
0.4732  6 08 t 10    0.4736  0 07 t 03    0.3234  5 08 t 10    0.3237  5 08 t 10
0.4735  6 08 t 06    0.4737  6 08 t 05    0.3239  6 08 x 05    0.3240  6 08 x 05
0.4740  6 08 t 12    0.4737  0 00 t 03    0.3250  5 08 t 12    0.3252  4 08 t 04
0.4742  0 04 t 03    0.4740  6 08 t 07    0.3252  4 08 t 04    0.3264  5 08 t 12
0.4743  6 08 t 05    0.4741  0 07 x 03    0.3261  0 06 t 04    0.3280  3 08 x 08
0.4743  0 00 t 03    0.4744  6 08 t 10    0.3273  4 08 t 06    0.3280  4 08 x 06
0.4744  0 07 t 03    0.4752  0 04 t 03    0.3277  0 05 t 04    0.3281  4 08 t 06
0.4751  0 07 x 03    0.4758  0 04 x 03    0.3281  4 08 x 06    0.3283  4 08 t 07
0.4753  0 04 x 03    0.4763  6 08 t 12    0.3283  4 08 t 05    0.3283  4 08 t 05
0.4764  0 00 x 03    0.4763  0 00 x 03    0.3285  4 08 t 07    0.3284  4 08 t 12
0.4764  0 03 x 03    0.4773  0 03 x 03    0.3285  6 08 t 08    0.3286  6 08 t 08
0.4768  4 08 t 04    0.4781  4 08 t 04    0.3287  4 08 t 12    0.3288  0 07 t 03
0.4799  4 08 t 06    0.4803  4 08 t 06    0.3289  0 07 x 03    0.3289  0 06 t 04
0.4801  0 00 t 05    0.4804  0 00 t 05    0.3290  0 07 t 03    0.3290  0 07 x 03
0.4809  4 08 t 07    0.4811  4 08 x 06    0.3293  4 08 t 10    0.3293  4 08 t 10
0.4821  0 06 t 04    0.4812  0 06 t 04    0.3293  3 08 x 08    0.3296  0 05 t 04
0.4822  4 08 x 06    0.4823  4 08 t 07    0.3319  3 08 x 12    0.3320  6 08 t 10
0.4827  4 08 t 05    0.4826  4 08 t 05    0.3322  6 08 t 06    0.3321  3 08 x 12
0.4829  4 08 t 10    0.4827  4 08 t 12    0.3327  6 08 t 10    0.3322  6 08 t 07
0.4839  4 08 t 12    0.4828  4 08 t 10    0.3330  6 08 t 07    0.3323  3 08 x 10
0.4878  3 08 x 08    0.4879  3 08 x 08    0.3330  3 08 x 10    0.3328  6 08 t 06
0.4889  5 08 t 03    0.4884  5 08 t 03    0.3332  6 08 t 04    0.3329  6 08 t 04
0.4891  5 08 x 03    0.4890  5 08 x 03    0.3347  6 08 t 05    0.3336  6 08 t 05
0.4909  7 08 x 05    0.4898  0 07 t 04    0.3349  6 08 t 12    0.3348  3 08 t 04
0.4917  0 05 t 04    0.4907  7 08 x 05    0.3355  5 08 x 03    0.3354  3 08 x 04
0.4920  3 08 x 12    0.4914  3 08 x 12    0.3355  3 08 t 04    0.3362  5 08 x 03
0.4921  0 07 t 04    0.4927  7 08 x 04    0.3362  3 08 x 04    0.3366  5 08 t 03
0.4927  7 08 x 04    0.4928  0 05 t 04    0.3373  0 04 t 04    0.3376  3 08 x 07
0.4933  3 08 x 10    0.4943  6 08 t 03    0.3374  5 08 t 03    0.3382  0 07 t 04
0.4946  6 08 t 03    0.4948  3 08 x 10    0.3377  0 07 t 04    0.3387  3 08 x 05
0.4950  3 08 t 04    0.4952  3 08 t 04    0.3385  3 08 x 07    0.3390  0 04 t 04
0.4964  6 08 x 03    0.4955  6 08 x 03    0.3392  3 08 x 05    0.3407  3 08 t 08
0.5015  3 08 x 04    0.4997  3 08 x 04    0.3396  3 08 t 08    0.3411  4 08 x 03
0.5021  3 08 x 07    0.5009  3 08 x 07    0.3413  4 08 x 03    0.3413  6 08 t 12
0.5022  4 08 x 03    0.5018  4 08 x 03    0.3430  4 08 t 03    0.3428  4 08 t 03
0.5025  3 08 t 08    0.5021  0 04 t 04    0.3478  3 08 t 06    0.3478  3 08 t 10
0.5033  0 04 t 04    0.5032  4 08 t 03    0.3485  3 08 x 06    0.3481  3 08 t 12
0.5035  3 08 x 05    0.5036  3 08 t 08    0.3486  3 08 t 10    0.3482  3 08 x 06
0.5045  4 08 t 03    0.5038  3 08 x 05    0.3489  3 08 t 12    0.3485  3 08 t 06
0.5080  7 08 t 05    0.5063  7 08 t 05    0.3489  6 08 x 03    0.3493  6 08 x 03
0.5091  7 08 t 04    0.5075  7 08 t 04    0.3492  3 08 t 07    0.3496  3 08 t 07
0.5148  3 08 t 06    0.5149  3 08 t 06    0.3498  6 08 t 03    0.3497  3 08 t 05
0.5165  3 08 t 07    0.5153  3 08 t 10    0.3503  3 08 t 05    0.3501  6 08 t 03
0.5168  3 08 x 06    0.5159  3 08 x 06    0.3586  7 08 x 05    0.3600  7 08 x 04
0.5168  3 08 t 10    0.5171  3 08 t 07    0.3601  3 08 t 03    0.3600  7 08 x 05
0.5169  3 08 t 12    0.5174  3 08 t 12    0.3603  7 08 x 04    0.3607  3 08 x 03
0.5183  3 08 t 05    0.5187  3 08 t 05    0.3618  3 08 x 03    0.3612  3 08 t 03
0.5304  7 08 t 03    0.5305  7 08 t 03    0.3702  7 08 t 05    0.3695  7 08 t 05
0.5338  7 08 x 03    0.5322  7 08 x 03    0.3730  7 08 t 04    0.3704  7 08 t 04
0.5345  3 08 t 03    0.5359  3 08 t 03    0.3740  2 08 x 04    0.3734  2 08 x 04
0.5358  3 08 x 03    0.5378  3 08 x 03    0.3810  2 08 t 04    0.3814  2 08 t 04
0.5536  2 08 x 04    0.5535  2 08 x 04    0.3880  2 08 x 05    0.3875  2 08 x 05
0.5654  2 08 t 04    0.5663  2 08 t 04    0.3886  2 08 t 05    0.3884  7 08 x 03
0.5770  2 08 t 05    0.5754  2 08 t 05    0.3888  7 08 t 03    0.3888  7 08 t 03
0.5777  2 08 x 05    0.5773  2 08 x 05    0.3894  7 08 x 03    0.3891  2 08 t 05
0.6096  2 08 x 03    0.6113  2 08 x 03    0.4104  2 08 x 03    0.4095  2 08 x 03
0.6145  2 08 t 03    0.6150  2 08 t 03    0.4139  2 08 t 03    0.4139  2 08 t 03
0.6202  0 02 x 03    0.6151  0 02 x 03    0.4145  0 02 x 03    0.4168  0 02 x 03
0.6336  0 02 x 05    0.6251  0 02 x 04    0.4209  0 02 x 10    0.4236  0 02 x 04
0.6340  0 02 x 12    0.6282  0 02 x 06    0.4237  0 02 x 05    0.4239  0 02 x 05
0.6344  0 02 x 08    0.6317  0 02 x 05    0.4255  0 02 x 04    0.4264  0 02 x 08
0.6350  0 02 x 07    0.6322  0 02 x 08    0.4260  0 02 x 08    0.4266  0 02 x 07
0.6357  0 02 x 06    0.6335  0 02 x 12    0.4260  0 02 x 07    0.4269  0 02 x 10
0.6359  0 02 x 10    0.6339  0 02 x 10    0.4270  0 02 x 06    0.4274  0 02 x 12
0.6374  0 02 x 04    0.6345  0 02 x 07    0.4272  0 02 x 12    0.4286  0 02 x 06
0.7715  1 08 t 04    0.7694  1 08 x 04    0.5166  1 08 t 04    0.5167  1 08 t 04
0.7723  1 08 x 04    0.7695  1 08 t 04    0.5173  1 08 x 04    0.5181  1 08 x 04
0.7971  1 08 x 05    0.7985  1 08 x 05    0.5342  1 08 x 05    0.5339  1 08 t 05
0.8000  1 08 t 05    0.7988  1 08 t 05    0.5355  1 08 t 05    0.5339  1 08 x 05
0.8508  1 08 t 03    0.8508  1 08 t 03    0.5694  1 08 x 03    0.5693  1 08 x 03
0.8517  1 08 x 03    0.8530  1 08 x 03    0.5699  1 08 t 03    0.5712  1 08 t 03
---Benchmark Program Finished---