
./testbench.sh g++ O3 MontgomeryFull __uint128_t 191 8 40 -DTEST_ARRAY -DHURCHALLA_MONTGOMERY_TWO_POW_USE_CSELECT_ON_BIT -DHURCHALLA_ALLOW_INLINE_ASM_ALL

compilation finished, now executing:
---Running Program---

begin benchmarks - array two_pow
(ignore)332163741205411267698489818326060553048

OVERALL BEST:
1.1072  0 30 x 06
1.1075  0 32 t 06
1.1076  0 31 x 06
1.1076  0 32 x 06
1.1088  0 32 x 05
1.1088  0 31 x 05
1.1089  0 32 t 05
1.1101  0 30 x 05
1.1122  0 30 x 07
1.1129  0 31 x 08
1.1131  0 32 t 08
1.1132  0 32 x 08
1.1141  0 30 x 08
1.1155  0 32 x 07
1.1155  0 31 x 07
1.1156  0 32 t 07
1.1202  0 31 x 12
1.1204  0 32 t 12
1.1207  0 32 x 12
1.1211  0 30 x 12
1.1237  0 30 x 10
1.1252  0 32 x 10
1.1254  0 31 x 10
1.1255  0 32 t 10
1.1445  0 29 x 06
1.1448  0 28 x 05
1.1461  0 28 x 06
1.1472  0 29 x 05
1.1478  0 28 x 07
1.1508  0 29 x 07
1.1523  0 32 t 04
1.1524  0 31 x 04
1.1525  0 32 x 04
1.1544  0 30 x 04
1.1548  0 27 x 06
1.1556  0 28 x 12
1.1575  0 29 x 12
1.1586  0 27 x 07
1.1587  0 29 x 10
1.1596  0 27 x 05
1.1603  0 27 x 08
1.1615  0 28 x 10
1.1629  0 28 x 08
1.1647  0 29 x 08
1.1655  0 31 t 06
1.1683  0 27 x 10
1.1689  0 27 x 12
1.1781  0 31 t 07
1.1790  0 31 t 05
1.1792  0 30 t 05
1.1802  0 30 t 06
1.1837  0 31 t 08
1.1874  0 30 t 07
1.1879  0 29 x 04
1.1879  0 28 x 04
1.1903  0 31 t 10
1.1938  0 30 t 08
1.2020  0 31 t 04
1.2023  0 30 t 04
1.2043  0 30 t 10
1.2079  0 28 t 06
1.2081  0 27 x 04
1.2121  0 29 t 06
1.2128  0 28 t 05
1.2149  0 30 t 12
1.2155  0 29 t 05
1.2158  0 27 t 05
1.2209  0 06 x 08
1.2212  0 31 t 12
1.2224  0 29 t 07
1.2252  0 28 t 07
1.2267  0 27 t 06
1.2275  0 29 t 08
1.2276  0 28 t 04
1.2307  0 27 t 08
1.2308  0 05 x 08
1.2316  0 29 t 04
1.2321  0 28 t 08
1.2335  0 29 t 10
1.2335  0 27 t 07
1.2362  0 28 t 10
1.2365  0 06 x 06
1.2365  0 06 x 05
1.2368  0 01 x 05
1.2381  0 05 x 05
1.2382  0 06 x 07
1.2383  0 01 x 06
1.2403  0 06 x 12
1.2411  0 05 x 12
1.2422  0 01 x 10
1.2424  0 01 x 08
1.2426  0 01 x 12
1.2427  0 27 t 04
1.2429  0 05 x 07
1.2430  0 06 x 10
1.2439  0 05 x 10
1.2461  0 04 x 08
1.2461  0 01 x 07
1.2476  0 27 t 10
1.2509  0 28 t 12
1.2520  0 05 x 06
1.2546  0 04 x 05
1.2558  0 04 x 06
1.2564  0 29 t 12
1.2578  0 04 x 10
1.2611  0 04 x 12
1.2624  0 04 x 07
1.2667  0 00 x 06
1.2668  0 06 x 04
1.2671  0 05 x 04
1.2679  0 00 x 05
1.2722  0 07 x 08
1.2732  0 27 t 12
1.2753  0 07 x 05
1.2768  0 00 x 07
1.2780  0 00 x 08
1.2788  0 00 x 10
1.2793  0 01 x 04
1.2803  0 00 x 12
1.2805  0 07 x 06
1.2806  0 07 x 07
1.2809  0 06 t 08
1.2861  0 04 x 04
1.2874  0 05 t 08
1.2926  0 06 t 06
1.2932  0 06 t 05
1.2975  0 07 x 10
1.3011  0 05 t 05
1.3028  0 01 t 06
1.3030  0 07 x 12
1.3035  0 01 t 07
1.3035  0 04 t 08
1.3039  0 01 t 05
1.3040  0 05 t 07
1.3059  0 06 t 07
1.3086  0 05 t 04
1.3088  0 06 t 12
1.3096  0 00 x 04
1.3116  0 06 t 04
1.3122  0 05 t 06
1.3132  0 07 x 04
1.3135  0 01 t 04
1.3155  0 06 t 10
1.3174  0 01 t 08
1.3178  0 05 t 10
1.3188  0 04 t 06
1.3190  0 05 t 12
1.3197  0 04 t 05
1.3213  0 01 t 10
1.3235  0 04 t 07
1.3281  0 04 t 04
1.3311  0 07 t 08
1.3314  0 31 t 03
1.3354  0 01 t 12
1.3371  0 32 t 03
1.3373  0 32 x 03
1.3376  0 31 x 03
1.3389  0 04 t 10
1.3400  0 30 t 03
1.3401  0 00 t 05
1.3405  0 30 x 03
1.3421  0 07 t 07
1.3421  0 04 t 12
1.3423  0 07 t 05
1.3460  0 07 t 04
1.3461  0 00 t 06
1.3463  0 00 t 07
1.3470  5 08 x 05
1.3480  5 08 x 08
1.3485  0 00 t 04
1.3486  5 08 x 07
1.3488  0 00 t 10
1.3497  0 29 t 03
1.3500  5 08 x 06
1.3502  0 29 x 03
1.3511  5 08 x 12
1.3512  0 28 t 03
1.3515  0 00 t 08
1.3525  5 08 x 10
1.3541  0 07 t 06
1.3542  0 28 x 03
1.3685  0 00 t 12
1.3719  0 27 t 03
1.3792  0 27 x 03
1.3820  4 08 x 08
1.3829  0 07 t 10
1.3848  4 08 x 05
1.3867  4 08 x 06
1.3868  4 08 x 10
1.3872  4 08 x 12
1.3874  6 08 x 06
1.3881  4 08 x 07
1.3884  6 08 x 05
1.3892  5 08 x 04
1.3899  6 08 x 12
1.3908  6 08 x 08
1.3919  0 07 t 12
1.3925  6 08 x 07
1.3933  6 08 x 10
1.4176  5 08 t 05
1.4212  5 08 t 06
1.4236  4 08 x 04
1.4245  0 06 t 03
1.4262  0 01 t 03
1.4264  0 06 x 03
1.4278  6 08 x 04
1.4313  0 05 x 03
1.4340  5 08 t 10
1.4344  5 08 t 07
1.4349  5 08 t 04
1.4366  5 08 t 08
1.4400  0 01 x 03
1.4431  0 05 t 03
1.4440  0 04 t 03
1.4457  4 08 t 05
1.4519  6 08 t 05
1.4521  0 04 x 03
1.4536  0 03 x 05
1.4568  6 08 t 06
1.4569  0 00 t 03
1.4576  4 08 t 08
1.4585  0 03 x 04
1.4586  0 03 x 06
1.4592  5 08 t 12
1.4605  4 08 t 06
1.4613  6 08 t 07
1.4615  4 08 t 07
1.4640  4 08 t 10
1.4658  0 00 x 03
1.4664  6 08 t 04
1.4666  0 03 x 03
1.4672  4 08 t 04
1.4676  6 08 t 10
1.4690  6 08 t 08
1.4694  0 03 x 08
1.4698  0 03 x 10
1.4719  0 07 t 03
1.4731  0 07 x 03
1.4763  0 03 x 12
1.4797  4 08 t 12
1.4827  6 08 t 12
1.4885  3 08 x 12
1.4887  3 08 x 10
1.4891  3 08 x 05
1.4895  3 08 x 07
1.4897  3 08 x 08
1.4934  3 08 x 06
1.5259  3 08 x 04
1.5331  7 08 x 05
1.5510  3 08 t 05
1.5515  3 08 t 08
1.5616  5 08 t 03
1.5641  0 03 x 07
1.5682  5 08 x 03
1.5692  3 08 t 10
1.5709  3 08 t 04
1.5773  7 08 x 04
1.5788  3 08 t 12
1.5798  3 08 t 07
1.5914  7 08 t 05
1.5916  4 08 t 03
1.5951  3 08 t 06
1.5984  4 08 x 03
1.6093  6 08 x 03
1.6161  6 08 t 03
1.6264  7 08 t 04
1.7064  3 08 x 03
1.7183  3 08 t 03
1.7378  2 08 x 05
1.7692  7 08 t 03
1.7699  7 08 x 03
1.7732  2 08 x 04
1.7798  0 06 t 02
1.7828  0 05 t 02
1.7892  2 08 t 05
1.7939  0 01 t 02
1.7988  0 04 t 02
1.8002  0 28 t 02
1.8003  0 31 t 02
1.8059  0 30 t 02
1.8073  0 29 t 02
1.8208  0 07 t 02
1.8245  0 00 t 02
1.8309  0 27 t 02
1.8565  2 08 t 04
1.8916  0 06 x 02
1.8953  0 05 x 02
1.9068  0 01 x 02
1.9129  0 29 x 02
1.9132  0 04 x 02
1.9192  0 30 x 02
1.9194  0 28 x 02
1.9198  0 32 t 02
1.9202  0 31 x 02
1.9202  0 32 x 02
1.9334  0 07 x 02
1.9354  0 00 x 02
1.9389  0 27 x 02
1.9567  2 08 x 03
1.9754  0 03 x 02
2.0024  5 08 t 02
2.0169  4 08 t 02
2.0420  6 08 t 02
2.0657  2 08 t 03
2.0993  5 08 x 02
2.1334  4 08 x 02
2.1497  3 08 t 02
2.1533  6 08 x 02
2.1603  0 02 x 04
2.1658  0 02 x 05
2.1676  0 02 x 06
2.1849  0 02 x 03
2.1871  0 02 x 02
2.1889  0 02 x 08
2.2126  0 02 x 07
2.2187  0 02 x 12
2.2238  0 02 x 10
2.2442  3 08 x 02
2.2476  7 08 t 02
2.3554  7 08 x 02
2.4790  1 08 x 05
2.4808  1 08 t 05
2.4811  2 08 t 02
2.5205  1 08 x 04
2.5210  1 08 t 04
2.5367  2 08 x 02
2.7286  1 08 x 03
2.7287  1 08 t 03
3.0343  0 06 t 01
3.0501  0 07 t 01
3.0764  0 05 t 01
3.0789  0 01 t 01
3.1056  0 31 t 01
3.1160  0 04 t 01
3.1207  0 29 t 01
3.1249  0 30 t 01
3.1620  0 28 t 01
3.1661  0 00 t 01
3.2087  0 02 x 01
3.2435  0 27 t 01
3.2653  0 05 x 01
3.2679  0 07 x 01
3.2713  0 06 x 01
3.2957  0 30 x 01
3.3015  0 29 x 01
3.3035  0 28 x 01
3.3163  0 01 x 01
3.3176  0 31 x 01
3.3275  0 04 x 01
3.3634  1 08 t 02
3.3635  1 08 x 02
3.3686  0 00 x 01
3.3719  0 27 x 01
3.3964  0 32 x 01
3.3983  0 32 t 01
3.4331  5 08 t 01
3.4447  6 08 t 01
3.4813  4 08 t 01
3.6232  0 03 x 01
3.6232  5 08 x 01
3.6695  6 08 x 01
3.7329  4 08 x 01
3.7781  3 08 t 01
3.8106  7 08 t 01
3.9065  3 08 x 01
3.9449  7 08 x 01
4.3452  2 08 t 01
4.4061  2 08 x 01
6.0391  1 08 x 01
6.0469  1 08 t 01
Timings By Test Type:
0.3296  0 30 x 06    0.3295  0 30 x 06    0.2239  0 32 t 06    0.2240  0 32 t 06
0.3298  0 31 x 06    0.3297  0 31 x 06    0.2240  0 32 x 06    0.2240  0 32 x 06
0.3298  0 32 t 06    0.3298  0 32 t 06    0.2241  0 30 x 06    0.2240  0 31 x 06
0.3298  0 32 x 06    0.3298  0 32 x 06    0.2241  0 31 x 06    0.2241  0 30 x 06
0.3303  0 31 x 05    0.3302  0 31 x 05    0.2241  0 32 x 05    0.2241  0 32 t 05
0.3303  0 32 x 05    0.3302  0 30 x 05    0.2242  0 32 t 05    0.2241  0 32 x 05
0.3303  0 32 t 05    0.3303  0 32 t 05    0.2242  0 31 x 05    0.2242  0 31 x 05
0.3304  0 30 x 05    0.3303  0 32 x 05    0.2247  0 30 x 05    0.2247  0 30 x 05
0.3308  0 30 x 07    0.3307  0 30 x 07    0.2254  0 30 x 07    0.2253  0 30 x 07
0.3309  0 32 t 08    0.3310  0 31 x 08    0.2254  0 31 x 08    0.2255  0 31 x 08
0.3310  0 32 x 08    0.3311  0 32 t 08    0.2255  0 32 t 08    0.2255  0 32 t 08
0.3310  0 31 x 08    0.3311  0 32 x 08    0.2255  0 32 x 08    0.2255  0 32 x 08
0.3311  0 30 x 08    0.3311  0 30 x 08    0.2258  0 32 t 07    0.2258  0 31 x 07
0.3318  0 32 x 07    0.3319  0 31 x 07    0.2258  0 31 x 07    0.2259  0 32 x 07
0.3318  0 32 t 07    0.3319  0 32 t 07    0.2259  0 32 x 07    0.2259  0 32 t 07
0.3319  0 31 x 07    0.3320  0 32 x 07    0.2259  0 30 x 08    0.2260  0 30 x 08
0.3333  0 31 x 12    0.3333  0 31 x 12    0.2268  0 32 t 12    0.2268  0 31 x 12
0.3333  0 32 t 12    0.3334  0 32 t 12    0.2268  0 31 x 12    0.2268  0 32 t 12
0.3334  0 30 x 12    0.3335  0 32 x 12    0.2268  0 32 x 12    0.2269  0 32 x 12
0.3334  0 32 x 12    0.3335  0 30 x 12    0.2271  0 30 x 12    0.2271  0 30 x 12
0.3341  0 30 x 10    0.3342  0 30 x 10    0.2277  0 30 x 10    0.2277  0 31 x 10
0.3349  0 31 x 10    0.3345  0 32 x 10    0.2279  0 32 t 10    0.2278  0 30 x 10
0.3349  0 32 t 10    0.3348  0 32 t 10    0.2279  0 31 x 10    0.2278  0 32 x 10
0.3350  0 32 x 10    0.3349  0 31 x 10    0.2279  0 32 x 10    0.2279  0 32 t 10
0.3407  0 29 x 06    0.3407  0 29 x 06    0.2314  0 28 x 05    0.2313  0 28 x 05
0.3410  0 28 x 06    0.3410  0 28 x 05    0.2316  0 29 x 06    0.2316  0 29 x 06
0.3411  0 28 x 05    0.3411  0 28 x 06    0.2318  0 29 x 05    0.2318  0 29 x 05
0.3415  0 28 x 07    0.3415  0 28 x 07    0.2320  0 28 x 06    0.2320  0 28 x 06
0.3418  0 29 x 05    0.3417  0 29 x 05    0.2325  0 28 x 07    0.2324  0 28 x 07
0.3422  0 31 x 04    0.3424  0 29 x 07    0.2330  0 29 x 07    0.2331  0 29 x 07
0.3423  0 29 x 07    0.3425  0 31 x 04    0.2334  0 27 x 06    0.2334  0 27 x 06
0.3426  0 32 t 04    0.3426  0 30 x 04    0.2335  0 32 x 04    0.2335  0 32 t 04
0.3426  0 30 x 04    0.3426  0 32 t 04    0.2336  0 32 t 04    0.2335  0 32 x 04
0.3427  0 32 x 04    0.3427  0 32 x 04    0.2338  0 28 x 12    0.2337  0 28 x 12
0.3440  0 27 x 06    0.3439  0 28 x 12    0.2339  0 31 x 04    0.2339  0 31 x 04
0.3442  0 28 x 12    0.3440  0 27 x 06    0.2342  0 29 x 12    0.2342  0 29 x 12
0.3446  0 29 x 12    0.3445  0 29 x 12    0.2343  0 27 x 05    0.2342  0 27 x 05
0.3449  0 29 x 10    0.3448  0 29 x 10    0.2344  0 27 x 07    0.2343  0 27 x 07
0.3451  0 27 x 07    0.3449  0 27 x 07    0.2345  0 29 x 10    0.2345  0 29 x 10
0.3456  0 27 x 05    0.3453  0 27 x 08    0.2346  0 30 x 04    0.2345  0 30 x 04
0.3456  0 27 x 08    0.3455  0 27 x 05    0.2347  0 27 x 08    0.2347  0 27 x 08
0.3457  0 28 x 10    0.3456  0 28 x 10    0.2351  0 28 x 10    0.2352  0 28 x 10
0.3461  0 28 x 08    0.3460  0 28 x 08    0.2354  0 28 x 08    0.2354  0 28 x 08
0.3466  0 29 x 08    0.3467  0 29 x 08    0.2356  0 31 t 06    0.2357  0 31 t 06
0.3471  0 31 t 06    0.3471  0 31 t 06    0.2357  0 29 x 08    0.2357  0 29 x 08
0.3480  0 27 x 10    0.3477  0 27 x 10    0.2363  0 27 x 10    0.2364  0 27 x 10
0.3481  0 27 x 12    0.3481  0 27 x 12    0.2364  0 27 x 12    0.2364  0 27 x 12
0.3506  0 31 t 07    0.3506  0 31 t 07    0.2383  0 31 t 05    0.2383  0 31 t 05
0.3512  0 30 t 05    0.3511  0 30 t 05    0.2385  0 31 t 07    0.2384  0 31 t 07
0.3513  0 31 t 05    0.3511  0 31 t 05    0.2385  0 30 t 05    0.2385  0 30 t 05
0.3515  0 30 t 06    0.3516  0 30 t 06    0.2385  0 30 t 06    0.2386  0 30 t 06
0.3524  0 31 t 08    0.3524  0 31 t 08    0.2394  0 31 t 08    0.2395  0 31 t 08
0.3533  0 30 t 07    0.3533  0 30 t 07    0.2403  0 29 x 04    0.2403  0 29 x 04
0.3536  0 29 x 04    0.3534  0 28 x 04    0.2404  0 28 x 04    0.2403  0 30 t 07
0.3538  0 28 x 04    0.3537  0 29 x 04    0.2404  0 30 t 07    0.2404  0 28 x 04
0.3544  0 31 t 10    0.3544  0 31 t 10    0.2407  0 31 t 10    0.2407  0 31 t 10
0.3552  0 30 t 08    0.3552  0 30 t 08    0.2416  0 30 t 08    0.2418  0 30 t 08
0.3579  0 30 t 04    0.3578  0 31 t 04    0.2431  0 31 t 04    0.2432  0 31 t 04
0.3579  0 31 t 04    0.3578  0 30 t 04    0.2433  0 30 t 04    0.2433  0 30 t 04
0.3585  0 30 t 10    0.3585  0 30 t 10    0.2437  0 30 t 10    0.2436  0 30 t 10
0.3598  0 28 t 06    0.3597  0 28 t 06    0.2440  0 27 x 04    0.2441  0 27 x 04
0.3599  0 27 x 04    0.3600  0 27 x 04    0.2441  0 28 t 06    0.2442  0 28 t 06
0.3611  0 29 t 06    0.3610  0 29 t 06    0.2450  0 29 t 06    0.2450  0 29 t 06
0.3614  0 28 t 05    0.3613  0 28 t 05    0.2451  0 28 t 05    0.2450  0 28 t 05
0.3618  0 30 t 12    0.3617  0 30 t 12    0.2455  0 27 t 05    0.2455  0 29 t 05
0.3618  0 06 x 08    0.3619  0 06 x 08    0.2456  0 29 t 05    0.2455  0 27 t 05
0.3623  0 29 t 05    0.3622  0 29 t 05    0.2458  0 30 t 12    0.2457  0 30 t 12
0.3624  0 27 t 05    0.3623  0 27 t 05    0.2467  0 31 t 12    0.2468  0 31 t 12
0.3638  0 31 t 12    0.3638  0 31 t 12    0.2472  0 29 t 07    0.2473  0 29 t 07
0.3639  0 29 t 07    0.3639  0 29 t 07    0.2476  0 28 t 07    0.2476  0 28 t 07
0.3651  0 28 t 07    0.3649  0 28 t 07    0.2478  0 27 t 06    0.2477  0 27 t 06
0.3655  0 27 t 06    0.3655  0 29 t 08    0.2478  0 05 x 08    0.2479  0 05 x 08
0.3656  0 28 t 04    0.3656  0 27 t 06    0.2481  0 29 t 08    0.2482  0 28 t 04
0.3657  0 29 t 08    0.3657  0 28 t 04    0.2481  0 28 t 04    0.2482  0 29 t 08
0.3665  0 06 x 06    0.3665  0 06 x 06    0.2486  0 06 x 08    0.2486  0 06 x 08
0.3666  0 27 t 08    0.3667  0 06 x 05    0.2487  0 27 t 08    0.2487  0 27 t 08
0.3667  0 06 x 05    0.3667  0 27 t 08    0.2489  0 28 t 08    0.2490  0 28 t 08
0.3668  0 29 t 04    0.3668  0 29 t 04    0.2489  0 01 x 05    0.2490  0 05 x 05
0.3670  0 28 t 08    0.3672  0 28 t 08    0.2490  0 29 t 04    0.2490  0 29 t 04
0.3673  0 06 x 07    0.3672  0 06 x 07    0.2490  0 05 x 05    0.2492  0 01 x 05
0.3674  0 27 t 07    0.3674  0 29 t 10    0.2493  0 27 t 07    0.2493  0 27 t 07
0.3674  0 29 t 10    0.3676  0 27 t 07    0.2493  0 29 t 10    0.2494  0 29 t 10
0.3676  0 05 x 08    0.3676  0 05 x 08    0.2497  0 05 x 12    0.2497  0 05 x 12
0.3679  0 06 x 12    0.3680  0 06 x 12    0.2497  0 01 x 06    0.2497  0 01 x 06
0.3681  0 28 t 10    0.3682  0 28 t 10    0.2500  0 28 t 10    0.2499  0 28 t 10
0.3685  0 06 x 10    0.3684  0 06 x 10    0.2503  0 05 x 10    0.2504  0 05 x 07
0.3694  0 01 x 05    0.3693  0 01 x 05    0.2504  0 05 x 07    0.2504  0 05 x 10
0.3695  0 01 x 06    0.3694  0 01 x 06    0.2506  0 01 x 10    0.2505  0 01 x 10
0.3700  0 05 x 05    0.3700  0 05 x 05    0.2506  0 01 x 08    0.2506  0 01 x 08
0.3704  0 27 t 04    0.3705  0 27 t 04    0.2507  0 01 x 12    0.2507  0 01 x 12
0.3705  0 01 x 10    0.3706  0 01 x 08    0.2510  0 27 t 04    0.2508  0 27 t 04
0.3706  0 01 x 08    0.3706  0 01 x 12    0.2514  0 04 x 08    0.2515  0 04 x 08
0.3706  0 01 x 12    0.3706  0 01 x 10    0.2515  0 01 x 07    0.2515  0 01 x 07
0.3710  0 05 x 12    0.3709  0 05 x 12    0.2516  0 06 x 05    0.2515  0 06 x 05
0.3710  0 05 x 07    0.3711  0 05 x 07    0.2517  0 06 x 06    0.2517  0 06 x 06
0.3716  0 04 x 08    0.3715  0 01 x 07    0.2519  0 05 x 06    0.2518  0 06 x 07
0.3716  0 05 x 10    0.3716  0 05 x 10    0.2519  0 06 x 07    0.2519  0 05 x 06
0.3716  0 01 x 07    0.3716  0 04 x 08    0.2520  0 27 t 10    0.2520  0 27 t 10
0.3717  0 27 t 10    0.3719  0 27 t 10    0.2522  0 06 x 12    0.2522  0 06 x 12
0.3727  0 28 t 12    0.3728  0 28 t 12    0.2527  0 28 t 12    0.2527  0 28 t 12
0.3741  0 05 x 06    0.3741  0 04 x 05    0.2530  0 04 x 05    0.2530  0 06 x 10
0.3743  0 04 x 05    0.3741  0 05 x 06    0.2530  0 06 x 10    0.2532  0 04 x 06
0.3744  0 29 t 12    0.3745  0 29 t 12    0.2533  0 04 x 06    0.2532  0 04 x 05
0.3746  0 04 x 06    0.3747  0 04 x 06    0.2537  0 04 x 10    0.2537  0 04 x 10
0.3751  0 04 x 10    0.3753  0 04 x 10    0.2538  0 29 t 12    0.2538  0 29 t 12
0.3754  0 07 x 08    0.3754  0 07 x 08    0.2544  0 04 x 12    0.2545  0 04 x 12
0.3760  0 07 x 05    0.3760  0 04 x 12    0.2547  0 04 x 07    0.2547  0 04 x 07
0.3762  0 04 x 12    0.3760  0 07 x 05    0.2552  0 05 x 04    0.2551  0 05 x 04
0.3764  0 06 x 04    0.3763  0 06 x 04    0.2555  0 00 x 06    0.2555  0 00 x 05
0.3766  0 04 x 07    0.3765  0 04 x 07    0.2556  0 00 x 05    0.2555  0 00 x 06
0.3776  0 07 x 06    0.3777  0 07 x 06    0.2571  0 06 x 04    0.2570  0 06 x 04
0.3779  0 00 x 06    0.3777  0 00 x 06    0.2571  0 27 t 12    0.2571  0 27 t 12
0.3781  0 07 x 07    0.3781  0 07 x 07    0.2576  0 00 x 07    0.2577  0 01 x 04
0.3784  0 05 x 04    0.3782  0 00 x 05    0.2578  0 01 x 04    0.2577  0 00 x 07
0.3785  0 00 x 05    0.3784  0 05 x 04    0.2578  0 00 x 08    0.2579  0 00 x 08
0.3795  0 27 t 12    0.3795  0 27 t 12    0.2579  0 00 x 10    0.2580  0 00 x 10
0.3804  0 06 t 08    0.3803  0 06 t 08    0.2581  0 00 x 12    0.2582  0 00 x 12
0.3809  0 00 x 07    0.3807  0 00 x 07    0.2588  0 05 t 08    0.2588  0 05 t 08
0.3810  0 00 x 08    0.3812  0 00 x 08    0.2591  0 04 x 04    0.2591  0 04 x 04
0.3816  0 00 x 10    0.3813  0 00 x 10    0.2601  0 06 t 08    0.2601  0 06 t 08
0.3819  0 01 x 04    0.3819  0 00 x 12    0.2607  0 07 x 08    0.2606  0 07 x 08
0.3820  0 00 x 12    0.3820  0 01 x 04    0.2613  0 05 t 05    0.2613  0 05 t 05
0.3825  0 07 x 10    0.3826  0 07 x 10    0.2617  0 07 x 05    0.2616  0 07 x 05
0.3832  0 07 x 12    0.3833  0 07 x 12    0.2619  0 05 t 07    0.2620  0 05 t 07
0.3840  0 04 x 04    0.3840  0 04 x 04    0.2621  0 04 t 08    0.2620  0 04 t 08
0.3841  0 06 t 06    0.3841  0 06 t 06    0.2622  0 06 t 05    0.2621  0 06 t 06
0.3845  0 06 t 05    0.3844  0 06 t 05    0.2622  0 06 t 06    0.2621  0 06 t 05
0.3849  0 05 t 08    0.3849  0 05 t 08    0.2622  0 07 x 07    0.2622  0 07 x 07
0.3873  0 07 x 04    0.3875  0 07 x 04    0.2622  0 01 t 06    0.2624  0 01 t 06
0.3880  0 06 t 07    0.3880  0 06 t 07    0.2626  0 07 x 06    0.2626  0 07 x 06
0.3887  0 01 t 07    0.3888  0 06 t 12    0.2627  0 01 t 05    0.2627  0 01 t 05
0.3890  0 06 t 12    0.3889  0 01 t 07    0.2630  0 01 t 07    0.2629  0 01 t 07
0.3891  0 01 t 06    0.3891  0 01 t 06    0.2632  0 05 t 04    0.2633  0 05 t 04
0.3893  0 01 t 05    0.3891  0 05 t 05    0.2634  0 05 t 06    0.2635  0 05 t 06
0.3893  0 05 t 05    0.3892  0 01 t 05    0.2640  0 00 x 04    0.2639  0 00 x 04
0.3897  0 04 t 08    0.3897  0 04 t 08    0.2644  0 05 t 12    0.2643  0 05 t 12
0.3898  0 06 t 04    0.3898  0 06 t 04    0.2645  0 05 t 10    0.2645  0 05 t 10
0.3901  0 05 t 07    0.3900  0 05 t 07    0.2648  0 01 t 04    0.2649  0 01 t 04
0.3909  0 00 x 04    0.3907  0 00 x 04    0.2649  0 06 t 07    0.2650  0 06 t 07
0.3910  0 06 t 10    0.3909  0 06 t 10    0.2650  0 01 t 08    0.2651  0 01 t 08
0.3910  0 05 t 04    0.3910  0 05 t 04    0.2655  0 06 t 12    0.2656  0 04 t 06
0.3919  0 01 t 04    0.3919  0 01 t 04    0.2657  0 04 t 06    0.2656  0 06 t 12
0.3927  0 05 t 06    0.3926  0 05 t 06    0.2659  0 04 t 05    0.2657  0 04 t 05
0.3928  0 07 t 08    0.3929  0 07 t 08    0.2661  0 06 t 04    0.2660  0 06 t 04
0.3937  0 01 t 08    0.3937  0 01 t 08    0.2663  0 07 x 10    0.2662  0 07 x 10
0.3938  0 04 t 06    0.3938  0 04 t 06    0.2664  0 01 t 10    0.2665  0 01 t 10
0.3940  0 01 t 10    0.3940  0 04 t 05    0.2666  0 31 t 03    0.2666  0 31 t 03
0.3941  0 04 t 05    0.3943  0 01 t 10    0.2668  0 06 t 10    0.2668  0 06 t 10
0.3944  0 05 t 10    0.3944  0 05 t 10    0.2669  0 04 t 07    0.2668  0 04 t 07
0.3950  0 04 t 07    0.3948  0 04 t 07    0.2670  0 32 t 03    0.2669  0 32 t 03
0.3952  0 05 t 12    0.3951  0 05 t 12    0.2671  0 32 x 03    0.2670  0 32 x 03
0.3963  0 04 t 04    0.3964  0 07 t 05    0.2671  0 31 x 03    0.2671  0 31 x 03
0.3963  0 07 t 07    0.3964  0 04 t 04    0.2677  0 04 t 04    0.2676  0 30 x 03
0.3964  0 07 t 05    0.3966  0 07 t 07    0.2677  0 30 x 03    0.2677  0 04 t 04
0.3974  0 07 t 04    0.3974  0 07 t 04    0.2679  0 30 t 03    0.2679  0 30 t 03
0.3980  5 08 x 08    0.3980  5 08 x 08    0.2681  0 07 x 12    0.2683  0 07 x 12
0.3981  5 08 x 05    0.3980  5 08 x 05    0.2688  0 01 t 12    0.2688  0 01 t 12
0.3982  5 08 x 07    0.3982  5 08 x 07    0.2693  0 07 x 04    0.2692  0 07 x 04
0.3987  5 08 x 12    0.3987  5 08 x 12    0.2695  0 04 t 10    0.2696  0 04 t 10
0.3987  5 08 x 06    0.3988  5 08 x 06    0.2697  0 29 x 03    0.2698  0 29 x 03
0.3989  0 01 t 12    0.3988  0 01 t 12    0.2701  0 00 t 05    0.2701  0 00 t 05
0.3991  0 31 t 03    0.3991  5 08 x 10    0.2702  0 04 t 12    0.2703  0 04 t 12
0.3994  5 08 x 10    0.3992  0 31 t 03    0.2703  0 29 t 03    0.2704  0 29 t 03
0.3998  0 07 t 06    0.3998  0 07 t 06    0.2706  0 28 x 03    0.2706  0 28 x 03
0.3999  0 04 t 10    0.3999  0 04 t 10    0.2707  0 28 t 03    0.2707  0 28 t 03
0.4000  0 00 t 05    0.3999  0 00 t 05    0.2713  0 00 t 06    0.2713  0 00 t 06
0.4007  0 04 t 12    0.4009  0 04 t 12    0.2715  0 00 t 07    0.2714  0 00 t 07
0.4016  0 32 x 03    0.4016  0 32 t 03    0.2718  0 00 t 10    0.2718  0 00 t 04
0.4017  0 32 t 03    0.4016  0 00 t 07    0.2718  0 00 t 04    0.2720  0 00 t 10
0.4017  0 31 x 03    0.4016  0 32 x 03    0.2724  0 00 t 08    0.2725  0 00 t 08
0.4018  0 00 t 07    0.4017  0 31 x 03    0.2727  0 07 t 08    0.2727  0 07 t 08
0.4018  0 00 t 06    0.4018  0 00 t 06    0.2746  0 07 t 07    0.2746  0 07 t 07
0.4022  0 30 t 03    0.4020  0 30 t 03    0.2748  0 27 t 03    0.2747  0 27 t 03
0.4025  0 00 t 04    0.4023  0 00 t 04    0.2749  0 07 t 05    0.2747  0 07 t 05
0.4025  0 00 t 10    0.4024  0 00 t 10    0.2753  0 27 x 03    0.2753  0 27 x 03
0.4026  0 30 x 03    0.4026  0 30 x 03    0.2755  5 08 x 05    0.2754  5 08 x 05
0.4033  0 00 t 08    0.4034  0 00 t 08    0.2756  0 00 t 12    0.2756  0 07 t 04
0.4045  0 29 t 03    0.4044  0 29 t 03    0.2756  0 07 t 04    0.2757  0 00 t 12
0.4048  0 28 t 03    0.4050  0 28 t 03    0.2759  5 08 x 08    0.2761  5 08 x 08
0.4053  0 29 x 03    0.4054  0 29 x 03    0.2762  5 08 x 07    0.2761  5 08 x 07
0.4053  6 08 x 06    0.4054  6 08 x 06    0.2763  5 08 x 06    0.2762  5 08 x 06
0.4058  6 08 x 05    0.4060  6 08 x 05    0.2768  5 08 x 12    0.2768  5 08 x 12
0.4064  6 08 x 12    0.4064  0 28 x 03    0.2770  5 08 x 10    0.2770  5 08 x 10
0.4065  0 28 x 03    0.4065  6 08 x 08    0.2773  0 07 t 06    0.2773  0 07 t 06
0.4066  6 08 x 08    0.4066  6 08 x 12    0.2808  4 08 x 08    0.2810  4 08 x 08
0.4070  6 08 x 07    0.4070  6 08 x 07    0.2811  4 08 x 05    0.2810  4 08 x 05
0.4073  6 08 x 10    0.4074  6 08 x 10    0.2815  4 08 x 06    0.2816  4 08 x 06
0.4079  0 07 t 10    0.4076  0 07 t 10    0.2819  4 08 x 10    0.2819  4 08 x 10
0.4086  0 00 t 12    0.4086  0 00 t 12    0.2820  4 08 x 12    0.2819  4 08 x 12
0.4099  0 07 t 12    0.4100  4 08 x 08    0.2821  4 08 x 07    0.2821  4 08 x 07
0.4102  4 08 x 08    0.4101  0 07 t 12    0.2837  0 07 t 10    0.2838  0 07 t 10
0.4107  5 08 x 04    0.4106  5 08 x 04    0.2839  5 08 x 04    0.2839  5 08 x 04
0.4113  0 27 t 03    0.4111  0 27 t 03    0.2846  0 01 t 03    0.2844  0 01 t 03
0.4113  4 08 x 05    0.4114  4 08 x 05    0.2851  0 05 x 03    0.2850  0 05 x 03
0.4114  4 08 x 10    0.4117  4 08 x 10    0.2860  0 07 t 12    0.2859  0 07 t 12
0.4116  4 08 x 12    0.4117  4 08 x 12    0.2862  0 06 t 03    0.2860  0 06 t 03
0.4119  4 08 x 06    0.4118  4 08 x 06    0.2865  0 06 x 03    0.2864  0 06 x 03
0.4121  4 08 x 07    0.4119  4 08 x 07    0.2870  0 01 x 03    0.2868  0 01 x 03
0.4143  0 27 x 03    0.4142  0 27 x 03    0.2874  0 04 t 03    0.2874  0 04 t 03
0.4176  6 08 x 04    0.4175  6 08 x 04    0.2877  0 05 t 03    0.2877  0 05 t 03
0.4187  5 08 t 05    0.4187  5 08 t 05    0.2883  6 08 x 06    0.2883  6 08 x 05
0.4196  5 08 t 06    0.4196  5 08 t 06    0.2884  6 08 x 05    0.2884  6 08 x 06
0.4231  4 08 x 04    0.4230  4 08 x 04    0.2884  6 08 x 12    0.2884  6 08 x 12
0.4234  5 08 t 10    0.4233  5 08 t 07    0.2888  4 08 x 04    0.2888  4 08 x 04
0.4236  5 08 t 07    0.4233  5 08 t 10    0.2888  6 08 x 08    0.2889  6 08 x 08
0.4239  5 08 t 08    0.4238  5 08 t 04    0.2892  6 08 x 07    0.2892  6 08 x 07
0.4239  5 08 t 04    0.4243  5 08 t 08    0.2893  6 08 x 10    0.2893  6 08 x 10
0.4248  6 08 t 05    0.4245  6 08 t 05    0.2895  0 04 x 03    0.2895  0 04 x 03
0.4262  6 08 t 06    0.4261  0 06 t 03    0.2901  5 08 t 05    0.2901  5 08 t 05
0.4262  0 06 t 03    0.4261  6 08 t 06    0.2909  0 00 t 03    0.2910  5 08 t 06
0.4267  0 06 x 03    0.4267  0 06 x 03    0.2910  5 08 t 06    0.2910  0 00 t 03
0.4274  6 08 t 07    0.4277  6 08 t 07    0.2922  0 00 x 03    0.2922  0 00 x 03
0.4287  6 08 t 04    0.4286  0 01 t 03    0.2924  0 03 x 05    0.2924  0 03 x 05
0.4287  0 01 t 03    0.4288  6 08 t 04    0.2929  0 03 x 03    0.2929  0 03 x 03
0.4296  6 08 t 10    0.4295  4 08 t 05    0.2933  4 08 t 05    0.2932  4 08 t 05
0.4297  4 08 t 05    0.4297  6 08 t 10    0.2935  0 03 x 04    0.2934  0 03 x 04
0.4299  6 08 t 08    0.4300  6 08 t 08    0.2936  5 08 t 04    0.2936  5 08 t 10
0.4305  0 05 x 03    0.4306  0 05 x 03    0.2937  5 08 t 10    0.2936  5 08 t 04
0.4310  5 08 t 12    0.4310  5 08 t 12    0.2937  5 08 t 07    0.2938  0 03 x 06
0.4327  4 08 t 08    0.4327  4 08 t 08    0.2938  0 03 x 06    0.2938  5 08 t 07
0.4332  0 01 x 03    0.4331  0 01 x 03    0.2943  5 08 t 08    0.2940  5 08 t 08
0.4336  4 08 t 06    0.4336  4 08 t 06    0.2961  4 08 t 08    0.2961  4 08 t 08
0.4338  4 08 t 07    0.4337  4 08 t 07    0.2962  0 03 x 10    0.2961  0 03 x 08
0.4339  0 05 t 03    0.4338  0 05 t 03    0.2963  0 03 x 08    0.2963  0 03 x 10
0.4344  6 08 t 12    0.4343  4 08 t 10    0.2963  6 08 x 04    0.2964  6 08 x 04
0.4344  0 03 x 05    0.4344  0 03 x 05    0.2966  4 08 t 06    0.2966  4 08 t 06
0.4346  4 08 t 10    0.4345  6 08 t 12    0.2971  4 08 t 07    0.2970  4 08 t 07
0.4346  0 04 t 03    0.4346  0 04 t 03    0.2975  0 03 x 12    0.2974  4 08 t 10
0.4355  0 03 x 06    0.4355  0 03 x 06    0.2976  4 08 t 10    0.2976  0 03 x 12
0.4358  0 03 x 04    0.4358  0 03 x 04    0.2977  4 08 t 04    0.2977  4 08 t 04
0.4359  4 08 t 04    0.4359  4 08 t 04    0.2982  0 07 x 03    0.2981  0 07 x 03
0.4365  0 04 x 03    0.4366  0 04 x 03    0.2986  0 07 t 03    0.2985  0 07 t 03
0.4373  0 07 t 03    0.4374  0 00 t 03    0.2986  5 08 t 12    0.2986  5 08 t 12
0.4376  0 00 t 03    0.4375  0 07 t 03    0.3003  3 08 x 05    0.3004  3 08 x 10
0.4384  0 07 x 03    0.4384  0 07 x 03    0.3004  3 08 x 10    0.3004  3 08 x 05
0.4385  0 03 x 08    0.4384  0 03 x 08    0.3005  3 08 x 12    0.3005  3 08 x 07
0.4387  0 03 x 10    0.4386  0 03 x 10    0.3005  3 08 x 07    0.3005  3 08 x 12
0.4390  4 08 t 12    0.4392  4 08 t 12    0.3005  3 08 x 08    0.3006  3 08 x 08
0.4404  0 03 x 03    0.4403  7 08 x 05    0.3009  4 08 t 12    0.3007  4 08 t 12
0.4405  7 08 x 05    0.4404  0 03 x 03    0.3013  3 08 x 06    0.3013  6 08 t 05
0.4406  0 03 x 12    0.4405  0 03 x 12    0.3013  6 08 t 05    0.3013  3 08 x 06
0.4408  0 00 x 03    0.4406  0 00 x 03    0.3023  6 08 t 06    0.3023  6 08 t 06
0.4438  3 08 x 12    0.4437  3 08 x 12    0.3031  6 08 t 07    0.3030  6 08 t 07
0.4441  3 08 x 10    0.4439  3 08 x 10    0.3041  6 08 t 10    0.3042  6 08 t 10
0.4442  3 08 x 07    0.4441  3 08 x 05    0.3045  6 08 t 04    0.3045  6 08 t 04
0.4442  3 08 x 05    0.4443  3 08 x 08    0.3046  6 08 t 08    0.3045  6 08 t 08
0.4443  3 08 x 08    0.4443  3 08 x 07    0.3069  6 08 t 12    0.3069  6 08 t 12
0.4454  3 08 x 06    0.4454  3 08 x 06    0.3077  3 08 x 04    0.3077  3 08 x 04
0.4531  7 08 x 04    0.4531  7 08 x 04    0.3127  3 08 t 05    0.3126  3 08 t 05
0.4554  3 08 x 04    0.4551  3 08 x 04    0.3130  3 08 t 08    0.3130  3 08 t 08
0.4578  7 08 t 05    0.4578  7 08 t 05    0.3151  0 03 x 07    0.3151  0 03 x 07
0.4615  5 08 t 03    0.4615  5 08 t 03    0.3165  3 08 t 10    0.3167  3 08 t 10
0.4629  3 08 t 05    0.4627  3 08 t 08    0.3169  3 08 t 04    0.3169  3 08 t 04
0.4629  3 08 t 08    0.4628  3 08 t 05    0.3183  3 08 t 12    0.3185  3 08 t 12
0.4640  5 08 x 03    0.4642  5 08 x 03    0.3185  3 08 t 07    0.3185  3 08 t 07
0.4669  0 03 x 07    0.4670  0 03 x 07    0.3193  5 08 t 03    0.3192  5 08 t 03
0.4676  7 08 t 04    0.4676  7 08 t 04    0.3200  5 08 x 03    0.3201  5 08 x 03
0.4681  3 08 t 10    0.4680  3 08 t 10    0.3218  3 08 t 06    0.3217  3 08 t 06
0.4686  3 08 t 04    0.4685  3 08 t 04    0.3225  4 08 t 03    0.3224  4 08 t 03
0.4710  3 08 t 12    0.4711  3 08 t 12    0.3236  4 08 x 03    0.3235  4 08 x 03
0.4714  3 08 t 07    0.4714  3 08 t 07    0.3262  7 08 x 05    0.3261  7 08 x 05
0.4719  6 08 x 03    0.4718  6 08 x 03    0.3328  6 08 x 03    0.3328  6 08 x 03
0.4733  6 08 t 03    0.4734  4 08 t 03    0.3347  6 08 t 03    0.3346  6 08 t 03
0.4734  4 08 t 03    0.4735  6 08 t 03    0.3356  7 08 x 04    0.3356  7 08 x 04
0.4756  4 08 x 03    0.4756  4 08 x 03    0.3379  7 08 t 05    0.3378  7 08 t 05
0.4758  3 08 t 06    0.4758  3 08 t 06    0.3439  3 08 x 03    0.3436  3 08 x 03
0.5095  3 08 x 03    0.5094  3 08 x 03    0.3456  7 08 t 04    0.3455  7 08 t 04
0.5099  7 08 t 03    0.5096  7 08 t 03    0.3465  3 08 t 03    0.3465  3 08 t 03
0.5101  7 08 x 03    0.5100  7 08 x 03    0.3497  2 08 x 05    0.3496  2 08 x 05
0.5126  3 08 t 03    0.5126  3 08 t 03    0.3539  0 05 t 02    0.3539  0 05 t 02
0.5193  2 08 x 05    0.5192  2 08 x 05    0.3547  0 06 t 02    0.3547  0 06 t 02
0.5299  2 08 x 04    0.5297  2 08 x 04    0.3557  0 01 t 02    0.3557  0 01 t 02
0.5343  2 08 t 05    0.5342  2 08 t 05    0.3568  0 04 t 02    0.3567  2 08 x 04
0.5353  0 06 t 02    0.5353  0 06 t 02    0.3569  2 08 x 04    0.3569  0 04 t 02
0.5375  0 05 t 02    0.5375  0 05 t 02    0.3575  0 31 t 02    0.3576  0 31 t 02
0.5413  0 01 t 02    0.5413  0 01 t 02    0.3580  0 28 t 02    0.3580  0 28 t 02
0.5420  0 28 t 02    0.5423  0 28 t 02    0.3587  0 30 t 02    0.3587  0 30 t 02
0.5425  0 04 t 02    0.5426  0 04 t 02    0.3590  0 29 t 02    0.3592  0 29 t 02
0.5426  0 31 t 02    0.5426  0 31 t 02    0.3604  2 08 t 05    0.3603  2 08 t 05
0.5442  0 30 t 02    0.5443  0 30 t 02    0.3627  0 00 t 02    0.3627  0 00 t 02
0.5446  0 29 t 02    0.5446  0 29 t 02    0.3635  0 27 t 02    0.3635  0 27 t 02
0.5452  0 07 t 02    0.5451  0 07 t 02    0.3652  0 07 t 02    0.3653  0 07 t 02
0.5496  0 00 t 02    0.5495  0 00 t 02    0.3737  2 08 t 04    0.3737  2 08 t 04
0.5520  0 27 t 02    0.5519  0 27 t 02    0.3748  7 08 t 03    0.3749  7 08 x 03
0.5545  2 08 t 04    0.5546  2 08 t 04    0.3749  7 08 x 03    0.3749  7 08 t 03
0.5694  0 06 x 02    0.5695  0 06 x 02    0.3756  0 05 x 02    0.3755  0 05 x 02
0.5721  0 05 x 02    0.5721  0 05 x 02    0.3764  0 06 x 02    0.3764  0 06 x 02
0.5760  0 01 x 02    0.5757  0 01 x 02    0.3774  0 01 x 02    0.3777  0 01 x 02
0.5768  0 29 x 02    0.5770  0 29 x 02    0.3791  0 04 x 02    0.3791  0 04 x 02
0.5775  0 04 x 02    0.5775  0 04 x 02    0.3796  0 29 x 02    0.3795  0 29 x 02
0.5783  0 28 x 02    0.5785  0 28 x 02    0.3809  0 30 x 02    0.3808  0 30 x 02
0.5787  0 30 x 02    0.5788  0 32 t 02    0.3810  0 32 x 02    0.3810  0 31 x 02
0.5788  0 32 t 02    0.5788  0 30 x 02    0.3810  0 32 t 02    0.3811  0 32 x 02
0.5791  0 31 x 02    0.5789  0 31 x 02    0.3810  0 31 x 02    0.3811  0 32 t 02
0.5792  0 32 x 02    0.5790  0 32 x 02    0.3813  0 28 x 02    0.3813  0 28 x 02
0.5800  0 07 x 02    0.5799  0 07 x 02    0.3842  0 00 x 02    0.3841  0 00 x 02
0.5835  0 00 x 02    0.5836  0 00 x 02    0.3849  0 27 x 02    0.3849  0 27 x 02
0.5845  0 27 x 02    0.5846  0 27 x 02    0.3867  0 07 x 02    0.3868  0 07 x 02
0.5851  2 08 x 03    0.5853  2 08 x 03    0.3918  0 03 x 02    0.3919  0 03 x 02
0.5959  0 03 x 02    0.5957  0 03 x 02    0.3930  2 08 x 03    0.3932  2 08 x 03
0.5985  5 08 t 02    0.5985  5 08 t 02    0.4027  5 08 t 02    0.4027  5 08 t 02
0.6047  6 08 t 02    0.6046  6 08 t 02    0.4030  4 08 t 02    0.4031  4 08 t 02
0.6054  4 08 t 02    0.6055  4 08 t 02    0.4152  2 08 t 03    0.4151  2 08 t 03
0.6177  2 08 t 03    0.6177  2 08 t 03    0.4164  6 08 t 02    0.4163  6 08 t 02
0.6285  5 08 x 02    0.6284  5 08 x 02    0.4212  5 08 x 02    0.4212  5 08 x 02
0.6394  6 08 x 02    0.6391  6 08 x 02    0.4254  4 08 x 02    0.4254  4 08 x 02
0.6412  4 08 x 02    0.6413  4 08 x 02    0.4276  3 08 t 02    0.4276  3 08 t 02
0.6452  0 02 x 04    0.6460  0 02 x 05    0.4343  0 02 x 04    0.4347  0 02 x 04
0.6465  0 02 x 06    0.6461  0 02 x 04    0.4358  0 02 x 02    0.4358  0 02 x 05
0.6473  3 08 t 02    0.6470  0 02 x 06    0.4365  0 02 x 05    0.4359  0 02 x 02
0.6476  0 02 x 05    0.6472  3 08 t 02    0.4367  0 02 x 06    0.4374  0 02 x 06
0.6510  7 08 t 02    0.6510  7 08 t 02    0.4375  6 08 x 02    0.4374  6 08 x 02
0.6532  0 02 x 08    0.6528  0 02 x 08    0.4387  0 02 x 03    0.4388  0 02 x 03
0.6537  0 02 x 03    0.6537  0 02 x 03    0.4411  0 02 x 08    0.4417  0 02 x 08
0.6577  0 02 x 02    0.6576  0 02 x 02    0.4454  0 02 x 07    0.4447  0 02 x 07
0.6610  0 02 x 07    0.6615  0 02 x 07    0.4463  0 02 x 12    0.4463  0 02 x 12
0.6630  0 02 x 12    0.6632  0 02 x 12    0.4467  3 08 x 02    0.4470  3 08 x 02
0.6648  0 02 x 10    0.6644  0 02 x 10    0.4473  0 02 x 10    0.4473  0 02 x 10
0.6753  3 08 x 02    0.6752  3 08 x 02    0.4728  7 08 t 02    0.4728  7 08 t 02
0.6841  7 08 x 02    0.6841  7 08 x 02    0.4935  7 08 x 02    0.4937  7 08 x 02
0.7419  1 08 x 05    0.7418  1 08 x 05    0.4976  2 08 t 02    0.4975  1 08 x 05
0.7428  1 08 t 05    0.7422  1 08 t 05    0.4978  1 08 x 05    0.4977  2 08 t 02
0.7429  2 08 t 02    0.7430  2 08 t 02    0.4979  1 08 t 05    0.4979  1 08 t 05
0.7547  1 08 t 04    0.7543  1 08 x 04    0.5056  1 08 t 04    0.5056  1 08 x 04
0.7549  1 08 x 04    0.7548  1 08 t 04    0.5057  1 08 x 04    0.5059  1 08 t 04
0.7602  2 08 x 02    0.7599  2 08 x 02    0.5084  2 08 x 02    0.5082  2 08 x 02
0.8175  1 08 x 03    0.8173  1 08 t 03    0.5468  1 08 x 03    0.5468  1 08 x 03
0.8175  1 08 t 03    0.8174  1 08 x 03    0.5469  1 08 t 03    0.5469  1 08 t 03
0.9174  0 06 t 01    0.9123  0 06 t 01    0.6021  0 06 t 01    0.6016  0 01 t 01
0.9206  0 07 t 01    0.9177  0 07 t 01    0.6059  0 07 t 01    0.6024  0 06 t 01
0.9302  0 05 t 01    0.9249  0 01 t 01    0.6080  0 05 t 01    0.6060  0 07 t 01
0.9412  0 01 t 01    0.9299  0 05 t 01    0.6112  0 01 t 01    0.6082  0 05 t 01
0.9419  0 31 t 01    0.9388  0 29 t 01    0.6125  0 31 t 01    0.6102  0 31 t 01
0.9446  0 04 t 01    0.9410  0 31 t 01    0.6133  0 04 t 01    0.6134  0 04 t 01
0.9490  0 30 t 01    0.9437  0 30 t 01    0.6165  0 29 t 01    0.6141  0 29 t 01
0.9512  0 29 t 01    0.9447  0 04 t 01    0.6177  0 30 t 01    0.6145  0 30 t 01
0.9627  0 28 t 01    0.9496  0 28 t 01    0.6250  0 28 t 01    0.6247  0 00 t 01
0.9636  0 00 t 01    0.9528  0 00 t 01    0.6251  0 00 t 01    0.6247  0 28 t 01
0.9736  0 02 x 01    0.9736  0 02 x 01    0.6307  0 02 x 01    0.6309  0 02 x 01
0.9827  0 27 t 01    0.9827  0 27 t 01    0.6391  0 27 t 01    0.6391  0 27 t 01
0.9892  0 05 x 01    0.9889  0 05 x 01    0.6435  0 05 x 01    0.6436  0 05 x 01
0.9893  0 07 x 01    0.9890  0 07 x 01    0.6444  0 06 x 01    0.6441  0 06 x 01
0.9913  0 06 x 01    0.9914  0 06 x 01    0.6446  0 07 x 01    0.6449  0 01 x 01
0.9978  0 30 x 01    0.9973  0 30 x 01    0.6496  0 30 x 01    0.6449  0 07 x 01
1.0000  0 28 x 01    0.9990  0 29 x 01    0.6511  0 29 x 01    0.6510  0 30 x 01
1.0002  0 29 x 01    0.9999  0 28 x 01    0.6522  0 28 x 01    0.6512  0 29 x 01
1.0062  0 31 x 01    1.0043  0 31 x 01    0.6536  0 01 x 01    0.6514  0 28 x 01
1.0089  1 08 t 02    1.0088  1 08 t 02    0.6541  0 31 x 01    0.6530  0 31 x 01
1.0090  0 01 x 01    1.0089  0 01 x 01    0.6543  0 04 x 01    0.6549  0 04 x 01
1.0090  1 08 x 02    1.0090  1 08 x 02    0.6635  0 00 x 01    0.6636  0 00 x 01
1.0092  0 04 x 01    1.0091  0 04 x 01    0.6643  0 27 x 01    0.6653  0 27 x 01
1.0208  0 00 x 01    1.0182  0 27 x 01    0.6694  0 32 t 01    0.6693  0 32 t 01
1.0241  0 27 x 01    1.0207  0 00 x 01    0.6698  0 32 x 01    0.6697  0 32 x 01
1.0311  0 32 x 01    1.0222  6 08 t 01    0.6725  1 08 x 02    0.6728  1 08 t 02
1.0311  0 32 t 01    1.0227  5 08 t 01    0.6729  1 08 t 02    0.6730  1 08 x 02
1.0330  6 08 t 01    1.0258  0 32 x 01    0.6862  5 08 t 01    0.6860  5 08 t 01
1.0382  5 08 t 01    1.0285  0 32 t 01    0.6909  6 08 t 01    0.6935  4 08 t 01
1.0570  4 08 t 01    1.0373  4 08 t 01    0.6935  4 08 t 01    0.6986  6 08 t 01
1.0944  5 08 x 01    1.0821  5 08 x 01    0.7137  0 03 x 01    0.7138  0 03 x 01
1.0989  6 08 x 01    1.0916  6 08 x 01    0.7233  5 08 x 01    0.7234  5 08 x 01
1.1011  0 03 x 01    1.0946  0 03 x 01    0.7390  4 08 x 01    0.7394  4 08 x 01
1.1210  7 08 t 01    1.1210  7 08 t 01    0.7396  6 08 x 01    0.7395  6 08 x 01
1.1274  4 08 x 01    1.1270  4 08 x 01    0.7462  3 08 t 01    0.7461  3 08 t 01
1.1454  3 08 t 01    1.1403  3 08 t 01    0.7710  3 08 x 01    0.7710  3 08 x 01
1.1621  7 08 x 01    1.1619  7 08 x 01    0.7843  7 08 t 01    0.7842  7 08 t 01
1.1821  3 08 x 01    1.1823  3 08 x 01    0.8105  7 08 x 01    0.8104  7 08 x 01
1.3127  2 08 t 01    1.3126  2 08 t 01    0.8599  2 08 t 01    0.8599  2 08 t 01
1.3334  2 08 x 01    1.3335  2 08 x 01    0.8698  2 08 x 01    0.8693  2 08 x 01
1.8084  1 08 x 01    1.8163  1 08 t 01    1.2045  1 08 t 01    1.2045  1 08 x 01
1.8214  1 08 t 01    1.8216  1 08 x 01    1.2046  1 08 x 01    1.2046  1 08 t 01
---Benchmark Program Finished---
