
jeffreyhurchalla@Jeffreys-MacBook-Air montgomery_two_pow % ./testbench.sh clang++ O3 MontgomeryHalf __uint128_t 191 8 40                                         
compilation finished, now executing:
---Running Program---

begin benchmarks - array two_pow
(ignore)88650815719561301638322740755946931820

OVERALL BEST:
1.0573  0 31 x 05
1.0587  0 31 x 07
1.0588  0 30 x 05
1.0590  0 30 x 06
1.0592  0 31 x 12
1.0603  0 31 x 06
1.0609  0 28 x 06
1.0615  0 29 x 06
1.0615  0 31 x 08
1.0616  0 29 x 05
1.0618  0 30 x 07
1.0632  0 31 x 10
1.0634  0 29 x 10
1.0634  0 29 x 07
1.0638  0 29 x 12
1.0646  0 29 x 08
1.0657  0 28 x 05
1.0658  0 30 x 04
1.0664  0 30 x 12
1.0672  0 30 x 08
1.0681  0 30 x 10
1.0688  0 28 x 07
1.0689  0 31 x 04
1.0695  0 28 x 10
1.0705  0 28 x 12
1.0717  0 28 x 08
1.0735  0 28 x 04
1.0766  0 29 x 04
1.0896  0 27 x 07
1.0896  0 27 x 12
1.0897  0 27 x 06
1.0944  0 27 x 10
1.0946  0 27 x 08
1.0978  0 27 x 05
1.1191  0 27 x 04
1.1567  0 05 x 06
1.1587  0 05 x 08
1.1592  0 01 x 05
1.1612  0 06 x 08
1.1618  0 06 x 06
1.1643  0 05 x 05
1.1647  0 01 x 07
1.1651  0 01 x 06
1.1659  0 05 x 07
1.1665  0 06 x 07
1.1667  0 01 x 08
1.1670  0 06 x 05
1.1676  0 05 x 10
1.1683  0 05 x 12
1.1684  0 01 x 12
1.1687  0 06 x 12
1.1687  0 06 x 10
1.1723  0 01 x 10
1.1735  0 05 x 04
1.1768  0 01 x 04
1.1770  0 04 x 08
1.1779  0 04 x 06
1.1798  0 06 x 04
1.1813  0 04 x 12
1.1831  0 04 x 05
1.1833  0 04 x 10
1.1839  0 04 x 07
1.1939  0 04 x 04
1.1957  0 00 x 04
1.2004  0 00 x 07
1.2012  0 00 x 12
1.2029  0 00 x 08
1.2085  0 00 x 05
1.2117  0 00 x 10
1.2170  0 31 x 03
1.2184  0 07 x 08
1.2194  0 07 x 06
1.2207  0 07 x 05
1.2220  0 07 x 07
1.2261  0 07 x 12
1.2266  0 30 x 03
1.2269  0 07 x 10
1.2301  0 29 x 03
1.2301  0 28 x 03
1.2349  0 07 x 04
1.2482  0 00 x 06
1.2556  0 03 x 08
1.2582  0 03 x 07
1.2592  0 03 x 10
1.2620  0 03 x 06
1.2630  0 03 x 12
1.2667  0 03 x 04
1.2671  0 03 x 05
1.2728  0 27 x 03
1.3057  5 08 x 12
1.3075  5 08 x 06
1.3126  5 08 x 10
1.3178  5 08 x 08
1.3219  0 05 x 03
1.3225  5 08 x 07
1.3232  0 06 x 03
1.3236  5 08 x 05
1.3259  0 01 x 03
1.3287  6 08 x 12
1.3320  6 08 x 06
1.3326  6 08 x 10
1.3372  6 08 x 08
1.3383  5 08 x 04
1.3384  0 03 x 03
1.3418  6 08 x 05
1.3423  4 08 x 12
1.3436  0 04 x 03
1.3445  6 08 x 07
1.3459  0 00 x 03
1.3557  4 08 x 06
1.3567  4 08 x 10
1.3677  6 08 x 04
1.3684  4 08 x 08
1.3723  4 08 x 07
1.3754  4 08 x 05
1.3785  0 07 x 03
1.3861  4 08 x 04
1.4641  3 08 x 12
1.4681  5 08 x 03
1.4726  7 08 x 05
1.4783  3 08 x 10
1.4887  3 08 x 06
1.4933  3 08 x 07
1.4954  3 08 x 08
1.5026  3 08 x 05
1.5053  6 08 x 03
1.5056  7 08 x 04
1.5077  3 08 x 04
1.5093  4 08 x 03
1.6214  3 08 x 03
1.6566  7 08 x 03
1.7943  2 08 x 04
1.8013  2 08 x 05
1.8828  2 08 x 03
1.9521  0 02 x 03
2.0026  0 02 x 04
2.0074  0 02 x 06
2.0075  0 02 x 07
2.0150  0 02 x 12
2.0168  0 02 x 08
2.0202  0 02 x 05
2.0377  0 02 x 10
2.5347  1 08 x 04
2.5638  1 08 x 05
2.7261  1 08 x 03
Timings By Test Type:
0.3133  0 31 x 12    0.3135  0 30 x 06    0.2145  0 31 x 05    0.2150  0 31 x 12
0.3133  0 31 x 05    0.3138  0 30 x 05    0.2147  0 31 x 07    0.2151  0 31 x 07
0.3141  0 30 x 05    0.3140  0 28 x 06    0.2151  0 29 x 06    0.2152  0 30 x 04
0.3144  0 30 x 07    0.3140  0 31 x 05    0.2152  0 31 x 08    0.2153  0 31 x 04
0.3144  0 31 x 07    0.3141  0 31 x 06    0.2153  0 30 x 05    0.2153  0 30 x 06
0.3145  0 30 x 06    0.3145  0 29 x 06    0.2154  0 31 x 10    0.2154  0 31 x 05
0.3146  0 28 x 06    0.3145  0 31 x 07    0.2154  0 30 x 07    0.2154  0 29 x 05
0.3147  0 31 x 08    0.3150  0 31 x 12    0.2155  0 30 x 04    0.2156  0 30 x 05
0.3147  0 31 x 06    0.3150  0 29 x 05    0.2155  0 31 x 04    0.2157  0 31 x 06
0.3151  0 29 x 12    0.3150  0 31 x 08    0.2156  0 29 x 07    0.2158  0 29 x 07
0.3151  0 29 x 05    0.3152  0 29 x 08    0.2156  0 29 x 10    0.2158  0 29 x 06
0.3153  0 29 x 08    0.3152  0 30 x 08    0.2157  0 30 x 06    0.2164  0 31 x 10
0.3154  0 29 x 10    0.3153  0 29 x 12    0.2157  0 28 x 06    0.2165  0 28 x 05
0.3157  0 30 x 12    0.3155  0 30 x 07    0.2158  0 31 x 06    0.2165  0 30 x 07
0.3158  0 31 x 10    0.3155  0 31 x 10    0.2159  0 31 x 12    0.2166  0 29 x 04
0.3160  0 29 x 07    0.3155  0 30 x 12    0.2160  0 29 x 05    0.2166  0 31 x 08
0.3161  0 29 x 06    0.3157  0 29 x 10    0.2160  0 29 x 12    0.2166  0 28 x 06
0.3162  0 30 x 10    0.3160  0 28 x 05    0.2161  0 29 x 04    0.2167  0 29 x 10
0.3164  0 28 x 05    0.3160  0 29 x 07    0.2165  0 29 x 08    0.2169  0 28 x 04
0.3167  0 30 x 08    0.3165  0 28 x 10    0.2166  0 28 x 04    0.2172  0 30 x 12
0.3168  0 28 x 10    0.3165  0 30 x 10    0.2167  0 28 x 07    0.2173  0 29 x 12
0.3171  0 28 x 07    0.3171  0 28 x 12    0.2168  0 28 x 05    0.2177  0 29 x 08
0.3173  0 28 x 12    0.3172  0 28 x 07    0.2171  0 30 x 10    0.2177  0 28 x 08
0.3174  0 30 x 04    0.3177  0 30 x 04    0.2172  0 30 x 08    0.2177  0 28 x 07
0.3183  0 28 x 08    0.3180  0 28 x 08    0.2176  0 28 x 08    0.2179  0 28 x 10
0.3193  0 31 x 04    0.3188  0 31 x 04    0.2176  0 28 x 12    0.2181  0 30 x 08
0.3200  0 28 x 04    0.3200  0 28 x 04    0.2181  0 30 x 12    0.2183  0 30 x 10
0.3225  0 29 x 04    0.3213  0 29 x 04    0.2183  0 28 x 10    0.2184  0 28 x 12
0.3237  0 27 x 06    0.3231  0 27 x 12    0.2205  0 27 x 06    0.2216  0 27 x 07
0.3239  0 27 x 12    0.3235  0 27 x 07    0.2206  0 27 x 07    0.2216  0 27 x 06
0.3239  0 27 x 07    0.3239  0 27 x 06    0.2209  0 27 x 12    0.2217  0 27 x 12
0.3243  0 27 x 10    0.3257  0 27 x 10    0.2217  0 27 x 08    0.2217  0 27 x 10
0.3251  0 27 x 08    0.3257  0 27 x 05    0.2227  0 27 x 10    0.2218  0 27 x 08
0.3260  0 27 x 05    0.3259  0 27 x 08    0.2228  0 27 x 05    0.2233  0 27 x 05
0.3323  0 27 x 04    0.3325  0 27 x 04    0.2269  0 27 x 04    0.2274  0 27 x 04
0.3432  0 06 x 08    0.3435  0 06 x 06    0.2334  0 05 x 06    0.2341  0 05 x 06
0.3438  0 06 x 06    0.3435  0 06 x 08    0.2342  0 05 x 08    0.2343  0 01 x 05
0.3441  0 06 x 07    0.3439  0 05 x 06    0.2343  0 01 x 05    0.2346  0 05 x 08
0.3442  0 06 x 12    0.3446  0 06 x 12    0.2346  0 01 x 07    0.2352  0 05 x 12
0.3446  0 05 x 08    0.3447  0 01 x 05    0.2353  0 01 x 06    0.2355  0 01 x 08
0.3450  0 06 x 10    0.3449  0 06 x 05    0.2356  0 01 x 08    0.2358  0 05 x 05
0.3453  0 05 x 06    0.3452  0 06 x 10    0.2357  0 05 x 07    0.2358  0 01 x 07
0.3454  0 06 x 05    0.3452  0 06 x 07    0.2358  0 05 x 10    0.2361  0 05 x 07
0.3459  0 01 x 05    0.3453  0 05 x 08    0.2362  0 05 x 05    0.2364  0 01 x 06
0.3463  0 05 x 07    0.3457  0 05 x 05    0.2365  0 06 x 08    0.2366  0 05 x 10
0.3465  0 01 x 07    0.3463  0 01 x 06    0.2369  0 06 x 06    0.2368  0 01 x 12
0.3466  0 05 x 05    0.3466  0 01 x 12    0.2371  0 01 x 04    0.2373  0 06 x 12
0.3469  0 05 x 12    0.3467  0 05 x 12    0.2376  0 01 x 12    0.2375  0 01 x 10
0.3470  0 01 x 10    0.3476  0 05 x 10    0.2379  0 04 x 06    0.2376  0 06 x 06
0.3471  0 01 x 06    0.3477  0 01 x 08    0.2381  0 01 x 10    0.2379  0 05 x 04
0.3473  0 01 x 12    0.3478  0 05 x 07    0.2381  0 05 x 04    0.2380  0 04 x 08
0.3476  0 05 x 10    0.3479  0 01 x 07    0.2385  0 06 x 05    0.2380  0 06 x 08
0.3478  0 01 x 08    0.3484  0 05 x 04    0.2385  0 04 x 08    0.2382  0 06 x 05
0.3491  0 05 x 04    0.3487  0 06 x 04    0.2387  0 04 x 07    0.2383  0 04 x 12
0.3496  0 06 x 04    0.3497  0 01 x 10    0.2389  0 06 x 07    0.2383  0 06 x 07
0.3505  0 04 x 08    0.3500  0 04 x 08    0.2389  0 04 x 10    0.2383  0 01 x 04
0.3507  0 01 x 04    0.3501  0 04 x 06    0.2392  0 06 x 10    0.2391  0 04 x 06
0.3507  0 04 x 06    0.3506  0 01 x 04    0.2394  0 04 x 05    0.2393  0 04 x 07
0.3511  0 04 x 12    0.3507  0 04 x 12    0.2395  0 05 x 12    0.2394  0 06 x 10
0.3514  0 04 x 10    0.3517  0 04 x 05    0.2409  0 06 x 04    0.2397  0 04 x 05
0.3522  0 04 x 07    0.3527  0 04 x 10    0.2413  0 04 x 12    0.2404  0 04 x 10
0.3523  0 04 x 05    0.3538  0 04 x 07    0.2419  0 04 x 04    0.2406  0 06 x 04
0.3555  0 04 x 04    0.3552  0 04 x 04    0.2420  0 00 x 04    0.2412  0 04 x 04
0.3556  0 00 x 04    0.3557  0 00 x 04    0.2426  0 06 x 12    0.2424  0 00 x 04
0.3557  0 00 x 07    0.3567  0 00 x 12    0.2436  0 00 x 07    0.2428  0 00 x 08
0.3565  0 07 x 08    0.3576  0 00 x 07    0.2436  0 00 x 08    0.2434  0 00 x 12
0.3574  0 07 x 05    0.3576  0 07 x 05    0.2437  0 00 x 12    0.2436  0 00 x 07
0.3574  0 00 x 12    0.3577  0 07 x 06    0.2445  0 31 x 03    0.2447  0 31 x 03
0.3575  0 07 x 06    0.3577  0 07 x 07    0.2446  0 00 x 05    0.2450  0 00 x 05
0.3579  0 07 x 12    0.3580  0 07 x 08    0.2453  0 00 x 10    0.2455  0 00 x 10
0.3584  0 00 x 08    0.3582  0 00 x 08    0.2469  0 28 x 03    0.2470  0 29 x 03
0.3590  0 07 x 07    0.3584  0 07 x 10    0.2470  0 30 x 03    0.2476  0 30 x 03
0.3593  0 00 x 05    0.3587  0 07 x 12    0.2471  0 29 x 03    0.2483  0 28 x 03
0.3606  0 07 x 10    0.3591  0 00 x 10    0.2519  0 07 x 08    0.2518  0 07 x 06
0.3617  0 00 x 10    0.3596  0 00 x 05    0.2519  0 00 x 06    0.2519  0 07 x 08
0.3626  0 07 x 04    0.3610  0 07 x 04    0.2524  0 07 x 06    0.2521  0 00 x 06
0.3641  0 31 x 03    0.3637  0 31 x 03    0.2529  0 07 x 07    0.2524  0 07 x 07
0.3658  0 30 x 03    0.3663  0 30 x 03    0.2531  0 07 x 05    0.2525  0 07 x 05
0.3671  0 28 x 03    0.3679  0 28 x 03    0.2532  0 07 x 10    0.2532  0 07 x 12
0.3681  0 29 x 03    0.3679  0 29 x 03    0.2540  0 03 x 08    0.2534  0 03 x 08
0.3725  0 00 x 06    0.3718  0 00 x 06    0.2542  0 03 x 07    0.2539  0 03 x 07
0.3739  0 03 x 08    0.3743  0 03 x 08    0.2542  0 03 x 10    0.2546  0 07 x 10
0.3749  0 03 x 07    0.3751  0 03 x 10    0.2548  0 03 x 06    0.2548  0 03 x 10
0.3751  0 03 x 10    0.3752  0 03 x 12    0.2549  0 27 x 03    0.2549  0 03 x 12
0.3758  0 03 x 06    0.3752  0 03 x 07    0.2550  0 07 x 04    0.2550  0 03 x 06
0.3759  0 03 x 12    0.3765  0 03 x 06    0.2560  0 03 x 04    0.2556  0 03 x 04
0.3771  0 03 x 05    0.3770  0 03 x 05    0.2563  0 07 x 12    0.2561  0 27 x 03
0.3776  0 03 x 04    0.3776  0 03 x 04    0.2566  0 03 x 05    0.2563  0 07 x 04
0.3806  0 27 x 03    0.3812  0 27 x 03    0.2570  0 03 x 12    0.2564  0 03 x 05
0.3822  5 08 x 12    0.3820  5 08 x 12    0.2642  0 01 x 03    0.2643  0 01 x 03
0.3847  5 08 x 06    0.3836  5 08 x 06    0.2642  0 05 x 03    0.2646  0 05 x 03
0.3849  5 08 x 10    0.3857  5 08 x 10    0.2670  0 06 x 03    0.2667  0 06 x 03
0.3866  6 08 x 12    0.3860  6 08 x 12    0.2671  0 03 x 03    0.2676  5 08 x 12
0.3871  5 08 x 08    0.3867  6 08 x 06    0.2679  0 04 x 03    0.2686  0 04 x 03
0.3872  6 08 x 06    0.3882  6 08 x 10    0.2687  5 08 x 06    0.2694  0 00 x 03
0.3880  5 08 x 07    0.3886  5 08 x 08    0.2693  0 00 x 03    0.2694  0 03 x 03
0.3889  6 08 x 10    0.3896  5 08 x 05    0.2699  5 08 x 10    0.2704  5 08 x 06
0.3890  6 08 x 08    0.3898  6 08 x 08    0.2712  5 08 x 08    0.2709  5 08 x 08
0.3890  5 08 x 05    0.3904  5 08 x 07    0.2714  5 08 x 07    0.2721  5 08 x 10
0.3910  6 08 x 05    0.3906  6 08 x 05    0.2721  5 08 x 05    0.2726  5 08 x 07
0.3912  6 08 x 07    0.3912  6 08 x 07    0.2739  4 08 x 12    0.2729  5 08 x 05
0.3946  5 08 x 04    0.3946  0 06 x 03    0.2739  5 08 x 12    0.2743  5 08 x 04
0.3949  0 06 x 03    0.3947  5 08 x 04    0.2748  5 08 x 04    0.2750  4 08 x 12
0.3967  0 05 x 03    0.3965  0 05 x 03    0.2769  4 08 x 06    0.2766  6 08 x 12
0.3969  4 08 x 12    0.3966  4 08 x 12    0.2780  4 08 x 10    0.2768  4 08 x 10
0.3987  6 08 x 04    0.3984  6 08 x 04    0.2784  6 08 x 10    0.2771  6 08 x 10
0.3989  0 01 x 03    0.3985  0 01 x 03    0.2790  6 08 x 08    0.2781  4 08 x 06
0.4005  0 03 x 03    0.4000  4 08 x 06    0.2795  6 08 x 12    0.2784  6 08 x 06
0.4007  4 08 x 06    0.4010  4 08 x 10    0.2797  6 08 x 06    0.2795  6 08 x 08
0.4009  4 08 x 10    0.4014  0 03 x 03    0.2799  4 08 x 07    0.2798  6 08 x 05
0.4034  4 08 x 08    0.4032  4 08 x 08    0.2804  6 08 x 05    0.2799  4 08 x 07
0.4034  0 00 x 03    0.4032  0 04 x 03    0.2804  4 08 x 08    0.2801  4 08 x 05
0.4038  0 04 x 03    0.4038  0 00 x 03    0.2806  6 08 x 07    0.2804  0 07 x 03
0.4068  4 08 x 07    0.4057  4 08 x 07    0.2807  4 08 x 05    0.2814  4 08 x 08
0.4073  4 08 x 05    0.4073  4 08 x 05    0.2818  0 07 x 03    0.2815  6 08 x 07
0.4080  0 07 x 03    0.4084  0 07 x 03    0.2823  4 08 x 04    0.2818  4 08 x 04
0.4105  4 08 x 04    0.4115  4 08 x 04    0.2857  6 08 x 04    0.2849  6 08 x 04
0.4225  7 08 x 05    0.4217  7 08 x 05    0.2974  3 08 x 12    0.2957  3 08 x 12
0.4311  7 08 x 04    0.4318  7 08 x 04    0.2992  3 08 x 10    0.2998  3 08 x 10
0.4330  5 08 x 03    0.4333  5 08 x 03    0.3011  5 08 x 03    0.3007  5 08 x 03
0.4360  3 08 x 12    0.4349  3 08 x 12    0.3013  3 08 x 06    0.3022  3 08 x 06
0.4395  6 08 x 03    0.4387  3 08 x 10    0.3025  3 08 x 08    0.3037  3 08 x 07
0.4406  3 08 x 10    0.4399  6 08 x 03    0.3038  3 08 x 07    0.3041  3 08 x 05
0.4429  3 08 x 07    0.4418  3 08 x 06    0.3047  3 08 x 05    0.3050  3 08 x 04
0.4435  3 08 x 06    0.4428  3 08 x 07    0.3055  3 08 x 04    0.3053  3 08 x 08
0.4447  3 08 x 08    0.4428  3 08 x 08    0.3078  4 08 x 03    0.3076  4 08 x 03
0.4466  3 08 x 05    0.4465  4 08 x 03    0.3127  6 08 x 03    0.3131  6 08 x 03
0.4475  4 08 x 03    0.4473  3 08 x 05    0.3143  7 08 x 05    0.3141  7 08 x 05
0.4476  3 08 x 04    0.4496  3 08 x 04    0.3206  7 08 x 04    0.3221  7 08 x 04
0.4761  7 08 x 03    0.4760  7 08 x 03    0.3285  3 08 x 03    0.3270  3 08 x 03
0.4824  3 08 x 03    0.4835  3 08 x 03    0.3526  7 08 x 03    0.3519  7 08 x 03
0.5343  2 08 x 04    0.5344  2 08 x 04    0.3629  2 08 x 04    0.3626  2 08 x 04
0.5363  2 08 x 05    0.5365  2 08 x 05    0.3642  2 08 x 05    0.3644  2 08 x 05
0.5607  2 08 x 03    0.5614  2 08 x 03    0.3807  2 08 x 03    0.3800  2 08 x 03
0.5830  0 02 x 03    0.5819  0 02 x 03    0.3936  0 02 x 03    0.3936  0 02 x 03
0.5967  0 02 x 04    0.5980  0 02 x 04    0.4035  0 02 x 05    0.4032  0 02 x 04
0.5977  0 02 x 06    0.5985  0 02 x 07    0.4046  0 02 x 06    0.4055  0 02 x 07
0.5979  0 02 x 07    0.5985  0 02 x 06    0.4047  0 02 x 04    0.4066  0 02 x 08
0.5997  0 02 x 12    0.6004  0 02 x 12    0.4056  0 02 x 07    0.4067  0 02 x 06
0.6014  0 02 x 08    0.6014  0 02 x 08    0.4072  0 02 x 12    0.4078  0 02 x 12
0.6036  0 02 x 05    0.6032  0 02 x 05    0.4074  0 02 x 08    0.4099  0 02 x 05
0.6064  0 02 x 10    0.6068  0 02 x 10    0.4120  0 02 x 10    0.4126  0 02 x 10
0.7566  1 08 x 04    0.7548  1 08 x 04    0.5122  1 08 x 04    0.5111  1 08 x 04
0.7651  1 08 x 05    0.7661  1 08 x 05    0.5164  1 08 x 05    0.5161  1 08 x 05
0.8141  1 08 x 03    0.8147  1 08 x 03    0.5490  1 08 x 03    0.5484  1 08 x 03
---Benchmark Program Finished---