
jeffreyhurchalla@Jeffreys-MacBook-Air montgomery_two_pow % ./testbench.sh g++ O3 MontgomeryQuarter __uint128_t 191 8 40                                          
compilation finished, now executing:
---Running Program---

begin benchmarks - array two_pow
(ignore)289614972769914165620993018199243565129

OVERALL BEST:
1.2060  0 31 x 12
1.2064  0 31 x 10
1.2150  0 31 x 08
1.2168  0 29 x 12
1.2184  0 28 x 12
1.2207  0 27 x 06
1.2213  0 31 x 07
1.2218  0 30 x 06
1.2231  0 31 x 06
1.2247  0 30 x 12
1.2247  0 27 x 12
1.2248  0 27 x 07
1.2251  0 27 x 05
1.2262  0 31 x 05
1.2262  0 31 x 04
1.2272  0 30 x 10
1.2283  0 30 x 07
1.2290  0 29 x 08
1.2296  0 28 x 06
1.2308  0 31 x 03
1.2315  0 29 x 10
1.2318  0 30 x 05
1.2320  0 30 x 08
1.2320  0 27 x 04
1.2328  0 27 x 08
1.2329  0 27 x 10
1.2329  0 30 x 04
1.2333  0 28 x 10
1.2354  0 29 x 06
1.2390  0 28 x 08
1.2391  0 29 x 07
1.2401  0 28 x 05
1.2471  0 28 x 07
1.2477  0 29 x 04
1.2494  0 29 x 03
1.2523  0 29 x 05
1.2534  0 30 x 03
1.2608  0 28 x 04
1.2621  0 27 x 03
1.2622  0 05 x 04
1.2712  0 05 x 06
1.2740  0 05 x 05
1.2753  0 28 x 03
1.2862  0 06 x 05
1.2911  0 06 x 04
1.2935  0 00 x 04
1.2963  0 00 x 06
1.2972  0 00 x 05
1.3053  0 04 x 10
1.3099  0 04 x 05
1.3174  0 04 x 04
1.3186  0 05 x 03
1.3225  0 06 x 03
1.3256  0 05 x 12
1.3286  0 06 x 06
1.3297  0 00 x 12
1.3322  0 04 x 12
1.3323  0 00 x 03
1.3337  0 05 x 08
1.3360  0 04 x 03
1.3382  0 04 x 06
1.3382  0 04 x 08
1.3409  0 07 x 04
1.3459  0 05 x 10
1.3642  0 00 x 10
1.3710  0 00 x 08
1.3798  0 01 x 04
1.3860  0 01 x 05
1.3875  0 01 x 06
1.3875  0 07 x 03
1.3939  0 01 x 08
1.3954  0 01 x 07
1.3993  0 06 x 08
1.4003  0 01 x 10
1.4076  0 05 x 07
1.4112  0 04 x 07
1.4149  0 00 x 07
1.4206  0 06 x 12
1.4234  0 01 x 03
1.4303  0 07 x 05
1.4314  0 06 x 10
1.4326  0 01 x 12
1.4578  0 06 x 07
1.4643  4 08 x 12
1.4672  4 08 x 04
1.4680  4 08 x 06
1.4696  4 08 x 10
1.4697  4 08 x 08
1.4745  4 08 x 07
1.4751  3 08 x 12
1.4772  0 07 x 06
1.4781  4 08 x 05
1.4806  3 08 x 04
1.4859  3 08 x 08
1.4866  3 08 x 06
1.4895  3 08 x 05
1.4954  3 08 x 10
1.5013  3 08 x 07
1.5141  0 03 x 05
1.5194  4 08 x 03
1.5196  0 03 x 07
1.5198  0 03 x 06
1.5243  0 03 x 03
1.5255  0 03 x 08
1.5257  0 03 x 04
1.5312  0 07 x 08
1.5392  0 07 x 07
1.5407  0 07 x 10
1.5448  3 08 x 03
1.5659  0 03 x 10
1.5729  5 08 x 04
1.5747  5 08 x 08
1.5799  0 07 x 12
1.5801  5 08 x 07
1.5850  5 08 x 06
1.5851  5 08 x 10
1.5857  0 03 x 12
1.5912  5 08 x 05
1.5955  2 08 x 03
1.6017  5 08 x 12
1.6229  5 08 x 03
1.6527  2 08 x 04
1.6597  2 08 x 05
1.8626  6 08 x 08
1.8658  6 08 x 07
1.8714  6 08 x 06
1.8793  6 08 x 04
1.8914  6 08 x 05
1.9124  6 08 x 10
1.9251  6 08 x 03
1.9348  6 08 x 12
2.0956  1 08 x 04
2.1295  1 08 x 05
2.1665  1 08 x 03
2.1872  0 02 x 05
2.1903  0 02 x 06
2.1928  0 02 x 12
2.1951  0 02 x 10
2.1963  0 02 x 07
2.2137  0 02 x 04
2.2184  0 02 x 08
2.2327  0 02 x 03
2.5350  7 08 x 05
2.5721  7 08 x 04
2.5880  7 08 x 03
Timings By Test Type:
0.3539  0 31 x 10    0.3495  0 03 x 05    0.2487  0 31 x 12    0.2398  0 03 x 05
0.3540  0 31 x 12    0.3510  0 03 x 06    0.2492  0 31 x 10    0.2421  0 03 x 06
0.3571  0 29 x 12    0.3523  0 31 x 12    0.2497  0 31 x 03    0.2428  0 03 x 07
0.3571  0 31 x 08    0.3532  0 03 x 08    0.2505  0 31 x 07    0.2439  0 03 x 08
0.3575  0 30 x 10    0.3540  0 03 x 07    0.2506  0 28 x 12    0.2441  0 03 x 12
0.3576  0 30 x 06    0.3554  0 31 x 08    0.2507  0 27 x 06    0.2447  0 03 x 10
0.3591  0 30 x 12    0.3559  0 31 x 10    0.2509  0 31 x 08    0.2454  0 03 x 03
0.3592  0 28 x 12    0.3570  0 03 x 12    0.2510  0 27 x 05    0.2470  0 03 x 04
0.3595  0 31 x 05    0.3571  0 03 x 10    0.2510  0 31 x 04    0.2474  0 31 x 10
0.3597  0 27 x 06    0.3577  0 28 x 12    0.2512  0 29 x 12    0.2498  0 27 x 06
0.3599  0 28 x 10    0.3581  0 29 x 12    0.2522  0 31 x 06    0.2504  0 31 x 03
0.3599  0 31 x 07    0.3584  0 27 x 12    0.2522  0 27 x 04    0.2505  0 27 x 05
0.3600  0 27 x 12    0.3585  0 30 x 12    0.2523  0 29 x 08    0.2505  0 29 x 12
0.3600  0 29 x 10    0.3589  0 30 x 06    0.2525  0 27 x 07    0.2509  0 28 x 12
0.3600  0 31 x 06    0.3589  0 31 x 06    0.2527  0 27 x 08    0.2509  0 27 x 07
0.3607  0 30 x 07    0.3592  0 30 x 07    0.2528  0 27 x 12    0.2510  0 31 x 12
0.3611  0 29 x 08    0.3595  0 03 x 04    0.2528  0 30 x 06    0.2512  0 31 x 07
0.3613  0 27 x 07    0.3597  0 31 x 07    0.2530  0 31 x 05    0.2515  0 31 x 08
0.3613  0 28 x 06    0.3600  0 27 x 07    0.2530  0 29 x 03    0.2515  0 31 x 04
0.3616  0 27 x 10    0.3602  0 27 x 10    0.2532  0 28 x 06    0.2520  0 31 x 06
0.3616  0 30 x 05    0.3603  0 30 x 10    0.2536  0 30 x 12    0.2523  0 31 x 05
0.3617  0 31 x 04    0.3605  0 27 x 06    0.2539  0 30 x 04    0.2525  0 30 x 06
0.3618  0 30 x 08    0.3607  0 03 x 03    0.2539  0 30 x 07    0.2529  0 29 x 03
0.3624  0 27 x 08    0.3611  0 27 x 05    0.2539  0 30 x 08    0.2532  0 28 x 06
0.3625  0 29 x 06    0.3614  0 31 x 05    0.2542  0 30 x 05    0.2534  0 30 x 12
0.3626  0 27 x 05    0.3615  0 28 x 10    0.2543  0 30 x 03    0.2535  0 27 x 12
0.3627  0 30 x 04    0.3615  0 30 x 08    0.2543  0 29 x 10    0.2536  0 30 x 04
0.3629  0 28 x 08    0.3615  0 29 x 10    0.2544  0 28 x 10    0.2537  0 29 x 08
0.3630  0 27 x 04    0.3616  0 30 x 05    0.2545  0 27 x 10    0.2538  0 27 x 04
0.3634  0 29 x 07    0.3618  0 29 x 08    0.2548  0 30 x 10    0.2544  0 30 x 05
0.3654  0 28 x 07    0.3619  0 28 x 06    0.2551  0 28 x 08    0.2545  0 30 x 10
0.3654  0 28 x 05    0.3620  0 31 x 04    0.2551  0 28 x 05    0.2545  0 27 x 08
0.3661  0 31 x 03    0.3623  0 29 x 06    0.2553  0 29 x 06    0.2546  0 30 x 03
0.3678  0 29 x 05    0.3627  0 30 x 04    0.2560  0 29 x 07    0.2546  0 30 x 07
0.3682  0 29 x 04    0.3629  0 29 x 07    0.2561  0 27 x 03    0.2548  0 30 x 08
0.3715  0 28 x 04    0.3630  0 27 x 04    0.2566  0 29 x 04    0.2550  0 28 x 05
0.3717  0 29 x 03    0.3632  0 27 x 08    0.2579  0 29 x 05    0.2552  0 29 x 06
0.3722  0 30 x 03    0.3644  0 28 x 07    0.2589  0 28 x 07    0.2555  0 29 x 04
0.3732  0 05 x 04    0.3646  0 28 x 05    0.2594  0 05 x 04    0.2557  0 29 x 10
0.3748  0 05 x 06    0.3646  0 31 x 03    0.2596  0 28 x 04    0.2562  0 28 x 08
0.3749  0 27 x 03    0.3648  0 28 x 08    0.2605  0 28 x 03    0.2564  0 27 x 03
0.3764  0 05 x 05    0.3674  0 29 x 04    0.2626  0 05 x 05    0.2566  0 27 x 10
0.3769  0 28 x 03    0.3679  0 29 x 05    0.2629  0 05 x 06    0.2567  0 29 x 07
0.3823  0 06 x 04    0.3710  0 28 x 04    0.2641  0 00 x 04    0.2570  0 05 x 04
0.3825  0 06 x 05    0.3718  0 29 x 03    0.2646  0 04 x 10    0.2575  0 28 x 10
0.3825  0 00 x 04    0.3723  0 30 x 03    0.2650  0 00 x 06    0.2584  0 28 x 07
0.3836  0 00 x 05    0.3725  0 05 x 04    0.2656  0 00 x 05    0.2587  0 28 x 04
0.3837  0 00 x 06    0.3744  0 05 x 06    0.2657  0 06 x 05    0.2588  0 29 x 05
0.3875  0 04 x 10    0.3746  0 05 x 05    0.2667  0 04 x 05    0.2590  0 05 x 06
0.3891  0 05 x 12    0.3747  0 27 x 03    0.2669  0 06 x 04    0.2603  0 28 x 03
0.3892  0 04 x 05    0.3763  0 06 x 05    0.2675  0 05 x 03    0.2605  0 05 x 05
0.3892  0 00 x 12    0.3777  0 28 x 03    0.2677  0 04 x 04    0.2617  0 06 x 05
0.3912  0 04 x 04    0.3792  0 06 x 04    0.2697  0 04 x 03    0.2627  0 06 x 04
0.3916  0 05 x 08    0.3830  0 00 x 04    0.2701  0 00 x 03    0.2638  0 00 x 04
0.3927  0 06 x 06    0.3836  0 00 x 05    0.2727  0 04 x 12    0.2639  0 00 x 06
0.3932  0 06 x 03    0.3837  0 00 x 06    0.2730  0 06 x 03    0.2644  0 00 x 05
0.3935  0 05 x 03    0.3874  0 06 x 06    0.2732  0 04 x 08    0.2653  0 04 x 10
0.3958  0 07 x 04    0.3878  0 04 x 10    0.2735  0 04 x 06    0.2654  0 04 x 05
0.3959  0 04 x 12    0.3884  0 05 x 12    0.2742  0 00 x 12    0.2664  0 05 x 03
0.3961  0 00 x 03    0.3886  0 04 x 05    0.2743  0 05 x 08    0.2665  0 06 x 03
0.3965  0 04 x 08    0.3892  0 07 x 04    0.2754  0 05 x 12    0.2673  0 04 x 04
0.3967  0 04 x 06    0.3898  0 06 x 03    0.2762  0 05 x 10    0.2693  0 04 x 03
0.3991  0 04 x 03    0.3907  0 00 x 12    0.2769  0 06 x 06    0.2694  0 00 x 03
0.3995  0 05 x 10    0.3912  0 04 x 04    0.2794  0 00 x 10    0.2707  0 04 x 08
0.4011  0 00 x 10    0.3912  0 05 x 03    0.2802  0 01 x 04    0.2708  0 04 x 12
0.4029  0 00 x 08    0.3927  0 04 x 12    0.2817  0 00 x 08    0.2712  0 04 x 06
0.4099  0 01 x 04    0.3928  0 05 x 08    0.2821  0 01 x 05    0.2716  0 06 x 06
0.4107  0 07 x 03    0.3957  0 05 x 10    0.2824  0 07 x 04    0.2727  0 05 x 12
0.4117  0 01 x 06    0.3968  0 00 x 03    0.2825  0 01 x 06    0.2735  0 07 x 04
0.4118  0 06 x 08    0.3968  0 04 x 06    0.2827  0 01 x 07    0.2745  0 05 x 10
0.4124  0 01 x 05    0.3978  0 04 x 08    0.2840  0 01 x 08    0.2750  0 05 x 08
0.4143  0 05 x 07    0.3979  0 04 x 03    0.2841  0 01 x 10    0.2756  0 00 x 12
0.4146  0 01 x 07    0.4017  0 00 x 10    0.2852  0 04 x 07    0.2796  0 01 x 04
0.4147  0 01 x 08    0.4032  0 07 x 03    0.2889  0 00 x 07    0.2804  0 00 x 08
0.4150  0 04 x 07    0.4057  0 06 x 08    0.2891  0 01 x 03    0.2805  0 01 x 05
0.4152  0 01 x 10    0.4060  0 00 x 08    0.2899  0 05 x 07    0.2818  0 01 x 06
0.4153  0 00 x 07    0.4100  0 01 x 04    0.2912  0 01 x 12    0.2820  0 00 x 10
0.4164  0 06 x 12    0.4105  0 07 x 05    0.2914  0 07 x 03    0.2822  0 01 x 08
0.4184  0 06 x 10    0.4110  0 01 x 05    0.2934  0 06 x 08    0.2823  0 07 x 03
0.4201  0 07 x 05    0.4114  0 01 x 06    0.2958  0 06 x 10    0.2827  0 01 x 07
0.4236  0 01 x 03    0.4129  0 01 x 08    0.2981  0 06 x 12    0.2857  0 01 x 10
0.4242  4 08 x 12    0.4131  0 06 x 12    0.3038  0 06 x 07    0.2871  0 05 x 07
0.4245  0 01 x 12    0.4153  0 01 x 10    0.3043  3 08 x 04    0.2876  0 01 x 03
0.4258  0 06 x 07    0.4154  0 01 x 07    0.3046  0 07 x 05    0.2881  0 04 x 07
0.4261  4 08 x 04    0.4162  0 05 x 07    0.3049  3 08 x 08    0.2884  0 06 x 08
0.4271  4 08 x 06    0.4190  0 00 x 07    0.3053  3 08 x 12    0.2917  0 00 x 07
0.4277  4 08 x 08    0.4195  0 06 x 10    0.3057  3 08 x 05    0.2928  0 01 x 12
0.4278  4 08 x 07    0.4229  0 04 x 07    0.3069  4 08 x 04    0.2930  0 06 x 12
0.4288  4 08 x 10    0.4231  0 01 x 03    0.3071  3 08 x 10    0.2952  0 07 x 05
0.4306  4 08 x 05    0.4237  4 08 x 12    0.3071  4 08 x 06    0.2977  0 06 x 10
0.4310  3 08 x 12    0.4240  0 07 x 06    0.3071  3 08 x 06    0.3009  0 06 x 07
0.4332  0 07 x 06    0.4241  0 01 x 12    0.3077  4 08 x 10    0.3049  3 08 x 06
0.4357  3 08 x 04    0.4263  4 08 x 06    0.3079  3 08 x 07    0.3049  3 08 x 08
0.4376  3 08 x 06    0.4263  4 08 x 08    0.3083  4 08 x 12    0.3052  3 08 x 04
0.4386  3 08 x 05    0.4264  4 08 x 10    0.3090  4 08 x 05    0.3058  3 08 x 10
0.4405  3 08 x 08    0.4274  0 06 x 07    0.3090  4 08 x 08    0.3059  0 07 x 06
0.4410  3 08 x 10    0.4276  4 08 x 04    0.3096  4 08 x 07    0.3066  4 08 x 04
0.4417  3 08 x 07    0.4283  4 08 x 07    0.3141  0 07 x 06    0.3066  4 08 x 08
0.4421  4 08 x 03    0.4295  4 08 x 05    0.3175  3 08 x 03    0.3067  4 08 x 10
0.4456  0 07 x 08    0.4320  3 08 x 12    0.3176  4 08 x 03    0.3068  3 08 x 12
0.4487  0 07 x 10    0.4353  3 08 x 04    0.3252  0 07 x 08    0.3074  4 08 x 06
0.4496  0 07 x 07    0.4357  3 08 x 08    0.3269  0 07 x 07    0.3078  3 08 x 05
0.4501  5 08 x 04    0.4370  3 08 x 06    0.3273  2 08 x 03    0.3081  4 08 x 12
0.4515  5 08 x 08    0.4374  3 08 x 05    0.3283  0 07 x 10    0.3088  4 08 x 07
0.4518  5 08 x 07    0.4411  3 08 x 07    0.3358  5 08 x 04    0.3091  4 08 x 05
0.4524  5 08 x 10    0.4415  3 08 x 10    0.3359  5 08 x 08    0.3106  3 08 x 07
0.4539  5 08 x 06    0.4419  4 08 x 03    0.3382  5 08 x 07    0.3177  0 07 x 07
0.4552  5 08 x 05    0.4421  0 07 x 08    0.3384  2 08 x 04    0.3177  3 08 x 03
0.4553  3 08 x 03    0.4436  0 07 x 10    0.3389  0 07 x 12    0.3177  4 08 x 03
0.4570  5 08 x 12    0.4450  0 07 x 07    0.3390  5 08 x 10    0.3184  0 07 x 08
0.4606  0 07 x 12    0.4491  5 08 x 08    0.3394  5 08 x 06    0.3200  0 07 x 10
0.4652  5 08 x 03    0.4510  5 08 x 04    0.3396  2 08 x 05    0.3263  2 08 x 03
0.4705  2 08 x 03    0.4513  0 07 x 12    0.3411  5 08 x 05    0.3291  0 07 x 12
0.4884  2 08 x 04    0.4526  5 08 x 07    0.3437  5 08 x 12    0.3360  5 08 x 04
0.4901  2 08 x 05    0.4531  5 08 x 06    0.3466  5 08 x 03    0.3373  2 08 x 04
0.5196  6 08 x 08    0.4535  5 08 x 05    0.3726  0 03 x 03    0.3375  5 08 x 07
0.5221  6 08 x 07    0.4539  5 08 x 10    0.3732  0 03 x 04    0.3381  5 08 x 08
0.5224  6 08 x 06    0.4543  3 08 x 03    0.3748  0 03 x 07    0.3387  5 08 x 06
0.5243  6 08 x 04    0.4561  5 08 x 12    0.3765  0 03 x 06    0.3391  2 08 x 05
0.5286  6 08 x 05    0.4645  5 08 x 03    0.3766  0 03 x 05    0.3397  5 08 x 10
0.5334  6 08 x 10    0.4714  2 08 x 03    0.3802  0 03 x 08    0.3414  5 08 x 05
0.5380  6 08 x 03    0.4886  2 08 x 04    0.3930  0 03 x 10    0.3449  5 08 x 12
0.5382  6 08 x 12    0.4909  2 08 x 05    0.4016  0 03 x 12    0.3465  5 08 x 03
0.5456  0 03 x 03    0.5196  6 08 x 08    0.4108  6 08 x 08    0.4116  6 08 x 07
0.5460  0 03 x 04    0.5206  6 08 x 07    0.4116  6 08 x 07    0.4126  6 08 x 08
0.5480  0 03 x 07    0.5221  6 08 x 06    0.4133  6 08 x 06    0.4134  6 08 x 06
0.5482  0 03 x 05    0.5256  6 08 x 04    0.4147  6 08 x 04    0.4148  6 08 x 04
0.5483  0 03 x 08    0.5287  6 08 x 05    0.4172  6 08 x 05    0.4169  6 08 x 05
0.5503  0 03 x 06    0.5329  6 08 x 10    0.4230  6 08 x 10    0.4183  0 02 x 06
0.5710  0 03 x 10    0.5368  6 08 x 12    0.4244  6 08 x 03    0.4193  0 02 x 05
0.5831  0 03 x 12    0.5388  6 08 x 03    0.4275  1 08 x 04    0.4206  0 02 x 10
0.6209  1 08 x 04    0.6117  0 02 x 05    0.4303  6 08 x 12    0.4207  0 02 x 12
0.6316  1 08 x 05    0.6129  0 02 x 12    0.4334  1 08 x 05    0.4211  0 02 x 07
0.6436  1 08 x 03    0.6130  0 02 x 06    0.4399  1 08 x 03    0.4231  6 08 x 10
0.6861  0 02 x 05    0.6135  0 02 x 10    0.4702  0 02 x 05    0.4239  0 02 x 04
0.6874  7 08 x 05    0.6161  0 02 x 07    0.4703  0 02 x 06    0.4239  6 08 x 03
0.6877  0 02 x 07    0.6191  0 02 x 08    0.4705  0 02 x 12    0.4248  0 02 x 08
0.6887  0 02 x 06    0.6203  0 02 x 04    0.4713  0 02 x 07    0.4256  1 08 x 04
0.6888  0 02 x 12    0.6216  1 08 x 04    0.4721  0 02 x 10    0.4284  0 02 x 03
0.6889  0 02 x 10    0.6261  0 02 x 03    0.4739  0 02 x 04    0.4295  6 08 x 12
0.6956  0 02 x 04    0.6323  1 08 x 05    0.4775  0 02 x 03    0.4321  1 08 x 05
0.6966  0 02 x 08    0.6431  1 08 x 03    0.4779  0 02 x 08    0.4398  1 08 x 03
0.6977  7 08 x 04    0.6876  7 08 x 05    0.5801  7 08 x 05    0.5800  7 08 x 05
0.7006  0 02 x 03    0.6962  7 08 x 04    0.5904  7 08 x 04    0.5877  7 08 x 04
0.7014  7 08 x 03    0.7029  7 08 x 03    0.5919  7 08 x 03    0.5917  7 08 x 03
---Benchmark Program Finished---