
./testbench.sh g++ O3 MontgomeryHalf __uint128_t 191 8 40 -DTEST_ARRAY

compilation finished, now executing:
---Running Program---

begin benchmarks - array two_pow
(ignore)304583630284728281743452880583364600384

OVERALL BEST:
1.2517  0 32 x 06
1.2518  0 31 x 06
1.2568  0 32 x 05
1.2574  0 31 x 05
1.2575  0 32 x 04
1.2579  0 31 x 04
1.2613  0 32 x 12
1.2613  0 31 x 12
1.2750  0 31 x 10
1.2752  0 32 x 10
1.2758  0 29 x 05
1.2811  0 31 x 08
1.2812  0 32 x 08
1.2814  0 30 x 05
1.2818  0 31 x 07
1.2818  0 32 x 07
1.2840  0 30 x 04
1.2876  0 30 x 06
1.2883  0 29 x 06
1.2892  0 32 x 03
1.2897  0 31 x 03
1.2931  0 28 x 05
1.2973  0 28 x 04
1.2973  0 30 x 07
1.2977  0 30 x 08
1.2996  0 29 x 04
1.2999  0 27 x 05
1.3020  0 29 x 12
1.3082  0 30 x 03
1.3094  0 27 x 10
1.3123  0 28 x 07
1.3146  0 29 x 08
1.3207  0 29 x 10
1.3208  0 28 x 12
1.3211  0 28 x 10
1.3213  0 30 x 12
1.3236  0 28 x 06
1.3241  0 28 x 03
1.3267  0 29 x 03
1.3274  0 27 x 06
1.3310  0 27 x 03
1.3323  0 27 x 12
1.3330  0 29 x 07
1.3345  0 27 x 07
1.3382  0 30 x 10
1.3399  0 05 x 04
1.3411  0 27 x 04
1.3428  0 27 x 08
1.3728  0 04 x 04
1.3764  0 06 x 04
1.3787  0 05 x 06
1.3820  0 05 x 08
1.3959  0 00 x 04
1.3971  0 28 x 08
1.3988  0 04 x 06
1.3999  0 00 x 05
1.4010  0 00 x 06
1.4017  0 05 x 05
1.4043  0 06 x 03
1.4049  0 04 x 05
1.4070  0 05 x 03
1.4079  0 04 x 07
1.4099  0 04 x 08
1.4122  0 04 x 12
1.4128  0 04 x 03
1.4194  0 05 x 07
1.4197  0 06 x 05
1.4206  0 00 x 08
1.4280  0 04 x 10
1.4308  0 00 x 03
1.4312  0 05 x 12
1.4363  0 06 x 06
1.4387  0 00 x 07
1.4389  0 06 x 07
1.4447  0 05 x 10
1.4534  0 06 x 08
1.4621  0 00 x 10
1.4823  0 06 x 10
1.4857  0 00 x 12
1.4901  0 07 x 04
1.4990  0 01 x 04
1.5102  0 01 x 06
1.5184  0 01 x 12
1.5192  0 01 x 05
1.5206  0 01 x 03
1.5299  0 01 x 07
1.5316  0 01 x 08
1.5379  0 07 x 03
1.5413  0 01 x 10
1.5566  0 06 x 12
1.5912  0 07 x 06
1.5970  0 32 x 02
1.5971  0 31 x 02
1.6008  0 30 x 02
1.6044  0 07 x 05
1.6091  0 29 x 02
1.6178  0 07 x 07
1.6191  0 27 x 02
1.6228  0 28 x 02
1.6382  0 07 x 08
1.6412  0 07 x 10
1.6602  0 05 x 02
1.6712  0 06 x 02
1.6781  0 04 x 02
1.6909  0 00 x 02
1.7138  4 08 x 04
1.7141  4 08 x 05
1.7280  4 08 x 08
1.7433  0 07 x 02
1.7454  4 08 x 06
1.7504  0 01 x 02
1.7558  4 08 x 07
1.7613  4 08 x 03
1.7659  0 07 x 12
1.7663  3 08 x 04
1.7707  4 08 x 12
1.7796  4 08 x 10
1.7859  5 08 x 04
1.7898  5 08 x 06
1.7919  5 08 x 05
1.7954  3 08 x 08
1.7963  5 08 x 08
1.7992  3 08 x 05
1.8216  3 08 x 03
1.8255  3 08 x 12
1.8277  5 08 x 07
1.8330  3 08 x 06
1.8349  3 08 x 07
1.8415  3 08 x 10
1.8419  5 08 x 03
1.8638  5 08 x 10
1.8680  5 08 x 12
1.9867  4 08 x 02
2.0400  2 08 x 04
2.0513  3 08 x 02
2.0644  6 08 x 04
2.0674  2 08 x 03
2.0746  2 08 x 05
2.0845  6 08 x 06
2.0847  5 08 x 02
2.0970  6 08 x 07
2.1171  6 08 x 05
2.1257  6 08 x 03
2.1259  6 08 x 08
2.1439  6 08 x 10
2.2074  6 08 x 12
2.3490  0 02 x 02
2.3588  2 08 x 02
2.3881  6 08 x 02
2.3991  0 02 x 03
2.4096  0 02 x 04
2.4115  0 02 x 05
2.4360  0 02 x 08
2.4362  0 02 x 10
2.4371  0 02 x 06
2.4439  0 02 x 12
2.4469  0 02 x 07
2.6880  0 03 x 05
2.6912  0 02 x 01
2.6937  0 03 x 07
2.6945  0 03 x 06
2.6945  0 03 x 04
2.6980  0 03 x 02
2.7094  0 03 x 08
2.7158  0 03 x 03
2.7416  0 03 x 10
2.7518  7 08 x 05
2.7551  0 06 x 01
2.7565  0 05 x 01
2.7653  7 08 x 04
2.7699  0 01 x 01
2.7858  0 29 x 01
2.7885  0 03 x 12
2.7886  0 31 x 01
2.7900  0 32 x 01
2.7915  0 04 x 01
2.8016  0 07 x 01
2.8070  0 30 x 01
2.8123  7 08 x 03
2.8159  0 28 x 01
2.8407  0 00 x 01
2.8410  0 27 x 01
2.8642  0 03 x 01
3.0437  7 08 x 02
3.0454  1 08 x 04
3.0574  1 08 x 05
3.0690  1 08 x 03
3.3140  4 08 x 01
3.3878  1 08 x 02
3.4280  5 08 x 01
3.4557  3 08 x 01
3.6956  6 08 x 01
3.9239  2 08 x 01
4.4605  7 08 x 01
5.3928  1 08 x 01
Timings By Test Type:
0.3735  0 32 x 06    0.3695  0 31 x 06    0.2560  0 32 x 06    0.2526  0 32 x 06
0.3735  0 31 x 06    0.3696  0 32 x 06    0.2561  0 31 x 06    0.2527  0 31 x 06
0.3749  0 32 x 05    0.3700  0 32 x 05    0.2576  0 31 x 05    0.2534  0 32 x 04
0.3750  0 31 x 05    0.3702  0 32 x 04    0.2576  0 32 x 05    0.2536  0 31 x 04
0.3757  0 32 x 04    0.3702  0 31 x 04    0.2579  0 32 x 12    0.2543  0 32 x 05
0.3757  0 32 x 12    0.3703  0 31 x 05    0.2581  0 31 x 12    0.2544  0 31 x 05
0.3758  0 31 x 12    0.3722  0 31 x 12    0.2582  0 32 x 04    0.2553  0 31 x 12
0.3759  0 31 x 04    0.3723  0 32 x 12    0.2583  0 31 x 04    0.2554  0 32 x 12
0.3794  0 31 x 10    0.3765  0 29 x 05    0.2603  0 31 x 10    0.2572  0 31 x 03
0.3795  0 32 x 10    0.3770  0 32 x 10    0.2604  0 32 x 10    0.2572  0 32 x 03
0.3808  0 29 x 05    0.3770  0 31 x 10    0.2611  0 29 x 05    0.2574  0 29 x 05
0.3816  0 32 x 08    0.3777  0 30 x 05    0.2613  0 32 x 03    0.2583  0 31 x 10
0.3818  0 31 x 08    0.3778  0 32 x 07    0.2616  0 31 x 03    0.2583  0 32 x 10
0.3818  0 30 x 05    0.3779  0 31 x 07    0.2617  0 32 x 08    0.2591  0 32 x 07
0.3821  0 30 x 04    0.3781  0 30 x 04    0.2617  0 31 x 08    0.2591  0 31 x 08
0.3823  0 31 x 07    0.3784  0 31 x 08    0.2624  0 32 x 07    0.2591  0 31 x 07
0.3825  0 32 x 07    0.3787  0 32 x 08    0.2624  0 31 x 07    0.2592  0 32 x 08
0.3834  0 30 x 06    0.3795  0 29 x 06    0.2625  0 30 x 05    0.2595  0 30 x 05
0.3835  0 29 x 06    0.3797  0 30 x 06    0.2635  0 30 x 04    0.2603  0 30 x 04
0.3851  0 28 x 05    0.3814  0 27 x 05    0.2638  0 30 x 06    0.2608  0 30 x 06
0.3860  0 30 x 08    0.3818  0 28 x 05    0.2643  0 29 x 06    0.2610  0 29 x 06
0.3861  0 30 x 07    0.3823  0 30 x 07    0.2645  0 28 x 05    0.2617  0 28 x 05
0.3864  0 28 x 04    0.3825  0 28 x 04    0.2656  0 28 x 04    0.2623  0 29 x 04
0.3873  0 32 x 03    0.3830  0 30 x 08    0.2657  0 30 x 08    0.2624  0 27 x 05
0.3875  0 31 x 03    0.3832  0 29 x 04    0.2658  0 30 x 03    0.2628  0 30 x 03
0.3877  0 29 x 04    0.3833  0 31 x 03    0.2659  0 30 x 07    0.2628  0 28 x 04
0.3878  0 29 x 12    0.3833  0 32 x 03    0.2664  0 29 x 04    0.2629  0 30 x 07
0.3886  0 27 x 05    0.3836  0 29 x 12    0.2668  0 29 x 12    0.2631  0 30 x 08
0.3899  0 28 x 07    0.3854  0 27 x 10    0.2676  0 27 x 05    0.2637  0 27 x 10
0.3904  0 29 x 08    0.3865  0 28 x 07    0.2683  0 27 x 10    0.2638  0 29 x 12
0.3917  0 30 x 03    0.3874  0 29 x 08    0.2686  0 28 x 03    0.2651  0 29 x 03
0.3920  0 27 x 10    0.3877  0 30 x 12    0.2689  0 29 x 03    0.2661  0 05 x 04
0.3921  0 28 x 10    0.3879  0 30 x 03    0.2693  0 28 x 07    0.2665  0 28 x 03
0.3927  0 29 x 10    0.3887  0 28 x 10    0.2696  0 29 x 08    0.2665  0 28 x 07
0.3930  0 30 x 12    0.3893  0 28 x 12    0.2699  0 27 x 03    0.2667  0 27 x 03
0.3938  0 28 x 12    0.3895  0 29 x 10    0.2706  0 28 x 12    0.2671  0 28 x 12
0.3942  0 28 x 06    0.3906  0 28 x 06    0.2706  0 29 x 10    0.2672  0 29 x 08
0.3959  0 28 x 03    0.3911  0 27 x 06    0.2709  0 28 x 06    0.2672  0 27 x 06
0.3969  0 29 x 07    0.3911  0 05 x 04    0.2715  0 28 x 10    0.2679  0 28 x 06
0.3973  0 27 x 06    0.3912  0 27 x 12    0.2718  0 27 x 06    0.2679  0 29 x 10
0.3978  0 30 x 10    0.3931  0 28 x 03    0.2723  0 30 x 12    0.2683  0 30 x 12
0.3980  0 29 x 03    0.3931  0 29 x 07    0.2730  0 29 x 07    0.2687  0 28 x 10
0.3982  0 27 x 12    0.3933  0 27 x 07    0.2731  0 27 x 07    0.2692  0 27 x 12
0.3987  0 27 x 03    0.3935  0 30 x 10    0.2737  0 27 x 12    0.2693  0 27 x 07
0.3988  0 27 x 07    0.3947  0 29 x 03    0.2740  0 27 x 04    0.2700  0 29 x 07
0.4003  0 27 x 04    0.3957  0 27 x 03    0.2748  0 27 x 08    0.2706  0 27 x 04
0.4016  0 27 x 08    0.3958  0 27 x 08    0.2751  0 30 x 10    0.2706  0 27 x 08
0.4051  0 05 x 04    0.3962  0 27 x 04    0.2776  0 05 x 04    0.2718  0 30 x 10
0.4148  0 06 x 04    0.3972  0 06 x 04    0.2823  0 04 x 04    0.2726  0 04 x 04
0.4152  0 04 x 04    0.4013  0 05 x 06    0.2861  0 05 x 06    0.2746  0 06 x 04
0.4153  0 28 x 08    0.4024  0 05 x 08    0.2864  0 28 x 08    0.2754  0 05 x 06
0.4159  0 05 x 06    0.4026  0 04 x 04    0.2867  0 05 x 08    0.2762  0 05 x 08
0.4168  0 05 x 08    0.4082  0 00 x 04    0.2874  0 04 x 06    0.2771  0 06 x 03
0.4212  0 00 x 04    0.4090  0 06 x 03    0.2876  0 00 x 04    0.2779  0 04 x 06
0.4232  0 00 x 05    0.4091  0 00 x 05    0.2886  0 00 x 05    0.2781  0 04 x 03
0.4233  0 04 x 06    0.4093  0 00 x 06    0.2887  0 04 x 03    0.2782  0 05 x 05
0.4234  0 00 x 06    0.4098  0 06 x 05    0.2890  0 04 x 05    0.2782  0 05 x 03
0.4239  0 05 x 05    0.4102  0 04 x 06    0.2890  0 00 x 06    0.2788  0 00 x 04
0.4249  0 04 x 05    0.4103  0 05 x 05    0.2894  0 05 x 03    0.2790  0 00 x 05
0.4257  0 04 x 08    0.4115  0 04 x 05    0.2894  0 05 x 05    0.2793  0 00 x 06
0.4258  0 04 x 07    0.4118  0 28 x 08    0.2895  0 04 x 07    0.2796  0 04 x 05
0.4259  0 06 x 03    0.4120  0 06 x 06    0.2899  0 06 x 04    0.2800  0 04 x 07
0.4260  0 04 x 12    0.4126  0 04 x 07    0.2900  0 04 x 08    0.2813  0 04 x 08
0.4264  0 05 x 03    0.4126  0 06 x 07    0.2909  0 04 x 12    0.2818  0 04 x 12
0.4272  0 06 x 05    0.4129  0 04 x 08    0.2924  0 06 x 03    0.2825  0 00 x 03
0.4279  0 05 x 07    0.4130  0 05 x 03    0.2928  0 00 x 08    0.2835  0 00 x 08
0.4290  0 00 x 08    0.4135  0 04 x 12    0.2929  0 00 x 03    0.2836  0 28 x 08
0.4295  0 04 x 03    0.4140  0 05 x 07    0.2939  0 05 x 07    0.2836  0 05 x 07
0.4312  0 06 x 06    0.4153  0 00 x 08    0.2943  0 04 x 10    0.2841  0 06 x 05
0.4316  0 06 x 07    0.4165  0 04 x 03    0.2952  0 05 x 12    0.2842  0 04 x 10
0.4318  0 04 x 10    0.4170  0 06 x 08    0.2965  0 00 x 07    0.2844  0 05 x 12
0.4328  0 05 x 12    0.4176  0 04 x 10    0.2986  0 06 x 05    0.2869  0 00 x 07
0.4341  0 00 x 03    0.4188  0 05 x 12    0.2994  0 05 x 10    0.2882  0 06 x 06
0.4347  0 00 x 07    0.4206  0 00 x 07    0.3023  0 00 x 10    0.2882  0 05 x 10
0.4357  0 06 x 08    0.4206  0 07 x 04    0.3048  0 06 x 06    0.2896  0 06 x 07
0.4360  0 05 x 10    0.4210  0 05 x 10    0.3051  0 06 x 07    0.2924  0 06 x 08
0.4402  0 00 x 10    0.4213  0 00 x 03    0.3055  0 00 x 12    0.2930  0 00 x 10
0.4441  0 06 x 10    0.4249  0 06 x 10    0.3070  0 01 x 04    0.2959  0 00 x 12
0.4485  0 07 x 04    0.4266  0 00 x 10    0.3082  0 06 x 08    0.2976  0 07 x 04
0.4491  0 00 x 12    0.4352  0 00 x 12    0.3098  0 01 x 06    0.2983  0 01 x 04
0.4530  0 01 x 04    0.4377  0 07 x 03    0.3116  0 01 x 05    0.2986  0 06 x 10
0.4565  0 01 x 06    0.4407  0 01 x 04    0.3117  0 01 x 12    0.3005  0 01 x 06
0.4585  0 01 x 12    0.4434  0 01 x 06    0.3130  0 01 x 03    0.3022  0 01 x 03
0.4587  0 01 x 05    0.4448  0 06 x 12    0.3143  0 01 x 08    0.3025  0 01 x 12
0.4589  0 01 x 03    0.4457  0 01 x 12    0.3147  0 06 x 10    0.3028  0 01 x 05
0.4620  0 01 x 07    0.4461  0 01 x 05    0.3148  0 01 x 07    0.3046  0 07 x 03
0.4622  0 01 x 08    0.4464  0 01 x 03    0.3163  0 01 x 10    0.3050  0 01 x 07
0.4623  0 06 x 12    0.4466  0 07 x 06    0.3196  0 31 x 02    0.3055  0 01 x 08
0.4643  0 07 x 03    0.4482  0 01 x 07    0.3197  0 32 x 02    0.3070  0 01 x 10
0.4656  0 01 x 10    0.4495  0 01 x 08    0.3213  0 30 x 02    0.3168  0 32 x 02
0.4764  0 07 x 06    0.4496  0 07 x 05    0.3224  0 29 x 02    0.3168  0 31 x 02
0.4781  0 07 x 05    0.4525  0 01 x 10    0.3234  0 07 x 04    0.3179  0 06 x 12
0.4814  0 31 x 02    0.4553  0 07 x 07    0.3254  0 27 x 02    0.3185  0 30 x 02
0.4814  0 32 x 02    0.4584  0 07 x 10    0.3259  0 28 x 02    0.3195  0 29 x 02
0.4821  0 30 x 02    0.4593  0 07 x 08    0.3312  0 07 x 03    0.3209  0 07 x 06
0.4848  0 29 x 02    0.4790  0 30 x 02    0.3317  0 06 x 12    0.3214  0 27 x 02
0.4851  0 07 x 07    0.4792  0 32 x 02    0.3372  0 05 x 02    0.3235  0 28 x 02
0.4879  0 27 x 02    0.4793  0 31 x 02    0.3401  0 04 x 02    0.3245  0 07 x 07
0.4879  0 28 x 02    0.4825  0 29 x 02    0.3424  0 00 x 02    0.3252  0 07 x 05
0.4880  0 07 x 10    0.4844  0 27 x 02    0.3432  0 06 x 02    0.3262  0 05 x 02
0.4887  0 07 x 08    0.4856  0 28 x 02    0.3474  0 07 x 06    0.3284  0 06 x 02
0.5050  0 05 x 02    0.4871  4 08 x 05    0.3515  0 07 x 05    0.3298  0 04 x 02
0.5082  0 06 x 02    0.4878  4 08 x 04    0.3528  0 07 x 07    0.3313  0 07 x 08
0.5108  0 04 x 02    0.4910  4 08 x 08    0.3546  0 01 x 02    0.3330  0 00 x 02
0.5141  0 00 x 02    0.4916  0 06 x 02    0.3590  0 07 x 08    0.3339  0 07 x 10
0.5147  4 08 x 04    0.4918  0 05 x 02    0.3608  0 07 x 10    0.3424  0 07 x 02
0.5158  4 08 x 05    0.4948  0 07 x 12    0.3647  4 08 x 04    0.3458  0 01 x 02
0.5184  4 08 x 08    0.4956  4 08 x 06    0.3655  4 08 x 05    0.3458  4 08 x 05
0.5234  4 08 x 06    0.4975  0 04 x 02    0.3655  0 07 x 02    0.3465  4 08 x 04
0.5238  0 07 x 12    0.4997  4 08 x 07    0.3687  4 08 x 08    0.3486  3 08 x 04
0.5253  5 08 x 04    0.5007  4 08 x 12    0.3724  4 08 x 03    0.3498  4 08 x 08
0.5258  4 08 x 07    0.5014  0 00 x 02    0.3726  4 08 x 06    0.3528  3 08 x 08
0.5267  4 08 x 03    0.5026  4 08 x 10    0.3731  3 08 x 04    0.3538  4 08 x 06
0.5267  5 08 x 06    0.5028  5 08 x 04    0.3739  4 08 x 07    0.3540  3 08 x 05
0.5279  5 08 x 05    0.5031  5 08 x 06    0.3802  4 08 x 12    0.3564  4 08 x 07
0.5285  5 08 x 08    0.5040  5 08 x 05    0.3813  3 08 x 05    0.3576  4 08 x 03
0.5299  0 07 x 02    0.5041  3 08 x 04    0.3819  3 08 x 08    0.3590  4 08 x 10
0.5301  4 08 x 12    0.5045  4 08 x 03    0.3819  4 08 x 10    0.3595  3 08 x 12
0.5314  0 01 x 02    0.5046  5 08 x 08    0.3823  3 08 x 03    0.3597  4 08 x 12
0.5361  4 08 x 10    0.5055  0 07 x 02    0.3865  5 08 x 04    0.3605  0 07 x 12
0.5386  5 08 x 07    0.5085  3 08 x 08    0.3868  0 07 x 12    0.3612  3 08 x 07
0.5400  5 08 x 03    0.5117  3 08 x 05    0.3881  5 08 x 06    0.3614  3 08 x 03
0.5405  3 08 x 04    0.5136  5 08 x 07    0.3882  5 08 x 05    0.3618  3 08 x 06
0.5477  5 08 x 10    0.5169  3 08 x 12    0.3884  3 08 x 06    0.3629  3 08 x 10
0.5482  5 08 x 12    0.5187  0 01 x 02    0.3887  3 08 x 12    0.3713  5 08 x 04
0.5521  3 08 x 05    0.5214  3 08 x 07    0.3892  3 08 x 07    0.3718  5 08 x 05
0.5522  3 08 x 08    0.5216  3 08 x 06    0.3898  5 08 x 08    0.3719  5 08 x 06
0.5546  3 08 x 03    0.5219  5 08 x 03    0.3907  3 08 x 10    0.3734  5 08 x 08
0.5604  3 08 x 12    0.5220  5 08 x 12    0.3961  5 08 x 03    0.3791  5 08 x 07
0.5612  3 08 x 06    0.5232  3 08 x 10    0.3965  5 08 x 07    0.3839  5 08 x 03
0.5631  3 08 x 07    0.5233  3 08 x 03    0.4045  5 08 x 10    0.3881  5 08 x 10
0.5648  3 08 x 10    0.5235  5 08 x 10    0.4080  5 08 x 12    0.3898  5 08 x 12
0.5891  6 08 x 04    0.5705  6 08 x 04    0.4112  4 08 x 02    0.3974  2 08 x 04
0.5966  6 08 x 06    0.5752  6 08 x 06    0.4215  3 08 x 02    0.3991  4 08 x 02
0.5968  4 08 x 02    0.5794  6 08 x 07    0.4315  2 08 x 04    0.4019  2 08 x 03
0.5996  6 08 x 07    0.5795  4 08 x 02    0.4377  2 08 x 03    0.4036  2 08 x 05
0.6056  6 08 x 05    0.5800  2 08 x 04    0.4390  2 08 x 05    0.4057  3 08 x 02
0.6058  6 08 x 03    0.5840  6 08 x 05    0.4406  5 08 x 02    0.4290  5 08 x 02
0.6081  6 08 x 08    0.5875  6 08 x 08    0.4586  6 08 x 04    0.4461  6 08 x 04
0.6119  6 08 x 10    0.5877  2 08 x 03    0.4636  6 08 x 06    0.4491  6 08 x 06
0.6148  5 08 x 02    0.5897  2 08 x 05    0.4660  6 08 x 07    0.4521  6 08 x 07
0.6232  3 08 x 02    0.5900  6 08 x 10    0.4694  6 08 x 03    0.4566  6 08 x 05
0.6259  6 08 x 12    0.5908  6 08 x 03    0.4709  6 08 x 05    0.4582  6 08 x 08
0.6311  2 08 x 04    0.6004  5 08 x 02    0.4722  6 08 x 08    0.4592  0 02 x 02
0.6401  2 08 x 03    0.6009  3 08 x 02    0.4786  6 08 x 10    0.4597  6 08 x 03
0.6423  2 08 x 05    0.6070  6 08 x 12    0.4873  0 02 x 02    0.4634  6 08 x 10
0.6832  6 08 x 02    0.6722  6 08 x 02    0.4895  2 08 x 02    0.4656  2 08 x 02
0.7194  2 08 x 02    0.6812  0 02 x 02    0.4937  6 08 x 12    0.4710  0 02 x 03
0.7213  0 02 x 02    0.6843  2 08 x 02    0.4973  0 02 x 03    0.4732  0 02 x 04
0.7336  0 02 x 03    0.6971  0 02 x 03    0.4997  0 02 x 04    0.4749  0 02 x 05
0.7366  0 02 x 05    0.6986  0 02 x 04    0.5012  0 02 x 05    0.4792  0 02 x 08
0.7381  0 02 x 04    0.6988  0 02 x 05    0.5051  0 02 x 08    0.4793  0 02 x 06
0.7447  0 02 x 10    0.7064  0 02 x 08    0.5052  0 02 x 06    0.4794  0 02 x 10
0.7447  0 02 x 06    0.7067  0 02 x 10    0.5054  0 02 x 10    0.4806  0 02 x 12
0.7453  0 02 x 08    0.7079  0 02 x 06    0.5069  0 02 x 12    0.4808  6 08 x 12
0.7481  0 02 x 12    0.7082  0 02 x 12    0.5072  0 02 x 07    0.4820  0 02 x 07
0.7492  0 02 x 07    0.7085  0 02 x 07    0.5200  6 08 x 02    0.5059  0 03 x 05
0.7597  7 08 x 05    0.7421  7 08 x 05    0.5495  0 02 x 01    0.5080  0 03 x 07
0.7621  7 08 x 04    0.7455  7 08 x 04    0.5568  0 05 x 01    0.5082  0 03 x 04
0.7757  7 08 x 03    0.7456  0 03 x 07    0.5584  0 01 x 01    0.5091  0 03 x 06
0.8209  0 02 x 01    0.7458  0 03 x 06    0.5589  0 06 x 01    0.5098  0 03 x 08
0.8314  0 06 x 01    0.7462  0 03 x 05    0.5591  0 29 x 01    0.5100  0 03 x 02
0.8317  0 05 x 01    0.7482  0 03 x 04    0.5599  0 31 x 01    0.5112  0 03 x 03
0.8365  0 01 x 01    0.7520  0 03 x 08    0.5602  0 32 x 01    0.5128  6 08 x 02
0.8382  0 29 x 01    0.7545  0 03 x 02    0.5624  0 04 x 01    0.5144  0 03 x 10
0.8397  0 31 x 01    0.7552  0 03 x 03    0.5640  0 30 x 01    0.5246  0 03 x 12
0.8405  0 32 x 01    0.7606  0 03 x 10    0.5661  0 28 x 01    0.5292  0 02 x 01
0.8430  0 04 x 01    0.7625  7 08 x 03    0.5696  0 27 x 01    0.5347  0 03 x 01
0.8436  0 30 x 01    0.7731  0 03 x 12    0.5716  0 00 x 01    0.5477  0 06 x 01
0.8444  7 08 x 02    0.7917  0 02 x 01    0.5753  0 07 x 01    0.5478  0 05 x 01
0.8464  0 28 x 01    0.7992  0 03 x 01    0.5780  0 03 x 02    0.5501  0 01 x 01
0.8474  0 07 x 01    0.8164  1 08 x 04    0.5791  0 03 x 05    0.5529  1 08 x 04
0.8544  0 27 x 01    0.8171  0 06 x 01    0.5803  0 03 x 04    0.5536  0 04 x 01
0.8556  0 03 x 02    0.8202  0 05 x 01    0.5817  0 03 x 06    0.5548  0 07 x 01
0.8562  0 03 x 07    0.8204  1 08 x 05    0.5838  0 03 x 07    0.5553  0 29 x 01
0.8568  0 03 x 05    0.8241  0 07 x 01    0.5845  0 03 x 03    0.5556  0 32 x 01
0.8573  0 00 x 01    0.8249  0 01 x 01    0.5850  0 03 x 08    0.5556  0 31 x 01
0.8578  0 03 x 06    0.8324  0 04 x 01    0.5924  0 03 x 10    0.5558  1 08 x 05
0.8578  0 03 x 04    0.8332  0 29 x 01    0.6022  0 03 x 12    0.5606  0 30 x 01
0.8626  0 03 x 08    0.8334  0 31 x 01    0.6093  0 03 x 01    0.5624  0 28 x 01
0.8649  0 03 x 03    0.8337  0 32 x 01    0.6310  7 08 x 05    0.5647  0 00 x 01
0.8742  0 03 x 10    0.8345  7 08 x 02    0.6345  7 08 x 04    0.5651  1 08 x 03
0.8886  0 03 x 12    0.8360  1 08 x 03    0.6415  7 08 x 03    0.5666  0 27 x 01
0.9210  0 03 x 01    0.8388  0 30 x 01    0.6684  4 08 x 01    0.6190  7 08 x 05
0.9954  1 08 x 03    0.8411  0 28 x 01    0.6724  1 08 x 03    0.6233  7 08 x 04
0.9987  1 08 x 04    0.8471  0 00 x 01    0.6774  1 08 x 04    0.6326  7 08 x 03
1.0003  4 08 x 01    0.8504  0 27 x 01    0.6785  1 08 x 05    0.6340  1 08 x 02
1.0027  1 08 x 05    0.9403  1 08 x 02    0.6855  7 08 x 02    0.6585  4 08 x 01
1.0191  5 08 x 01    0.9868  4 08 x 01    0.6935  3 08 x 01    0.6793  7 08 x 02
1.0481  3 08 x 01    1.0141  5 08 x 01    0.6994  5 08 x 01    0.6820  3 08 x 01
1.0799  6 08 x 01    1.0320  3 08 x 01    0.7309  1 08 x 02    0.6955  5 08 x 01
1.0826  1 08 x 02    1.0729  6 08 x 01    0.7738  6 08 x 01    0.7690  6 08 x 01
1.1939  2 08 x 01    1.1702  2 08 x 01    0.7883  2 08 x 01    0.7715  2 08 x 01
1.2596  7 08 x 01    1.2551  7 08 x 01    0.9744  7 08 x 01    0.9714  7 08 x 01
1.6499  1 08 x 01    1.5805  1 08 x 01    1.1054  1 08 x 01    1.0571  1 08 x 01
---Benchmark Program Finished---
