
jeffreyhurchalla@Jeffreys-MacBook-Air montgomery_two_pow % ./testbench.sh g++ O3 MontgomeryHalf __uint128_t 191 8 40                                             
compilation finished, now executing:
---Running Program---

begin benchmarks - array two_pow
(ignore)88650815719561301638322740755946931820

OVERALL BEST:
1.2436  0 31 x 05
1.2470  0 29 x 05
1.2474  0 31 x 06
1.2525  0 31 x 04
1.2603  0 31 x 08
1.2649  0 31 x 03
1.2663  0 29 x 06
1.2673  0 31 x 12
1.2683  0 30 x 05
1.2710  0 29 x 07
1.2720  0 30 x 04
1.2758  0 29 x 04
1.2857  0 28 x 05
1.2865  0 29 x 03
1.2871  0 27 x 05
1.2876  0 30 x 06
1.2897  0 31 x 10
1.2910  0 30 x 03
1.2960  0 31 x 07
1.2967  0 28 x 04
1.2973  0 29 x 12
1.3030  0 28 x 03
1.3067  0 29 x 10
1.3085  0 27 x 06
1.3107  0 29 x 08
1.3118  0 28 x 06
1.3178  0 28 x 08
1.3180  0 30 x 07
1.3335  0 28 x 07
1.3357  0 27 x 03
1.3372  0 30 x 08
1.3377  0 28 x 12
1.3389  0 30 x 12
1.3404  0 30 x 10
1.3430  0 27 x 10
1.3458  0 28 x 10
1.3526  0 27 x 04
1.3554  0 27 x 12
1.3560  0 27 x 07
1.3566  0 05 x 04
1.3623  0 27 x 08
1.3747  0 05 x 05
1.3752  0 06 x 04
1.3764  0 05 x 06
1.3815  0 06 x 05
1.3836  0 00 x 04
1.3845  0 04 x 05
1.3854  0 04 x 04
1.3900  0 06 x 03
1.3911  0 05 x 07
1.3921  0 05 x 03
1.4008  0 05 x 08
1.4022  0 00 x 05
1.4062  0 06 x 06
1.4081  0 04 x 08
1.4143  0 04 x 07
1.4229  0 04 x 06
1.4240  0 00 x 03
1.4240  0 04 x 03
1.4266  0 05 x 12
1.4301  0 00 x 07
1.4387  0 04 x 12
1.4407  0 00 x 06
1.4455  0 00 x 08
1.4529  0 06 x 08
1.4563  0 04 x 10
1.4603  0 00 x 12
1.4713  0 06 x 07
1.4761  0 06 x 10
1.4813  0 05 x 10
1.4910  0 01 x 04
1.4918  0 01 x 05
1.4931  0 01 x 03
1.4951  0 00 x 10
1.4978  0 07 x 04
1.5066  0 01 x 06
1.5222  0 07 x 03
1.5357  0 01 x 08
1.5450  0 01 x 07
1.5462  0 06 x 12
1.5492  0 01 x 10
1.5653  0 07 x 05
1.5766  0 01 x 12
1.5973  0 07 x 06
1.6430  0 07 x 07
1.6465  0 07 x 08
1.6705  4 08 x 04
1.6739  4 08 x 05
1.6776  4 08 x 06
1.6809  0 07 x 10
1.6876  4 08 x 08
1.7081  4 08 x 07
1.7226  3 08 x 04
1.7325  4 08 x 03
1.7386  4 08 x 10
1.7387  5 08 x 08
1.7441  0 07 x 12
1.7468  5 08 x 04
1.7512  4 08 x 12
1.7536  5 08 x 06
1.7594  5 08 x 05
1.7736  3 08 x 08
1.7744  3 08 x 05
1.7796  3 08 x 03
1.7837  5 08 x 07
1.7866  3 08 x 06
1.8021  3 08 x 12
1.8042  3 08 x 07
1.8050  5 08 x 03
1.8247  3 08 x 10
1.8391  5 08 x 10
1.8470  5 08 x 12
1.9926  2 08 x 04
2.0165  2 08 x 03
2.0227  6 08 x 04
2.0264  6 08 x 08
2.0327  2 08 x 05
2.0353  6 08 x 06
2.0462  6 08 x 07
2.0512  6 08 x 05
2.0813  6 08 x 03
2.1007  6 08 x 10
2.1738  6 08 x 12
2.3429  0 02 x 05
2.3636  0 02 x 03
2.3701  0 02 x 07
2.3790  0 02 x 06
2.3836  0 02 x 04
2.3891  0 02 x 12
2.3987  0 02 x 10
2.4164  0 02 x 08
2.6357  0 03 x 06
2.6385  0 03 x 08
2.6387  0 03 x 07
2.6409  0 03 x 04
2.6518  0 03 x 05
2.6586  0 03 x 03
2.6675  7 08 x 04
2.6972  0 03 x 10
2.6979  7 08 x 05
2.7394  0 03 x 12
2.7435  7 08 x 03
2.9710  1 08 x 04
2.9778  1 08 x 05
2.9788  1 08 x 03
Timings By Test Type:
0.3712  0 31 x 05    0.3643  0 31 x 05    0.2556  0 29 x 05    0.2514  0 31 x 06
0.3722  0 31 x 06    0.3672  0 29 x 05    0.2561  0 31 x 05    0.2515  0 31 x 03
0.3724  0 29 x 05    0.3673  0 31 x 06    0.2566  0 31 x 06    0.2518  0 29 x 05
0.3737  0 31 x 08    0.3681  0 31 x 04    0.2566  0 31 x 08    0.2520  0 31 x 05
0.3751  0 31 x 04    0.3701  0 31 x 08    0.2572  0 31 x 04    0.2521  0 31 x 04
0.3786  0 29 x 06    0.3709  0 30 x 05    0.2574  0 31 x 03    0.2555  0 31 x 12
0.3788  0 30 x 05    0.3719  0 31 x 12    0.2591  0 29 x 06    0.2565  0 29 x 06
0.3790  0 29 x 07    0.3720  0 29 x 06    0.2607  0 31 x 12    0.2566  0 29 x 07
0.3793  0 31 x 12    0.3735  0 30 x 04    0.2610  0 30 x 05    0.2571  0 29 x 04
0.3794  0 30 x 04    0.3741  0 29 x 07    0.2612  0 29 x 04    0.2574  0 29 x 03
0.3807  0 31 x 03    0.3753  0 31 x 03    0.2613  0 29 x 07    0.2576  0 30 x 05
0.3817  0 29 x 04    0.3757  0 29 x 04    0.2614  0 29 x 03    0.2576  0 30 x 04
0.3824  0 31 x 10    0.3784  0 27 x 05    0.2615  0 30 x 04    0.2585  0 27 x 05
0.3826  0 30 x 06    0.3791  0 28 x 05    0.2628  0 30 x 06    0.2593  0 30 x 03
0.3836  0 28 x 05    0.3792  0 31 x 10    0.2629  0 28 x 05    0.2599  0 31 x 08
0.3855  0 29 x 10    0.3808  0 30 x 06    0.2635  0 27 x 05    0.2602  0 28 x 05
0.3859  0 29 x 03    0.3812  0 30 x 03    0.2643  0 30 x 03    0.2613  0 28 x 03
0.3859  0 29 x 12    0.3818  0 29 x 12    0.2646  0 31 x 07    0.2614  0 30 x 06
0.3861  0 30 x 03    0.3819  0 29 x 03    0.2649  0 28 x 03    0.2617  0 28 x 04
0.3868  0 27 x 05    0.3819  0 31 x 07    0.2654  0 31 x 10    0.2617  0 31 x 07
0.3869  0 28 x 04    0.3821  0 28 x 04    0.2661  0 28 x 04    0.2627  0 31 x 10
0.3878  0 31 x 07    0.3859  0 29 x 10    0.2665  0 29 x 12    0.2631  0 29 x 12
0.3880  0 28 x 06    0.3862  0 28 x 03    0.2669  0 27 x 06    0.2648  0 27 x 06
0.3887  0 27 x 06    0.3876  0 28 x 08    0.2680  0 29 x 08    0.2658  0 29 x 08
0.3891  0 29 x 08    0.3877  0 29 x 08    0.2688  0 29 x 10    0.2665  0 28 x 06
0.3902  0 30 x 07    0.3880  0 27 x 06    0.2692  0 28 x 06    0.2665  0 29 x 10
0.3906  0 28 x 03    0.3881  0 28 x 06    0.2705  0 28 x 08    0.2678  0 27 x 03
0.3919  0 28 x 08    0.3883  0 30 x 07    0.2717  0 30 x 07    0.2679  0 28 x 08
0.3940  0 28 x 07    0.3902  0 30 x 08    0.2722  0 27 x 03    0.2679  0 30 x 07
0.3972  0 28 x 12    0.3920  0 30 x 10    0.2730  0 28 x 07    0.2698  0 27 x 10
0.3980  0 30 x 12    0.3920  0 30 x 12    0.2750  0 27 x 10    0.2700  0 05 x 04
0.3991  0 30 x 08    0.3920  0 28 x 12    0.2758  0 28 x 12    0.2712  0 30 x 08
0.3994  0 30 x 10    0.3948  0 28 x 10    0.2763  0 27 x 12    0.2716  0 28 x 07
0.4002  0 28 x 10    0.3949  0 28 x 07    0.2765  0 27 x 04    0.2721  0 30 x 10
0.4007  0 27 x 03    0.3950  0 27 x 10    0.2765  0 30 x 12    0.2724  0 30 x 12
0.4026  0 27 x 04    0.3951  0 27 x 03    0.2767  0 30 x 08    0.2727  0 28 x 12
0.4029  0 27 x 07    0.3952  0 05 x 04    0.2770  0 30 x 10    0.2727  0 27 x 12
0.4031  0 27 x 10    0.3955  0 06 x 04    0.2776  0 28 x 10    0.2732  0 28 x 10
0.4069  0 27 x 12    0.3961  0 06 x 05    0.2777  0 27 x 07    0.2735  0 05 x 06
0.4087  0 27 x 08    0.3986  0 27 x 04    0.2783  0 27 x 08    0.2737  0 06 x 03
0.4097  0 05 x 04    0.3993  0 05 x 05    0.2818  0 05 x 04    0.2746  0 27 x 07
0.4117  0 05 x 06    0.3995  0 27 x 12    0.2831  0 05 x 06    0.2748  0 27 x 08
0.4128  0 05 x 05    0.4006  0 27 x 08    0.2841  0 04 x 04    0.2748  0 27 x 04
0.4140  0 06 x 05    0.4008  0 27 x 07    0.2845  0 05 x 05    0.2752  0 06 x 04
0.4148  0 06 x 04    0.4030  0 00 x 04    0.2853  0 00 x 04    0.2755  0 05 x 03
0.4163  0 05 x 07    0.4045  0 04 x 05    0.2856  0 04 x 05    0.2770  0 04 x 04
0.4168  0 00 x 04    0.4049  0 06 x 03    0.2865  0 05 x 03    0.2772  0 04 x 05
0.4171  0 04 x 05    0.4053  0 06 x 06    0.2879  0 05 x 07    0.2781  0 05 x 05
0.4181  0 04 x 04    0.4062  0 04 x 04    0.2884  0 00 x 05    0.2785  0 00 x 04
0.4183  0 05 x 08    0.4071  0 05 x 07    0.2894  0 04 x 08    0.2798  0 05 x 07
0.4205  0 04 x 08    0.4076  0 00 x 05    0.2897  0 06 x 04    0.2799  0 05 x 08
0.4210  0 06 x 03    0.4080  0 05 x 06    0.2899  0 04 x 07    0.2807  0 04 x 03
0.4219  0 05 x 03    0.4083  0 05 x 03    0.2904  0 06 x 03    0.2809  0 06 x 05
0.4220  0 06 x 06    0.4109  0 05 x 08    0.2905  0 06 x 05    0.2816  0 06 x 06
0.4221  0 00 x 05    0.4129  0 06 x 08    0.2916  0 05 x 08    0.2831  0 04 x 06
0.4266  0 04 x 07    0.4135  0 04 x 08    0.2918  0 00 x 03    0.2831  0 04 x 07
0.4281  0 05 x 12    0.4147  0 04 x 07    0.2918  0 04 x 03    0.2832  0 00 x 03
0.4295  0 04 x 06    0.4165  0 00 x 07    0.2932  0 04 x 06    0.2842  0 00 x 05
0.4309  0 00 x 03    0.4172  0 04 x 06    0.2953  0 00 x 07    0.2847  0 04 x 08
0.4323  0 00 x 07    0.4174  0 05 x 12    0.2956  0 05 x 12    0.2855  0 05 x 12
0.4325  0 00 x 08    0.4182  0 00 x 03    0.2968  0 00 x 06    0.2860  0 00 x 07
0.4329  0 04 x 03    0.4187  0 04 x 03    0.2971  0 04 x 12    0.2867  0 04 x 12
0.4331  0 04 x 12    0.4211  0 07 x 04    0.2973  0 06 x 06    0.2878  0 00 x 06
0.4332  0 06 x 08    0.4212  0 00 x 06    0.2986  0 04 x 10    0.2904  0 00 x 08
0.4349  0 00 x 06    0.4217  0 04 x 12    0.3003  0 00 x 08    0.2918  0 04 x 10
0.4372  0 06 x 07    0.4220  0 06 x 07    0.3013  0 00 x 12    0.2924  0 00 x 12
0.4383  0 04 x 10    0.4224  0 00 x 08    0.3063  0 01 x 04    0.2945  0 06 x 08
0.4413  0 06 x 10    0.4243  0 06 x 10    0.3066  0 05 x 10    0.2961  0 05 x 10
0.4413  0 00 x 12    0.4253  0 00 x 12    0.3069  0 01 x 03    0.2973  0 01 x 03
0.4464  0 05 x 10    0.4276  0 04 x 10    0.3071  0 01 x 05    0.2975  0 01 x 05
0.4486  0 00 x 10    0.4322  0 05 x 10    0.3079  0 00 x 10    0.2975  0 06 x 10
0.4491  0 01 x 04    0.4328  0 07 x 03    0.3089  0 01 x 06    0.2990  0 01 x 04
0.4496  0 01 x 05    0.4366  0 01 x 04    0.3123  0 06 x 08    0.2994  0 06 x 07
0.4503  0 07 x 04    0.4375  0 00 x 10    0.3127  0 06 x 07    0.2998  0 01 x 06
0.4507  0 01 x 03    0.4376  0 01 x 05    0.3129  0 06 x 10    0.3011  0 00 x 10
0.4549  0 01 x 06    0.4381  0 01 x 03    0.3139  0 01 x 08    0.3014  0 07 x 03
0.4599  0 06 x 12    0.4397  0 07 x 05    0.3157  0 01 x 10    0.3028  0 07 x 04
0.4606  0 07 x 03    0.4419  0 06 x 12    0.3161  0 01 x 07    0.3087  0 01 x 08
0.4636  0 01 x 08    0.4430  0 01 x 06    0.3217  0 01 x 12    0.3094  0 01 x 07
0.4639  0 01 x 10    0.4484  0 07 x 06    0.3236  0 07 x 04    0.3140  0 01 x 10
0.4662  0 07 x 05    0.4494  0 01 x 08    0.3274  0 07 x 03    0.3149  0 06 x 12
0.4671  0 01 x 07    0.4524  0 01 x 07    0.3296  0 06 x 12    0.3176  0 07 x 05
0.4709  0 07 x 06    0.4556  0 01 x 10    0.3419  0 07 x 05    0.3208  0 01 x 12
0.4745  0 01 x 12    0.4597  0 01 x 12    0.3530  0 07 x 06    0.3250  0 07 x 06
0.4901  0 07 x 07    0.4615  0 07 x 08    0.3561  4 08 x 04    0.3306  0 07 x 07
0.4925  0 07 x 08    0.4623  0 07 x 07    0.3571  4 08 x 05    0.3312  0 07 x 08
0.4998  0 07 x 10    0.4699  0 07 x 10    0.3582  4 08 x 06    0.3377  4 08 x 05
0.5020  4 08 x 04    0.4743  4 08 x 05    0.3600  0 07 x 07    0.3377  4 08 x 04
0.5048  4 08 x 05    0.4748  4 08 x 04    0.3602  4 08 x 08    0.3392  4 08 x 06
0.5049  4 08 x 06    0.4753  4 08 x 06    0.3613  0 07 x 08    0.3402  4 08 x 08
0.5065  4 08 x 08    0.4808  4 08 x 08    0.3640  3 08 x 04    0.3405  3 08 x 04
0.5120  5 08 x 08    0.4848  4 08 x 07    0.3643  4 08 x 07    0.3426  0 07 x 10
0.5122  4 08 x 07    0.4883  5 08 x 08    0.3662  4 08 x 03    0.3468  4 08 x 07
0.5143  5 08 x 04    0.4900  0 07 x 12    0.3686  0 07 x 10    0.3495  3 08 x 08
0.5167  5 08 x 06    0.4906  5 08 x 04    0.3704  4 08 x 10    0.3499  3 08 x 05
0.5175  4 08 x 12    0.4908  3 08 x 04    0.3747  3 08 x 03    0.3529  3 08 x 03
0.5177  5 08 x 05    0.4923  5 08 x 06    0.3765  4 08 x 12    0.3530  4 08 x 03
0.5178  4 08 x 03    0.4927  4 08 x 10    0.3769  3 08 x 05    0.3534  3 08 x 06
0.5188  0 07 x 12    0.4945  5 08 x 05    0.3775  3 08 x 08    0.3545  0 07 x 12
0.5208  4 08 x 10    0.4955  4 08 x 03    0.3780  5 08 x 08    0.3548  4 08 x 10
0.5272  5 08 x 07    0.4983  4 08 x 12    0.3783  3 08 x 06    0.3552  3 08 x 07
0.5273  3 08 x 04    0.4995  5 08 x 07    0.3795  5 08 x 04    0.3552  3 08 x 12
0.5285  5 08 x 03    0.5006  3 08 x 08    0.3799  5 08 x 06    0.3589  4 08 x 12
0.5352  5 08 x 12    0.5027  3 08 x 05    0.3808  0 07 x 12    0.3604  5 08 x 08
0.5373  5 08 x 10    0.5066  3 08 x 06    0.3815  5 08 x 05    0.3624  5 08 x 04
0.5418  3 08 x 03    0.5098  3 08 x 07    0.3850  3 08 x 07    0.3647  5 08 x 06
0.5449  3 08 x 05    0.5103  3 08 x 03    0.3855  3 08 x 10    0.3654  3 08 x 10
0.5450  3 08 x 12    0.5110  5 08 x 03    0.3867  3 08 x 12    0.3657  5 08 x 05
0.5459  3 08 x 08    0.5127  5 08 x 10    0.3872  5 08 x 07    0.3698  5 08 x 07
0.5483  3 08 x 06    0.5152  3 08 x 12    0.3881  5 08 x 03    0.3775  5 08 x 03
0.5542  3 08 x 07    0.5173  3 08 x 10    0.3993  5 08 x 10    0.3894  2 08 x 04
0.5566  3 08 x 10    0.5203  5 08 x 12    0.3993  5 08 x 12    0.3898  5 08 x 10
0.5770  6 08 x 04    0.5569  6 08 x 08    0.4209  2 08 x 04    0.3921  5 08 x 12
0.5776  6 08 x 08    0.5591  6 08 x 04    0.4268  2 08 x 03    0.3932  2 08 x 03
0.5816  6 08 x 06    0.5625  6 08 x 06    0.4300  2 08 x 05    0.3953  2 08 x 05
0.5849  6 08 x 07    0.5650  6 08 x 07    0.4489  6 08 x 04    0.4378  6 08 x 04
0.5868  6 08 x 05    0.5656  2 08 x 04    0.4525  6 08 x 06    0.4388  6 08 x 06
0.5934  6 08 x 03    0.5668  6 08 x 05    0.4526  6 08 x 08    0.4393  6 08 x 08
0.5992  6 08 x 10    0.5736  2 08 x 03    0.4545  6 08 x 07    0.4418  6 08 x 07
0.6139  6 08 x 12    0.5774  2 08 x 05    0.4556  6 08 x 05    0.4420  6 08 x 05
0.6167  2 08 x 04    0.5784  6 08 x 03    0.4597  6 08 x 03    0.4499  6 08 x 03
0.6228  2 08 x 03    0.5791  6 08 x 10    0.4678  6 08 x 10    0.4545  6 08 x 10
0.6299  2 08 x 05    0.5938  6 08 x 12    0.4838  6 08 x 12    0.4610  0 02 x 05
0.7171  0 02 x 05    0.6796  0 02 x 05    0.4851  0 02 x 05    0.4673  0 02 x 03
0.7242  0 02 x 07    0.6806  0 02 x 03    0.4903  0 02 x 07    0.4683  0 02 x 07
0.7250  0 02 x 03    0.6872  0 02 x 07    0.4906  0 02 x 03    0.4685  0 02 x 06
0.7270  0 02 x 06    0.6881  0 02 x 12    0.4937  0 02 x 06    0.4696  0 02 x 04
0.7284  0 02 x 12    0.6881  0 02 x 04    0.4938  0 02 x 12    0.4788  0 02 x 12
0.7297  0 02 x 10    0.6898  0 02 x 06    0.4946  0 02 x 04    0.4804  0 02 x 08
0.7314  0 02 x 04    0.6908  0 02 x 10    0.4964  0 02 x 10    0.4818  0 02 x 10
0.7359  7 08 x 04    0.7006  0 02 x 08    0.4985  0 02 x 08    0.4823  6 08 x 12
0.7369  0 02 x 08    0.7189  7 08 x 04    0.5688  0 03 x 06    0.4951  0 03 x 06
0.7455  7 08 x 05    0.7270  7 08 x 05    0.5696  0 03 x 04    0.4956  0 03 x 08
0.7570  7 08 x 03    0.7315  0 03 x 04    0.5700  0 03 x 08    0.4962  0 03 x 07
0.8382  0 03 x 07    0.7318  0 03 x 06    0.5704  0 03 x 07    0.4981  0 03 x 04
0.8401  0 03 x 06    0.7323  0 03 x 08    0.5715  0 03 x 05    0.5012  0 03 x 03
0.8406  0 03 x 08    0.7330  0 03 x 05    0.5731  0 03 x 03    0.5013  0 03 x 05
0.8417  0 03 x 04    0.7339  0 03 x 07    0.5803  0 03 x 10    0.5151  0 03 x 10
0.8447  0 03 x 03    0.7396  0 03 x 03    0.5905  0 03 x 12    0.5242  0 03 x 12
0.8460  0 03 x 05    0.7415  7 08 x 03    0.6115  7 08 x 04    0.5403  1 08 x 04
0.8572  0 03 x 10    0.7446  0 03 x 10    0.6188  7 08 x 05    0.5434  1 08 x 05
0.8679  0 03 x 12    0.7568  0 03 x 12    0.6267  7 08 x 03    0.5490  1 08 x 03
0.9660  1 08 x 03    0.7978  1 08 x 04    0.6520  1 08 x 03    0.6012  7 08 x 04
0.9742  1 08 x 04    0.7992  1 08 x 05    0.6587  1 08 x 04    0.6066  7 08 x 05
0.9753  1 08 x 05    0.8118  1 08 x 03    0.6599  1 08 x 05    0.6184  7 08 x 03
---Benchmark Program Finished---
