
jeffreyhurchalla@Jeffreys-MacBook-Air montgomery_two_pow % ./testbench.sh g++ O3 MontgomeryHalf __uint128_t 191 8 40 -DHURCHALLA_MONTGOMERY_TWO_POW_USE_CSELECT_ON_BIT -DHURCHALLA_ALLOW_INLINE_ASM_ALL 
compilation finished, now executing:
---Running Program---

begin benchmarks - array two_pow
(ignore)88650815719561301638322740755946931820

OVERALL BEST:
1.0131  0 30 x 05
1.0139  0 31 x 05
1.0149  0 31 x 06
1.0163  0 30 x 06
1.0211  0 31 x 07
1.0216  0 31 x 04
1.0233  0 31 x 08
1.0238  0 31 x 12
1.0240  0 30 x 07
1.0266  0 29 x 06
1.0267  0 29 x 05
1.0275  0 30 x 08
1.0278  0 28 x 05
1.0282  0 30 x 04
1.0287  0 31 x 10
1.0290  0 28 x 06
1.0295  0 29 x 10
1.0301  0 30 x 10
1.0309  0 30 x 12
1.0321  0 29 x 07
1.0332  0 29 x 12
1.0343  0 28 x 07
1.0354  0 28 x 10
1.0386  0 28 x 12
1.0405  0 29 x 08
1.0406  0 29 x 04
1.0417  0 28 x 04
1.0488  0 28 x 08
1.0554  0 27 x 05
1.0597  0 27 x 06
1.0633  0 27 x 04
1.0652  0 27 x 07
1.0677  0 27 x 08
1.0709  0 27 x 10
1.0783  0 27 x 12
1.1043  0 05 x 05
1.1048  0 06 x 05
1.1073  0 05 x 06
1.1099  0 06 x 06
1.1129  0 06 x 07
1.1143  0 01 x 05
1.1151  0 05 x 08
1.1155  0 06 x 08
1.1157  0 04 x 05
1.1165  0 05 x 12
1.1174  0 06 x 12
1.1180  0 06 x 10
1.1181  0 05 x 10
1.1202  0 01 x 06
1.1210  0 01 x 08
1.1220  0 04 x 08
1.1231  0 04 x 06
1.1258  0 01 x 12
1.1292  0 01 x 07
1.1300  0 01 x 10
1.1303  0 04 x 07
1.1310  0 06 x 04
1.1312  0 05 x 04
1.1351  0 01 x 04
1.1355  0 04 x 12
1.1387  0 04 x 04
1.1396  0 00 x 05
1.1437  0 04 x 10
1.1456  0 00 x 06
1.1464  0 31 x 03
1.1525  0 30 x 03
1.1552  0 07 x 06
1.1568  0 00 x 07
1.1568  0 07 x 05
1.1572  0 00 x 08
1.1603  0 00 x 04
1.1604  5 08 x 05
1.1635  0 07 x 07
1.1651  0 28 x 03
1.1685  0 29 x 03
1.1699  0 00 x 12
1.1709  5 08 x 12
1.1715  0 07 x 04
1.1717  0 07 x 10
1.1723  0 07 x 08
1.1726  5 08 x 06
1.1736  0 00 x 10
1.1748  0 07 x 12
1.1753  6 08 x 07
1.1795  5 08 x 10
1.1803  6 08 x 08
1.1831  6 08 x 06
1.1844  6 08 x 05
1.1856  0 27 x 03
1.1899  5 08 x 08
1.1919  5 08 x 07
1.1939  6 08 x 10
1.1990  5 08 x 04
1.1991  6 08 x 12
1.2013  4 08 x 05
1.2025  0 05 x 07
1.2033  4 08 x 08
1.2137  4 08 x 07
1.2197  6 08 x 04
1.2207  4 08 x 12
1.2215  4 08 x 06
1.2266  4 08 x 10
1.2356  4 08 x 04
1.2380  0 05 x 03
1.2400  0 06 x 03
1.2482  0 01 x 03
1.2560  0 04 x 03
1.2621  0 00 x 03
1.2782  7 08 x 05
1.2891  0 03 x 05
1.2916  0 03 x 04
1.2916  0 03 x 06
1.2919  0 07 x 03
1.2920  3 08 x 05
1.2990  0 03 x 07
1.2995  0 03 x 03
1.3010  0 03 x 08
1.3019  5 08 x 03
1.3029  3 08 x 06
1.3031  0 03 x 12
1.3063  3 08 x 08
1.3124  3 08 x 07
1.3181  3 08 x 10
1.3185  0 03 x 10
1.3326  7 08 x 04
1.3330  3 08 x 04
1.3346  4 08 x 03
1.3375  6 08 x 03
1.3424  3 08 x 12
1.4188  3 08 x 03
1.4631  7 08 x 03
1.4990  2 08 x 05
1.5456  2 08 x 04
1.8026  0 02 x 03
1.9274  0 02 x 07
1.9285  0 02 x 08
1.9325  0 02 x 06
1.9474  0 02 x 04
1.9516  0 02 x 05
1.9854  2 08 x 03
1.9916  0 02 x 10
2.0060  0 02 x 12
2.4407  1 08 x 05
2.4486  1 08 x 04
2.4495  1 08 x 03
Timings By Test Type:
0.3007  0 31 x 05    0.3000  0 30 x 05    0.2059  0 30 x 05    0.2063  0 30 x 05
0.3009  0 30 x 05    0.3004  0 31 x 06    0.2060  0 31 x 04    0.2066  0 31 x 04
0.3009  0 30 x 06    0.3004  0 31 x 05    0.2061  0 31 x 05    0.2067  0 31 x 05
0.3013  0 31 x 06    0.3005  0 30 x 06    0.2063  0 31 x 06    0.2069  0 31 x 06
0.3018  0 31 x 07    0.3025  0 31 x 07    0.2069  0 30 x 06    0.2080  0 30 x 06
0.3029  0 30 x 07    0.3028  0 30 x 07    0.2073  0 30 x 04    0.2081  0 31 x 12
0.3036  0 31 x 08    0.3030  0 31 x 08    0.2079  0 31 x 07    0.2089  0 31 x 08
0.3036  0 29 x 05    0.3030  0 31 x 12    0.2079  0 31 x 08    0.2089  0 31 x 07
0.3039  0 31 x 12    0.3033  0 30 x 08    0.2085  0 30 x 07    0.2090  0 31 x 10
0.3042  0 30 x 08    0.3035  0 29 x 05    0.2087  0 30 x 08    0.2093  0 28 x 06
0.3044  0 31 x 04    0.3035  0 29 x 06    0.2088  0 31 x 12    0.2093  0 29 x 06
0.3046  0 29 x 10    0.3039  0 28 x 06    0.2088  0 28 x 05    0.2095  0 30 x 04
0.3048  0 31 x 10    0.3043  0 28 x 05    0.2089  0 29 x 06    0.2095  0 28 x 05
0.3048  0 29 x 06    0.3046  0 31 x 04    0.2094  0 30 x 10    0.2097  0 29 x 12
0.3052  0 28 x 05    0.3047  0 29 x 10    0.2095  0 31 x 10    0.2097  0 30 x 10
0.3054  0 30 x 10    0.3052  0 29 x 07    0.2098  0 30 x 12    0.2098  0 29 x 05
0.3055  0 28 x 06    0.3054  0 31 x 10    0.2098  0 29 x 05    0.2098  0 30 x 07
0.3056  0 30 x 12    0.3056  0 30 x 12    0.2099  0 29 x 10    0.2099  0 30 x 12
0.3057  0 30 x 04    0.3056  0 30 x 10    0.2099  0 29 x 04    0.2104  0 29 x 10
0.3057  0 28 x 10    0.3058  0 30 x 04    0.2100  0 29 x 12    0.2105  0 29 x 07
0.3060  0 29 x 07    0.3059  0 28 x 10    0.2103  0 29 x 07    0.2105  0 28 x 04
0.3067  0 29 x 12    0.3060  0 28 x 07    0.2104  0 28 x 06    0.2109  0 28 x 12
0.3070  0 28 x 07    0.3068  0 29 x 12    0.2104  0 28 x 07    0.2109  0 28 x 07
0.3075  0 29 x 08    0.3076  0 28 x 12    0.2108  0 28 x 04    0.2110  0 29 x 04
0.3090  0 28 x 12    0.3095  0 29 x 08    0.2110  0 28 x 12    0.2111  0 28 x 10
0.3096  0 28 x 04    0.3099  0 29 x 04    0.2114  0 29 x 08    0.2113  0 30 x 08
0.3097  0 29 x 04    0.3107  0 28 x 04    0.2127  0 28 x 10    0.2119  0 29 x 08
0.3098  0 28 x 08    0.3119  0 28 x 08    0.2141  0 28 x 08    0.2130  0 28 x 08
0.3135  0 27 x 05    0.3134  0 27 x 05    0.2143  0 27 x 05    0.2142  0 27 x 05
0.3144  0 27 x 06    0.3142  0 27 x 06    0.2145  0 27 x 04    0.2148  0 27 x 04
0.3157  0 27 x 07    0.3155  0 27 x 07    0.2156  0 27 x 06    0.2155  0 27 x 06
0.3161  0 27 x 10    0.3164  0 27 x 08    0.2167  0 27 x 08    0.2168  0 27 x 07
0.3169  0 27 x 04    0.3167  0 27 x 10    0.2172  0 27 x 07    0.2174  0 27 x 08
0.3172  0 27 x 08    0.3171  0 27 x 04    0.2179  0 27 x 10    0.2187  0 27 x 12
0.3208  0 27 x 12    0.3199  0 27 x 12    0.2188  0 27 x 12    0.2201  0 27 x 10
0.3265  0 06 x 05    0.3264  0 06 x 05    0.2236  0 05 x 05    0.2233  0 05 x 05
0.3279  0 06 x 07    0.3281  0 06 x 06    0.2251  0 05 x 06    0.2244  0 05 x 06
0.3285  0 06 x 06    0.3286  0 06 x 07    0.2256  0 01 x 05    0.2254  0 05 x 12
0.3286  0 05 x 05    0.3288  0 05 x 05    0.2257  0 06 x 05    0.2257  0 01 x 05
0.3289  0 05 x 06    0.3288  0 06 x 08    0.2260  0 05 x 10    0.2258  0 05 x 10
0.3299  0 06 x 12    0.3290  0 05 x 06    0.2261  0 04 x 05    0.2261  0 04 x 05
0.3306  0 06 x 08    0.3292  0 06 x 10    0.2261  0 05 x 12    0.2261  0 06 x 05
0.3310  0 06 x 10    0.3295  0 05 x 08    0.2263  0 05 x 08    0.2261  0 01 x 06
0.3314  0 01 x 05    0.3295  0 06 x 12    0.2267  0 06 x 06    0.2266  0 06 x 06
0.3317  0 05 x 08    0.3311  0 05 x 12    0.2269  0 01 x 08    0.2268  0 01 x 08
0.3318  0 04 x 05    0.3316  0 01 x 05    0.2272  0 01 x 06    0.2270  0 04 x 08
0.3335  0 05 x 10    0.3317  0 04 x 05    0.2273  0 04 x 08    0.2271  0 06 x 08
0.3336  0 04 x 06    0.3324  0 01 x 06    0.2278  0 04 x 06    0.2271  0 04 x 06
0.3337  0 06 x 04    0.3328  0 05 x 10    0.2279  0 06 x 07    0.2276  0 05 x 08
0.3338  0 05 x 12    0.3331  0 01 x 08    0.2282  0 01 x 10    0.2280  0 01 x 07
0.3342  0 01 x 08    0.3334  0 04 x 08    0.2283  0 01 x 07    0.2283  0 01 x 12
0.3342  0 01 x 12    0.3346  0 04 x 06    0.2285  0 01 x 12    0.2286  0 06 x 07
0.3344  0 04 x 08    0.3347  0 06 x 04    0.2285  0 04 x 07    0.2288  0 06 x 10
0.3345  0 01 x 06    0.3349  0 01 x 12    0.2286  0 06 x 12    0.2293  0 06 x 12
0.3350  0 05 x 04    0.3353  0 05 x 04    0.2290  0 06 x 10    0.2295  0 31 x 03
0.3355  0 01 x 07    0.3356  0 01 x 10    0.2290  0 06 x 08    0.2297  0 04 x 07
0.3357  0 04 x 07    0.3361  0 04 x 12    0.2301  0 31 x 03    0.2297  0 04 x 12
0.3360  0 01 x 10    0.3364  0 04 x 07    0.2306  0 04 x 10    0.2302  0 01 x 04
0.3370  0 01 x 04    0.3366  0 01 x 04    0.2306  0 04 x 04    0.2302  0 01 x 10
0.3381  0 04 x 12    0.3372  0 04 x 04    0.2306  0 05 x 04    0.2303  0 05 x 04
0.3390  0 07 x 06    0.3374  0 01 x 07    0.2308  0 30 x 03    0.2311  0 00 x 05
0.3391  0 00 x 05    0.3385  0 00 x 05    0.2310  0 00 x 05    0.2312  0 06 x 04
0.3391  0 04 x 04    0.3387  0 07 x 06    0.2314  0 01 x 04    0.2319  0 04 x 04
0.3395  0 07 x 05    0.3390  0 00 x 06    0.2314  0 06 x 04    0.2323  0 30 x 03
0.3397  0 04 x 10    0.3399  0 07 x 05    0.2316  0 04 x 12    0.2326  0 00 x 06
0.3408  0 00 x 06    0.3401  0 04 x 10    0.2331  0 00 x 06    0.2333  0 04 x 10
0.3408  0 07 x 07    0.3419  0 07 x 07    0.2332  0 28 x 03    0.2338  0 28 x 03
0.3421  5 08 x 05    0.3419  5 08 x 05    0.2339  0 00 x 08    0.2344  0 00 x 07
0.3430  0 00 x 07    0.3433  6 08 x 07    0.2347  0 00 x 04    0.2354  0 29 x 03
0.3433  0 31 x 03    0.3434  0 00 x 07    0.2347  0 29 x 03    0.2361  0 00 x 12
0.3433  0 00 x 08    0.3434  6 08 x 08    0.2360  0 00 x 07    0.2362  0 00 x 04
0.3435  5 08 x 12    0.3435  0 07 x 10    0.2373  0 00 x 12    0.2364  0 00 x 08
0.3437  6 08 x 07    0.3435  0 31 x 03    0.2378  0 00 x 10    0.2379  5 08 x 05
0.3437  0 07 x 04    0.3436  0 00 x 08    0.2386  5 08 x 05    0.2380  0 27 x 03
0.3438  0 07 x 08    0.3437  0 07 x 04    0.2389  0 07 x 06    0.2384  0 07 x 05
0.3442  0 07 x 12    0.3439  0 07 x 12    0.2391  0 07 x 05    0.2387  0 07 x 06
0.3444  0 30 x 03    0.3448  0 00 x 04    0.2393  0 27 x 03    0.2391  0 00 x 10
0.3446  0 00 x 04    0.3450  0 30 x 03    0.2401  0 07 x 07    0.2407  0 07 x 07
0.3450  0 07 x 10    0.3455  5 08 x 12    0.2408  5 08 x 12    0.2407  0 07 x 08
0.3451  5 08 x 06    0.3456  5 08 x 06    0.2411  5 08 x 06    0.2408  5 08 x 06
0.3454  6 08 x 08    0.3457  6 08 x 05    0.2418  0 07 x 08    0.2409  0 07 x 12
0.3455  6 08 x 06    0.3458  6 08 x 06    0.2419  0 07 x 10    0.2411  5 08 x 12
0.3463  5 08 x 10    0.3460  0 07 x 08    0.2424  0 07 x 04    0.2413  0 07 x 10
0.3463  6 08 x 05    0.3467  5 08 x 10    0.2436  0 05 x 07    0.2417  0 07 x 04
0.3477  6 08 x 10    0.3471  0 00 x 12    0.2441  5 08 x 10    0.2424  5 08 x 10
0.3482  0 28 x 03    0.3476  0 00 x 10    0.2442  6 08 x 07    0.2429  0 05 x 07
0.3491  0 00 x 10    0.3492  0 29 x 03    0.2450  5 08 x 07    0.2441  6 08 x 07
0.3492  0 29 x 03    0.3492  6 08 x 10    0.2455  5 08 x 08    0.2445  4 08 x 05
0.3494  0 00 x 12    0.3495  5 08 x 08    0.2456  4 08 x 05    0.2447  5 08 x 07
0.3498  5 08 x 08    0.3499  0 28 x 03    0.2457  0 07 x 12    0.2450  5 08 x 08
0.3508  6 08 x 12    0.3512  6 08 x 12    0.2458  4 08 x 08    0.2453  6 08 x 06
0.3508  5 08 x 07    0.3514  5 08 x 07    0.2460  5 08 x 04    0.2454  6 08 x 08
0.3534  5 08 x 04    0.3533  5 08 x 04    0.2461  6 08 x 05    0.2461  4 08 x 08
0.3535  0 27 x 03    0.3546  4 08 x 05    0.2461  6 08 x 08    0.2462  5 08 x 04
0.3561  4 08 x 08    0.3548  0 27 x 03    0.2465  6 08 x 06    0.2464  6 08 x 05
0.3566  4 08 x 05    0.3552  4 08 x 08    0.2485  0 05 x 03    0.2473  6 08 x 10
0.3568  6 08 x 04    0.3562  6 08 x 04    0.2487  4 08 x 07    0.2483  6 08 x 12
0.3577  0 05 x 07    0.3573  4 08 x 07    0.2489  6 08 x 12    0.2484  0 05 x 03
0.3591  4 08 x 07    0.3583  0 05 x 07    0.2495  4 08 x 12    0.2486  4 08 x 07
0.3614  4 08 x 06    0.3595  4 08 x 12    0.2497  6 08 x 10    0.2494  4 08 x 06
0.3618  4 08 x 10    0.3610  4 08 x 06    0.2497  4 08 x 06    0.2494  4 08 x 12
0.3623  4 08 x 12    0.3623  4 08 x 10    0.2501  0 01 x 03    0.2498  0 01 x 03
0.3663  4 08 x 04    0.3659  4 08 x 04    0.2506  0 06 x 03    0.2508  0 04 x 03
0.3689  0 06 x 03    0.3682  7 08 x 05    0.2506  4 08 x 10    0.2513  0 06 x 03
0.3690  7 08 x 05    0.3692  0 06 x 03    0.2519  4 08 x 04    0.2515  4 08 x 04
0.3705  0 05 x 03    0.3706  0 05 x 03    0.2521  0 04 x 03    0.2518  4 08 x 10
0.3743  0 01 x 03    0.3740  0 01 x 03    0.2529  0 00 x 03    0.2524  0 00 x 03
0.3769  0 04 x 03    0.3762  0 04 x 03    0.2531  6 08 x 04    0.2536  6 08 x 04
0.3790  0 00 x 03    0.3778  0 00 x 03    0.2604  0 03 x 05    0.2610  0 03 x 05
0.3831  0 03 x 05    0.3821  0 07 x 03    0.2605  0 03 x 03    0.2611  0 03 x 06
0.3835  0 07 x 03    0.3834  7 08 x 04    0.2610  0 03 x 04    0.2618  0 03 x 03
0.3837  3 08 x 05    0.3835  0 03 x 04    0.2620  0 03 x 06    0.2622  3 08 x 05
0.3839  0 03 x 04    0.3836  3 08 x 05    0.2625  3 08 x 05    0.2625  0 03 x 08
0.3840  0 03 x 06    0.3845  0 03 x 06    0.2629  0 03 x 07    0.2631  0 03 x 04
0.3841  7 08 x 04    0.3845  0 03 x 05    0.2631  0 07 x 03    0.2632  0 07 x 03
0.3852  0 03 x 07    0.3859  3 08 x 06    0.2636  0 03 x 12    0.2636  0 03 x 07
0.3857  0 03 x 08    0.3861  3 08 x 08    0.2638  5 08 x 03    0.2637  0 03 x 12
0.3866  3 08 x 08    0.3870  5 08 x 03    0.2649  3 08 x 06    0.2641  3 08 x 06
0.3869  5 08 x 03    0.3870  0 03 x 08    0.2659  0 03 x 08    0.2642  5 08 x 03
0.3879  3 08 x 06    0.3873  0 03 x 07    0.2661  3 08 x 10    0.2650  3 08 x 08
0.3883  0 03 x 12    0.3875  0 03 x 12    0.2665  0 03 x 10    0.2663  3 08 x 07
0.3890  0 03 x 03    0.3883  0 03 x 03    0.2666  3 08 x 07    0.2674  0 03 x 10
0.3899  3 08 x 07    0.3897  3 08 x 07    0.2685  3 08 x 08    0.2695  4 08 x 03
0.3909  3 08 x 10    0.3908  3 08 x 10    0.2701  7 08 x 05    0.2701  3 08 x 04
0.3933  6 08 x 03    0.3912  0 03 x 10    0.2701  4 08 x 03    0.2702  3 08 x 10
0.3933  0 03 x 10    0.3942  6 08 x 03    0.2703  3 08 x 04    0.2710  7 08 x 05
0.3961  3 08 x 04    0.3965  3 08 x 04    0.2737  3 08 x 12    0.2725  3 08 x 12
0.3980  4 08 x 03    0.3970  4 08 x 03    0.2756  6 08 x 03    0.2744  6 08 x 03
0.3980  3 08 x 12    0.3982  3 08 x 12    0.2813  7 08 x 04    0.2838  7 08 x 04
0.4221  7 08 x 03    0.4214  7 08 x 03    0.2845  3 08 x 03    0.2844  3 08 x 03
0.4253  3 08 x 03    0.4245  3 08 x 03    0.3033  2 08 x 05    0.3033  2 08 x 05
0.4476  2 08 x 05    0.4448  2 08 x 05    0.3100  7 08 x 03    0.3097  7 08 x 03
0.4602  2 08 x 04    0.4592  2 08 x 04    0.3129  2 08 x 04    0.3133  2 08 x 04
0.5368  0 02 x 03    0.5374  0 02 x 03    0.3636  0 02 x 03    0.3649  0 02 x 03
0.5729  0 02 x 07    0.5731  0 02 x 07    0.3903  0 02 x 07    0.3889  0 02 x 08
0.5746  0 02 x 08    0.5738  0 02 x 08    0.3911  0 02 x 08    0.3904  0 02 x 06
0.5753  0 02 x 06    0.5754  0 02 x 06    0.3913  0 02 x 06    0.3910  0 02 x 07
0.5794  0 02 x 04    0.5798  0 02 x 04    0.3936  0 02 x 04    0.3936  0 02 x 05
0.5821  0 02 x 05    0.5815  0 02 x 05    0.3945  0 02 x 05    0.3946  0 02 x 04
0.5912  2 08 x 03    0.5910  0 02 x 10    0.4011  2 08 x 03    0.4019  2 08 x 03
0.5938  0 02 x 10    0.5912  2 08 x 03    0.4017  0 02 x 10    0.4051  0 02 x 10
0.5971  0 02 x 12    0.5967  0 02 x 12    0.4053  0 02 x 12    0.4070  0 02 x 12
0.7282  1 08 x 05    0.7280  1 08 x 05    0.4921  1 08 x 05    0.4924  1 08 x 05
0.7314  1 08 x 03    0.7295  1 08 x 04    0.4928  1 08 x 03    0.4934  1 08 x 04
0.7320  1 08 x 04    0.7318  1 08 x 03    0.4936  1 08 x 04    0.4937  1 08 x 03
---Benchmark Program Finished---
jeffreyhurchalla@Jeffreys-MacBook-Air montgomery_two_pow % 