
./testbench.sh clang++ O3 MontgomeryQuarter __uint128_t 191 8 40 -DTEST_ARRAY

compilation finished, now executing:
---Running Program---

begin benchmarks - array two_pow
(ignore)5349058770945686463884924119731073391

OVERALL BEST:
1.0862  0 30 x 07
1.0877  0 30 x 06
1.0891  0 28 x 06
1.0898  0 30 x 08
1.0910  0 28 x 07
1.0921  0 29 x 10
1.0936  0 28 x 08
1.0946  0 29 x 06
1.0950  0 30 x 05
1.0956  0 29 x 12
1.0959  0 29 x 08
1.0965  0 30 x 12
1.0972  0 30 x 10
1.0973  0 32 x 12
1.0974  0 31 x 12
1.0975  0 31 x 10
1.0975  0 28 x 12
1.0977  0 32 x 10
1.0977  0 29 x 07
1.0984  0 31 x 07
1.0985  0 32 x 07
1.0990  0 31 x 08
1.0991  0 28 x 10
1.0991  0 32 x 08
1.1011  0 32 x 06
1.1013  0 31 x 06
1.1018  0 29 x 05
1.1029  0 32 x 05
1.1029  0 31 x 05
1.1036  0 28 x 05
1.1137  0 30 x 04
1.1145  0 28 x 04
1.1155  0 27 x 10
1.1156  0 27 x 06
1.1161  0 27 x 08
1.1172  0 27 x 07
1.1180  0 27 x 12
1.1184  0 32 x 04
1.1185  0 31 x 04
1.1187  0 29 x 04
1.1225  0 27 x 05
1.1444  0 27 x 04
1.1522  0 05 x 08
1.1538  0 05 x 12
1.1639  0 05 x 07
1.1658  0 06 x 12
1.1666  0 06 x 08
1.1667  0 05 x 06
1.1772  0 06 x 06
1.1776  0 06 x 07
1.1782  0 05 x 05
1.1783  0 01 x 12
1.1802  0 04 x 12
1.1805  0 01 x 10
1.1825  0 04 x 08
1.1829  0 01 x 08
1.1842  0 01 x 07
1.1866  0 06 x 05
1.1874  0 05 x 04
1.1890  0 01 x 06
1.1933  0 06 x 04
1.1951  0 00 x 10
1.1953  0 01 x 05
1.1953  0 00 x 12
1.1954  0 04 x 06
1.1962  0 04 x 07
1.1983  0 00 x 08
1.2000  0 00 x 07
1.2022  0 00 x 06
1.2039  0 01 x 04
1.2097  0 04 x 05
1.2131  0 07 x 12
1.2132  0 07 x 08
1.2142  0 00 x 05
1.2161  0 04 x 04
1.2238  0 07 x 06
1.2240  0 07 x 07
1.2310  0 00 x 04
1.2313  0 07 x 05
1.2388  0 07 x 04
1.2505  0 30 x 03
1.2541  0 28 x 03
1.2548  0 31 x 03
1.2550  0 32 x 03
1.2565  0 29 x 03
1.2745  5 08 x 10
1.2840  0 27 x 03
1.2908  5 08 x 07
1.2926  5 08 x 08
1.2939  5 08 x 05
1.2974  0 06 x 10
1.2997  0 05 x 03
1.3007  5 08 x 04
1.3030  4 08 x 10
1.3040  0 05 x 10
1.3092  0 06 x 03
1.3100  6 08 x 10
1.3127  0 01 x 03
1.3170  4 08 x 08
1.3202  0 04 x 03
1.3209  4 08 x 07
1.3230  4 08 x 05
1.3259  5 08 x 06
1.3275  6 08 x 07
1.3278  6 08 x 08
1.3313  4 08 x 04
1.3317  6 08 x 05
1.3318  0 00 x 03
1.3332  0 07 x 10
1.3401  0 03 x 10
1.3425  0 03 x 12
1.3434  0 03 x 08
1.3459  0 03 x 07
1.3469  0 03 x 06
1.3489  6 08 x 04
1.3520  0 03 x 04
1.3531  0 03 x 05
1.3541  0 04 x 10
1.3546  0 07 x 03
1.3599  4 08 x 06
1.3640  6 08 x 06
1.3697  5 08 x 12
1.3796  0 03 x 03
1.3944  6 08 x 12
1.3948  3 08 x 10
1.4081  3 08 x 08
1.4134  4 08 x 12
1.4210  3 08 x 05
1.4233  3 08 x 04
1.4273  5 08 x 03
1.4508  3 08 x 07
1.4589  4 08 x 03
1.4648  3 08 x 06
1.4768  7 08 x 05
1.4932  6 08 x 03
1.4961  7 08 x 04
1.5330  3 08 x 12
1.5600  3 08 x 03
1.6504  7 08 x 03
1.6540  2 08 x 04
1.6593  2 08 x 05
1.6712  0 28 x 02
1.6760  0 05 x 02
1.6766  0 31 x 02
1.6799  0 06 x 02
1.6808  0 30 x 02
1.6810  0 01 x 02
1.6839  0 29 x 02
1.6863  0 32 x 02
1.6868  0 00 x 02
1.6906  0 04 x 02
1.6985  0 27 x 02
1.7226  0 07 x 02
1.7787  2 08 x 03
1.8065  0 03 x 02
1.8069  0 02 x 02
1.8482  5 08 x 02
1.8700  4 08 x 02
1.8933  0 02 x 03
1.9060  6 08 x 02
1.9456  0 02 x 04
1.9671  3 08 x 02
1.9924  0 02 x 05
1.9925  0 02 x 06
1.9951  0 02 x 07
2.0002  0 02 x 08
2.0046  0 02 x 10
2.0145  0 02 x 12
2.0961  7 08 x 02
2.1956  2 08 x 02
2.2620  1 08 x 04
2.3227  1 08 x 05
2.4829  1 08 x 03
2.8299  0 06 x 01
2.8342  0 05 x 01
2.8516  0 07 x 01
2.8694  0 01 x 01
2.8695  0 04 x 01
2.9177  0 00 x 01
2.9350  0 28 x 01
2.9425  1 08 x 02
2.9650  0 31 x 01
2.9683  0 29 x 01
2.9743  0 30 x 01
2.9812  0 32 x 01
3.0005  0 27 x 01
3.1651  5 08 x 01
3.1850  0 02 x 01
3.1868  0 03 x 01
3.2458  4 08 x 01
3.2694  6 08 x 01
3.4408  3 08 x 01
3.5273  7 08 x 01
3.8759  2 08 x 01
5.2489  1 08 x 01
Timings By Test Type:
0.3203  0 30 x 07    0.3203  0 30 x 07    0.2228  0 30 x 07    0.2228  0 30 x 07
0.3209  0 30 x 06    0.3209  0 30 x 06    0.2230  0 30 x 06    0.2229  0 30 x 06
0.3213  0 30 x 08    0.3212  0 30 x 08    0.2231  0 28 x 06    0.2231  0 28 x 06
0.3213  0 29 x 10    0.3214  0 29 x 10    0.2237  0 30 x 08    0.2237  0 30 x 08
0.3215  0 28 x 06    0.3215  0 28 x 06    0.2239  0 28 x 07    0.2239  0 28 x 07
0.3216  0 28 x 07    0.3216  0 28 x 07    0.2242  0 29 x 06    0.2240  0 30 x 05
0.3225  0 29 x 08    0.3225  0 28 x 08    0.2243  0 30 x 05    0.2242  0 29 x 06
0.3225  0 28 x 08    0.3226  0 29 x 08    0.2243  0 28 x 08    0.2243  0 28 x 08
0.3230  0 29 x 06    0.3232  0 29 x 12    0.2246  0 29 x 12    0.2246  0 29 x 12
0.3231  0 29 x 12    0.3232  0 29 x 06    0.2247  0 29 x 10    0.2247  0 29 x 10
0.3233  0 30 x 12    0.3232  0 30 x 12    0.2249  0 28 x 10    0.2249  0 28 x 10
0.3234  0 30 x 05    0.3233  0 30 x 05    0.2250  0 30 x 12    0.2249  0 28 x 12
0.3235  0 30 x 10    0.3235  0 30 x 10    0.2250  0 28 x 12    0.2250  0 30 x 12
0.3236  0 32 x 12    0.3236  0 31 x 10    0.2251  0 32 x 12    0.2250  0 32 x 12
0.3236  0 31 x 10    0.3236  0 32 x 12    0.2251  0 31 x 12    0.2250  0 31 x 12
0.3237  0 32 x 10    0.3237  0 31 x 12    0.2251  0 29 x 07    0.2251  0 29 x 07
0.3237  0 31 x 12    0.3237  0 32 x 10    0.2251  0 30 x 10    0.2251  0 30 x 10
0.3238  0 29 x 07    0.3238  0 29 x 07    0.2252  0 32 x 10    0.2252  0 31 x 10
0.3238  0 28 x 12    0.3239  0 32 x 07    0.2252  0 31 x 10    0.2252  0 32 x 10
0.3238  0 32 x 07    0.3239  0 28 x 12    0.2253  0 31 x 07    0.2253  0 31 x 07
0.3239  0 31 x 07    0.3239  0 31 x 07    0.2254  0 32 x 07    0.2254  0 29 x 08
0.3240  0 31 x 08    0.3240  0 31 x 08    0.2254  0 31 x 05    0.2255  0 29 x 05
0.3240  0 32 x 08    0.3240  0 32 x 08    0.2254  0 29 x 05    0.2255  0 32 x 07
0.3247  0 28 x 10    0.3246  0 28 x 10    0.2254  0 29 x 08    0.2255  0 32 x 05
0.3249  0 32 x 06    0.3250  0 32 x 06    0.2255  0 32 x 05    0.2255  0 31 x 05
0.3252  0 31 x 06    0.3251  0 31 x 06    0.2255  0 31 x 06    0.2255  0 32 x 08
0.3254  0 29 x 05    0.3255  0 29 x 05    0.2255  0 31 x 08    0.2255  0 31 x 06
0.3258  0 28 x 05    0.3256  0 28 x 05    0.2256  0 32 x 08    0.2255  0 31 x 08
0.3259  0 31 x 05    0.3260  0 32 x 05    0.2256  0 32 x 06    0.2256  0 32 x 06
0.3260  0 32 x 05    0.3261  0 31 x 05    0.2261  0 28 x 05    0.2261  0 28 x 05
0.3292  0 27 x 10    0.3292  0 27 x 10    0.2272  0 30 x 04    0.2272  0 28 x 04
0.3292  0 27 x 08    0.3293  0 27 x 08    0.2273  0 28 x 04    0.2272  0 30 x 04
0.3296  0 27 x 06    0.3295  0 27 x 06    0.2275  0 29 x 04    0.2275  0 29 x 04
0.3297  0 30 x 04    0.3297  0 30 x 04    0.2282  0 27 x 06    0.2282  0 27 x 06
0.3297  0 27 x 07    0.3297  0 27 x 07    0.2286  0 27 x 10    0.2286  0 27 x 10
0.3299  0 27 x 12    0.3299  0 27 x 12    0.2288  0 27 x 08    0.2288  0 27 x 08
0.3300  0 28 x 04    0.3300  0 28 x 04    0.2289  0 27 x 07    0.2289  0 27 x 07
0.3303  0 32 x 04    0.3303  0 31 x 04    0.2289  0 32 x 04    0.2289  0 32 x 04
0.3303  0 31 x 04    0.3303  0 32 x 04    0.2290  0 31 x 04    0.2289  0 31 x 04
0.3317  0 27 x 05    0.3318  0 27 x 05    0.2291  0 27 x 12    0.2291  0 27 x 12
0.3318  0 29 x 04    0.3319  0 29 x 04    0.2295  0 27 x 05    0.2294  0 27 x 05
0.3380  0 27 x 04    0.3378  0 27 x 04    0.2343  0 27 x 04    0.2343  0 27 x 04
0.3401  0 05 x 08    0.3399  0 05 x 08    0.2361  0 05 x 08    0.2361  0 05 x 08
0.3408  0 05 x 12    0.3407  0 05 x 12    0.2361  0 05 x 12    0.2362  0 05 x 12
0.3436  0 05 x 07    0.3436  0 05 x 07    0.2381  0 05 x 07    0.2385  0 05 x 07
0.3439  0 06 x 12    0.3440  0 06 x 12    0.2387  0 06 x 08    0.2386  0 06 x 08
0.3446  0 06 x 08    0.3446  0 05 x 06    0.2388  0 05 x 06    0.2387  0 05 x 06
0.3447  0 05 x 06    0.3446  0 06 x 08    0.2389  0 06 x 12    0.2390  0 06 x 12
0.3478  0 06 x 06    0.3478  0 06 x 06    0.2392  0 01 x 12    0.2392  0 01 x 12
0.3480  0 06 x 07    0.3480  0 06 x 07    0.2395  0 01 x 10    0.2395  0 01 x 10
0.3484  0 05 x 05    0.3485  0 05 x 05    0.2395  0 04 x 12    0.2395  0 04 x 12
0.3499  0 01 x 12    0.3499  0 01 x 12    0.2400  0 04 x 08    0.2400  0 04 x 08
0.3502  0 06 x 05    0.3502  0 06 x 05    0.2401  0 01 x 08    0.2401  0 01 x 08
0.3506  0 04 x 12    0.3506  0 04 x 12    0.2404  0 01 x 07    0.2401  0 05 x 05
0.3508  0 05 x 04    0.3508  0 01 x 10    0.2408  0 06 x 07    0.2401  0 01 x 07
0.3508  0 01 x 10    0.3508  0 05 x 04    0.2408  0 06 x 06    0.2408  0 06 x 06
0.3513  0 04 x 08    0.3513  0 04 x 08    0.2409  0 01 x 06    0.2408  0 06 x 07
0.3514  0 01 x 08    0.3513  0 01 x 08    0.2412  0 05 x 05    0.2409  0 01 x 06
0.3518  0 01 x 07    0.3519  0 01 x 07    0.2425  0 01 x 05    0.2425  0 01 x 05
0.3520  0 06 x 04    0.3522  0 06 x 04    0.2426  0 04 x 06    0.2427  0 04 x 07
0.3533  0 00 x 10    0.3533  0 00 x 10    0.2427  0 04 x 07    0.2427  0 04 x 06
0.3534  0 00 x 12    0.3535  0 00 x 12    0.2429  0 05 x 04    0.2429  0 05 x 04
0.3536  0 01 x 06    0.3537  0 01 x 06    0.2431  0 06 x 05    0.2431  0 06 x 05
0.3540  0 00 x 08    0.3540  0 00 x 08    0.2442  0 01 x 04    0.2441  0 01 x 04
0.3546  0 00 x 07    0.3547  0 00 x 07    0.2442  0 00 x 12    0.2442  0 00 x 12
0.3551  0 04 x 06    0.3550  0 04 x 06    0.2442  0 00 x 10    0.2443  0 00 x 10
0.3552  0 01 x 05    0.3551  0 01 x 05    0.2446  0 06 x 04    0.2446  0 06 x 04
0.3554  0 04 x 07    0.3554  0 04 x 07    0.2452  0 00 x 08    0.2451  0 00 x 08
0.3557  0 00 x 06    0.3556  0 00 x 06    0.2453  0 00 x 07    0.2453  0 00 x 07
0.3559  0 07 x 08    0.3558  0 07 x 08    0.2454  0 00 x 06    0.2455  0 00 x 06
0.3559  0 07 x 12    0.3559  0 07 x 12    0.2455  0 04 x 05    0.2456  0 04 x 05
0.3578  0 01 x 04    0.3578  0 01 x 04    0.2468  0 04 x 04    0.2467  0 04 x 04
0.3593  0 00 x 05    0.3593  0 04 x 05    0.2477  0 00 x 05    0.2478  0 00 x 05
0.3594  0 04 x 05    0.3594  0 00 x 05    0.2506  0 07 x 12    0.2507  0 00 x 04
0.3595  0 07 x 07    0.3594  0 07 x 07    0.2507  0 00 x 04    0.2507  0 07 x 12
0.3595  0 07 x 06    0.3595  0 07 x 06    0.2507  0 07 x 08    0.2507  0 07 x 08
0.3612  0 07 x 05    0.3612  0 07 x 05    0.2524  0 07 x 06    0.2524  0 07 x 06
0.3613  0 04 x 04    0.3613  0 04 x 04    0.2526  0 07 x 07    0.2525  0 07 x 07
0.3633  0 07 x 04    0.3633  0 07 x 04    0.2526  0 30 x 03    0.2527  0 30 x 03
0.3648  0 00 x 04    0.3648  0 00 x 04    0.2530  0 28 x 03    0.2530  0 28 x 03
0.3727  0 30 x 03    0.3726  0 30 x 03    0.2530  0 31 x 03    0.2531  0 32 x 03
0.3736  5 08 x 10    0.3736  5 08 x 10    0.2532  0 32 x 03    0.2531  0 31 x 03
0.3740  0 28 x 03    0.3740  0 28 x 03    0.2534  0 29 x 03    0.2534  0 29 x 03
0.3744  0 31 x 03    0.3743  0 31 x 03    0.2545  0 07 x 05    0.2544  0 07 x 05
0.3744  0 32 x 03    0.3743  0 32 x 03    0.2561  0 07 x 04    0.2562  0 07 x 04
0.3748  0 29 x 03    0.3749  0 29 x 03    0.2590  0 27 x 03    0.2591  0 27 x 03
0.3785  5 08 x 07    0.3784  5 08 x 07    0.2618  0 05 x 03    0.2617  0 05 x 03
0.3788  5 08 x 08    0.3789  5 08 x 08    0.2627  0 01 x 03    0.2628  0 01 x 03
0.3800  5 08 x 05    0.3800  5 08 x 05    0.2637  5 08 x 10    0.2638  5 08 x 10
0.3803  6 08 x 10    0.3802  6 08 x 10    0.2639  0 06 x 03    0.2639  0 06 x 03
0.3824  5 08 x 04    0.3826  5 08 x 04    0.2641  0 06 x 10    0.2641  0 06 x 10
0.3830  0 27 x 03    0.3829  0 27 x 03    0.2647  0 04 x 03    0.2647  0 04 x 03
0.3842  4 08 x 10    0.3842  4 08 x 10    0.2653  0 05 x 10    0.2653  0 05 x 10
0.3845  0 06 x 10    0.3846  0 06 x 10    0.2668  5 08 x 05    0.2668  5 08 x 04
0.3848  6 08 x 08    0.3848  6 08 x 08    0.2669  5 08 x 07    0.2670  5 08 x 07
0.3852  6 08 x 07    0.3852  6 08 x 07    0.2673  4 08 x 10    0.2670  5 08 x 05
0.3867  0 05 x 10    0.3866  6 08 x 05    0.2675  5 08 x 08    0.2673  4 08 x 10
0.3867  6 08 x 05    0.3867  0 05 x 10    0.2685  0 00 x 03    0.2674  5 08 x 08
0.3881  0 05 x 03    0.3880  0 05 x 03    0.2688  5 08 x 04    0.2684  0 00 x 03
0.3883  4 08 x 08    0.3884  4 08 x 08    0.2702  4 08 x 08    0.2701  4 08 x 08
0.3891  5 08 x 06    0.3891  5 08 x 06    0.2707  4 08 x 05    0.2707  4 08 x 05
0.3895  4 08 x 07    0.3895  4 08 x 07    0.2709  4 08 x 07    0.2709  4 08 x 07
0.3906  0 06 x 03    0.3907  0 06 x 03    0.2721  4 08 x 04    0.2723  4 08 x 04
0.3907  4 08 x 05    0.3908  4 08 x 05    0.2724  0 03 x 10    0.2725  0 03 x 10
0.3917  0 07 x 10    0.3918  0 07 x 10    0.2729  0 03 x 12    0.2729  0 03 x 12
0.3919  6 08 x 04    0.3920  6 08 x 04    0.2730  0 03 x 08    0.2731  0 03 x 08
0.3934  4 08 x 04    0.3936  4 08 x 04    0.2736  0 03 x 07    0.2735  0 03 x 06
0.3936  0 01 x 03    0.3936  0 01 x 03    0.2737  0 03 x 06    0.2736  0 03 x 07
0.3954  0 04 x 03    0.3954  0 04 x 03    0.2738  5 08 x 06    0.2739  5 08 x 06
0.3958  6 08 x 06    0.3958  6 08 x 06    0.2745  0 03 x 04    0.2745  0 03 x 04
0.3975  0 03 x 10    0.3975  0 00 x 03    0.2747  6 08 x 10    0.2748  6 08 x 10
0.3975  0 00 x 03    0.3978  0 03 x 10    0.2749  0 07 x 10    0.2749  0 03 x 05
0.3984  0 03 x 12    0.3984  0 03 x 12    0.2749  0 03 x 05    0.2749  0 07 x 10
0.3986  0 03 x 08    0.3987  0 03 x 08    0.2751  0 04 x 10    0.2752  0 04 x 10
0.3993  0 03 x 07    0.3994  0 03 x 07    0.2755  0 07 x 03    0.2755  0 07 x 03
0.3998  0 03 x 06    0.3999  0 03 x 06    0.2772  0 03 x 03    0.2771  0 03 x 03
0.4012  4 08 x 06    0.4011  5 08 x 12    0.2786  6 08 x 07    0.2786  6 08 x 07
0.4013  5 08 x 12    0.4012  4 08 x 06    0.2787  4 08 x 06    0.2788  4 08 x 06
0.4015  0 03 x 04    0.4015  0 03 x 04    0.2792  6 08 x 05    0.2791  6 08 x 08
0.4017  0 03 x 05    0.4016  0 03 x 05    0.2792  6 08 x 08    0.2791  6 08 x 05
0.4018  0 07 x 03    0.4019  0 07 x 03    0.2825  6 08 x 04    0.2825  6 08 x 04
0.4019  0 04 x 10    0.4019  0 04 x 10    0.2836  5 08 x 12    0.2837  5 08 x 12
0.4047  6 08 x 12    0.4045  6 08 x 12    0.2841  3 08 x 10    0.2840  3 08 x 10
0.4127  0 03 x 03    0.4125  0 03 x 03    0.2862  6 08 x 06    0.2862  6 08 x 06
0.4134  3 08 x 10    0.4133  3 08 x 10    0.2868  3 08 x 08    0.2868  3 08 x 08
0.4168  4 08 x 12    0.4168  4 08 x 12    0.2892  3 08 x 05    0.2892  3 08 x 05
0.4173  3 08 x 08    0.4172  5 08 x 03    0.2894  3 08 x 04    0.2894  3 08 x 04
0.4210  7 08 x 05    0.4172  3 08 x 08    0.2899  4 08 x 12    0.2899  4 08 x 12
0.4213  3 08 x 05    0.4210  7 08 x 05    0.2926  6 08 x 12    0.2927  6 08 x 12
0.4223  3 08 x 04    0.4213  3 08 x 05    0.2930  5 08 x 03    0.2931  5 08 x 03
0.4239  5 08 x 03    0.4222  3 08 x 04    0.2955  3 08 x 07    0.2955  3 08 x 07
0.4267  7 08 x 04    0.4266  7 08 x 04    0.2959  4 08 x 03    0.2958  4 08 x 03
0.4298  3 08 x 07    0.4299  3 08 x 07    0.2980  3 08 x 06    0.2980  3 08 x 06
0.4336  4 08 x 03    0.4337  4 08 x 03    0.3119  3 08 x 12    0.3119  3 08 x 12
0.4339  6 08 x 03    0.4339  6 08 x 03    0.3127  6 08 x 03    0.3127  6 08 x 03
0.4344  3 08 x 06    0.4344  3 08 x 06    0.3171  3 08 x 03    0.3171  3 08 x 03
0.4547  3 08 x 12    0.4546  3 08 x 12    0.3174  7 08 x 05    0.3174  7 08 x 05
0.4628  3 08 x 03    0.4629  3 08 x 03    0.3214  7 08 x 04    0.3214  7 08 x 04
0.4718  7 08 x 03    0.4719  7 08 x 03    0.3355  0 01 x 02    0.3326  0 28 x 02
0.4913  2 08 x 04    0.4915  2 08 x 04    0.3356  2 08 x 04    0.3341  0 00 x 02
0.4924  2 08 x 05    0.4925  2 08 x 05    0.3360  0 05 x 02    0.3356  0 01 x 02
0.4951  0 32 x 02    0.5008  0 28 x 02    0.3372  2 08 x 05    0.3357  2 08 x 04
0.4952  0 31 x 02    0.5020  0 05 x 02    0.3376  0 06 x 02    0.3360  0 05 x 02
0.4955  0 29 x 02    0.5024  0 06 x 02    0.3376  0 04 x 02    0.3371  0 31 x 02
0.4961  0 28 x 02    0.5034  0 30 x 02    0.3409  0 31 x 02    0.3372  2 08 x 05
0.4965  0 30 x 02    0.5034  0 31 x 02    0.3410  0 32 x 02    0.3377  0 06 x 02
0.4978  0 00 x 02    0.5050  0 01 x 02    0.3413  0 29 x 02    0.3379  0 04 x 02
0.5020  0 05 x 02    0.5057  0 27 x 02    0.3418  0 28 x 02    0.3388  0 27 x 02
0.5023  0 06 x 02    0.5072  0 29 x 02    0.3419  0 30 x 02    0.3391  0 30 x 02
0.5049  0 01 x 02    0.5075  0 04 x 02    0.3430  0 00 x 02    0.3399  0 29 x 02
0.5057  0 27 x 02    0.5091  0 32 x 02    0.3483  0 27 x 02    0.3410  0 32 x 02
0.5076  0 04 x 02    0.5119  0 00 x 02    0.3483  0 07 x 02    0.3483  0 07 x 02
0.5130  0 07 x 02    0.5130  0 07 x 02    0.3534  7 08 x 03    0.3534  7 08 x 03
0.5279  2 08 x 03    0.5278  2 08 x 03    0.3614  2 08 x 03    0.3615  2 08 x 03
0.5350  0 02 x 02    0.5438  0 03 x 02    0.3633  0 03 x 02    0.3633  0 03 x 02
0.5361  0 03 x 02    0.5446  0 02 x 02    0.3636  0 02 x 02    0.3636  0 02 x 02
0.5491  5 08 x 02    0.5492  5 08 x 02    0.3749  5 08 x 02    0.3749  5 08 x 02
0.5584  4 08 x 02    0.5584  4 08 x 02    0.3766  4 08 x 02    0.3765  4 08 x 02
0.5608  6 08 x 02    0.5610  6 08 x 02    0.3844  0 02 x 03    0.3844  0 02 x 03
0.5623  0 02 x 03    0.5622  0 02 x 03    0.3922  6 08 x 02    0.3921  6 08 x 02
0.5753  0 02 x 04    0.5768  0 02 x 04    0.3945  0 02 x 04    0.3947  3 08 x 02
0.5887  3 08 x 02    0.5873  0 02 x 06    0.3947  3 08 x 02    0.3991  0 02 x 04
0.5915  0 02 x 07    0.5889  3 08 x 02    0.4023  0 02 x 05    0.4059  0 02 x 07
0.5920  0 02 x 05    0.5892  0 02 x 05    0.4033  0 02 x 06    0.4077  0 02 x 08
0.5926  0 02 x 08    0.5934  0 02 x 07    0.4043  0 02 x 07    0.4078  0 02 x 10
0.5941  0 02 x 10    0.5951  0 02 x 08    0.4048  0 02 x 08    0.4078  0 02 x 06
0.5942  0 02 x 06    0.5957  0 02 x 10    0.4070  0 02 x 10    0.4089  0 02 x 05
0.5984  0 02 x 12    0.5975  0 02 x 12    0.4093  0 02 x 12    0.4092  0 02 x 12
0.6070  7 08 x 02    0.6071  7 08 x 02    0.4410  7 08 x 02    0.4410  7 08 x 02
0.6431  2 08 x 02    0.6612  2 08 x 02    0.4456  2 08 x 02    0.4456  2 08 x 02
0.6724  1 08 x 04    0.6727  1 08 x 04    0.4585  1 08 x 04    0.4584  1 08 x 04
0.6903  1 08 x 05    0.6911  1 08 x 05    0.4706  1 08 x 05    0.4707  1 08 x 05
0.7389  1 08 x 03    0.7388  1 08 x 03    0.5026  1 08 x 03    0.5026  1 08 x 03
0.8430  0 06 x 01    0.8444  0 06 x 01    0.5727  0 05 x 01    0.5692  0 06 x 01
0.8454  0 05 x 01    0.8469  0 05 x 01    0.5733  0 06 x 01    0.5692  0 05 x 01
0.8488  0 07 x 01    0.8500  0 07 x 01    0.5791  0 07 x 01    0.5738  0 07 x 01
0.8557  0 01 x 01    0.8574  0 01 x 01    0.5795  0 04 x 01    0.5743  0 01 x 01
0.8562  0 04 x 01    0.8580  0 04 x 01    0.5819  0 01 x 01    0.5758  0 04 x 01
0.8639  1 08 x 02    0.8723  0 00 x 01    0.5895  0 28 x 01    0.5857  0 00 x 01
0.8673  0 00 x 01    0.8782  0 28 x 01    0.5923  0 00 x 01    0.5872  1 08 x 02
0.8782  0 28 x 01    0.8883  1 08 x 02    0.5938  0 31 x 01    0.5891  0 28 x 01
0.8894  0 31 x 01    0.8889  0 31 x 01    0.5940  0 29 x 01    0.5929  0 31 x 01
0.8902  0 29 x 01    0.8905  0 29 x 01    0.5952  0 30 x 01    0.5936  0 29 x 01
0.8921  0 32 x 01    0.8923  0 30 x 01    0.5991  0 32 x 01    0.5945  0 30 x 01
0.8923  0 30 x 01    0.8935  0 32 x 01    0.5994  0 27 x 01    0.5964  0 32 x 01
0.9011  0 27 x 01    0.9010  0 27 x 01    0.6031  1 08 x 02    0.5989  0 27 x 01
0.9456  5 08 x 01    0.9465  5 08 x 01    0.6361  0 03 x 01    0.6322  0 02 x 01
0.9570  0 02 x 01    0.9585  0 02 x 01    0.6373  0 02 x 01    0.6327  0 03 x 01
0.9582  0 03 x 01    0.9597  0 03 x 01    0.6383  5 08 x 01    0.6347  5 08 x 01
0.9678  6 08 x 01    0.9687  6 08 x 01    0.6517  4 08 x 01    0.6468  4 08 x 01
0.9729  4 08 x 01    0.9744  4 08 x 01    0.6684  6 08 x 01    0.6645  6 08 x 01
1.0270  7 08 x 01    1.0285  7 08 x 01    0.6911  3 08 x 01    0.6848  3 08 x 01
1.0316  3 08 x 01    1.0334  3 08 x 01    0.7406  7 08 x 01    0.7312  7 08 x 01
1.1600  2 08 x 01    1.1625  2 08 x 01    0.7812  2 08 x 01    0.7722  2 08 x 01
1.5630  1 08 x 01    1.5643  1 08 x 01    1.0677  1 08 x 01    1.0539  1 08 x 01
---Benchmark Program Finished---
