
jeffreyhurchalla@Jeffreys-MacBook-Air montgomery_two_pow % ./testbench.sh clang++ O3 MontgomeryQuarter __uint128_t 191 8 40 -DHURCHALLA_MONTGOMERY_TWO_POW_USE_CSELECT_ON_BIT -DHURCHALLA_ALLOW_INLINE_ASM_ALL
compilation finished, now executing:
---Running Program---

begin benchmarks - array two_pow
(ignore)289614972769914165620993018199243565129

OVERALL BEST:
0.9990  0 31 x 10
1.0016  0 31 x 06
1.0022  0 31 x 12
1.0028  0 31 x 07
1.0035  0 31 x 08
1.0112  0 31 x 05
1.0113  0 29 x 07
1.0121  0 29 x 10
1.0129  0 29 x 08
1.0135  0 29 x 12
1.0151  0 29 x 06
1.0168  0 29 x 05
1.0189  0 31 x 04
1.0202  0 29 x 04
1.0240  0 30 x 06
1.0289  0 28 x 06
1.0326  0 28 x 05
1.0366  0 30 x 05
1.0369  0 28 x 07
1.0388  0 30 x 07
1.0388  0 30 x 08
1.0414  0 28 x 08
1.0427  0 28 x 04
1.0434  0 30 x 04
1.0467  0 27 x 06
1.0552  0 27 x 07
1.0555  0 27 x 05
1.0570  0 30 x 10
1.0612  0 28 x 10
1.0613  0 27 x 08
1.0636  0 30 x 12
1.0670  0 27 x 04
1.0686  0 28 x 12
1.0782  0 27 x 10
1.0866  0 27 x 12
1.0934  0 05 x 06
1.1044  0 05 x 08
1.1053  0 06 x 06
1.1067  0 05 x 07
1.1103  0 05 x 05
1.1118  0 01 x 06
1.1165  0 06 x 07
1.1186  0 01 x 05
1.1191  0 06 x 05
1.1210  0 06 x 08
1.1214  0 04 x 06
1.1227  0 00 x 06
1.1249  0 01 x 07
1.1272  0 05 x 04
1.1308  0 04 x 08
1.1308  0 00 x 05
1.1317  0 05 x 10
1.1319  0 04 x 07
1.1329  0 01 x 08
1.1359  0 06 x 04
1.1371  0 04 x 05
1.1373  0 01 x 04
1.1402  0 00 x 07
1.1410  0 05 x 12
1.1439  0 00 x 04
1.1464  0 06 x 10
1.1510  0 00 x 08
1.1514  0 04 x 04
1.1516  0 01 x 10
1.1550  0 07 x 06
1.1550  0 06 x 12
1.1597  0 04 x 10
1.1609  0 07 x 07
1.1619  0 01 x 12
1.1626  0 31 x 03
1.1652  0 03 x 04
1.1660  0 07 x 05
1.1667  0 29 x 03
1.1684  0 04 x 12
1.1719  0 00 x 10
1.1738  0 07 x 08
1.1746  0 03 x 05
1.1767  0 30 x 03
1.1786  0 03 x 12
1.1809  0 03 x 10
1.1820  0 00 x 12
1.1836  5 08 x 06
1.1838  0 28 x 03
1.1841  0 07 x 04
1.1852  0 03 x 08
1.1871  0 03 x 07
1.1892  0 03 x 06
1.1905  0 02 x 03
1.1920  5 08 x 05
1.1926  5 08 x 04
1.1948  5 08 x 07
1.1994  4 08 x 04
1.2003  6 08 x 08
1.2015  5 08 x 08
1.2050  0 07 x 10
1.2079  0 27 x 03
1.2102  0 03 x 03
1.2144  4 08 x 06
1.2152  0 07 x 12
1.2166  5 08 x 10
1.2175  4 08 x 05
1.2176  6 08 x 06
1.2210  6 08 x 07
1.2310  6 08 x 05
1.2318  4 08 x 07
1.2323  4 08 x 08
1.2334  5 08 x 12
1.2355  6 08 x 10
1.2456  0 00 x 03
1.2457  4 08 x 10
1.2489  0 05 x 03
1.2495  0 01 x 03
1.2521  6 08 x 12
1.2521  6 08 x 04
1.2583  0 06 x 03
1.2651  4 08 x 12
1.2711  3 08 x 04
1.2723  0 04 x 03
1.2922  3 08 x 06
1.3032  0 07 x 03
1.3080  3 08 x 05
1.3160  3 08 x 08
1.3235  3 08 x 07
1.3429  3 08 x 10
1.3437  5 08 x 03
1.3455  0 02 x 04
1.3497  4 08 x 03
1.3607  7 08 x 05
1.3627  3 08 x 12
1.4186  7 08 x 04
1.4222  3 08 x 03
1.4290  0 02 x 05
1.4382  6 08 x 03
1.4697  2 08 x 04
1.4833  2 08 x 05
1.6235  2 08 x 03
1.6653  7 08 x 03
1.7458  0 02 x 06
1.8522  0 02 x 07
1.8587  0 02 x 08
1.8627  0 02 x 10
1.8726  0 02 x 12
2.0258  1 08 x 04
2.1150  1 08 x 05
2.2136  1 08 x 03
Timings By Test Type:
0.2936  0 31 x 10    0.2948  0 31 x 10    0.2051  0 31 x 10    0.2056  0 31 x 10
0.2948  0 31 x 12    0.2952  0 31 x 06    0.2052  0 31 x 06    0.2056  0 31 x 06
0.2952  0 31 x 07    0.2953  0 31 x 12    0.2061  0 31 x 04    0.2056  0 31 x 07
0.2952  0 31 x 08    0.2956  0 31 x 07    0.2062  0 31 x 08    0.2056  0 31 x 04
0.2957  0 31 x 06    0.2960  0 31 x 08    0.2063  0 31 x 12    0.2057  0 31 x 12
0.2985  0 29 x 10    0.2976  0 29 x 07    0.2064  0 29 x 04    0.2061  0 31 x 08
0.2986  0 29 x 07    0.2979  0 29 x 10    0.2064  0 31 x 07    0.2066  0 31 x 05
0.2986  0 29 x 08    0.2986  0 29 x 12    0.2066  0 31 x 05    0.2068  0 29 x 04
0.2992  0 31 x 05    0.2987  0 29 x 08    0.2074  0 29 x 07    0.2077  0 29 x 07
0.2993  0 29 x 12    0.2988  0 31 x 05    0.2075  0 29 x 08    0.2077  0 29 x 10
0.2998  0 29 x 06    0.2991  0 29 x 06    0.2079  0 29 x 12    0.2078  0 29 x 12
0.3002  0 29 x 05    0.2999  0 29 x 05    0.2079  0 29 x 10    0.2081  0 29 x 06
0.3026  0 30 x 06    0.3016  0 30 x 06    0.2082  0 29 x 06    0.2081  0 29 x 08
0.3033  0 31 x 04    0.3033  0 28 x 06    0.2085  0 29 x 05    0.2083  0 29 x 05
0.3035  0 29 x 04    0.3036  0 29 x 04    0.2100  0 30 x 06    0.2098  0 30 x 06
0.3038  0 28 x 06    0.3039  0 31 x 04    0.2108  0 30 x 04    0.2106  0 28 x 06
0.3053  0 28 x 05    0.3043  0 28 x 05    0.2110  0 28 x 04    0.2110  0 28 x 04
0.3058  0 28 x 07    0.3052  0 28 x 07    0.2112  0 28 x 06    0.2110  0 30 x 04
0.3063  0 30 x 05    0.3055  0 30 x 08    0.2114  0 28 x 05    0.2117  0 28 x 05
0.3065  0 30 x 08    0.3056  0 30 x 05    0.2127  0 30 x 05    0.2121  0 30 x 05
0.3065  0 30 x 07    0.3060  0 30 x 07    0.2132  0 28 x 07    0.2128  0 28 x 07
0.3074  0 28 x 08    0.3071  0 28 x 08    0.2133  0 30 x 07    0.2130  0 30 x 07
0.3096  0 27 x 06    0.3088  0 27 x 06    0.2133  0 28 x 08    0.2133  0 30 x 08
0.3106  0 28 x 04    0.3101  0 28 x 04    0.2134  0 30 x 08    0.2135  0 28 x 08
0.3107  0 30 x 04    0.3108  0 27 x 07    0.2143  0 27 x 06    0.2140  0 27 x 06
0.3115  0 27 x 07    0.3109  0 30 x 04    0.2155  0 27 x 05    0.2160  0 27 x 05
0.3116  0 30 x 10    0.3118  0 30 x 10    0.2162  0 27 x 04    0.2161  0 27 x 04
0.3120  0 27 x 05    0.3120  0 27 x 05    0.2168  0 27 x 07    0.2162  0 27 x 07
0.3127  0 27 x 08    0.3125  0 28 x 10    0.2168  0 30 x 10    0.2167  0 30 x 10
0.3133  0 28 x 10    0.3137  0 27 x 08    0.2172  0 28 x 10    0.2177  0 27 x 08
0.3137  0 30 x 12    0.3138  0 30 x 12    0.2172  0 27 x 08    0.2178  0 30 x 12
0.3152  0 28 x 12    0.3157  0 28 x 12    0.2183  0 30 x 12    0.2182  0 28 x 10
0.3172  0 27 x 04    0.3175  0 27 x 04    0.2191  0 28 x 12    0.2187  0 28 x 12
0.3182  0 27 x 10    0.3183  0 27 x 10    0.2209  0 27 x 10    0.2208  0 27 x 10
0.3208  0 27 x 12    0.3203  0 27 x 12    0.2227  0 27 x 12    0.2227  0 27 x 12
0.3224  0 05 x 06    0.3234  0 05 x 06    0.2243  0 05 x 06    0.2234  0 05 x 06
0.3263  0 06 x 06    0.3264  0 06 x 06    0.2255  0 01 x 06    0.2253  0 01 x 06
0.3263  0 05 x 08    0.3264  0 05 x 08    0.2260  0 05 x 08    0.2257  0 05 x 08
0.3273  0 05 x 07    0.3275  0 05 x 07    0.2261  0 05 x 07    0.2258  0 05 x 07
0.3288  0 05 x 05    0.3281  0 05 x 05    0.2265  0 06 x 06    0.2262  0 06 x 06
0.3292  0 06 x 07    0.3294  0 06 x 05    0.2266  0 05 x 05    0.2267  0 01 x 05
0.3304  0 01 x 06    0.3303  0 06 x 07    0.2272  0 01 x 05    0.2268  0 05 x 05
0.3311  0 06 x 05    0.3306  0 01 x 06    0.2273  0 04 x 06    0.2272  0 04 x 06
0.3317  0 06 x 08    0.3313  0 06 x 08    0.2286  0 06 x 07    0.2285  0 06 x 07
0.3324  0 00 x 06    0.3314  0 00 x 06    0.2287  0 01 x 07    0.2285  0 06 x 08
0.3327  0 01 x 05    0.3320  0 01 x 05    0.2293  0 06 x 05    0.2286  0 01 x 07
0.3329  0 05 x 04    0.3331  0 05 x 04    0.2294  0 06 x 08    0.2292  0 00 x 06
0.3333  0 04 x 06    0.3336  0 04 x 06    0.2298  0 00 x 06    0.2293  0 06 x 05
0.3338  0 01 x 07    0.3338  0 01 x 07    0.2298  0 04 x 07    0.2295  0 04 x 08
0.3345  0 05 x 10    0.3338  0 05 x 10    0.2299  0 04 x 08    0.2296  0 04 x 07
0.3346  0 00 x 05    0.3346  0 06 x 04    0.2304  0 01 x 08    0.2305  0 01 x 08
0.3355  0 04 x 08    0.3347  0 00 x 05    0.2306  0 05 x 04    0.2307  0 05 x 04
0.3357  0 01 x 08    0.3359  0 04 x 08    0.2307  0 00 x 05    0.2308  0 00 x 05
0.3360  0 06 x 04    0.3363  0 01 x 08    0.2310  0 04 x 05    0.2309  0 04 x 05
0.3362  0 04 x 07    0.3363  0 04 x 07    0.2311  0 01 x 04    0.2316  0 05 x 10
0.3368  0 00 x 07    0.3365  0 05 x 12    0.2318  0 05 x 10    0.2320  0 01 x 04
0.3371  0 04 x 05    0.3365  0 00 x 07    0.2328  0 00 x 04    0.2323  0 06 x 04
0.3371  0 01 x 04    0.3371  0 01 x 04    0.2329  0 06 x 04    0.2326  0 00 x 04
0.3373  0 05 x 12    0.3381  0 04 x 05    0.2335  0 00 x 07    0.2332  0 05 x 12
0.3383  0 06 x 10    0.3382  0 07 x 06    0.2338  0 04 x 04    0.2334  0 00 x 07
0.3386  0 07 x 06    0.3388  0 06 x 10    0.2340  0 05 x 12    0.2337  0 04 x 04
0.3392  0 00 x 04    0.3392  0 00 x 04    0.2345  0 31 x 03    0.2342  0 01 x 10
0.3396  0 07 x 07    0.3404  0 06 x 12    0.2346  0 06 x 10    0.2345  0 31 x 03
0.3406  0 00 x 08    0.3405  0 00 x 08    0.2348  0 00 x 08    0.2347  0 06 x 10
0.3413  0 07 x 05    0.3408  0 07 x 07    0.2349  0 01 x 10    0.2352  0 00 x 08
0.3413  0 01 x 10    0.3411  0 01 x 10    0.2354  0 29 x 03    0.2356  0 29 x 03
0.3415  0 06 x 12    0.3413  0 07 x 05    0.2357  0 01 x 12    0.2359  0 03 x 04
0.3420  0 04 x 04    0.3419  0 04 x 04    0.2359  0 04 x 10    0.2361  0 04 x 10
0.3433  0 07 x 08    0.3435  0 04 x 10    0.2368  0 06 x 12    0.2363  0 06 x 12
0.3442  0 01 x 12    0.3438  0 07 x 08    0.2370  0 03 x 04    0.2364  0 01 x 12
0.3443  0 04 x 10    0.3456  0 01 x 12    0.2371  0 30 x 03    0.2373  0 30 x 03
0.3457  0 03 x 04    0.3466  0 03 x 04    0.2380  0 04 x 12    0.2375  0 04 x 12
0.3462  0 04 x 12    0.3467  0 04 x 12    0.2388  0 07 x 06    0.2387  0 28 x 03
0.3462  0 31 x 03    0.3470  0 07 x 04    0.2390  0 03 x 05    0.2390  0 00 x 10
0.3468  0 00 x 10    0.3470  0 00 x 10    0.2390  0 28 x 03    0.2393  0 03 x 12
0.3470  5 08 x 06    0.3472  5 08 x 06    0.2391  0 00 x 10    0.2394  0 07 x 06
0.3471  0 07 x 04    0.3474  0 31 x 03    0.2399  0 02 x 03    0.2394  0 03 x 05
0.3478  0 29 x 03    0.3477  0 03 x 05    0.2399  0 03 x 12    0.2397  0 02 x 03
0.3485  0 03 x 05    0.3479  0 29 x 03    0.2400  0 03 x 10    0.2400  0 03 x 10
0.3492  0 00 x 12    0.3495  6 08 x 08    0.2401  0 07 x 07    0.2404  0 07 x 07
0.3494  5 08 x 04    0.3496  0 00 x 12    0.2406  0 03 x 08    0.2408  0 03 x 08
0.3494  6 08 x 08    0.3496  5 08 x 04    0.2409  0 03 x 07    0.2413  0 03 x 06
0.3498  0 03 x 12    0.3496  0 03 x 12    0.2412  0 03 x 06    0.2415  0 03 x 07
0.3500  5 08 x 05    0.3499  5 08 x 05    0.2414  0 00 x 12    0.2415  0 07 x 05
0.3506  0 03 x 10    0.3503  0 03 x 10    0.2420  0 07 x 05    0.2417  0 00 x 12
0.3510  0 30 x 03    0.3507  5 08 x 07    0.2433  0 27 x 03    0.2427  0 07 x 08
0.3514  5 08 x 07    0.3513  0 30 x 03    0.2435  0 03 x 03    0.2433  0 03 x 03
0.3520  0 03 x 08    0.3518  0 03 x 08    0.2440  0 07 x 08    0.2445  0 27 x 03
0.3520  0 07 x 10    0.3521  0 03 x 07    0.2446  5 08 x 06    0.2447  0 07 x 04
0.3526  0 03 x 07    0.3525  0 03 x 06    0.2453  0 07 x 04    0.2447  5 08 x 06
0.3527  0 28 x 03    0.3528  5 08 x 08    0.2461  5 08 x 05    0.2460  5 08 x 05
0.3529  4 08 x 04    0.3530  0 07 x 10    0.2462  4 08 x 04    0.2460  4 08 x 04
0.3533  5 08 x 08    0.3533  0 28 x 03    0.2465  5 08 x 07    0.2462  5 08 x 07
0.3537  6 08 x 06    0.3543  4 08 x 04    0.2468  5 08 x 04    0.2468  5 08 x 04
0.3542  0 03 x 06    0.3548  6 08 x 06    0.2477  5 08 x 08    0.2476  5 08 x 08
0.3552  6 08 x 07    0.3552  0 02 x 03    0.2479  4 08 x 06    0.2492  4 08 x 06
0.3557  0 02 x 03    0.3552  6 08 x 07    0.2492  4 08 x 05    0.2496  0 07 x 10
0.3561  0 07 x 12    0.3562  0 07 x 12    0.2498  0 01 x 03    0.2496  4 08 x 05
0.3573  5 08 x 10    0.3568  5 08 x 10    0.2504  0 07 x 10    0.2499  0 01 x 03
0.3577  6 08 x 05    0.3579  6 08 x 05    0.2508  6 08 x 08    0.2506  6 08 x 08
0.3592  4 08 x 05    0.3580  4 08 x 06    0.2508  0 05 x 03    0.2509  5 08 x 10
0.3593  4 08 x 06    0.3594  4 08 x 05    0.2510  0 00 x 03    0.2512  0 00 x 03
0.3597  0 27 x 03    0.3597  6 08 x 10    0.2514  0 07 x 12    0.2514  0 07 x 12
0.3600  6 08 x 10    0.3604  0 27 x 03    0.2515  5 08 x 10    0.2515  0 05 x 03
0.3619  5 08 x 12    0.3614  0 03 x 03    0.2517  4 08 x 07    0.2524  4 08 x 07
0.3621  0 03 x 03    0.3616  5 08 x 12    0.2525  4 08 x 08    0.2529  4 08 x 08
0.3631  6 08 x 04    0.3629  4 08 x 08    0.2534  0 06 x 03    0.2538  0 06 x 03
0.3639  4 08 x 08    0.3629  6 08 x 04    0.2548  6 08 x 06    0.2544  6 08 x 06
0.3642  4 08 x 07    0.3635  4 08 x 07    0.2548  0 04 x 03    0.2545  5 08 x 12
0.3647  6 08 x 12    0.3655  6 08 x 12    0.2551  4 08 x 10    0.2546  0 04 x 03
0.3673  4 08 x 10    0.3684  4 08 x 10    0.2553  5 08 x 12    0.2549  4 08 x 10
0.3721  0 00 x 03    0.3713  0 00 x 03    0.2555  6 08 x 07    0.2550  6 08 x 07
0.3732  4 08 x 12    0.3729  4 08 x 12    0.2574  6 08 x 05    0.2578  6 08 x 10
0.3736  0 05 x 03    0.3730  0 05 x 03    0.2580  6 08 x 10    0.2580  6 08 x 05
0.3760  3 08 x 04    0.3737  0 01 x 03    0.2595  3 08 x 04    0.2592  3 08 x 04
0.3760  0 06 x 03    0.3751  0 06 x 03    0.2597  4 08 x 12    0.2592  4 08 x 12
0.3761  0 01 x 03    0.3765  3 08 x 04    0.2612  6 08 x 12    0.2607  6 08 x 12
0.3823  0 04 x 03    0.3806  0 04 x 03    0.2629  3 08 x 06    0.2626  6 08 x 04
0.3839  3 08 x 06    0.3826  3 08 x 06    0.2634  6 08 x 04    0.2628  3 08 x 06
0.3865  0 07 x 03    0.3858  0 07 x 03    0.2654  0 07 x 03    0.2654  0 07 x 03
0.3873  3 08 x 05    0.3869  3 08 x 05    0.2666  3 08 x 05    0.2673  3 08 x 05
0.3885  7 08 x 05    0.3877  7 08 x 05    0.2676  3 08 x 08    0.2681  3 08 x 08
0.3899  3 08 x 08    0.3904  3 08 x 08    0.2691  3 08 x 07    0.2695  3 08 x 07
0.3927  3 08 x 07    0.3921  3 08 x 07    0.2733  0 02 x 04    0.2731  0 02 x 04
0.3974  5 08 x 03    0.3961  5 08 x 03    0.2735  3 08 x 10    0.2736  3 08 x 10
0.3982  3 08 x 10    0.3977  3 08 x 10    0.2749  4 08 x 03    0.2744  4 08 x 03
0.3992  0 02 x 04    0.3997  4 08 x 03    0.2751  5 08 x 03    0.2750  5 08 x 03
0.4007  4 08 x 03    0.3999  0 02 x 04    0.2776  3 08 x 12    0.2773  3 08 x 12
0.4020  7 08 x 04    0.4035  7 08 x 04    0.2875  3 08 x 03    0.2869  3 08 x 03
0.4040  3 08 x 12    0.4038  3 08 x 12    0.2908  0 02 x 05    0.2913  0 02 x 05
0.4161  6 08 x 03    0.4152  6 08 x 03    0.2918  7 08 x 05    0.2927  7 08 x 05
0.4244  0 02 x 05    0.4225  0 02 x 05    0.2992  2 08 x 04    0.2996  2 08 x 04
0.4246  3 08 x 03    0.4232  3 08 x 03    0.3016  2 08 x 05    0.3018  2 08 x 05
0.4355  2 08 x 04    0.4354  2 08 x 04    0.3033  6 08 x 03    0.3036  6 08 x 03
0.4394  2 08 x 05    0.4404  2 08 x 05    0.3062  7 08 x 04    0.3069  7 08 x 04
0.4716  7 08 x 03    0.4711  7 08 x 03    0.3299  2 08 x 03    0.3291  2 08 x 03
0.4823  2 08 x 03    0.4821  2 08 x 03    0.3541  0 02 x 06    0.3553  0 02 x 06
0.5190  0 02 x 06    0.5174  0 02 x 06    0.3610  7 08 x 03    0.3615  7 08 x 03
0.5493  0 02 x 07    0.5506  0 02 x 07    0.3764  0 02 x 07    0.3760  0 02 x 07
0.5519  0 02 x 08    0.5521  0 02 x 08    0.3773  0 02 x 08    0.3774  0 02 x 08
0.5530  0 02 x 10    0.5536  0 02 x 10    0.3785  0 02 x 10    0.3776  0 02 x 10
0.5558  0 02 x 12    0.5560  0 02 x 12    0.3807  0 02 x 12    0.3801  0 02 x 12
0.6022  1 08 x 04    0.6021  1 08 x 04    0.4102  1 08 x 04    0.4113  1 08 x 04
0.6278  1 08 x 05    0.6291  1 08 x 05    0.4293  1 08 x 05    0.4288  1 08 x 05
0.6592  1 08 x 03    0.6597  1 08 x 03    0.4475  1 08 x 03    0.4472  1 08 x 03
---Benchmark Program Finished---