
./testbench.sh clang++ O3 MontgomeryFull uint64_t 191 8 22 -DTEST_ARRAY

compilation finished, now executing:
---Running Program---

begin benchmarks - array two_pow
(ignore)10826325836583162489

OVERALL BEST:
0.1383  0 32 x 12
0.1383  0 32 t 12
0.1383  0 31 x 12
0.1385  0 29 x 12
0.1386  0 32 t 10
0.1387  0 32 x 10
0.1388  0 31 x 10
0.1394  0 28 x 12
0.1400  0 30 x 12
0.1405  0 31 t 12
0.1408  0 30 x 10
0.1410  0 28 x 10
0.1410  0 29 x 08
0.1411  0 32 x 08
0.1411  0 32 t 08
0.1413  0 29 t 12
0.1422  0 29 x 10
0.1423  0 31 x 08
0.1429  0 28 x 08
0.1430  0 30 x 08
0.1430  0 30 t 12
0.1431  0 32 x 07
0.1437  0 31 t 10
0.1439  0 27 x 12
0.1441  0 28 t 12
0.1450  0 32 t 07
0.1454  0 30 t 10
0.1457  0 29 t 10
0.1457  0 31 x 07
0.1468  0 27 x 10
0.1472  0 30 x 07
0.1474  0 29 x 07
0.1483  0 31 t 08
0.1490  0 27 x 08
0.1490  0 28 t 10
0.1491  0 28 x 07
0.1494  0 27 t 12
0.1519  0 29 t 07
0.1519  0 05 x 08
0.1520  0 29 t 08
0.1521  0 30 t 08
0.1525  0 28 t 08
0.1526  0 01 x 12
0.1526  0 05 x 12
0.1529  0 31 t 07
0.1535  0 27 x 07
0.1536  0 28 t 07
0.1540  0 05 t 12
0.1541  0 05 t 08
0.1544  0 01 x 08
0.1545  0 04 x 08
0.1546  0 01 x 10
0.1547  0 05 x 10
0.1547  0 29 t 06
0.1547  0 01 t 12
0.1552  0 30 t 07
0.1552  0 04 x 12
0.1555  0 01 x 07
0.1558  0 01 t 10
0.1559  0 31 t 06
0.1560  0 30 t 06
0.1561  0 00 x 12
0.1561  0 06 x 08
0.1564  0 05 t 10
0.1564  0 32 x 06
0.1564  0 05 x 07
0.1565  0 28 t 06
0.1566  0 06 x 12
0.1567  0 05 t 07
0.1568  0 30 x 06
0.1569  0 04 x 10
0.1569  0 04 t 12
0.1570  0 01 t 08
0.1571  0 27 t 10
0.1576  0 04 t 08
0.1579  0 00 t 12
0.1579  0 01 t 07
0.1579  0 06 t 12
0.1581  0 28 x 06
0.1581  0 00 t 10
0.1581  0 01 t 06
0.1583  0 31 x 06
0.1583  0 06 t 08
0.1584  0 32 t 06
0.1585  0 06 x 10
0.1588  0 00 x 08
0.1588  0 04 x 07
0.1588  0 00 x 10
0.1590  0 03 x 10
0.1591  0 05 t 06
0.1591  0 04 t 07
0.1591  0 04 t 10
0.1592  0 03 x 12
0.1594  0 29 x 06
0.1598  0 00 x 07
0.1598  0 06 t 10
0.1604  0 00 t 07
0.1605  0 06 x 07
0.1607  0 06 t 07
0.1615  0 27 t 08
0.1621  0 01 x 06
0.1626  0 27 t 07
0.1626  0 04 t 06
0.1632  0 27 x 06
0.1636  0 06 t 06
0.1637  0 00 t 06
0.1637  0 00 t 08
0.1645  0 05 x 06
0.1650  0 27 t 06
0.1664  0 03 x 08
0.1666  0 00 x 06
0.1666  0 01 t 05
0.1687  0 06 x 06
0.1687  0 29 t 05
0.1689  0 04 x 06
0.1690  0 05 t 05
0.1691  4 08 x 08
0.1692  0 31 t 05
0.1693  0 30 t 05
0.1695  0 00 t 05
0.1704  0 28 t 05
0.1707  0 07 x 12
0.1708  0 27 t 05
0.1709  0 07 x 08
0.1713  3 08 x 08
0.1723  0 07 t 12
0.1729  0 07 x 10
0.1729  0 01 x 05
0.1730  0 07 t 08
0.1734  0 04 t 05
0.1740  0 07 t 10
0.1745  0 06 t 05
0.1746  0 07 t 07
0.1750  0 29 x 05
0.1753  4 08 x 10
0.1753  0 07 x 07
0.1753  0 28 x 05
0.1758  0 30 x 05
0.1762  0 32 x 05
0.1763  0 02 x 07
0.1773  4 08 t 10
0.1775  0 32 t 05
0.1775  0 03 x 07
0.1777  0 00 x 05
0.1779  0 31 x 05
0.1780  4 08 t 08
0.1783  0 07 t 06
0.1784  0 05 x 05
0.1789  5 08 x 08
0.1791  3 08 t 08
0.1792  0 27 x 05
0.1804  3 08 x 10
0.1805  3 08 x 12
0.1816  4 08 x 12
0.1817  3 08 t 12
0.1823  3 08 t 10
0.1823  4 08 t 07
0.1826  5 08 x 10
0.1829  0 04 x 05
0.1832  4 08 t 12
0.1838  4 08 x 07
0.1838  0 07 x 06
0.1839  0 06 x 05
0.1844  0 31 t 04
0.1853  5 08 t 10
0.1857  0 05 t 04
0.1861  0 28 t 04
0.1871  0 30 t 04
0.1874  0 01 t 04
0.1875  5 08 t 08
0.1882  0 07 t 05
0.1890  0 04 t 04
0.1895  3 08 t 07
0.1901  4 08 t 06
0.1904  3 08 x 07
0.1905  0 00 t 04
0.1908  0 06 t 04
0.1910  5 08 t 07
0.1918  5 08 x 07
0.1922  0 02 x 06
0.1922  0 29 t 04
0.1931  4 08 x 06
0.1939  0 03 x 06
0.1960  3 08 x 06
0.1964  3 08 t 06
0.1973  5 08 t 06
0.1981  0 07 x 05
0.1982  0 05 x 04
0.1986  0 01 x 04
0.1990  0 32 x 04
0.1990  0 31 x 04
0.1991  0 32 t 04
0.1992  0 27 t 04
0.2000  5 08 x 06
0.2000  0 28 x 04
0.2003  0 30 x 04
0.2017  0 04 x 04
0.2028  0 06 x 04
0.2028  5 08 x 12
0.2041  0 00 x 04
0.2044  0 27 x 04
0.2045  5 08 t 12
0.2048  0 07 t 04
0.2058  4 08 t 05
0.2062  6 08 x 08
0.2067  3 08 t 05
0.2077  0 29 x 04
0.2083  6 08 x 10
0.2089  4 08 x 05
0.2099  3 08 x 05
0.2101  5 08 t 05
0.2108  6 08 t 10
0.2127  6 08 t 08
0.2154  0 02 x 05
0.2166  0 03 x 05
0.2167  5 08 x 05
0.2167  6 08 t 07
0.2170  0 07 x 04
0.2174  6 08 x 07
0.2236  4 08 t 04
0.2249  6 08 t 06
0.2267  0 05 t 03
0.2280  6 08 x 06
0.2289  0 28 t 03
0.2300  0 30 t 03
0.2303  0 06 t 03
0.2322  3 08 t 04
0.2325  0 29 t 03
0.2331  5 08 t 04
0.2334  2 08 x 05
0.2339  0 27 t 03
0.2349  4 08 x 04
0.2353  0 00 t 03
0.2354  2 08 t 05
0.2363  0 31 t 03
0.2382  0 01 t 03
0.2394  0 04 t 03
0.2395  6 08 t 05
0.2413  3 08 x 04
0.2416  0 05 x 03
0.2430  0 07 t 03
0.2455  5 08 x 04
0.2457  6 08 x 05
0.2460  0 06 x 03
0.2469  0 01 x 03
0.2474  0 28 x 03
0.2474  0 30 x 03
0.2486  0 32 x 03
0.2486  0 32 t 03
0.2486  0 31 x 03
0.2516  0 03 x 04
0.2522  0 02 x 04
0.2523  0 27 x 03
0.2526  0 04 x 03
0.2536  6 08 x 12
0.2557  6 08 t 12
0.2567  0 29 x 03
0.2581  0 07 x 03
0.2643  6 08 t 04
0.2643  2 08 t 04
0.2670  0 00 x 03
0.2694  2 08 x 04
0.2746  4 08 t 03
0.2780  6 08 x 04
0.2851  5 08 t 03
0.2885  4 08 x 03
0.2913  3 08 t 03
0.2992  0 05 t 02
0.2998  0 06 t 02
0.3008  5 08 x 03
0.3037  0 01 t 02
0.3041  0 03 x 03
0.3052  0 02 x 03
0.3070  0 04 t 02
0.3074  1 08 x 05
0.3094  0 07 t 02
0.3099  1 08 t 05
0.3105  0 29 t 02
0.3108  0 31 t 02
0.3120  7 08 t 05
0.3122  0 28 t 02
0.3127  0 30 t 02
0.3138  0 00 t 02
0.3143  3 08 x 03
0.3175  7 08 x 05
0.3189  0 27 t 02
0.3211  6 08 t 03
0.3323  0 05 x 02
0.3329  0 06 x 02
0.3340  0 01 x 02
0.3375  0 04 x 02
0.3376  2 08 t 03
0.3378  6 08 x 03
0.3402  2 08 x 03
0.3416  0 07 x 02
0.3417  0 29 x 02
0.3432  0 30 x 02
0.3436  0 28 x 02
0.3436  7 08 t 04
0.3445  0 00 x 02
0.3448  0 31 x 02
0.3448  0 32 x 02
0.3451  0 32 t 02
0.3498  0 27 x 02
0.3567  4 08 t 02
0.3570  7 08 x 04
0.3594  1 08 x 04
0.3625  1 08 t 04
0.3690  5 08 t 02
0.3813  3 08 t 02
0.3860  4 08 x 02
0.3990  5 08 x 02
0.4053  3 08 x 02
0.4104  0 02 x 02
0.4104  0 03 x 02
0.4138  7 08 t 03
0.4170  6 08 t 02
0.4300  7 08 x 03
0.4393  2 08 t 02
0.4484  6 08 x 02
0.4576  2 08 x 02
0.4628  1 08 x 03
0.4629  1 08 t 03
0.4962  0 06 t 01
0.4979  0 07 t 01
0.4985  0 05 t 01
0.5010  0 31 t 01
0.5012  0 29 t 01
0.5029  0 01 t 01
0.5048  0 30 t 01
0.5050  0 28 t 01
0.5050  0 02 x 08
0.5059  0 04 t 01
0.5191  0 00 t 01
0.5272  0 27 t 01
0.5369  0 02 x 10
0.5408  7 08 t 02
0.5569  0 06 x 01
0.5572  0 05 x 01
0.5593  0 07 x 01
0.5604  0 31 x 01
0.5609  0 29 x 01
0.5639  0 32 x 01
0.5641  0 28 x 01
0.5649  0 30 x 01
0.5651  0 32 t 01
0.5654  0 01 x 01
0.5673  0 04 x 01
0.5732  7 08 x 02
0.5745  0 02 x 12
0.5833  0 00 x 01
0.5841  0 27 x 01
0.5895  4 08 t 01
0.5928  5 08 t 01
0.6216  1 08 x 02
0.6217  1 08 t 02
0.6380  3 08 t 01
0.6431  4 08 x 01
0.6511  5 08 x 01
0.6768  6 08 t 01
0.6872  3 08 x 01
0.6931  0 03 x 01
0.6938  0 02 x 01
0.7405  6 08 x 01
0.7523  2 08 t 01
0.7897  2 08 x 01
0.8971  7 08 t 01
0.9501  7 08 x 01
1.0976  1 08 t 01
1.0976  1 08 x 01
Timings By Test Type:
0.0424  0 31 x 12    0.0423  0 32 t 08    0.0267  0 32 t 12    0.0267  0 32 x 12
0.0424  0 32 x 12    0.0423  0 32 x 08    0.0267  0 32 x 12    0.0267  0 31 x 12
0.0424  0 32 t 12    0.0423  0 32 t 10    0.0267  0 31 x 12    0.0267  0 32 t 12
0.0425  0 29 x 12    0.0424  0 29 x 08    0.0268  0 29 x 12    0.0268  0 29 x 12
0.0425  0 32 x 10    0.0424  0 32 x 10    0.0269  0 31 x 10    0.0269  0 32 t 10
0.0425  0 32 t 10    0.0424  0 32 x 12    0.0269  0 32 t 10    0.0269  0 32 x 10
0.0425  0 31 x 10    0.0424  0 32 t 12    0.0269  0 32 x 10    0.0269  0 31 x 10
0.0427  0 28 x 12    0.0425  0 31 x 12    0.0270  0 28 x 12    0.0270  0 28 x 12
0.0428  0 30 x 12    0.0425  0 29 x 12    0.0271  0 30 x 12    0.0271  0 30 x 12
0.0430  0 28 x 10    0.0425  0 31 x 10    0.0272  0 31 t 12    0.0272  0 31 t 12
0.0430  0 30 x 10    0.0427  0 28 x 12    0.0273  0 29 t 12    0.0273  0 29 t 12
0.0431  0 31 t 12    0.0428  0 30 x 12    0.0273  0 30 x 10    0.0273  0 30 x 10
0.0434  0 29 t 12    0.0429  0 28 x 08    0.0274  0 28 x 10    0.0274  0 28 x 10
0.0435  0 29 x 10    0.0431  0 28 x 10    0.0276  0 29 x 08    0.0276  0 29 x 08
0.0435  0 32 t 08    0.0431  0 30 x 10    0.0277  0 29 x 10    0.0277  0 32 x 08
0.0435  0 29 x 08    0.0431  0 31 t 12    0.0277  0 31 x 08    0.0277  0 29 x 10
0.0435  0 31 x 08    0.0434  0 29 t 12    0.0277  0 32 x 08    0.0277  0 31 x 08
0.0435  0 32 x 08    0.0435  0 29 x 10    0.0277  0 32 t 08    0.0277  0 32 t 08
0.0437  0 30 x 08    0.0435  0 31 x 08    0.0277  0 32 x 07    0.0277  0 32 x 07
0.0437  0 30 t 12    0.0437  0 30 x 08    0.0278  0 30 t 12    0.0278  0 30 t 12
0.0439  0 28 x 08    0.0437  0 32 x 07    0.0278  0 31 t 10    0.0278  0 31 t 10
0.0440  0 32 x 07    0.0437  0 30 t 12    0.0278  0 30 x 08    0.0278  0 30 x 08
0.0440  0 27 x 12    0.0437  0 32 t 07    0.0278  0 32 t 07    0.0279  0 27 x 12
0.0440  0 31 t 10    0.0438  0 31 x 07    0.0279  0 27 x 12    0.0280  0 28 t 12
0.0441  0 28 t 12    0.0440  0 31 t 10    0.0280  0 28 t 12    0.0281  0 28 x 08
0.0444  0 30 t 10    0.0440  0 27 x 12    0.0281  0 28 x 08    0.0283  0 30 t 10
0.0445  0 29 t 10    0.0441  0 28 t 12    0.0283  0 29 t 10    0.0283  0 29 t 10
0.0448  0 27 x 10    0.0441  0 30 x 07    0.0283  0 30 t 10    0.0285  0 32 t 07
0.0449  0 32 t 07    0.0442  0 29 x 07    0.0285  0 31 x 07    0.0285  0 31 x 07
0.0449  0 31 x 07    0.0444  0 30 t 10    0.0286  0 27 x 10    0.0286  0 27 x 10
0.0452  0 31 t 08    0.0445  0 27 x 08    0.0289  0 30 x 07    0.0289  0 30 x 07
0.0453  0 30 x 07    0.0445  0 28 x 07    0.0289  0 31 t 08    0.0289  0 31 t 08
0.0454  0 29 x 07    0.0446  0 29 t 10    0.0289  0 29 x 07    0.0289  0 29 x 07
0.0455  0 28 t 10    0.0448  0 27 x 10    0.0290  0 27 t 12    0.0290  0 28 t 10
0.0457  0 27 x 08    0.0452  0 31 t 08    0.0290  0 28 t 10    0.0290  0 27 t 12
0.0457  0 27 t 12    0.0455  0 28 t 10    0.0293  0 01 x 12    0.0293  0 01 x 12
0.0457  0 28 x 07    0.0457  0 27 t 12    0.0294  0 27 x 08    0.0294  0 28 x 07
0.0460  0 05 x 08    0.0460  0 05 x 08    0.0294  0 28 x 07    0.0294  0 27 x 08
0.0461  0 05 x 12    0.0461  0 05 x 12    0.0296  0 29 t 08    0.0295  0 04 x 10
0.0463  0 29 t 07    0.0461  0 27 x 07    0.0297  0 27 x 07    0.0296  0 29 t 08
0.0463  0 30 t 08    0.0463  0 29 t 07    0.0297  0 29 t 07    0.0296  0 29 t 07
0.0464  0 29 t 08    0.0463  0 30 t 08    0.0297  0 01 x 10    0.0297  0 01 x 10
0.0464  0 28 t 08    0.0463  0 28 t 08    0.0298  0 30 t 08    0.0297  0 30 t 08
0.0465  0 05 t 12    0.0464  0 29 t 08    0.0298  0 01 t 12    0.0297  0 01 t 12
0.0466  0 31 t 07    0.0465  0 05 t 12    0.0298  0 04 x 12    0.0298  0 04 x 08
0.0467  0 30 t 07    0.0465  0 29 t 06    0.0298  0 31 t 07    0.0298  0 31 t 07
0.0468  0 28 t 07    0.0466  0 31 t 07    0.0298  0 04 x 08    0.0298  0 04 x 12
0.0468  0 05 x 10    0.0468  0 30 t 07    0.0299  0 28 t 08    0.0298  0 05 t 08
0.0468  0 05 t 08    0.0468  0 28 t 07    0.0299  0 05 x 08    0.0299  0 28 t 08
0.0470  0 01 x 12    0.0468  0 05 x 10    0.0300  0 28 t 07    0.0299  0 05 x 08
0.0472  0 01 x 08    0.0468  0 05 t 08    0.0300  0 01 t 10    0.0300  0 01 x 08
0.0473  0 05 t 10    0.0470  0 01 x 12    0.0300  0 01 x 08    0.0300  0 01 t 10
0.0473  0 05 x 07    0.0470  0 28 t 06    0.0300  0 30 x 06    0.0300  0 28 t 07
0.0474  0 27 x 07    0.0470  0 30 t 06    0.0300  0 01 x 07    0.0300  0 01 x 07
0.0474  0 06 x 08    0.0471  0 31 t 06    0.0302  0 04 t 12    0.0301  0 04 t 12
0.0474  0 04 x 08    0.0472  0 01 x 08    0.0302  0 28 x 06    0.0302  0 32 x 06
0.0474  0 05 t 07    0.0473  0 05 t 10    0.0302  0 29 t 06    0.0302  0 00 x 12
0.0475  0 01 x 10    0.0474  0 05 x 07    0.0302  0 31 x 06    0.0302  0 29 t 06
0.0476  0 06 x 12    0.0474  0 30 x 06    0.0303  0 05 x 12    0.0303  0 05 x 12
0.0476  0 01 t 12    0.0474  0 06 x 08    0.0303  0 00 x 12    0.0303  0 01 t 08
0.0477  0 01 x 07    0.0475  0 04 x 08    0.0303  0 32 t 06    0.0303  0 31 t 06
0.0477  0 29 t 06    0.0475  0 05 t 07    0.0303  0 32 x 06    0.0303  0 05 x 10
0.0478  0 00 x 12    0.0475  0 01 x 10    0.0303  0 04 x 10    0.0303  0 03 x 10
0.0478  0 04 x 12    0.0476  0 06 x 12    0.0303  0 28 t 06    0.0303  0 27 x 07
0.0479  0 01 t 10    0.0476  0 01 t 12    0.0303  0 01 t 08    0.0303  0 04 t 08
0.0480  0 27 t 10    0.0477  0 01 x 07    0.0303  0 04 t 08    0.0305  0 30 t 06
0.0480  0 06 t 12    0.0478  0 00 x 12    0.0304  0 31 t 06    0.0305  0 01 t 06
0.0480  0 32 x 06    0.0478  0 28 x 06    0.0305  0 05 t 12    0.0305  0 05 t 12
0.0480  0 30 t 06    0.0478  0 04 x 12    0.0305  0 30 t 06    0.0305  0 04 x 07
0.0481  0 31 t 06    0.0478  0 32 x 06    0.0305  0 04 x 07    0.0305  0 01 t 07
0.0481  0 06 x 10    0.0478  0 32 t 06    0.0306  0 05 t 08    0.0306  0 27 t 10
0.0481  0 06 t 08    0.0478  0 31 x 06    0.0306  0 01 t 07    0.0306  0 04 t 10
0.0482  0 01 t 08    0.0479  0 01 t 10    0.0306  0 04 t 10    0.0306  0 00 t 12
0.0483  0 00 t 10    0.0479  0 05 t 06    0.0306  0 29 x 06    0.0306  0 06 x 08
0.0483  0 04 t 12    0.0480  0 27 t 10    0.0306  0 27 t 10    0.0306  0 04 t 07
0.0483  0 05 t 06    0.0480  0 06 t 12    0.0306  0 00 t 12    0.0307  0 06 x 12
0.0483  0 28 t 06    0.0481  0 29 x 06    0.0306  0 01 t 06    0.0307  0 30 x 06
0.0483  0 00 t 12    0.0481  0 06 x 10    0.0306  0 04 t 07    0.0308  0 00 t 10
0.0484  0 01 t 07    0.0482  0 06 t 08    0.0306  0 06 x 08    0.0308  0 30 t 07
0.0484  0 04 t 08    0.0482  0 01 t 08    0.0307  0 05 x 10    0.0309  0 05 x 07
0.0485  0 00 x 10    0.0483  0 00 t 10    0.0307  0 06 x 12    0.0309  0 00 x 08
0.0485  0 00 x 08    0.0483  0 04 t 12    0.0308  0 00 t 10    0.0309  0 00 x 10
0.0485  0 01 t 06    0.0484  0 00 t 12    0.0309  0 05 x 07    0.0309  0 05 t 07
0.0485  0 04 x 10    0.0484  0 01 t 07    0.0309  0 05 t 07    0.0309  0 28 t 06
0.0486  0 06 t 10    0.0485  0 04 t 08    0.0309  0 30 t 07    0.0309  0 05 t 10
0.0486  0 03 x 12    0.0485  0 00 x 08    0.0309  0 00 x 08    0.0310  0 03 x 12
0.0487  0 30 x 06    0.0485  0 00 x 10    0.0309  0 00 x 10    0.0310  0 06 t 12
0.0487  0 00 x 07    0.0485  0 01 t 06    0.0309  0 05 t 10    0.0310  0 06 t 08
0.0488  0 06 x 07    0.0486  0 04 x 10    0.0309  0 06 t 12    0.0310  0 28 x 06
0.0488  0 03 x 10    0.0486  0 03 x 12    0.0310  0 03 x 12    0.0311  0 31 x 06
0.0488  0 06 t 07    0.0486  0 06 t 10    0.0310  0 06 t 08    0.0311  0 06 x 10
0.0488  0 04 x 07    0.0487  0 00 x 07    0.0311  0 06 x 10    0.0311  0 32 t 06
0.0489  0 04 t 07    0.0488  0 06 x 07    0.0311  0 03 x 10    0.0311  0 00 x 07
0.0489  0 00 t 07    0.0488  0 03 x 10    0.0312  0 00 x 07    0.0312  0 00 t 07
0.0490  0 04 t 10    0.0488  0 06 t 07    0.0312  0 00 t 07    0.0313  0 06 t 10
0.0490  0 28 x 06    0.0488  0 04 x 07    0.0313  0 06 t 10    0.0314  0 01 x 06
0.0490  0 27 t 08    0.0489  0 04 t 07    0.0315  0 06 x 07    0.0314  0 05 t 06
0.0491  0 31 x 06    0.0490  0 04 t 10    0.0315  0 01 x 06    0.0314  0 29 x 06
0.0492  0 32 t 06    0.0490  0 00 t 07    0.0315  0 05 t 06    0.0315  0 06 x 07
0.0494  0 29 x 06    0.0490  0 27 t 08    0.0315  0 04 t 06    0.0315  0 04 t 06
0.0495  0 27 t 07    0.0493  0 27 x 06    0.0315  0 06 t 07    0.0315  0 06 t 07
0.0496  0 01 x 06    0.0495  0 27 t 07    0.0317  0 27 t 08    0.0316  0 27 x 06
0.0497  0 06 t 06    0.0495  0 27 t 06    0.0318  0 27 x 06    0.0317  0 27 t 08
0.0497  0 00 t 06    0.0496  0 01 x 06    0.0318  0 27 t 07    0.0318  0 27 t 07
0.0498  0 05 x 06    0.0497  0 00 t 06    0.0320  0 01 t 05    0.0319  0 01 t 05
0.0498  0 04 t 06    0.0497  0 06 t 06    0.0320  0 27 t 06    0.0320  0 00 t 08
0.0498  0 00 t 08    0.0498  0 04 t 06    0.0320  0 00 t 08    0.0321  0 00 t 06
0.0505  0 07 x 12    0.0498  0 05 x 06    0.0321  0 06 t 06    0.0321  0 06 t 06
0.0506  0 27 x 06    0.0499  0 00 t 08    0.0322  0 00 t 06    0.0323  0 00 x 06
0.0507  0 07 x 08    0.0506  0 07 x 12    0.0324  0 05 x 06    0.0324  0 05 x 06
0.0508  0 03 x 08    0.0507  0 07 x 08    0.0324  0 03 x 08    0.0324  0 03 x 08
0.0509  0 27 t 06    0.0508  0 29 t 05    0.0325  0 00 x 06    0.0327  0 00 t 05
0.0509  0 00 x 06    0.0508  0 03 x 08    0.0325  0 29 t 05    0.0327  0 27 t 06
0.0510  0 07 t 12    0.0509  0 00 x 06    0.0326  0 30 t 05    0.0328  0 04 x 06
0.0511  4 08 x 08    0.0509  0 31 t 05    0.0327  0 00 t 05    0.0330  0 06 x 06
0.0512  0 07 x 10    0.0510  0 30 t 05    0.0329  0 04 x 06    0.0332  0 05 t 05
0.0513  0 05 t 05    0.0510  0 07 t 12    0.0329  0 31 t 05    0.0332  0 31 t 05
0.0514  0 07 t 08    0.0511  4 08 x 08    0.0329  0 28 t 05    0.0333  0 30 t 05
0.0514  0 06 x 06    0.0511  0 28 t 05    0.0330  0 06 x 06    0.0333  0 29 t 05
0.0514  0 01 t 05    0.0512  0 07 x 10    0.0331  0 27 t 05    0.0333  0 01 x 05
0.0516  0 04 x 06    0.0513  0 05 t 05    0.0332  0 05 t 05    0.0335  4 08 x 08
0.0516  0 07 t 10    0.0514  0 06 x 06    0.0333  0 01 x 05    0.0335  0 04 t 05
0.0519  0 07 t 07    0.0514  0 01 t 05    0.0335  4 08 x 08    0.0335  3 08 x 08
0.0520  0 27 t 05    0.0514  0 07 t 08    0.0336  3 08 x 08    0.0336  0 28 t 05
0.0520  0 00 t 05    0.0516  0 07 t 10    0.0336  0 04 t 05    0.0339  0 27 t 05
0.0520  0 07 x 07    0.0516  0 04 x 06    0.0340  0 32 t 05    0.0339  0 29 x 05
0.0521  3 08 x 08    0.0516  0 07 t 07    0.0341  0 30 x 05    0.0341  0 32 t 05
0.0522  0 29 t 05    0.0518  0 27 t 05    0.0342  0 28 x 05    0.0341  0 32 x 05
0.0522  0 31 t 05    0.0520  0 07 x 07    0.0342  0 29 x 05    0.0341  0 28 x 05
0.0524  0 30 t 05    0.0521  0 00 t 05    0.0342  0 32 x 05    0.0342  0 30 x 05
0.0528  0 28 t 05    0.0521  3 08 x 08    0.0342  0 31 x 05    0.0342  0 31 x 05
0.0529  4 08 x 10    0.0525  0 01 x 05    0.0343  0 06 t 05    0.0343  0 06 t 05
0.0529  5 08 x 08    0.0529  4 08 x 10    0.0343  0 02 x 07    0.0344  0 02 x 07
0.0530  0 07 t 06    0.0530  5 08 x 08    0.0345  0 00 x 05    0.0345  0 00 x 05
0.0530  0 06 t 05    0.0530  0 07 t 06    0.0345  0 27 x 05    0.0346  0 03 x 07
0.0531  0 04 t 05    0.0530  0 06 t 05    0.0346  0 03 x 07    0.0346  0 27 x 05
0.0535  0 29 x 05    0.0531  0 30 x 05    0.0347  4 08 x 10    0.0347  4 08 x 10
0.0535  4 08 t 10    0.0532  0 04 t 05    0.0348  0 07 x 08    0.0347  0 07 x 08
0.0537  0 28 x 05    0.0533  0 28 x 05    0.0348  0 07 x 12    0.0348  0 07 x 12
0.0538  0 01 x 05    0.0534  0 29 x 05    0.0349  3 08 t 08    0.0349  3 08 t 08
0.0538  0 02 x 07    0.0536  4 08 t 10    0.0350  0 05 x 05    0.0349  0 05 x 05
0.0538  4 08 t 08    0.0536  0 00 x 05    0.0351  0 07 t 12    0.0351  4 08 t 10
0.0539  0 32 x 05    0.0538  0 02 x 07    0.0351  0 04 x 05    0.0351  0 07 t 12
0.0541  5 08 x 10    0.0538  4 08 t 08    0.0351  0 07 t 08    0.0351  0 07 t 08
0.0542  0 03 x 07    0.0539  0 32 t 05    0.0351  4 08 t 10    0.0352  4 08 t 08
0.0542  0 05 x 05    0.0539  0 32 x 05    0.0352  4 08 t 08    0.0352  0 04 x 05
0.0545  4 08 x 12    0.0539  0 31 x 05    0.0352  0 31 t 04    0.0352  0 07 x 10
0.0545  0 30 x 05    0.0541  5 08 x 10    0.0352  0 07 x 10    0.0352  0 31 t 04
0.0547  0 07 x 06    0.0542  0 03 x 07    0.0353  3 08 x 10    0.0353  3 08 x 12
0.0547  3 08 t 08    0.0542  0 05 x 05    0.0353  3 08 x 12    0.0353  3 08 x 10
0.0548  5 08 t 10    0.0545  4 08 x 12    0.0354  0 07 t 10    0.0354  0 07 t 10
0.0549  4 08 t 12    0.0547  0 07 x 06    0.0355  0 07 t 07    0.0355  0 07 t 07
0.0549  3 08 x 10    0.0547  3 08 t 08    0.0356  0 07 x 07    0.0355  3 08 t 12
0.0550  3 08 x 12    0.0548  5 08 t 10    0.0356  3 08 t 12    0.0356  0 07 x 07
0.0550  0 27 x 05    0.0549  3 08 x 10    0.0356  3 08 t 10    0.0356  0 28 t 04
0.0551  0 00 x 05    0.0550  4 08 t 12    0.0357  0 01 t 04    0.0356  0 01 t 04
0.0552  4 08 t 07    0.0550  3 08 x 12    0.0357  0 28 t 04    0.0357  3 08 t 10
0.0553  3 08 t 12    0.0551  0 27 x 05    0.0359  0 06 x 05    0.0357  0 30 t 04
0.0555  0 32 t 05    0.0552  4 08 t 07    0.0360  4 08 t 07    0.0359  0 06 x 05
0.0555  0 31 x 05    0.0553  3 08 t 12    0.0361  0 05 t 04    0.0360  4 08 t 07
0.0555  3 08 t 10    0.0555  3 08 t 10    0.0361  0 04 t 04    0.0361  0 05 t 04
0.0556  5 08 t 08    0.0556  5 08 t 08    0.0362  0 07 t 06    0.0361  0 04 t 04
0.0556  4 08 x 07    0.0556  4 08 x 07    0.0363  4 08 x 07    0.0362  0 07 t 06
0.0560  0 07 t 05    0.0560  0 07 t 05    0.0363  4 08 x 12    0.0362  4 08 x 07
0.0560  0 06 x 05    0.0561  0 06 x 05    0.0364  0 00 t 04    0.0363  4 08 x 12
0.0563  0 04 x 05    0.0563  0 04 x 05    0.0365  5 08 x 08    0.0364  0 00 t 04
0.0566  5 08 t 07    0.0566  5 08 t 07    0.0366  0 30 t 04    0.0365  5 08 x 08
0.0567  0 05 t 04    0.0568  0 05 t 04    0.0367  4 08 t 12    0.0367  4 08 t 12
0.0569  5 08 x 07    0.0569  5 08 x 07    0.0369  3 08 t 07    0.0369  3 08 t 07
0.0570  0 31 t 04    0.0570  0 31 t 04    0.0370  3 08 x 07    0.0370  3 08 x 07
0.0574  0 28 t 04    0.0574  0 28 t 04    0.0372  0 06 t 04    0.0372  0 06 t 04
0.0574  0 30 t 04    0.0574  0 30 t 04    0.0372  5 08 x 10    0.0372  5 08 x 10
0.0577  4 08 t 06    0.0577  4 08 t 06    0.0373  0 07 x 06    0.0372  0 07 x 06
0.0578  3 08 t 07    0.0579  3 08 t 07    0.0373  0 02 x 06    0.0373  0 02 x 06
0.0580  0 29 t 04    0.0580  0 29 t 04    0.0374  4 08 t 06    0.0374  4 08 t 06
0.0580  0 01 t 04    0.0581  0 01 t 04    0.0377  0 03 x 06    0.0377  0 03 x 06
0.0581  0 06 t 04    0.0582  0 06 t 04    0.0378  5 08 t 10    0.0378  5 08 t 10
0.0582  3 08 x 07    0.0582  3 08 x 07    0.0380  0 32 x 04    0.0379  0 32 t 04
0.0583  0 04 t 04    0.0584  0 04 t 04    0.0380  0 31 x 04    0.0379  0 32 x 04
0.0585  4 08 x 06    0.0586  4 08 x 06    0.0380  4 08 x 06    0.0379  0 31 x 04
0.0586  5 08 t 06    0.0586  5 08 t 06    0.0380  0 32 t 04    0.0380  4 08 x 06
0.0588  0 02 x 06    0.0588  0 02 x 06    0.0381  3 08 x 06    0.0380  0 29 t 04
0.0588  0 00 t 04    0.0589  0 00 t 04    0.0381  0 07 t 05    0.0381  3 08 x 06
0.0590  5 08 x 12    0.0590  5 08 x 12    0.0381  0 01 x 04    0.0381  0 07 t 05
0.0592  0 07 x 05    0.0592  0 03 x 06    0.0381  3 08 t 06    0.0381  3 08 t 06
0.0592  0 03 x 06    0.0592  0 07 x 05    0.0382  5 08 t 08    0.0381  0 01 x 04
0.0595  5 08 x 06    0.0595  5 08 x 06    0.0382  0 28 x 04    0.0381  5 08 t 08
0.0595  5 08 t 12    0.0595  5 08 t 12    0.0382  0 30 x 04    0.0382  0 28 x 04
0.0597  6 08 x 08    0.0596  0 05 x 04    0.0383  0 29 t 04    0.0383  0 30 x 04
0.0599  3 08 x 06    0.0597  6 08 x 08    0.0388  0 05 x 04    0.0387  0 05 x 04
0.0601  3 08 t 06    0.0600  3 08 x 06    0.0388  0 04 x 04    0.0388  0 04 x 04
0.0604  6 08 x 10    0.0601  3 08 t 06    0.0389  5 08 t 07    0.0389  0 27 x 04
0.0606  0 27 t 04    0.0604  0 01 x 04    0.0389  0 27 t 04    0.0389  0 27 t 04
0.0611  6 08 t 10    0.0604  6 08 x 10    0.0390  0 27 x 04    0.0389  5 08 t 07
0.0612  0 05 x 04    0.0608  0 27 t 04    0.0390  5 08 x 07    0.0390  5 08 x 07
0.0615  0 07 t 04    0.0610  0 06 x 04    0.0393  0 00 x 04    0.0392  0 00 x 04
0.0615  0 32 x 04    0.0612  6 08 t 10    0.0396  0 06 x 04    0.0396  0 06 x 04
0.0616  0 31 x 04    0.0612  0 04 x 04    0.0398  3 08 t 05    0.0398  0 07 x 05
0.0616  0 32 t 04    0.0616  0 07 t 04    0.0398  0 07 x 05    0.0399  3 08 t 05
0.0618  6 08 t 08    0.0616  0 31 x 04    0.0400  5 08 t 06    0.0400  5 08 t 06
0.0618  0 28 x 04    0.0616  0 32 x 04    0.0402  4 08 t 05    0.0402  4 08 t 05
0.0619  0 30 x 04    0.0616  0 32 t 04    0.0405  3 08 x 05    0.0405  3 08 x 05
0.0620  0 01 x 04    0.0618  0 28 x 04    0.0405  5 08 x 06    0.0405  5 08 x 06
0.0625  5 08 t 05    0.0618  6 08 t 08    0.0408  4 08 x 05    0.0408  4 08 x 05
0.0625  0 29 x 04    0.0619  0 30 x 04    0.0408  0 07 t 04    0.0409  0 07 t 04
0.0626  0 06 x 04    0.0620  0 00 x 04    0.0414  0 29 x 04    0.0412  0 29 x 04
0.0627  4 08 t 05    0.0625  0 29 x 04    0.0418  0 03 x 05    0.0417  0 03 x 05
0.0629  0 04 x 04    0.0626  5 08 t 05    0.0420  0 02 x 05    0.0420  0 02 x 05
0.0630  6 08 t 07    0.0626  4 08 t 05    0.0424  5 08 x 12    0.0424  5 08 x 12
0.0632  6 08 x 07    0.0630  6 08 t 07    0.0425  5 08 t 05    0.0425  5 08 t 05
0.0633  0 27 x 04    0.0632  6 08 x 07    0.0427  5 08 t 12    0.0427  5 08 t 12
0.0635  3 08 t 05    0.0633  0 27 x 04    0.0434  0 07 x 04    0.0433  0 28 t 03
0.0636  4 08 x 05    0.0635  3 08 t 05    0.0434  6 08 x 08    0.0433  0 07 x 04
0.0637  0 00 x 04    0.0636  4 08 x 05    0.0434  0 05 t 03    0.0434  0 30 t 03
0.0645  3 08 x 05    0.0643  0 07 x 04    0.0435  4 08 t 04    0.0434  6 08 x 08
0.0646  5 08 x 05    0.0645  3 08 x 05    0.0435  0 28 t 03    0.0434  0 05 t 03
0.0655  6 08 t 06    0.0646  5 08 x 05    0.0437  5 08 x 05    0.0435  4 08 t 04
0.0660  0 07 x 04    0.0650  0 02 x 05    0.0438  0 29 t 03    0.0436  0 31 t 03
0.0662  6 08 x 06    0.0655  6 08 t 06    0.0438  6 08 x 10    0.0437  0 29 t 03
0.0663  0 02 x 05    0.0665  0 03 x 05    0.0442  0 27 t 03    0.0437  5 08 x 05
0.0665  0 03 x 05    0.0666  6 08 x 06    0.0443  6 08 t 10    0.0437  6 08 x 10
0.0683  4 08 t 04    0.0683  4 08 t 04    0.0443  0 06 t 03    0.0442  0 27 t 03
0.0698  5 08 t 04    0.0698  5 08 t 04    0.0445  0 00 t 03    0.0443  6 08 t 10
0.0699  0 05 t 03    0.0699  0 05 t 03    0.0446  6 08 t 08    0.0443  0 06 t 03
0.0699  6 08 t 05    0.0699  6 08 t 05    0.0446  3 08 t 04    0.0445  0 00 t 03
0.0708  0 06 t 03    0.0705  4 08 x 04    0.0446  0 30 t 03    0.0445  6 08 t 08
0.0710  0 30 t 03    0.0708  0 06 t 03    0.0450  2 08 x 05    0.0446  3 08 t 04
0.0710  0 28 t 03    0.0710  0 28 t 03    0.0454  6 08 t 07    0.0449  2 08 x 05
0.0712  0 29 t 03    0.0710  0 30 t 03    0.0455  2 08 t 05    0.0454  6 08 t 07
0.0715  3 08 t 04    0.0714  0 31 t 03    0.0455  6 08 x 07    0.0455  2 08 t 05
0.0717  6 08 x 12    0.0715  3 08 t 04    0.0455  0 04 t 03    0.0455  6 08 x 07
0.0717  2 08 x 05    0.0717  6 08 x 12    0.0459  0 05 x 03    0.0458  0 05 x 03
0.0718  6 08 x 05    0.0718  2 08 x 05    0.0460  0 01 t 03    0.0458  0 01 t 03
0.0722  6 08 t 12    0.0718  6 08 x 05    0.0460  4 08 x 04    0.0460  4 08 x 04
0.0723  2 08 t 05    0.0722  2 08 t 05    0.0461  0 31 t 03    0.0463  0 04 t 03
0.0724  4 08 x 04    0.0722  6 08 t 12    0.0465  0 01 x 03    0.0465  0 01 x 03
0.0728  0 27 t 03    0.0724  5 08 x 04    0.0465  0 06 x 03    0.0467  3 08 x 04
0.0731  0 00 t 03    0.0728  0 27 t 03    0.0467  3 08 x 04    0.0468  5 08 t 04
0.0732  0 01 t 03    0.0730  3 08 x 04    0.0467  5 08 t 04    0.0468  0 28 x 03
0.0736  0 04 t 03    0.0732  0 00 t 03    0.0468  0 30 x 03    0.0468  0 30 x 03
0.0739  0 07 t 03    0.0732  0 01 t 03    0.0469  0 28 x 03    0.0470  6 08 t 06
0.0744  5 08 x 04    0.0738  0 29 t 03    0.0470  6 08 t 06    0.0470  0 32 t 03
0.0750  3 08 x 04    0.0739  0 04 t 03    0.0470  0 04 x 03    0.0470  0 31 x 03
0.0753  0 31 t 03    0.0740  0 05 x 03    0.0470  0 32 x 03    0.0471  0 32 x 03
0.0760  0 05 x 03    0.0740  0 07 t 03    0.0471  0 31 x 03    0.0476  0 07 t 03
0.0768  0 28 x 03    0.0748  0 06 x 03    0.0471  0 32 t 03    0.0476  6 08 x 06
0.0769  0 30 x 03    0.0753  0 03 x 04    0.0476  0 07 t 03    0.0476  0 27 x 03
0.0769  0 06 x 03    0.0761  0 02 x 04    0.0476  6 08 x 06    0.0478  0 06 x 03
0.0770  0 01 x 03    0.0769  0 28 x 03    0.0477  0 27 x 03    0.0488  0 02 x 04
0.0772  0 32 t 03    0.0769  0 30 x 03    0.0491  0 29 x 03    0.0488  0 04 x 03
0.0772  0 31 x 03    0.0769  0 01 x 03    0.0493  0 02 x 04    0.0489  0 03 x 04
0.0772  0 32 x 03    0.0772  0 29 x 03    0.0493  0 03 x 04    0.0494  5 08 x 04
0.0774  6 08 t 04    0.0772  0 32 x 03    0.0494  5 08 x 04    0.0498  6 08 t 05
0.0780  0 02 x 04    0.0773  0 32 t 03    0.0496  0 07 x 03    0.0499  0 29 x 03
0.0781  0 03 x 04    0.0773  0 31 x 03    0.0499  6 08 t 05    0.0507  2 08 t 04
0.0785  0 27 x 03    0.0774  6 08 t 04    0.0507  2 08 t 04    0.0509  0 07 x 03
0.0793  0 04 x 03    0.0775  0 04 x 03    0.0510  6 08 x 05    0.0510  6 08 x 05
0.0799  0 07 x 03    0.0778  0 07 x 03    0.0517  0 00 x 03    0.0514  0 00 x 03
0.0804  0 29 x 03    0.0785  0 27 x 03    0.0521  2 08 x 04    0.0521  2 08 x 04
0.0815  2 08 t 04    0.0802  6 08 x 04    0.0528  4 08 t 03    0.0528  4 08 t 03
0.0820  0 00 x 03    0.0815  2 08 x 04    0.0548  6 08 t 04    0.0548  6 08 t 04
0.0824  6 08 x 04    0.0815  2 08 t 04    0.0551  6 08 x 12    0.0551  6 08 x 12
0.0838  2 08 x 04    0.0819  0 00 x 03    0.0552  3 08 t 03    0.0553  3 08 t 03
0.0845  4 08 t 03    0.0845  4 08 t 03    0.0556  6 08 t 12    0.0556  6 08 t 12
0.0861  5 08 t 03    0.0861  5 08 t 03    0.0559  4 08 x 03    0.0558  4 08 x 03
0.0875  7 08 t 05    0.0872  4 08 x 03    0.0561  0 05 t 02    0.0560  0 05 t 02
0.0893  7 08 x 05    0.0875  7 08 t 05    0.0562  0 01 t 02    0.0562  0 01 t 02
0.0896  4 08 x 03    0.0893  7 08 x 05    0.0564  5 08 t 03    0.0564  5 08 t 03
0.0904  3 08 t 03    0.0894  5 08 x 03    0.0564  0 06 t 02    0.0564  0 06 t 02
0.0919  5 08 x 03    0.0904  3 08 t 03    0.0571  0 03 x 03    0.0571  0 04 t 02
0.0934  0 06 t 02    0.0929  0 02 x 03    0.0571  0 04 t 02    0.0577  6 08 x 04
0.0936  0 05 t 02    0.0930  1 08 x 05    0.0577  6 08 x 04    0.0578  0 29 t 02
0.0947  6 08 t 03    0.0930  0 03 x 03    0.0578  0 29 t 02    0.0578  0 31 t 02
0.0954  1 08 t 05    0.0935  0 05 t 02    0.0578  0 31 t 02    0.0581  0 28 t 02
0.0954  1 08 x 05    0.0936  0 06 t 02    0.0582  0 28 t 02    0.0583  0 30 t 02
0.0955  0 02 x 03    0.0947  6 08 t 03    0.0583  0 02 x 03    0.0583  0 00 t 02
0.0956  0 03 x 03    0.0948  3 08 x 03    0.0583  0 30 t 02    0.0585  0 03 x 03
0.0956  0 01 t 02    0.0955  1 08 t 05    0.0584  0 00 t 02    0.0585  0 02 x 03
0.0958  0 07 t 02    0.0957  0 01 t 02    0.0590  0 07 t 02    0.0587  0 07 t 02
0.0963  0 04 t 02    0.0958  0 07 t 02    0.0593  0 27 t 02    0.0592  0 27 t 02
0.0968  7 08 t 04    0.0964  0 04 t 02    0.0595  1 08 x 05    0.0594  1 08 x 05
0.0974  0 29 t 02    0.0968  7 08 t 04    0.0595  1 08 t 05    0.0595  1 08 t 05
0.0975  3 08 x 03    0.0975  0 29 t 02    0.0598  5 08 x 03    0.0598  5 08 x 03
0.0976  0 31 t 02    0.0976  0 31 t 02    0.0610  3 08 x 03    0.0610  3 08 x 03
0.0980  0 28 t 02    0.0979  0 28 t 02    0.0617  0 01 x 02    0.0617  0 01 x 02
0.0981  0 30 t 02    0.0980  6 08 x 03    0.0621  0 05 x 02    0.0621  0 05 x 02
0.0986  0 00 t 02    0.0981  0 30 t 02    0.0624  0 06 x 02    0.0624  0 06 x 02
0.1002  0 27 t 02    0.0986  0 00 t 02    0.0626  0 04 x 02    0.0625  0 04 x 02
0.1008  6 08 x 03    0.0991  7 08 x 04    0.0634  0 29 x 02    0.0634  0 29 x 02
0.1019  7 08 x 04    0.1002  0 27 t 02    0.0638  0 30 x 02    0.0638  0 30 x 02
0.1040  0 05 x 02    0.1028  2 08 x 03    0.0638  0 28 x 02    0.0638  0 28 x 02
0.1040  0 06 x 02    0.1041  0 06 x 02    0.0639  0 00 x 02    0.0639  0 00 x 02
0.1047  2 08 t 03    0.1041  0 05 x 02    0.0641  2 08 t 03    0.0639  2 08 t 03
0.1052  0 01 x 02    0.1049  2 08 t 03    0.0641  0 31 x 02    0.0641  0 32 t 02
0.1062  0 04 x 02    0.1053  0 01 x 02    0.0641  0 32 x 02    0.0641  0 31 x 02
0.1063  0 07 x 02    0.1062  0 04 x 02    0.0644  0 32 t 02    0.0641  0 32 x 02
0.1064  2 08 x 03    0.1063  0 07 x 02    0.0646  0 07 x 02    0.0645  0 07 x 02
0.1075  0 29 x 02    0.1075  0 29 x 02    0.0648  0 27 x 02    0.0648  0 27 x 02
0.1078  0 30 x 02    0.1078  0 30 x 02    0.0654  2 08 x 03    0.0657  2 08 x 03
0.1079  0 28 x 02    0.1080  0 28 x 02    0.0659  6 08 t 03    0.0659  6 08 t 03
0.1083  0 32 x 02    0.1083  0 32 t 02    0.0671  4 08 t 02    0.0671  4 08 t 02
0.1083  0 31 x 02    0.1083  0 31 x 02    0.0685  7 08 t 05    0.0684  7 08 t 05
0.1083  0 32 t 02    0.1084  0 32 x 02    0.0692  1 08 x 04    0.0692  1 08 t 04
0.1083  0 00 x 02    0.1084  0 00 x 02    0.0692  1 08 t 04    0.0692  1 08 x 04
0.1101  0 27 x 02    0.1090  1 08 x 04    0.0694  7 08 x 05    0.0694  7 08 x 05
0.1113  4 08 t 02    0.1100  0 27 x 02    0.0695  6 08 x 03    0.0695  6 08 x 03
0.1121  1 08 x 04    0.1113  4 08 t 02    0.0714  3 08 t 02    0.0713  3 08 t 02
0.1121  1 08 t 04    0.1121  1 08 t 04    0.0719  5 08 t 02    0.0715  5 08 t 02
0.1128  5 08 t 02    0.1128  5 08 t 02    0.0725  4 08 x 02    0.0725  4 08 x 02
0.1176  7 08 t 03    0.1176  7 08 t 03    0.0750  7 08 t 04    0.0750  7 08 t 04
0.1193  3 08 t 02    0.1193  3 08 t 02    0.0757  3 08 x 02    0.0756  3 08 x 02
0.1205  4 08 x 02    0.1203  7 08 x 03    0.0769  0 02 x 02    0.0768  5 08 x 02
0.1227  5 08 x 02    0.1205  4 08 x 02    0.0769  0 03 x 02    0.0769  0 02 x 02
0.1236  7 08 x 03    0.1227  5 08 x 02    0.0769  5 08 x 02    0.0769  0 03 x 02
0.1243  6 08 t 02    0.1243  6 08 t 02    0.0780  7 08 x 04    0.0780  7 08 x 04
0.1269  3 08 x 02    0.1270  3 08 x 02    0.0821  2 08 t 02    0.0821  2 08 t 02
0.1283  0 02 x 02    0.1284  0 03 x 02    0.0843  6 08 t 02    0.0841  6 08 t 02
0.1283  0 03 x 02    0.1284  0 02 x 02    0.0854  2 08 x 02    0.0853  2 08 x 02
0.1344  6 08 x 02    0.1345  6 08 x 02    0.0875  0 31 t 01    0.0874  0 31 t 01
0.1375  2 08 t 02    0.1376  2 08 t 02    0.0876  0 05 t 01    0.0875  0 05 t 01
0.1433  1 08 t 03    0.1433  1 08 x 03    0.0876  0 29 t 01    0.0876  0 29 t 01
0.1434  1 08 x 03    0.1433  1 08 t 03    0.0878  0 01 t 01    0.0878  0 01 t 01
0.1434  2 08 x 02    0.1434  2 08 x 02    0.0880  0 06 t 01    0.0879  1 08 x 03
0.1547  7 08 t 02    0.1547  7 08 t 02    0.0881  1 08 t 03    0.0879  0 06 t 01
0.1560  0 02 x 08    0.1561  0 02 x 08    0.0882  1 08 x 03    0.0881  1 08 t 03
0.1602  0 06 t 01    0.1602  0 06 t 01    0.0883  0 30 t 01    0.0882  0 30 t 01
0.1605  0 07 t 01    0.1605  0 07 t 01    0.0884  0 28 t 01    0.0884  0 28 t 01
0.1617  0 05 t 01    0.1617  0 05 t 01    0.0885  0 07 t 01    0.0884  0 07 t 01
0.1630  0 29 t 01    0.1630  0 29 t 01    0.0886  0 04 t 01    0.0885  0 04 t 01
0.1630  0 31 t 01    0.1631  0 31 t 01    0.0893  7 08 t 03    0.0893  7 08 t 03
0.1636  0 01 t 01    0.1636  0 01 t 01    0.0899  6 08 x 02    0.0896  6 08 x 02
0.1641  0 28 t 01    0.1641  0 28 t 01    0.0910  0 00 t 01    0.0910  0 00 t 01
0.1641  0 30 t 01    0.1642  0 30 t 01    0.0924  0 27 t 01    0.0924  0 27 t 01
0.1644  0 04 t 01    0.1644  0 04 t 01    0.0931  7 08 x 03    0.0931  7 08 x 03
0.1649  0 02 x 10    0.1649  0 02 x 10    0.0965  0 02 x 08    0.0964  0 02 x 08
0.1650  7 08 x 02    0.1650  7 08 x 02    0.0968  0 05 x 01    0.0968  0 05 x 01
0.1686  0 00 t 01    0.1685  0 00 t 01    0.0971  0 31 x 01    0.0970  0 31 x 01
0.1714  0 27 t 01    0.1710  0 27 t 01    0.0972  0 29 x 01    0.0972  0 29 x 01
0.1764  0 02 x 12    0.1766  0 02 x 12    0.0975  0 06 x 01    0.0975  0 06 x 01
0.1809  0 06 x 01    0.1810  0 06 x 01    0.0978  0 32 x 01    0.0980  0 01 x 01
0.1814  0 07 x 01    0.1814  0 07 x 01    0.0981  0 01 x 01    0.0980  0 28 x 01
0.1817  0 05 x 01    0.1818  0 05 x 01    0.0981  0 28 x 01    0.0981  0 32 x 01
0.1831  0 31 x 01    0.1832  0 29 x 01    0.0982  0 32 t 01    0.0982  0 30 x 01
0.1832  0 29 x 01    0.1832  0 31 x 01    0.0982  0 30 x 01    0.0982  0 07 x 01
0.1840  0 28 x 01    0.1839  0 32 x 01    0.0982  0 07 x 01    0.0983  0 32 t 01
0.1840  0 32 x 01    0.1839  0 32 t 01    0.0985  0 04 x 01    0.0985  0 04 x 01
0.1842  0 30 x 01    0.1840  0 28 x 01    0.1015  0 00 x 01    0.1016  0 27 x 01
0.1846  0 01 x 01    0.1842  0 30 x 01    0.1016  0 27 x 01    0.1018  0 00 x 01
0.1847  0 32 t 01    0.1847  0 01 x 01    0.1036  0 02 x 10    0.1035  0 02 x 10
0.1851  0 04 x 01    0.1852  0 04 x 01    0.1045  4 08 t 01    0.1045  4 08 t 01
0.1889  5 08 t 01    0.1889  5 08 t 01    0.1075  5 08 t 01    0.1075  5 08 t 01
0.1902  0 00 x 01    0.1898  0 00 x 01    0.1108  0 02 x 12    0.1108  0 02 x 12
0.1903  4 08 t 01    0.1903  4 08 t 01    0.1128  3 08 t 01    0.1127  3 08 t 01
0.1904  0 27 x 01    0.1905  0 27 x 01    0.1131  4 08 x 01    0.1131  4 08 x 01
0.1946  1 08 t 02    0.1946  1 08 x 02    0.1157  7 08 t 02    0.1157  7 08 t 02
0.1946  1 08 x 02    0.1946  1 08 t 02    0.1162  1 08 x 02    0.1162  1 08 x 02
0.2062  3 08 t 01    0.2063  3 08 t 01    0.1163  1 08 t 02    0.1162  1 08 t 02
0.2081  6 08 t 01    0.2082  6 08 t 01    0.1170  5 08 x 01    0.1170  5 08 x 01
0.2084  4 08 x 01    0.2085  4 08 x 01    0.1209  3 08 x 01    0.1209  3 08 x 01
0.2085  5 08 x 01    0.2085  5 08 x 01    0.1216  7 08 x 02    0.1216  7 08 x 02
0.2227  3 08 x 01    0.2228  3 08 x 01    0.1226  0 03 x 01    0.1226  0 03 x 01
0.2239  0 03 x 01    0.2241  0 03 x 01    0.1227  0 02 x 01    0.1227  0 02 x 01
0.2241  0 02 x 01    0.2243  0 02 x 01    0.1303  6 08 t 01    0.1302  6 08 t 01
0.2295  6 08 x 01    0.2296  6 08 x 01    0.1339  2 08 t 01    0.1336  2 08 t 01
0.2424  2 08 t 01    0.2424  2 08 t 01    0.1401  2 08 x 01    0.1400  2 08 x 01
0.2547  2 08 x 01    0.2549  2 08 x 01    0.1407  6 08 x 01    0.1407  6 08 x 01
0.2623  7 08 t 01    0.2623  7 08 t 01    0.1863  7 08 t 01    0.1862  7 08 t 01
0.2807  7 08 x 01    0.2809  7 08 x 01    0.1943  7 08 x 01    0.1942  7 08 x 01
0.3513  1 08 t 01    0.3515  1 08 t 01    0.1974  1 08 x 01    0.1973  1 08 x 01
0.3514  1 08 x 01    0.3515  1 08 x 01    0.1975  1 08 t 01    0.1973  1 08 t 01
---Benchmark Program Finished---
