
./testbench.sh clang++ O3 MontgomeryFull uint64_t 191 8 22 -DTEST_ARRAY -DHURCHALLA_MONTGOMERY_TWO_POW_USE_CSELECT_ON_BIT -DHURCHALLA_ALLOW_INLINE_ASM_ALL

compilation finished, now executing:
---Running Program---

begin benchmarks - array two_pow
(ignore)10826325836583162489

OVERALL BEST:
0.1384  0 31 x 12
0.1384  0 32 t 12
0.1384  0 32 x 12
0.1386  0 29 x 12
0.1397  0 32 t 10
0.1398  0 28 x 12
0.1398  0 32 x 10
0.1398  0 31 x 10
0.1403  0 30 x 12
0.1405  0 29 x 10
0.1413  0 30 x 10
0.1417  0 32 x 08
0.1428  0 32 t 08
0.1428  0 28 x 10
0.1429  0 31 x 08
0.1450  0 29 t 12
0.1452  0 27 x 12
0.1453  0 29 x 08
0.1455  0 32 x 07
0.1457  0 28 x 08
0.1460  0 30 x 08
0.1469  0 32 t 07
0.1476  0 31 t 12
0.1477  0 31 x 07
0.1480  0 27 x 10
0.1484  0 31 t 10
0.1491  0 30 x 07
0.1491  0 28 t 12
0.1495  0 30 t 12
0.1496  0 29 t 10
0.1496  0 29 x 07
0.1504  0 30 t 10
0.1507  0 31 t 07
0.1507  0 28 x 07
0.1512  0 29 t 07
0.1514  0 30 t 07
0.1521  0 28 t 07
0.1531  0 28 t 10
0.1531  0 01 x 12
0.1534  0 05 x 08
0.1537  0 31 t 06
0.1538  0 27 x 08
0.1539  0 29 t 06
0.1541  0 30 t 08
0.1542  0 05 x 12
0.1544  0 01 x 10
0.1549  0 05 x 10
0.1549  0 32 x 06
0.1550  0 32 t 06
0.1551  0 31 t 08
0.1555  0 04 x 08
0.1556  0 05 t 08
0.1556  0 27 x 07
0.1558  0 29 t 08
0.1560  0 28 t 08
0.1561  0 30 t 06
0.1561  0 00 x 12
0.1563  0 28 t 06
0.1566  0 01 t 07
0.1566  0 05 t 07
0.1567  0 04 x 12
0.1568  0 31 x 06
0.1569  0 01 t 06
0.1572  0 27 t 12
0.1574  0 00 x 10
0.1574  0 05 x 07
0.1575  0 01 x 08
0.1575  0 06 x 08
0.1577  0 05 t 10
0.1578  0 04 x 10
0.1580  0 00 x 08
0.1581  0 27 t 10
0.1585  0 04 t 08
0.1587  0 05 t 12
0.1588  0 06 x 12
0.1589  0 05 t 06
0.1589  0 04 t 07
0.1589  0 01 x 07
0.1590  0 29 x 06
0.1592  0 01 t 10
0.1593  0 06 x 10
0.1596  0 04 x 07
0.1597  0 06 t 08
0.1598  0 01 t 08
0.1599  0 01 t 12
0.1601  0 28 x 06
0.1604  0 06 t 07
0.1609  0 00 t 12
0.1610  0 00 t 07
0.1610  0 00 x 07
0.1611  0 00 t 08
0.1612  0 01 x 06
0.1613  0 27 t 07
0.1613  0 06 x 07
0.1615  0 04 t 06
0.1616  0 30 x 06
0.1619  0 27 t 08
0.1621  0 06 t 10
0.1626  0 00 t 10
0.1627  0 04 t 10
0.1629  0 31 t 05
0.1631  0 06 t 06
0.1632  0 06 t 12
0.1633  0 04 t 12
0.1633  0 00 t 06
0.1642  0 27 t 06
0.1651  0 01 t 05
0.1653  0 05 x 06
0.1663  0 27 x 06
0.1668  0 00 x 06
0.1677  0 04 x 06
0.1683  0 05 t 05
0.1684  0 30 t 05
0.1686  0 28 t 05
0.1689  0 29 t 05
0.1694  0 03 x 10
0.1696  0 03 x 12
0.1697  0 06 x 06
0.1721  0 03 x 08
0.1727  0 07 x 12
0.1727  0 00 t 05
0.1731  0 06 t 05
0.1732  0 04 t 05
0.1738  0 27 t 05
0.1747  0 07 x 08
0.1757  0 01 x 05
0.1759  0 32 x 05
0.1760  0 03 x 07
0.1761  3 08 x 08
0.1762  0 32 t 05
0.1764  0 07 t 08
0.1765  0 07 t 12
0.1771  0 07 t 07
0.1772  0 07 x 10
0.1774  0 31 x 05
0.1777  4 08 x 12
0.1781  0 28 x 05
0.1781  4 08 t 12
0.1784  0 07 x 07
0.1788  0 05 x 05
0.1789  0 29 x 05
0.1792  0 30 x 05
0.1801  0 07 t 06
0.1802  0 07 t 10
0.1814  0 27 x 05
0.1816  3 08 t 08
0.1818  3 08 x 12
0.1819  0 04 x 05
0.1829  0 00 x 05
0.1835  0 06 x 05
0.1839  3 08 t 12
0.1841  4 08 x 08
0.1844  3 08 x 10
0.1855  0 07 x 06
0.1856  0 05 t 04
0.1857  0 31 t 04
0.1857  4 08 x 10
0.1870  4 08 t 10
0.1873  0 07 t 05
0.1879  4 08 t 08
0.1879  0 04 t 04
0.1879  0 30 t 04
0.1880  0 28 t 04
0.1880  3 08 t 10
0.1887  5 08 x 12
0.1890  5 08 t 12
0.1896  0 01 t 04
0.1903  0 00 t 04
0.1905  0 27 t 04
0.1907  0 06 t 04
0.1921  0 03 x 06
0.1934  0 02 x 06
0.1941  0 29 t 04
0.1950  3 08 x 07
0.1970  3 08 t 07
0.1982  0 07 x 05
0.1987  3 08 t 06
0.1988  4 08 t 07
0.1989  0 05 x 04
0.2002  4 08 x 07
0.2003  0 32 x 04
0.2003  0 31 x 04
0.2004  0 32 t 04
0.2006  0 01 x 04
0.2010  0 28 x 04
0.2021  0 04 x 04
0.2025  3 08 x 06
0.2027  0 30 x 04
0.2035  0 06 x 04
0.2044  0 27 x 04
0.2048  0 07 t 04
0.2049  0 00 x 04
0.2077  5 08 x 10
0.2087  3 08 t 05
0.2090  5 08 t 10
0.2090  0 29 x 04
0.2107  4 08 t 06
0.2109  4 08 x 06
0.2130  5 08 x 08
0.2133  3 08 x 05
0.2162  0 02 x 05
0.2164  0 03 x 05
0.2178  0 07 x 04
0.2184  6 08 t 12
0.2187  6 08 x 12
0.2188  5 08 t 08
0.2216  4 08 t 05
0.2224  6 08 x 10
0.2229  6 08 t 10
0.2256  4 08 x 05
0.2268  0 05 t 03
0.2288  0 06 t 03
0.2312  0 30 t 03
0.2316  0 28 t 03
0.2316  3 08 t 04
0.2320  0 01 t 03
0.2323  5 08 t 07
0.2338  5 08 x 07
0.2343  2 08 x 05
0.2353  0 00 t 03
0.2363  2 08 t 05
0.2381  0 31 t 03
0.2400  0 27 t 03
0.2402  3 08 x 04
0.2407  0 04 t 03
0.2408  4 08 t 04
0.2422  0 07 t 03
0.2440  0 29 t 03
0.2444  0 05 x 03
0.2450  0 06 x 03
0.2451  0 03 x 04
0.2470  5 08 t 06
0.2478  0 01 x 03
0.2486  5 08 x 06
0.2516  4 08 x 04
0.2529  0 02 x 04
0.2542  0 32 x 03
0.2549  0 31 x 03
0.2550  0 32 t 03
0.2566  0 00 x 03
0.2575  0 07 x 03
0.2589  0 29 x 03
0.2596  0 04 x 03
0.2630  0 27 x 03
0.2640  0 28 x 03
0.2644  0 30 x 03
0.2650  2 08 t 04
0.2676  2 08 x 04
0.2716  5 08 x 05
0.2787  5 08 t 05
0.2830  6 08 x 08
0.2855  6 08 t 08
0.2901  4 08 t 03
0.2904  3 08 t 03
0.2920  5 08 t 04
0.2987  0 05 t 02
0.3024  0 06 t 02
0.3027  0 01 t 02
0.3034  5 08 x 04
0.3040  0 03 x 03
0.3053  4 08 x 03
0.3054  0 04 t 02
0.3073  0 02 x 03
0.3098  0 31 t 02
0.3103  0 29 t 02
0.3103  1 08 x 05
0.3107  6 08 t 07
0.3109  0 07 t 02
0.3118  3 08 x 03
0.3124  0 30 t 02
0.3124  0 28 t 02
0.3124  0 00 t 02
0.3126  6 08 x 07
0.3129  1 08 t 05
0.3180  0 27 t 02
0.3272  2 08 t 03
0.3312  6 08 t 06
0.3330  0 05 x 02
0.3335  0 06 x 02
0.3345  0 01 x 02
0.3365  6 08 x 06
0.3382  0 04 x 02
0.3386  2 08 x 03
0.3436  5 08 t 03
0.3443  0 07 x 02
0.3447  0 30 x 02
0.3447  0 00 x 02
0.3448  0 28 x 02
0.3479  0 31 x 02
0.3479  0 32 t 02
0.3480  0 29 x 02
0.3480  0 32 x 02
0.3501  0 27 x 02
0.3568  1 08 x 04
0.3602  5 08 x 03
0.3636  1 08 t 04
0.3695  4 08 t 02
0.3711  6 08 t 05
0.3828  3 08 t 02
0.3833  6 08 x 05
0.3990  4 08 x 02
0.4006  5 08 t 02
0.4007  6 08 t 04
0.4092  3 08 x 02
0.4106  0 02 x 02
0.4121  0 03 x 02
0.4242  6 08 x 04
0.4271  7 08 t 05
0.4302  5 08 x 02
0.4346  7 08 x 05
0.4379  2 08 t 02
0.4586  2 08 x 02
0.4606  1 08 t 03
0.4639  1 08 x 03
0.4804  0 02 x 07
0.4825  6 08 t 03
0.4946  0 06 t 01
0.4956  0 05 t 01
0.4968  0 07 t 01
0.4986  0 31 t 01
0.4987  6 08 x 03
0.4990  0 29 t 01
0.5007  0 01 t 01
0.5019  0 28 t 01
0.5034  0 30 t 01
0.5038  0 04 t 01
0.5148  0 02 x 08
0.5169  0 00 t 01
0.5244  0 27 t 01
0.5250  6 08 t 02
0.5492  0 02 x 10
0.5569  0 06 x 01
0.5574  0 05 x 01
0.5575  6 08 x 02
0.5596  0 07 x 01
0.5645  0 28 x 01
0.5663  0 01 x 01
0.5664  0 30 x 01
0.5672  0 04 x 01
0.5764  0 31 x 01
0.5766  0 29 x 01
0.5810  0 32 x 01
0.5815  0 32 t 01
0.5828  0 02 x 12
0.5843  0 27 x 01
0.5845  4 08 t 01
0.5848  0 00 x 01
0.5871  5 08 t 01
0.6222  1 08 t 02
0.6223  1 08 x 02
0.6351  3 08 t 01
0.6423  4 08 x 01
0.6519  5 08 x 01
0.6562  7 08 t 04
0.6697  6 08 t 01
0.6869  3 08 x 01
0.6941  0 02 x 01
0.6964  0 03 x 01
0.7209  7 08 x 04
0.7406  6 08 x 01
0.7520  2 08 t 01
0.7823  7 08 t 03
0.7908  2 08 x 01
0.7961  7 08 x 03
0.8286  7 08 t 02
0.8604  7 08 x 02
0.8884  7 08 t 01
0.9510  7 08 x 01
1.0977  1 08 t 01
1.0979  1 08 x 01
Timings By Test Type:
0.0425  0 32 t 12    0.0425  0 32 x 12    0.0268  0 31 x 12    0.0267  0 32 x 12
0.0425  0 31 x 12    0.0425  0 32 t 12    0.0268  0 32 t 12    0.0267  0 31 x 12
0.0425  0 32 x 12    0.0425  0 31 x 12    0.0268  0 32 x 12    0.0268  0 32 t 12
0.0425  0 29 x 12    0.0425  0 29 x 12    0.0268  0 29 x 12    0.0268  0 29 x 12
0.0426  0 32 x 08    0.0427  0 28 x 12    0.0270  0 32 x 10    0.0271  0 32 t 10
0.0427  0 28 x 12    0.0428  0 32 t 10    0.0270  0 32 t 10    0.0271  0 32 x 10
0.0428  0 32 t 10    0.0428  0 31 x 10    0.0271  0 31 x 10    0.0271  0 31 x 10
0.0428  0 31 x 10    0.0428  0 32 x 10    0.0272  0 28 x 12    0.0271  0 28 x 12
0.0428  0 32 x 10    0.0429  0 30 x 12    0.0272  0 29 x 10    0.0272  0 29 x 10
0.0429  0 30 x 12    0.0430  0 29 x 10    0.0273  0 30 x 12    0.0273  0 30 x 12
0.0430  0 29 x 10    0.0432  0 30 x 10    0.0274  0 30 x 10    0.0274  0 30 x 10
0.0432  0 30 x 10    0.0436  0 28 x 10    0.0277  0 31 x 08    0.0277  0 32 t 08
0.0436  0 28 x 10    0.0437  0 32 t 08    0.0277  0 32 t 08    0.0277  0 31 x 08
0.0437  0 32 t 08    0.0437  0 32 x 08    0.0277  0 32 x 08    0.0277  0 32 x 08
0.0438  0 31 x 08    0.0437  0 31 x 08    0.0278  0 28 x 10    0.0278  0 28 x 10
0.0442  0 29 x 08    0.0443  0 29 x 08    0.0279  0 32 x 07    0.0279  0 32 x 07
0.0444  0 29 t 12    0.0444  0 29 t 12    0.0281  0 29 t 12    0.0279  0 32 t 07
0.0444  0 30 x 08    0.0444  0 30 x 08    0.0282  0 27 x 12    0.0281  0 29 t 12
0.0444  0 27 x 12    0.0444  0 27 x 12    0.0284  0 29 x 08    0.0282  0 27 x 12
0.0444  0 28 x 08    0.0445  0 28 x 08    0.0284  0 28 x 08    0.0284  0 28 x 08
0.0445  0 32 x 07    0.0452  0 27 x 10    0.0286  0 31 t 12    0.0284  0 29 x 08
0.0452  0 27 x 10    0.0452  0 31 x 07    0.0286  0 30 x 08    0.0286  0 30 x 08
0.0452  0 31 x 07    0.0452  0 32 t 07    0.0286  0 32 t 07    0.0286  0 31 t 12
0.0452  0 32 t 07    0.0452  0 32 x 07    0.0286  0 31 x 07    0.0286  0 31 x 07
0.0452  0 31 t 12    0.0452  0 31 t 12    0.0287  0 31 t 10    0.0287  0 31 t 10
0.0455  0 31 t 10    0.0455  0 31 t 10    0.0288  0 27 x 10    0.0288  0 27 x 10
0.0455  0 30 x 07    0.0456  0 30 x 07    0.0290  0 28 t 12    0.0289  0 28 x 07
0.0456  0 28 t 12    0.0456  0 28 t 12    0.0290  0 30 x 07    0.0290  0 28 t 12
0.0456  0 30 t 12    0.0456  0 30 t 12    0.0291  0 29 t 10    0.0290  0 30 x 07
0.0457  0 29 t 10    0.0457  0 29 x 07    0.0291  0 29 x 07    0.0291  0 29 t 10
0.0457  0 29 x 07    0.0457  0 29 t 10    0.0291  0 30 t 12    0.0291  0 30 t 12
0.0460  0 30 t 10    0.0460  0 30 t 10    0.0292  0 30 t 10    0.0291  0 29 x 07
0.0460  0 31 t 07    0.0460  0 31 t 07    0.0293  0 31 t 07    0.0292  0 30 t 10
0.0461  0 28 x 07    0.0461  0 30 t 07    0.0294  0 01 x 12    0.0293  0 31 t 07
0.0461  0 30 t 07    0.0461  0 28 x 07    0.0294  0 29 t 07    0.0294  0 01 x 12
0.0461  0 29 t 07    0.0461  0 29 t 07    0.0295  0 32 x 06    0.0295  0 29 t 07
0.0462  0 28 t 07    0.0462  0 28 t 07    0.0296  0 30 t 07    0.0296  0 32 x 06
0.0465  0 05 x 08    0.0465  0 05 x 08    0.0296  0 28 x 07    0.0296  0 31 x 06
0.0466  0 05 x 12    0.0465  0 05 x 12    0.0297  0 32 t 06    0.0296  0 30 t 07
0.0467  0 28 t 10    0.0468  0 28 t 10    0.0297  0 01 x 10    0.0296  0 32 t 06
0.0468  0 05 x 10    0.0468  0 05 x 10    0.0298  0 28 t 10    0.0297  0 01 x 10
0.0468  0 27 x 08    0.0468  0 31 t 06    0.0298  0 28 t 07    0.0297  0 27 x 07
0.0469  0 31 t 06    0.0468  0 27 x 08    0.0298  0 29 t 06    0.0298  0 28 t 10
0.0470  0 30 t 08    0.0469  0 05 t 10    0.0299  0 04 x 08    0.0298  0 28 t 07
0.0471  0 29 t 06    0.0470  0 30 t 08    0.0300  0 31 t 06    0.0299  0 29 t 06
0.0471  0 05 t 08    0.0471  0 29 t 06    0.0300  0 30 t 08    0.0299  0 04 x 08
0.0471  0 01 x 12    0.0471  0 05 t 08    0.0300  0 04 x 12    0.0300  0 31 t 06
0.0474  0 31 t 08    0.0472  0 01 x 12    0.0300  0 27 x 08    0.0300  0 27 x 08
0.0475  0 05 t 07    0.0472  0 32 t 06    0.0302  0 31 t 08    0.0300  0 04 x 12
0.0475  0 01 x 10    0.0474  0 32 x 06    0.0302  0 01 t 06    0.0301  0 30 t 08
0.0475  0 29 t 08    0.0474  0 31 t 08    0.0302  0 01 t 07    0.0301  0 31 t 08
0.0476  0 28 t 08    0.0474  0 05 t 07    0.0303  0 05 x 08    0.0302  0 01 t 06
0.0476  0 05 x 07    0.0475  0 01 x 10    0.0303  0 00 x 12    0.0302  0 01 t 07
0.0477  0 01 x 08    0.0475  0 29 t 08    0.0303  0 30 t 06    0.0302  0 30 t 06
0.0477  0 27 x 07    0.0476  0 28 t 08    0.0303  0 04 x 10    0.0302  0 05 x 08
0.0478  0 30 t 06    0.0476  0 05 x 07    0.0303  0 28 t 06    0.0302  0 28 t 06
0.0478  0 00 x 12    0.0477  0 01 x 08    0.0304  0 29 t 08    0.0302  0 00 x 12
0.0478  0 04 x 08    0.0477  0 27 x 07    0.0304  0 28 t 08    0.0303  0 04 x 10
0.0479  0 01 x 07    0.0478  0 30 t 06    0.0304  0 31 x 06    0.0303  0 29 x 06
0.0479  0 28 t 06    0.0478  0 00 x 12    0.0305  0 04 t 08    0.0304  0 29 t 08
0.0479  0 06 x 08    0.0479  0 28 t 06    0.0305  0 01 t 10    0.0304  0 28 x 06
0.0481  0 01 t 07    0.0479  0 04 x 08    0.0305  0 27 t 12    0.0304  0 28 t 08
0.0481  0 27 t 12    0.0479  0 06 x 08    0.0305  0 27 x 07    0.0305  0 04 t 08
0.0481  0 05 t 10    0.0479  0 01 x 07    0.0305  0 05 x 12    0.0305  0 01 t 10
0.0481  0 00 x 10    0.0481  0 01 t 07    0.0305  0 04 t 07    0.0305  0 27 t 12
0.0481  0 05 t 12    0.0481  0 27 t 12    0.0306  0 05 t 08    0.0305  0 05 x 12
0.0482  0 05 t 06    0.0481  0 00 x 10    0.0306  0 29 x 06    0.0306  0 04 t 07
0.0482  0 01 t 06    0.0481  0 05 t 12    0.0306  0 28 x 06    0.0306  0 00 x 10
0.0482  0 06 x 12    0.0482  0 05 t 06    0.0306  0 00 x 10    0.0306  0 05 x 10
0.0483  0 27 t 10    0.0482  0 06 x 12    0.0306  0 05 x 10    0.0307  0 05 t 08
0.0483  0 04 x 12    0.0483  0 01 t 06    0.0307  0 00 x 08    0.0307  0 00 x 08
0.0483  0 00 x 08    0.0483  0 27 t 10    0.0307  0 04 x 07    0.0307  0 01 t 12
0.0484  0 06 x 10    0.0483  0 04 x 12    0.0307  0 01 t 12    0.0307  0 04 x 07
0.0484  0 31 x 06    0.0483  0 00 x 08    0.0308  0 27 t 10    0.0308  0 27 t 10
0.0484  0 32 t 06    0.0484  0 06 x 10    0.0308  0 05 t 07    0.0308  0 30 x 06
0.0485  0 32 x 06    0.0485  0 31 x 06    0.0309  0 06 x 08    0.0309  0 06 x 08
0.0486  0 04 x 10    0.0486  0 27 t 08    0.0309  0 05 t 12    0.0309  0 05 t 07
0.0486  0 06 t 08    0.0486  0 06 t 08    0.0309  0 01 x 06    0.0309  0 01 t 08
0.0488  0 06 t 07    0.0486  0 04 x 10    0.0309  0 01 t 08    0.0309  0 01 x 06
0.0488  0 04 t 08    0.0488  0 04 t 08    0.0311  0 04 t 06    0.0309  0 31 t 05
0.0489  0 04 t 07    0.0488  0 06 t 07    0.0311  0 01 x 08    0.0311  0 01 x 08
0.0490  0 01 t 08    0.0489  0 04 t 07    0.0311  0 05 x 07    0.0311  0 04 t 06
0.0490  0 06 x 07    0.0490  0 01 t 08    0.0311  0 06 x 12    0.0311  0 05 x 07
0.0490  0 29 x 06    0.0490  0 06 x 07    0.0312  0 06 t 08    0.0311  0 06 x 12
0.0491  0 27 t 07    0.0491  0 29 x 06    0.0312  0 00 x 07    0.0312  0 04 t 10
0.0491  0 01 t 10    0.0491  0 27 t 07    0.0312  0 05 t 06    0.0312  0 00 x 07
0.0491  0 04 x 07    0.0491  0 01 t 10    0.0312  0 04 t 10    0.0312  0 05 t 06
0.0491  0 00 t 12    0.0491  0 04 x 07    0.0313  0 06 x 10    0.0313  0 06 x 10
0.0491  0 00 t 07    0.0491  0 00 t 12    0.0313  0 00 t 08    0.0313  0 06 t 08
0.0492  0 01 t 12    0.0491  0 00 t 07    0.0314  0 00 t 07    0.0313  0 00 t 08
0.0492  0 00 t 08    0.0492  0 01 t 12    0.0314  0 04 t 12    0.0313  0 00 t 12
0.0493  0 00 x 07    0.0492  0 00 t 08    0.0314  0 05 t 10    0.0313  0 05 t 10
0.0493  0 27 t 08    0.0492  0 06 t 10    0.0314  0 00 t 12    0.0314  0 04 t 12
0.0494  0 06 t 10    0.0493  0 00 x 07    0.0314  0 06 t 07    0.0314  0 00 t 07
0.0495  0 00 t 06    0.0494  0 31 t 05    0.0315  0 01 t 05    0.0314  0 06 t 07
0.0495  0 28 x 06    0.0495  0 00 t 06    0.0315  0 01 x 07    0.0315  0 27 t 06
0.0496  0 06 t 06    0.0495  0 27 t 06    0.0316  0 27 t 07    0.0315  0 05 t 12
0.0496  0 30 x 06    0.0496  0 28 x 06    0.0316  0 00 t 10    0.0315  0 01 t 05
0.0497  0 06 t 12    0.0496  0 30 x 06    0.0316  0 06 x 07    0.0316  0 01 x 07
0.0497  0 00 t 10    0.0496  0 06 t 06    0.0317  0 30 x 06    0.0316  0 27 t 07
0.0497  0 04 t 06    0.0497  0 00 t 10    0.0317  0 06 t 10    0.0316  0 06 x 07
0.0497  0 01 x 06    0.0497  0 06 t 12    0.0318  0 31 t 05    0.0316  0 00 t 10
0.0502  0 04 t 10    0.0497  0 04 t 06    0.0318  0 27 x 06    0.0317  0 06 t 10
0.0502  0 05 x 06    0.0497  0 01 x 06    0.0319  0 06 t 12    0.0318  0 27 x 06
0.0503  0 04 t 12    0.0501  0 04 t 10    0.0320  0 27 t 08    0.0319  0 06 t 12
0.0507  0 31 t 05    0.0502  0 05 x 06    0.0320  0 06 t 06    0.0320  0 06 t 06
0.0508  0 27 t 06    0.0503  0 04 t 12    0.0322  0 04 x 06    0.0320  0 27 t 08
0.0510  0 01 t 05    0.0509  0 30 t 05    0.0322  0 00 t 06    0.0322  0 04 x 06
0.0511  0 00 x 06    0.0510  0 01 t 05    0.0323  0 00 x 06    0.0322  0 00 t 06
0.0511  0 05 t 05    0.0511  0 00 x 06    0.0323  0 27 t 06    0.0323  0 30 t 05
0.0511  0 07 x 12    0.0511  0 07 x 12    0.0325  0 05 x 06    0.0323  0 00 x 06
0.0513  0 27 x 06    0.0512  0 05 t 05    0.0325  0 28 t 05    0.0324  0 29 t 05
0.0517  0 06 x 06    0.0512  0 28 t 05    0.0329  0 03 x 12    0.0325  0 05 x 06
0.0517  0 07 x 08    0.0513  0 29 t 05    0.0329  0 03 x 10    0.0325  0 28 t 05
0.0517  0 04 x 06    0.0513  0 27 x 06    0.0330  0 30 t 05    0.0329  0 03 x 12
0.0518  0 03 x 10    0.0517  0 06 x 06    0.0330  0 05 t 05    0.0329  0 03 x 10
0.0519  0 03 x 12    0.0517  0 04 x 06    0.0332  0 06 x 06    0.0330  0 05 t 05
0.0520  0 29 t 05    0.0517  0 07 x 08    0.0332  0 04 t 05    0.0332  0 06 x 06
0.0522  0 30 t 05    0.0518  0 03 x 10    0.0333  0 29 t 05    0.0333  0 04 t 05
0.0523  0 07 t 08    0.0519  0 03 x 12    0.0333  0 01 x 05    0.0334  0 01 x 05
0.0523  0 07 t 12    0.0523  0 07 t 08    0.0334  0 03 x 08    0.0335  0 00 t 05
0.0523  0 07 x 10    0.0523  0 07 t 12    0.0335  0 00 t 05    0.0335  0 27 t 05
0.0524  0 28 t 05    0.0523  0 07 x 10    0.0335  0 27 t 05    0.0335  0 03 x 08
0.0524  0 07 t 07    0.0525  0 07 t 07    0.0337  0 32 x 05    0.0338  0 32 x 05
0.0525  0 06 t 05    0.0526  0 06 t 05    0.0338  0 31 x 05    0.0338  0 31 x 05
0.0526  0 03 x 08    0.0526  0 03 x 08    0.0340  0 06 t 05    0.0339  0 32 t 05
0.0529  0 07 x 07    0.0528  0 27 t 05    0.0340  0 32 t 05    0.0340  0 06 t 05
0.0529  0 00 t 05    0.0529  0 07 x 07    0.0342  0 29 x 05    0.0341  0 28 x 05
0.0532  0 07 t 10    0.0529  0 00 t 05    0.0343  0 03 x 07    0.0342  0 29 x 05
0.0533  0 07 t 06    0.0532  0 07 t 10    0.0343  0 28 x 05    0.0343  0 03 x 07
0.0534  3 08 x 08    0.0533  0 04 t 05    0.0345  0 30 x 05    0.0344  0 27 x 05
0.0534  0 04 t 05    0.0534  3 08 x 08    0.0347  3 08 x 08    0.0345  0 30 x 05
0.0535  4 08 x 12    0.0534  0 07 t 06    0.0347  0 27 x 05    0.0347  3 08 x 08
0.0536  4 08 t 12    0.0534  0 32 t 05    0.0349  0 04 x 05    0.0349  0 04 x 05
0.0537  0 03 x 07    0.0535  0 32 x 05    0.0350  0 05 x 05    0.0350  0 05 x 05
0.0540  0 27 t 05    0.0535  4 08 x 12    0.0351  0 00 x 05    0.0351  0 31 t 04
0.0544  0 05 x 05    0.0536  4 08 t 12    0.0351  0 31 t 04    0.0352  0 07 x 12
0.0546  0 01 x 05    0.0537  0 03 x 07    0.0352  0 07 x 12    0.0353  4 08 x 12
0.0548  4 08 x 08    0.0541  0 28 x 05    0.0353  4 08 x 12    0.0354  4 08 t 12
0.0549  0 32 t 05    0.0544  0 05 x 05    0.0354  4 08 t 12    0.0355  0 00 x 05
0.0549  0 32 x 05    0.0545  0 01 x 05    0.0356  3 08 x 12    0.0356  3 08 x 12
0.0549  0 31 x 05    0.0548  4 08 x 08    0.0356  0 30 t 04    0.0356  0 07 x 08
0.0550  0 30 x 05    0.0549  0 31 x 05    0.0357  0 07 x 08    0.0356  0 30 t 04
0.0551  3 08 t 08    0.0551  0 07 x 06    0.0357  3 08 t 08    0.0357  3 08 t 08
0.0551  0 07 x 06    0.0551  3 08 t 08    0.0357  0 28 t 04    0.0357  0 28 t 04
0.0552  0 29 x 05    0.0552  0 30 x 05    0.0357  0 06 x 05    0.0358  0 06 x 05
0.0554  3 08 x 12    0.0553  0 29 x 05    0.0359  0 04 t 04    0.0359  0 04 t 04
0.0555  4 08 x 10    0.0553  3 08 x 12    0.0359  0 07 t 08    0.0359  0 07 t 08
0.0555  5 08 x 12    0.0554  0 27 x 05    0.0359  0 07 t 12    0.0359  0 07 t 12
0.0556  5 08 t 12    0.0555  4 08 x 10    0.0360  3 08 t 12    0.0360  3 08 t 12
0.0556  0 28 x 05    0.0555  5 08 x 12    0.0361  0 05 t 04    0.0361  0 05 t 04
0.0558  0 07 t 05    0.0556  5 08 t 12    0.0361  0 01 t 04    0.0361  0 01 t 04
0.0559  4 08 t 10    0.0558  0 07 t 05    0.0361  0 07 t 07    0.0361  0 07 t 07
0.0560  3 08 t 12    0.0559  4 08 t 10    0.0362  3 08 x 10    0.0362  3 08 x 10
0.0560  3 08 x 10    0.0559  3 08 t 12    0.0363  0 07 x 10    0.0363  0 07 x 10
0.0560  0 06 x 05    0.0560  3 08 x 10    0.0363  0 07 x 07    0.0363  0 07 x 07
0.0560  4 08 t 08    0.0560  4 08 t 08    0.0363  0 00 t 04    0.0363  0 00 t 04
0.0561  0 04 x 05    0.0560  0 06 x 05    0.0363  0 27 t 04    0.0364  0 27 t 04
0.0562  0 00 x 05    0.0561  0 00 x 05    0.0367  0 07 t 06    0.0367  0 07 t 06
0.0567  0 05 t 04    0.0561  0 04 x 05    0.0368  0 07 t 10    0.0368  0 07 t 10
0.0569  0 27 x 05    0.0567  0 05 t 04    0.0369  3 08 t 10    0.0369  3 08 t 10
0.0571  3 08 t 10    0.0570  0 31 t 04    0.0372  4 08 x 08    0.0372  0 06 t 04
0.0581  0 04 t 04    0.0571  3 08 t 10    0.0372  0 06 t 04    0.0372  4 08 x 08
0.0582  0 06 t 04    0.0575  0 28 t 04    0.0373  4 08 x 10    0.0373  0 03 x 06
0.0585  0 31 t 04    0.0576  0 30 t 04    0.0374  0 03 x 06    0.0373  4 08 x 10
0.0587  0 01 t 04    0.0578  0 29 t 04    0.0376  4 08 t 10    0.0376  4 08 t 10
0.0587  0 03 x 06    0.0581  0 04 t 04    0.0376  0 07 x 06    0.0376  0 07 x 06
0.0588  0 00 t 04    0.0581  0 06 t 04    0.0377  0 02 x 06    0.0377  0 02 x 06
0.0589  0 27 t 04    0.0587  0 01 t 04    0.0378  0 07 t 05    0.0378  0 32 x 04
0.0590  0 02 x 06    0.0587  0 03 x 06    0.0378  0 31 x 04    0.0378  0 32 t 04
0.0591  0 30 t 04    0.0588  0 00 t 04    0.0378  0 32 x 04    0.0378  0 31 x 04
0.0591  0 28 t 04    0.0589  0 27 t 04    0.0379  0 32 t 04    0.0379  0 07 t 05
0.0593  0 07 x 05    0.0590  0 02 x 06    0.0379  4 08 t 08    0.0379  4 08 t 08
0.0593  4 08 t 07    0.0592  4 08 t 07    0.0382  0 01 x 04    0.0381  0 01 x 04
0.0593  3 08 x 07    0.0593  0 07 x 05    0.0382  3 08 x 07    0.0382  3 08 x 07
0.0594  0 29 t 04    0.0593  3 08 x 07    0.0384  0 28 x 04    0.0384  0 28 x 04
0.0598  4 08 x 07    0.0598  0 05 x 04    0.0384  0 30 x 04    0.0384  0 30 x 04
0.0599  3 08 t 07    0.0598  4 08 x 07    0.0385  0 29 t 04    0.0385  0 29 t 04
0.0603  5 08 x 10    0.0599  3 08 t 07    0.0386  3 08 t 07    0.0386  3 08 t 07
0.0605  3 08 t 06    0.0604  5 08 x 10    0.0388  5 08 x 12    0.0388  5 08 x 12
0.0608  5 08 t 10    0.0605  3 08 t 06    0.0388  3 08 t 06    0.0388  3 08 t 06
0.0614  0 05 x 04    0.0608  5 08 t 10    0.0389  5 08 t 12    0.0389  5 08 t 12
0.0615  0 07 t 04    0.0612  0 06 x 04    0.0389  0 05 x 04    0.0389  0 05 x 04
0.0615  5 08 x 08    0.0613  0 04 x 04    0.0389  0 04 x 04    0.0389  0 04 x 04
0.0617  3 08 x 06    0.0615  0 32 x 04    0.0390  0 27 x 04    0.0390  0 27 x 04
0.0621  0 28 x 04    0.0615  0 31 x 04    0.0394  0 00 x 04    0.0393  0 00 x 04
0.0621  0 01 x 04    0.0615  0 32 t 04    0.0396  3 08 x 06    0.0396  3 08 x 06
0.0624  0 00 x 04    0.0615  0 07 t 04    0.0397  0 06 x 04    0.0397  0 06 x 04
0.0629  0 06 x 04    0.0617  3 08 x 06    0.0398  0 07 x 05    0.0398  0 07 x 05
0.0630  6 08 t 12    0.0617  5 08 x 08    0.0401  4 08 t 07    0.0401  4 08 t 07
0.0630  4 08 t 06    0.0621  0 28 x 04    0.0403  4 08 x 07    0.0403  4 08 x 07
0.0630  0 04 x 04    0.0621  0 30 x 04    0.0407  3 08 t 05    0.0407  3 08 t 05
0.0630  6 08 x 12    0.0622  0 01 x 04    0.0409  0 07 t 04    0.0409  0 07 t 04
0.0631  4 08 x 06    0.0625  0 29 x 04    0.0412  0 29 x 04    0.0412  0 29 x 04
0.0632  0 32 x 04    0.0629  4 08 t 06    0.0418  0 02 x 05    0.0419  3 08 x 05
0.0632  0 31 x 04    0.0630  6 08 t 12    0.0418  3 08 x 05    0.0419  0 02 x 05
0.0632  0 32 t 04    0.0630  6 08 x 12    0.0419  0 03 x 05    0.0419  0 03 x 05
0.0633  0 27 x 04    0.0631  4 08 x 06    0.0424  4 08 x 06    0.0424  4 08 x 06
0.0634  5 08 t 08    0.0632  0 27 x 04    0.0424  4 08 t 06    0.0424  4 08 t 06
0.0636  3 08 t 05    0.0633  5 08 t 08    0.0429  0 01 t 03    0.0429  0 01 t 03
0.0638  0 30 x 04    0.0637  3 08 t 05    0.0435  0 30 t 03    0.0434  0 05 t 03
0.0640  6 08 x 10    0.0638  0 00 x 04    0.0435  5 08 x 10    0.0435  5 08 x 10
0.0642  6 08 t 10    0.0639  3 08 x 05    0.0435  0 07 x 04    0.0435  0 30 t 03
0.0642  0 29 x 04    0.0640  6 08 x 10    0.0437  5 08 t 10    0.0435  0 07 x 04
0.0657  3 08 x 05    0.0642  6 08 t 10    0.0437  0 28 t 03    0.0436  0 28 t 03
0.0663  0 02 x 05    0.0645  0 07 x 04    0.0437  0 05 t 03    0.0436  0 31 t 03
0.0663  0 07 x 04    0.0662  0 03 x 05    0.0440  0 06 t 03    0.0437  5 08 t 10
0.0663  4 08 t 05    0.0663  0 02 x 05    0.0441  0 27 t 03    0.0440  0 06 t 03
0.0663  0 03 x 05    0.0664  4 08 t 05    0.0445  4 08 t 05    0.0441  0 27 t 03
0.0671  5 08 t 07    0.0665  4 08 x 05    0.0445  0 00 t 03    0.0444  4 08 t 05
0.0675  5 08 x 07    0.0670  5 08 t 07    0.0449  0 31 t 03    0.0445  0 00 t 03
0.0681  4 08 x 05    0.0675  5 08 x 07    0.0449  5 08 x 08    0.0449  5 08 x 08
0.0698  0 05 t 03    0.0698  0 05 t 03    0.0452  2 08 x 05    0.0452  3 08 t 04
0.0704  0 06 t 03    0.0704  0 06 t 03    0.0453  3 08 t 04    0.0453  2 08 x 05
0.0705  3 08 t 04    0.0705  3 08 t 04    0.0455  4 08 x 05    0.0455  4 08 x 05
0.0710  5 08 t 06    0.0711  5 08 t 06    0.0459  2 08 t 05    0.0458  2 08 t 05
0.0717  5 08 x 06    0.0711  0 30 t 03    0.0461  5 08 t 08    0.0459  0 05 x 03
0.0719  2 08 x 05    0.0712  0 28 t 03    0.0462  3 08 x 04    0.0460  5 08 t 08
0.0723  2 08 t 05    0.0717  5 08 x 06    0.0463  6 08 t 12    0.0462  0 06 x 03
0.0726  4 08 t 04    0.0719  2 08 x 05    0.0463  6 08 x 12    0.0463  6 08 t 12
0.0731  0 30 t 03    0.0723  2 08 t 05    0.0465  0 31 x 03    0.0463  6 08 x 12
0.0731  0 01 t 03    0.0726  4 08 t 04    0.0465  0 32 x 03    0.0464  3 08 x 04
0.0731  0 00 t 03    0.0729  3 08 x 04    0.0467  0 01 x 03    0.0464  0 04 t 03
0.0731  0 28 t 03    0.0731  0 00 t 03    0.0468  0 04 t 03    0.0465  0 32 t 03
0.0735  0 29 t 03    0.0732  0 01 t 03    0.0471  0 05 x 03    0.0465  0 32 x 03
0.0737  0 07 t 03    0.0735  0 04 t 03    0.0472  6 08 x 10    0.0465  0 31 x 03
0.0739  0 04 t 03    0.0738  0 07 t 03    0.0473  6 08 t 10    0.0467  0 01 x 03
0.0747  3 08 x 04    0.0739  0 31 t 03    0.0473  0 03 x 04    0.0472  6 08 x 10
0.0757  0 31 t 03    0.0742  0 03 x 04    0.0474  0 32 t 03    0.0473  6 08 t 10
0.0759  0 27 t 03    0.0747  0 06 x 03    0.0474  0 07 t 03    0.0473  0 03 x 04
0.0762  0 05 x 03    0.0750  4 08 x 04    0.0474  0 29 t 03    0.0474  0 07 t 03
0.0763  0 03 x 04    0.0752  0 05 x 03    0.0474  0 06 x 03    0.0478  0 29 t 03
0.0767  0 06 x 03    0.0754  0 29 t 03    0.0478  4 08 t 04    0.0478  4 08 t 04
0.0771  4 08 x 04    0.0758  0 27 t 03    0.0483  0 00 x 03    0.0478  0 27 x 03
0.0773  0 01 x 03    0.0771  0 02 x 04    0.0491  5 08 t 07    0.0483  0 00 x 03
0.0779  0 02 x 04    0.0771  0 01 x 03    0.0491  0 02 x 04    0.0488  0 02 x 04
0.0780  0 07 x 03    0.0774  5 08 x 05    0.0494  5 08 x 07    0.0491  4 08 x 04
0.0787  5 08 x 05    0.0778  0 07 x 03    0.0501  0 27 x 03    0.0491  5 08 t 07
0.0794  6 08 x 08    0.0779  0 29 x 03    0.0504  0 29 x 03    0.0494  0 04 x 03
0.0797  6 08 t 08    0.0788  0 04 x 03    0.0505  4 08 x 04    0.0494  5 08 x 07
0.0801  0 29 x 03    0.0793  6 08 x 08    0.0507  0 04 x 03    0.0505  0 29 x 03
0.0802  5 08 t 05    0.0794  0 00 x 03    0.0508  2 08 x 04    0.0508  2 08 t 04
0.0806  0 32 t 03    0.0796  6 08 t 08    0.0508  0 07 x 03    0.0509  0 07 x 03
0.0806  0 00 x 03    0.0803  5 08 t 05    0.0509  2 08 t 04    0.0509  2 08 x 04
0.0806  0 32 x 03    0.0805  0 31 x 03    0.0510  0 30 x 03    0.0510  0 30 x 03
0.0807  0 04 x 03    0.0805  0 32 x 03    0.0510  0 28 x 03    0.0510  0 28 x 03
0.0810  0 28 x 03    0.0806  0 32 t 03    0.0524  5 08 t 06    0.0524  5 08 t 06
0.0812  0 30 x 03    0.0810  0 28 x 03    0.0526  5 08 x 06    0.0526  5 08 x 06
0.0814  0 31 x 03    0.0812  0 30 x 03    0.0550  3 08 t 03    0.0550  3 08 t 03
0.0816  2 08 t 04    0.0816  2 08 t 04    0.0559  0 05 t 02    0.0559  0 05 t 02
0.0826  0 27 x 03    0.0818  2 08 x 04    0.0561  0 01 t 02    0.0561  0 01 t 02
0.0841  2 08 x 04    0.0825  0 27 x 03    0.0565  0 06 t 02    0.0565  0 06 t 02
0.0845  5 08 t 04    0.0844  5 08 t 04    0.0567  4 08 t 03    0.0567  4 08 t 03
0.0863  6 08 t 07    0.0864  6 08 t 07    0.0569  0 04 t 02    0.0568  0 04 t 02
0.0871  6 08 x 07    0.0870  5 08 x 04    0.0576  0 31 t 02    0.0570  0 03 x 03
0.0883  4 08 t 03    0.0872  6 08 x 07    0.0577  0 29 t 02    0.0575  0 31 t 02
0.0894  5 08 x 04    0.0884  4 08 t 03    0.0578  5 08 x 05    0.0577  0 29 t 02
0.0902  3 08 t 03    0.0902  3 08 t 03    0.0581  0 00 t 02    0.0577  5 08 x 05
0.0920  6 08 t 06    0.0916  4 08 x 03    0.0582  0 28 t 02    0.0581  0 00 t 02
0.0936  0 05 t 02    0.0920  6 08 t 06    0.0582  0 30 t 02    0.0582  0 30 t 02
0.0939  4 08 x 03    0.0931  0 03 x 03    0.0583  0 02 x 03    0.0582  0 28 t 02
0.0941  6 08 x 06    0.0934  0 06 t 02    0.0585  0 03 x 03    0.0584  0 02 x 03
0.0952  0 01 t 02    0.0934  0 05 t 02    0.0587  0 07 t 02    0.0586  0 07 t 02
0.0953  0 02 x 03    0.0936  1 08 x 05    0.0591  0 27 t 02    0.0591  0 27 t 02
0.0954  0 03 x 03    0.0938  6 08 x 06    0.0591  5 08 t 05    0.0592  5 08 t 05
0.0958  3 08 x 03    0.0953  0 01 t 02    0.0599  4 08 x 03    0.0599  4 08 x 03
0.0959  0 04 t 02    0.0953  0 02 x 03    0.0603  3 08 x 03    0.0603  1 08 t 05
0.0960  0 06 t 02    0.0954  3 08 x 03    0.0603  1 08 t 05    0.0603  3 08 x 03
0.0961  1 08 x 05    0.0954  0 07 t 02    0.0603  1 08 x 05    0.0603  1 08 x 05
0.0961  1 08 t 05    0.0958  0 04 t 02    0.0615  5 08 t 04    0.0615  5 08 t 04
0.0974  0 31 t 02    0.0961  1 08 t 05    0.0618  0 01 x 02    0.0618  0 01 x 02
0.0975  0 29 t 02    0.0973  0 31 t 02    0.0621  6 08 x 08    0.0621  0 05 x 02
0.0980  0 30 t 02    0.0974  0 29 t 02    0.0622  2 08 t 03    0.0622  2 08 t 03
0.0980  0 28 t 02    0.0980  0 28 t 02    0.0622  0 05 x 02    0.0622  6 08 x 08
0.0981  0 00 t 02    0.0980  0 30 t 02    0.0625  0 06 x 02    0.0625  0 06 x 02
0.0981  0 07 t 02    0.0981  0 00 t 02    0.0626  0 04 x 02    0.0626  0 04 x 02
0.0999  0 27 t 02    0.0999  0 27 t 02    0.0632  6 08 t 08    0.0627  5 08 x 04
0.1007  5 08 t 03    0.1006  5 08 t 03    0.0639  0 00 x 02    0.0631  6 08 t 08
0.1014  2 08 t 03    0.1014  2 08 t 03    0.0641  0 30 x 02    0.0639  0 00 x 02
0.1022  6 08 t 05    0.1023  6 08 t 05    0.0641  0 28 x 02    0.0641  0 30 x 02
0.1043  0 06 x 02    0.1041  5 08 x 03    0.0643  5 08 x 04    0.0641  0 28 x 02
0.1044  0 05 x 02    0.1042  0 06 x 02    0.0644  2 08 x 03    0.0643  2 08 x 03
0.1049  2 08 x 03    0.1043  0 05 x 02    0.0645  0 07 x 02    0.0644  0 07 x 02
0.1055  0 01 x 02    0.1043  6 08 x 05    0.0648  0 27 x 02    0.0648  0 27 x 02
0.1067  0 04 x 02    0.1050  2 08 x 03    0.0649  0 32 t 02    0.0648  0 32 x 02
0.1067  5 08 x 03    0.1054  0 01 x 02    0.0649  0 31 x 02    0.0649  0 31 x 02
0.1067  6 08 x 05    0.1059  6 08 t 04    0.0649  0 32 x 02    0.0649  0 32 t 02
0.1083  0 30 x 02    0.1062  0 07 x 02    0.0649  0 29 x 02    0.0649  0 29 x 02
0.1083  0 28 x 02    0.1064  0 04 x 02    0.0675  1 08 x 04    0.0675  1 08 x 04
0.1085  0 00 x 02    0.1082  0 28 x 02    0.0690  6 08 t 07    0.0690  6 08 t 07
0.1091  0 29 x 02    0.1083  0 30 x 02    0.0691  6 08 x 07    0.0692  6 08 x 07
0.1091  0 32 t 02    0.1085  0 00 x 02    0.0694  1 08 t 04    0.0694  1 08 t 04
0.1091  0 31 x 02    0.1090  0 31 x 02    0.0695  4 08 t 02    0.0694  4 08 t 02
0.1092  0 07 x 02    0.1091  0 32 x 02    0.0709  3 08 t 02    0.0709  3 08 t 02
0.1092  0 32 x 02    0.1091  0 32 t 02    0.0711  5 08 t 03    0.0711  5 08 t 03
0.1102  0 27 x 02    0.1091  0 29 x 02    0.0736  6 08 t 06    0.0736  6 08 t 06
0.1111  6 08 t 04    0.1094  1 08 x 04    0.0743  6 08 x 06    0.0744  6 08 x 06
0.1124  1 08 t 04    0.1102  0 27 x 02    0.0747  5 08 x 03    0.0748  5 08 x 03
0.1124  1 08 x 04    0.1124  1 08 t 04    0.0748  4 08 x 02    0.0748  4 08 x 02
0.1163  7 08 t 05    0.1137  4 08 t 02    0.0758  3 08 x 02    0.0757  3 08 x 02
0.1169  4 08 t 02    0.1163  6 08 x 04    0.0769  0 03 x 02    0.0769  0 03 x 02
0.1185  6 08 x 04    0.1163  7 08 t 05    0.0770  0 02 x 02    0.0769  0 02 x 02
0.1186  7 08 x 05    0.1186  7 08 x 05    0.0786  5 08 t 02    0.0785  5 08 t 02
0.1222  3 08 t 02    0.1188  3 08 t 02    0.0818  2 08 t 02    0.0818  2 08 t 02
0.1235  5 08 t 02    0.1201  5 08 t 02    0.0833  6 08 t 05    0.0833  6 08 t 05
0.1265  4 08 x 02    0.1230  4 08 x 02    0.0837  5 08 x 02    0.0837  5 08 x 02
0.1284  0 02 x 02    0.1272  3 08 x 02    0.0856  2 08 x 02    0.0855  2 08 x 02
0.1301  0 03 x 02    0.1282  0 03 x 02    0.0862  6 08 x 05    0.0860  6 08 x 05
0.1304  3 08 x 02    0.1283  0 02 x 02    0.0868  0 31 t 01    0.0869  0 31 t 01
0.1333  5 08 x 02    0.1296  5 08 x 02    0.0870  0 05 t 01    0.0870  0 05 t 01
0.1355  6 08 t 03    0.1346  6 08 t 03    0.0870  0 29 t 01    0.0870  0 29 t 01
0.1372  2 08 t 02    0.1371  2 08 t 02    0.0873  0 01 t 01    0.0873  0 01 t 01
0.1416  6 08 x 03    0.1383  6 08 x 03    0.0875  0 06 t 01    0.0875  0 06 t 01
0.1423  1 08 t 03    0.1423  1 08 t 03    0.0876  0 28 t 01    0.0877  0 28 t 01
0.1437  2 08 x 02    0.1435  1 08 x 03    0.0879  0 30 t 01    0.0877  1 08 t 03
0.1438  1 08 x 03    0.1437  2 08 x 02    0.0881  0 04 t 01    0.0879  0 30 t 01
0.1487  0 02 x 07    0.1486  0 02 x 07    0.0883  0 07 t 01    0.0881  0 04 t 01
0.1545  6 08 t 02    0.1505  6 08 t 02    0.0883  1 08 t 03    0.0883  0 07 t 01
0.1591  0 02 x 08    0.1591  0 02 x 08    0.0883  1 08 x 03    0.0883  1 08 x 03
0.1598  0 06 t 01    0.1598  0 06 t 01    0.0902  0 00 t 01    0.0902  0 00 t 01
0.1601  0 07 t 01    0.1601  0 07 t 01    0.0916  0 02 x 07    0.0915  0 02 x 07
0.1608  0 05 t 01    0.1607  6 08 x 02    0.0919  6 08 t 04    0.0918  6 08 t 04
0.1624  0 31 t 01    0.1608  0 05 t 01    0.0919  0 27 t 01    0.0919  0 27 t 01
0.1625  0 29 t 01    0.1624  0 31 t 01    0.0948  6 08 x 04    0.0947  6 08 x 04
0.1631  0 01 t 01    0.1625  0 29 t 01    0.0969  0 05 x 01    0.0969  0 05 x 01
0.1635  0 28 t 01    0.1631  0 01 t 01    0.0973  7 08 t 05    0.0973  7 08 t 05
0.1638  0 30 t 01    0.1632  0 28 t 01    0.0975  0 06 x 01    0.0975  0 06 x 01
0.1638  0 04 t 01    0.1638  0 30 t 01    0.0981  0 01 x 01    0.0981  0 01 x 01
0.1652  6 08 x 02    0.1638  0 04 t 01    0.0981  0 28 x 01    0.0981  0 28 x 01
0.1685  0 00 t 01    0.1672  7 08 t 04    0.0983  0 02 x 08    0.0983  0 02 x 08
0.1688  0 02 x 10    0.1679  0 00 t 01    0.0983  0 07 x 01    0.0983  0 07 x 01
0.1704  0 27 t 01    0.1687  0 02 x 10    0.0984  0 30 x 01    0.0984  0 30 x 01
0.1778  7 08 t 04    0.1702  0 27 t 01    0.0985  0 04 x 01    0.0985  0 04 x 01
0.1790  0 02 x 12    0.1790  0 02 x 12    0.0987  7 08 x 05    0.0987  7 08 x 05
0.1810  0 06 x 01    0.1810  0 06 x 01    0.1008  0 31 x 01    0.1008  0 31 x 01
0.1815  0 07 x 01    0.1814  0 07 x 01    0.1010  0 29 x 01    0.1010  0 29 x 01
0.1818  0 05 x 01    0.1818  0 05 x 01    0.1016  0 32 x 01    0.1014  0 00 x 01
0.1841  0 28 x 01    0.1841  0 28 x 01    0.1016  0 00 x 01    0.1015  0 32 x 01
0.1848  0 30 x 01    0.1846  0 01 x 01    0.1016  0 27 x 01    0.1016  0 27 x 01
0.1851  0 04 x 01    0.1848  0 30 x 01    0.1018  0 32 t 01    0.1019  0 32 t 01
0.1856  0 01 x 01    0.1851  0 04 x 01    0.1032  4 08 t 01    0.1032  4 08 t 01
0.1873  0 29 x 01    0.1873  0 29 x 01    0.1058  0 02 x 10    0.1059  0 02 x 10
0.1874  0 31 x 01    0.1874  0 31 x 01    0.1061  5 08 t 01    0.1060  6 08 t 03
0.1875  5 08 t 01    0.1875  5 08 t 01    0.1064  6 08 t 03    0.1061  5 08 t 01
0.1891  4 08 t 01    0.1882  0 32 x 01    0.1098  6 08 x 03    0.1091  6 08 x 03
0.1894  0 32 t 01    0.1884  0 32 t 01    0.1101  6 08 t 02    0.1099  6 08 t 02
0.1897  0 32 x 01    0.1891  4 08 t 01    0.1120  3 08 t 01    0.1120  3 08 t 01
0.1899  7 08 x 04    0.1897  7 08 x 04    0.1124  0 02 x 12    0.1124  0 02 x 12
0.1905  0 27 x 01    0.1899  0 00 x 01    0.1130  4 08 x 01    0.1130  4 08 x 01
0.1919  0 00 x 01    0.1905  0 27 x 01    0.1158  6 08 x 02    0.1158  6 08 x 02
0.1947  1 08 t 02    0.1948  1 08 t 02    0.1163  1 08 x 02    0.1164  1 08 t 02
0.1948  1 08 x 02    0.1948  1 08 x 02    0.1164  1 08 t 02    0.1164  1 08 x 02
0.2055  3 08 t 01    0.2055  3 08 t 01    0.1172  5 08 x 01    0.1172  5 08 x 01
0.2062  6 08 t 01    0.2062  6 08 t 01    0.1208  3 08 x 01    0.1208  3 08 x 01
0.2082  4 08 x 01    0.2081  4 08 x 01    0.1227  0 02 x 01    0.1227  0 02 x 01
0.2087  5 08 x 01    0.2087  5 08 x 01    0.1235  0 03 x 01    0.1235  0 03 x 01
0.2128  7 08 t 03    0.2090  7 08 t 03    0.1286  6 08 t 01    0.1286  6 08 t 01
0.2200  7 08 x 03    0.2153  7 08 x 03    0.1335  2 08 t 01    0.1334  2 08 t 01
0.2227  3 08 x 01    0.2226  3 08 x 01    0.1402  2 08 x 01    0.1401  2 08 x 01
0.2245  0 02 x 01    0.2244  0 02 x 01    0.1414  6 08 x 01    0.1414  6 08 x 01
0.2247  0 03 x 01    0.2246  0 03 x 01    0.1549  7 08 t 04    0.1564  7 08 t 04
0.2289  6 08 x 01    0.2256  7 08 t 02    0.1717  7 08 x 04    0.1696  7 08 x 04
0.2298  7 08 t 02    0.2289  6 08 x 01    0.1768  7 08 t 03    0.1801  7 08 x 03
0.2368  7 08 x 02    0.2369  7 08 x 02    0.1807  7 08 x 03    0.1837  7 08 t 03
0.2430  2 08 t 01    0.2421  2 08 t 01    0.1845  7 08 t 01    0.1845  7 08 t 01
0.2556  2 08 x 01    0.2549  2 08 x 01    0.1866  7 08 t 02    0.1866  7 08 t 02
0.2599  7 08 t 01    0.2596  7 08 t 01    0.1933  7 08 x 02    0.1933  7 08 x 02
0.2811  7 08 x 01    0.2810  7 08 x 01    0.1945  7 08 x 01    0.1945  7 08 x 01
0.3520  1 08 t 01    0.3512  1 08 x 01    0.1972  1 08 t 01    0.1973  1 08 t 01
0.3522  1 08 x 01    0.3512  1 08 t 01    0.1972  1 08 x 01    0.1973  1 08 x 01
---Benchmark Program Finished---
