
jeffreyhurchalla@Jeffreys-MacBook-Air montgomery_two_pow % ./testbench.sh g++ O3 MontgomeryFull uint64_t 191 8 22                                                
compilation finished, now executing:
---Running Program---

begin benchmarks - array two_pow
(ignore)11580388629858884142

OVERALL BEST:
0.1407  0 31 x 12
0.1408  0 30 x 12
0.1409  0 29 x 10
0.1414  0 30 x 10
0.1422  0 31 x 10
0.1424  0 28 x 12
0.1435  0 30 x 08
0.1436  0 29 x 08
0.1439  0 28 x 10
0.1441  0 31 x 08
0.1447  0 29 x 07
0.1448  0 29 x 12
0.1458  0 28 x 08
0.1463  0 27 x 12
0.1468  0 27 x 10
0.1478  0 31 x 07
0.1486  0 28 x 07
0.1491  0 30 x 07
0.1500  0 04 x 08
0.1501  0 27 x 08
0.1519  0 00 x 10
0.1526  0 01 x 08
0.1527  0 27 x 07
0.1538  0 05 x 08
0.1538  0 00 x 08
0.1542  0 00 x 12
0.1543  0 01 x 07
0.1544  0 05 x 07
0.1547  0 00 x 07
0.1549  0 04 x 10
0.1550  0 31 x 06
0.1551  0 30 x 06
0.1560  0 29 x 06
0.1561  0 28 x 06
0.1563  0 01 x 10
0.1564  0 04 x 07
0.1569  0 04 x 12
0.1578  0 05 x 10
0.1578  0 01 x 12
0.1579  0 06 x 08
0.1585  0 05 x 12
0.1592  0 29 t 05
0.1609  0 04 x 06
0.1611  0 00 x 06
0.1614  0 31 t 05
0.1616  0 06 x 07
0.1627  0 05 x 06
0.1632  0 01 x 06
0.1633  0 06 x 10
0.1634  0 00 t 05
0.1642  0 06 x 12
0.1645  0 28 t 05
0.1656  0 27 x 06
0.1658  0 30 t 05
0.1667  0 06 x 06
0.1668  0 27 t 05
0.1693  0 29 x 05
0.1697  0 31 x 05
0.1708  4 08 x 08
0.1720  3 08 x 10
0.1725  4 08 t 08
0.1726  4 08 x 12
0.1726  0 30 x 05
0.1731  0 00 x 05
0.1731  3 08 x 08
0.1737  0 28 x 05
0.1741  0 03 x 12
0.1741  0 01 x 05
0.1744  0 05 x 05
0.1745  0 04 x 05
0.1746  3 08 t 10
0.1748  4 08 x 07
0.1750  3 08 t 08
0.1753  4 08 t 07
0.1756  4 08 x 10
0.1759  3 08 t 12
0.1762  3 08 x 07
0.1763  0 07 x 07
0.1766  3 08 x 12
0.1768  0 03 x 10
0.1769  0 27 x 05
0.1783  0 06 x 05
0.1791  0 07 x 08
0.1795  4 08 t 06
0.1795  0 03 x 08
0.1797  3 08 t 07
0.1800  0 01 t 04
0.1803  0 07 x 10
0.1813  0 04 t 04
0.1823  3 08 t 06
0.1833  5 08 x 12
0.1833  4 08 x 06
0.1840  5 08 x 10
0.1842  0 29 t 04
0.1842  0 00 t 04
0.1845  0 31 t 04
0.1845  0 07 x 06
0.1854  0 07 x 12
0.1857  5 08 x 08
0.1858  3 08 x 06
0.1868  0 03 x 07
0.1871  0 30 t 04
0.1873  0 28 t 04
0.1907  5 08 x 07
0.1918  0 27 t 04
0.1932  0 07 x 05
0.1937  4 08 t 05
0.1938  5 08 t 06
0.1942  3 08 t 05
0.1955  0 05 x 04
0.1963  5 08 x 06
0.1963  0 04 x 04
0.1993  0 01 x 04
0.2004  0 29 x 04
0.2013  0 03 x 06
0.2015  4 08 x 05
0.2017  0 00 x 04
0.2021  0 06 x 04
0.2042  0 30 x 04
0.2047  0 28 x 04
0.2050  5 08 t 05
0.2056  3 08 x 05
0.2089  0 27 x 04
0.2090  0 31 x 04
0.2136  6 08 x 12
0.2151  6 08 x 10
0.2154  5 08 x 05
0.2158  6 08 x 08
0.2160  2 08 t 05
0.2184  4 08 t 04
0.2192  0 03 x 05
0.2198  0 07 x 04
0.2205  0 05 t 03
0.2213  0 01 t 03
0.2227  0 06 t 03
0.2232  3 08 t 04
0.2240  0 04 t 03
0.2260  0 29 t 03
0.2260  2 08 x 05
0.2262  6 08 x 07
0.2283  0 31 t 03
0.2301  0 28 t 03
0.2302  0 00 t 03
0.2307  0 30 t 03
0.2321  5 08 t 04
0.2333  6 08 x 06
0.2349  0 07 t 03
0.2357  0 27 t 03
0.2369  3 08 x 04
0.2374  0 29 t 10
0.2387  0 29 t 12
0.2388  0 28 t 12
0.2393  0 29 t 06
0.2400  0 28 t 10
0.2407  6 08 t 05
0.2408  4 08 x 04
0.2416  0 05 x 03
0.2421  0 29 t 07
0.2425  0 29 t 08
0.2425  0 28 t 08
0.2428  0 30 t 12
0.2432  0 06 t 06
0.2433  0 27 t 12
0.2435  0 06 x 03
0.2441  0 30 t 10
0.2442  0 31 t 10
0.2444  0 28 t 06
0.2444  0 28 t 07
0.2445  0 06 t 07
0.2448  0 30 t 06
0.2449  0 31 t 08
0.2453  0 31 t 07
0.2454  0 01 x 03
0.2457  0 31 t 12
0.2459  0 04 x 03
0.2462  0 27 t 10
0.2463  0 30 t 08
0.2465  0 30 t 07
0.2468  0 06 t 08
0.2469  0 31 t 06
0.2478  0 27 t 08
0.2485  0 31 x 03
0.2485  0 05 t 07
0.2486  0 05 t 06
0.2486  0 27 t 07
0.2490  0 29 x 03
0.2493  0 05 t 08
0.2499  5 08 x 04
0.2501  0 04 t 06
0.2502  0 00 t 07
0.2502  6 08 x 05
0.2504  0 01 t 06
0.2506  0 27 t 06
0.2507  0 04 t 07
0.2513  0 01 t 07
0.2515  0 06 t 05
0.2516  2 08 t 04
0.2524  0 00 t 06
0.2525  0 05 t 05
0.2526  0 28 x 03
0.2526  0 03 x 04
0.2526  0 30 x 03
0.2528  0 00 x 03
0.2528  0 04 t 08
0.2543  0 00 t 08
0.2551  0 01 t 12
0.2556  0 01 t 10
0.2557  0 07 x 03
0.2558  0 05 t 12
0.2559  0 07 t 06
0.2559  0 01 t 05
0.2562  0 06 t 12
0.2569  0 00 t 12
0.2570  0 00 t 10
0.2572  0 06 t 10
0.2573  0 04 t 10
0.2575  0 05 t 10
0.2575  0 01 t 08
0.2583  0 04 t 05
0.2599  0 27 x 03
0.2622  0 06 t 04
0.2623  2 08 x 04
0.2637  0 07 t 07
0.2648  0 05 t 04
0.2650  4 08 t 12
0.2661  4 08 t 03
0.2675  0 07 t 05
0.2676  4 08 t 10
0.2695  0 07 t 08
0.2709  0 04 t 12
0.2711  6 08 t 04
0.2733  3 08 t 03
0.2740  0 07 t 10
0.2775  5 08 t 12
0.2794  5 08 t 10
0.2804  0 07 t 12
0.2819  5 08 t 08
0.2823  5 08 t 03
0.2842  5 08 t 07
0.2849  0 07 t 04
0.2868  6 08 x 04
0.2893  4 08 x 03
0.2933  1 08 x 05
0.2934  1 08 t 05
0.2937  3 08 x 03
0.3070  5 08 x 03
0.3092  6 08 t 12
0.3099  2 08 t 03
0.3115  0 03 x 03
0.3115  6 08 t 10
0.3171  6 08 t 07
0.3193  6 08 t 08
0.3206  6 08 t 06
0.3252  6 08 t 03
0.3261  2 08 x 03
0.3344  7 08 x 05
0.3446  1 08 x 04
0.3449  1 08 t 04
0.3509  6 08 x 03
0.3561  7 08 t 04
0.3739  7 08 x 04
0.4171  7 08 t 05
0.4268  7 08 t 03
0.4355  1 08 x 03
0.4356  1 08 t 03
0.4526  7 08 x 03
0.4956  0 02 x 06
0.4977  0 02 x 07
0.5004  0 02 x 08
0.5036  0 02 x 03
0.5049  0 02 x 04
0.5065  0 02 x 05
0.5361  0 02 x 10
0.5711  0 02 x 12
Timings By Test Type:
0.0432  0 30 x 12    0.0431  0 31 x 12    0.0269  0 31 x 12    0.0271  0 29 x 10
0.0434  0 29 x 10    0.0432  0 30 x 12    0.0271  0 29 x 10    0.0271  0 30 x 12
0.0434  0 31 x 12    0.0433  0 29 x 10    0.0272  0 30 x 12    0.0272  0 30 x 10
0.0435  0 30 x 10    0.0434  0 30 x 10    0.0272  0 30 x 10    0.0272  0 31 x 12
0.0438  0 28 x 12    0.0436  0 31 x 10    0.0274  0 31 x 10    0.0273  0 28 t 12
0.0438  0 31 x 10    0.0437  0 28 x 12    0.0274  0 28 x 12    0.0274  0 31 x 10
0.0440  0 30 x 08    0.0440  0 30 x 08    0.0276  0 29 x 12    0.0275  0 28 x 12
0.0442  0 29 x 08    0.0441  0 29 x 08    0.0277  0 29 x 08    0.0275  0 29 x 12
0.0442  0 28 x 10    0.0442  0 28 x 10    0.0277  0 31 x 08    0.0276  0 29 x 08
0.0444  0 31 x 08    0.0443  0 28 t 12    0.0277  0 30 x 08    0.0277  0 29 t 12
0.0445  0 29 x 07    0.0444  0 31 x 08    0.0278  0 28 x 10    0.0277  0 30 x 08
0.0447  0 28 x 08    0.0445  0 29 x 07    0.0279  0 29 x 07    0.0277  0 31 x 08
0.0448  0 29 x 12    0.0445  0 29 t 10    0.0280  0 27 x 12    0.0277  0 29 t 10
0.0451  0 27 x 12    0.0447  0 29 t 12    0.0282  0 28 x 08    0.0278  0 28 x 10
0.0451  0 27 x 10    0.0447  0 28 x 08    0.0283  0 27 x 10    0.0279  0 29 x 07
0.0453  0 31 x 07    0.0449  0 29 x 12    0.0285  0 30 x 07    0.0280  0 27 x 12
0.0455  0 28 x 07    0.0451  0 27 x 10    0.0286  0 31 x 07    0.0281  0 30 t 12
0.0460  0 30 x 07    0.0451  0 27 x 12    0.0288  0 04 x 08    0.0282  0 28 x 08
0.0461  0 27 x 08    0.0451  0 30 t 10    0.0289  0 28 x 07    0.0282  0 30 t 10
0.0463  0 04 x 08    0.0452  0 30 t 12    0.0290  0 27 x 08    0.0283  0 27 x 10
0.0463  0 05 x 08    0.0453  0 28 t 10    0.0292  0 01 x 08    0.0283  0 28 t 10
0.0466  0 00 x 10    0.0453  0 31 x 07    0.0294  0 00 x 10    0.0285  0 30 x 07
0.0468  0 05 x 07    0.0455  0 28 x 07    0.0295  0 04 x 10    0.0285  0 29 t 08
0.0469  0 27 x 07    0.0455  0 29 t 08    0.0295  0 27 x 07    0.0286  0 27 t 12
0.0471  0 01 x 08    0.0456  0 31 t 08    0.0295  0 00 x 08    0.0286  0 31 x 07
0.0473  0 00 x 08    0.0459  0 28 t 08    0.0296  0 01 x 07    0.0287  0 04 x 08
0.0475  0 05 x 10    0.0460  0 27 t 12    0.0297  0 00 x 12    0.0287  0 29 t 06
0.0476  0 01 x 07    0.0460  0 30 t 08    0.0297  0 00 x 07    0.0288  0 29 t 07
0.0476  0 05 x 12    0.0460  0 29 t 06    0.0298  0 04 x 12    0.0288  0 31 t 08
0.0476  0 00 x 07    0.0460  0 29 t 07    0.0298  0 04 x 07    0.0288  0 31 t 10
0.0476  0 31 x 06    0.0460  0 30 x 07    0.0299  0 31 x 06    0.0288  0 28 x 07
0.0477  0 30 x 06    0.0460  0 27 x 08    0.0299  0 01 x 10    0.0289  0 28 t 08
0.0477  0 00 x 12    0.0462  0 31 t 10    0.0299  0 30 x 06    0.0289  0 31 t 12
0.0479  0 06 x 08    0.0463  0 04 x 08    0.0300  0 29 x 06    0.0289  0 27 x 08
0.0481  0 29 x 06    0.0463  0 31 t 07    0.0300  0 28 x 06    0.0291  0 30 t 08
0.0481  0 28 x 06    0.0463  0 05 x 08    0.0303  0 01 x 12    0.0292  0 01 x 08
0.0483  0 04 x 10    0.0466  0 00 x 10    0.0304  0 05 x 07    0.0292  0 31 t 07
0.0483  0 01 x 10    0.0466  0 28 t 07    0.0306  0 29 t 05    0.0292  0 00 x 10
0.0483  0 04 x 07    0.0468  0 31 t 12    0.0306  0 05 x 08    0.0293  0 28 t 07
0.0487  0 01 x 12    0.0468  0 27 x 07    0.0308  0 04 x 06    0.0294  0 27 t 10
0.0488  0 04 x 12    0.0468  0 05 x 07    0.0309  0 00 x 06    0.0294  0 00 x 12
0.0490  0 29 t 05    0.0471  0 27 t 10    0.0310  0 31 t 05    0.0294  0 04 x 10
0.0493  0 06 x 07    0.0471  0 01 x 08    0.0310  0 06 x 08    0.0295  0 27 x 07
0.0495  0 05 x 06    0.0471  0 28 t 06    0.0311  0 01 x 06    0.0296  0 28 t 06
0.0496  0 06 x 10    0.0472  0 30 t 07    0.0314  0 00 t 05    0.0296  0 00 x 08
0.0496  0 00 x 06    0.0473  0 27 t 08    0.0314  0 05 x 10    0.0296  0 01 x 07
0.0497  0 04 x 06    0.0473  0 30 t 06    0.0315  0 06 x 07    0.0298  0 04 t 08
0.0497  0 31 t 05    0.0473  0 00 x 12    0.0317  0 28 t 05    0.0298  0 04 x 12
0.0498  0 06 x 12    0.0474  0 05 x 10    0.0318  0 27 x 06    0.0298  0 00 x 07
0.0503  0 00 t 05    0.0474  0 05 x 12    0.0318  0 05 x 12    0.0298  0 27 t 08
0.0505  0 01 x 06    0.0474  0 00 x 08    0.0319  0 05 x 06    0.0298  0 30 t 06
0.0505  0 28 t 05    0.0475  0 05 t 08    0.0320  0 27 t 05    0.0298  0 04 x 07
0.0508  0 30 t 05    0.0475  0 01 x 07    0.0321  0 30 t 05    0.0299  0 31 x 06
0.0510  0 27 x 06    0.0476  0 00 x 07    0.0322  0 06 x 10    0.0299  0 30 x 06
0.0511  0 06 x 06    0.0476  0 31 x 06    0.0322  0 06 x 06    0.0299  0 01 x 10
0.0514  0 27 t 05    0.0477  0 30 x 06    0.0325  0 06 x 12    0.0299  0 31 t 06
0.0517  4 08 x 08    0.0477  0 04 x 10    0.0325  0 29 x 05    0.0300  0 30 t 07
0.0520  4 08 t 08    0.0478  0 05 t 07    0.0325  0 31 x 05    0.0300  0 29 x 06
0.0522  0 29 x 05    0.0479  0 31 t 06    0.0331  0 30 x 05    0.0300  0 28 x 06
0.0522  4 08 x 12    0.0479  0 06 x 08    0.0331  0 00 x 05    0.0300  0 01 t 12
0.0523  0 07 x 07    0.0479  0 00 t 08    0.0333  0 01 x 05    0.0301  0 00 t 08
0.0523  0 31 x 05    0.0480  0 27 t 07    0.0333  0 04 x 05    0.0301  0 01 t 06
0.0526  3 08 x 10    0.0480  0 29 x 06    0.0335  0 28 x 05    0.0301  0 27 t 07
0.0528  0 07 x 08    0.0480  0 28 x 06    0.0335  3 08 x 10    0.0302  0 04 t 06
0.0528  4 08 x 07    0.0482  0 04 t 08    0.0336  0 03 x 12    0.0303  0 01 t 08
0.0529  3 08 x 08    0.0483  0 05 t 06    0.0337  4 08 x 08    0.0303  0 01 x 12
0.0530  0 07 x 10    0.0483  0 01 x 10    0.0337  3 08 x 08    0.0303  0 04 t 07
0.0530  4 08 t 07    0.0483  0 00 t 07    0.0338  0 27 x 05    0.0304  0 01 t 07
0.0531  0 05 x 05    0.0484  0 04 x 07    0.0340  3 08 t 10    0.0304  0 05 t 08
0.0532  0 30 x 05    0.0484  0 01 x 12    0.0340  3 08 t 08    0.0304  0 05 x 07
0.0532  3 08 t 12    0.0485  0 01 t 12    0.0341  0 05 x 05    0.0305  0 05 x 08
0.0532  3 08 t 10    0.0485  0 01 t 06    0.0341  4 08 x 12    0.0305  0 00 t 06
0.0534  0 28 x 05    0.0485  0 04 x 12    0.0341  4 08 t 08    0.0306  0 00 t 07
0.0534  0 00 x 05    0.0485  0 06 t 06    0.0343  3 08 t 12    0.0306  0 04 t 10
0.0535  0 03 x 12    0.0486  0 05 t 12    0.0343  4 08 x 10    0.0306  0 29 t 05
0.0535  4 08 x 10    0.0487  0 00 t 06    0.0343  3 08 x 07    0.0307  0 01 t 10
0.0535  3 08 t 08    0.0487  0 04 t 06    0.0343  0 01 t 04    0.0307  0 00 t 10
0.0537  0 01 x 05    0.0488  0 01 t 08    0.0343  0 03 x 10    0.0308  0 04 x 06
0.0538  3 08 x 07    0.0488  0 04 t 07    0.0345  3 08 x 12    0.0309  0 00 x 06
0.0539  0 04 x 05    0.0489  0 01 t 07    0.0346  4 08 x 07    0.0309  0 00 t 12
0.0539  3 08 x 12    0.0490  0 06 t 07    0.0346  0 04 t 04    0.0309  0 27 t 06
0.0541  5 08 x 12    0.0490  0 05 t 10    0.0346  0 06 x 05    0.0310  0 31 t 05
0.0541  0 03 x 10    0.0490  0 29 t 05    0.0347  4 08 t 07    0.0310  0 05 t 07
0.0541  0 07 x 12    0.0491  0 00 t 10    0.0347  0 03 x 08    0.0311  0 06 t 08
0.0542  4 08 t 06    0.0491  0 06 t 08    0.0350  3 08 t 07    0.0311  0 06 t 06
0.0544  5 08 x 10    0.0492  0 27 t 06    0.0351  0 00 t 04    0.0311  0 06 x 08
0.0545  0 06 x 05    0.0494  0 06 x 07    0.0352  0 29 t 04    0.0311  0 01 x 06
0.0546  0 27 x 05    0.0495  0 04 t 10    0.0353  0 31 t 04    0.0313  0 06 t 07
0.0549  3 08 t 07    0.0495  0 06 x 10    0.0354  3 08 t 06    0.0314  0 00 t 05
0.0549  0 07 x 06    0.0495  0 05 x 06    0.0355  4 08 t 06    0.0314  0 05 x 10
0.0549  5 08 x 08    0.0496  0 06 x 12    0.0359  0 30 t 04    0.0315  0 01 t 05
0.0552  0 03 x 08    0.0496  0 00 x 06    0.0359  0 07 x 07    0.0315  0 06 x 07
0.0555  4 08 x 06    0.0497  0 04 x 06    0.0359  0 28 t 04    0.0316  0 04 t 05
0.0557  0 01 t 04    0.0497  0 00 t 12    0.0359  0 03 x 07    0.0316  0 05 t 06
0.0557  3 08 t 06    0.0497  0 01 t 10    0.0361  3 08 x 06    0.0316  0 05 x 12
0.0560  0 04 t 04    0.0497  0 31 t 05    0.0362  4 08 x 06    0.0317  0 28 t 05
0.0564  5 08 x 07    0.0498  0 05 t 05    0.0365  0 27 t 04    0.0318  0 27 x 06
0.0568  3 08 x 06    0.0503  0 00 t 05    0.0367  0 07 x 08    0.0319  0 05 x 06
0.0570  0 29 t 04    0.0504  0 01 x 06    0.0372  0 07 x 10    0.0320  0 27 t 05
0.0570  0 31 t 04    0.0505  0 28 t 05    0.0373  0 07 x 06    0.0320  0 05 t 05
0.0570  0 00 t 04    0.0507  0 01 t 05    0.0374  0 04 x 04    0.0321  0 05 t 12
0.0574  5 08 t 06    0.0508  0 30 t 05    0.0376  5 08 x 10    0.0321  0 06 x 10
0.0577  0 30 t 04    0.0509  0 04 t 05    0.0376  5 08 x 12    0.0321  0 30 t 05
0.0577  0 03 x 07    0.0509  0 06 t 05    0.0376  3 08 t 05    0.0323  0 06 x 06
0.0578  0 28 t 04    0.0509  0 27 x 06    0.0378  0 05 x 04    0.0323  0 06 x 12
0.0580  0 07 x 05    0.0511  0 06 x 06    0.0379  0 01 x 04    0.0325  0 29 x 05
0.0582  5 08 x 06    0.0511  0 06 t 10    0.0379  5 08 x 08    0.0325  0 31 x 05
0.0588  4 08 t 05    0.0514  0 06 t 12    0.0380  0 07 x 12    0.0326  0 06 t 05
0.0594  0 27 t 04    0.0514  0 27 t 05    0.0381  4 08 t 05    0.0326  0 04 t 12
0.0595  3 08 t 05    0.0517  4 08 x 08    0.0381  0 29 x 04    0.0331  0 06 t 10
0.0599  0 05 x 04    0.0518  0 07 t 06    0.0384  0 00 x 04    0.0331  0 05 t 10
0.0609  0 04 x 04    0.0521  4 08 t 12    0.0386  0 07 x 05    0.0331  0 30 x 05
0.0609  5 08 t 05    0.0522  0 29 x 05    0.0388  0 03 x 06    0.0331  0 00 x 05
0.0612  4 08 x 05    0.0522  4 08 x 12    0.0390  0 06 x 04    0.0331  0 06 t 12
0.0617  0 01 x 04    0.0523  0 07 x 07    0.0390  5 08 x 07    0.0333  0 04 x 05
0.0617  6 08 x 12    0.0523  4 08 t 08    0.0391  0 30 x 04    0.0333  0 01 x 05
0.0619  0 03 x 06    0.0524  0 31 x 05    0.0391  0 28 x 04    0.0334  3 08 x 10
0.0620  0 06 x 04    0.0525  3 08 x 10    0.0395  5 08 t 06    0.0335  0 28 x 05
0.0621  0 29 x 04    0.0525  4 08 t 10    0.0395  4 08 x 05    0.0336  0 03 x 12
0.0623  6 08 x 08    0.0528  3 08 x 08    0.0397  0 27 x 04    0.0336  4 08 t 12
0.0624  0 00 x 04    0.0528  4 08 x 07    0.0398  3 08 x 05    0.0337  3 08 x 08
0.0625  6 08 x 10    0.0528  0 07 x 08    0.0400  5 08 x 06    0.0337  4 08 x 08
0.0630  3 08 x 05    0.0530  4 08 t 07    0.0403  0 31 x 04    0.0338  0 27 x 05
0.0630  0 30 x 04    0.0530  0 07 x 10    0.0415  2 08 t 05    0.0339  3 08 t 10
0.0633  0 28 x 04    0.0531  0 05 x 05    0.0416  5 08 t 05    0.0340  3 08 t 12
0.0640  5 08 x 05    0.0532  0 30 x 05    0.0419  0 01 t 03    0.0340  4 08 t 10
0.0641  0 31 x 04    0.0534  0 04 t 12    0.0421  0 03 x 05    0.0340  3 08 t 08
0.0648  0 27 x 04    0.0534  3 08 t 08    0.0423  0 05 t 03    0.0341  0 05 x 05
0.0655  6 08 x 07    0.0534  0 28 x 05    0.0424  0 04 t 03    0.0341  4 08 x 12
0.0664  0 07 x 04    0.0534  0 03 x 12    0.0427  4 08 t 04    0.0341  4 08 t 08
0.0664  2 08 t 05    0.0534  0 00 x 05    0.0428  0 29 t 03    0.0343  0 03 x 10
0.0665  4 08 t 04    0.0535  4 08 x 10    0.0428  0 06 t 03    0.0343  4 08 x 10
0.0675  6 08 x 06    0.0535  3 08 t 10    0.0429  3 08 t 04    0.0343  3 08 x 12
0.0676  0 03 x 05    0.0535  0 07 t 07    0.0432  0 31 t 03    0.0343  0 01 t 04
0.0680  0 05 t 03    0.0537  0 01 x 05    0.0435  2 08 x 05    0.0344  3 08 x 07
0.0685  0 06 t 03    0.0538  3 08 x 07    0.0435  0 07 x 04    0.0345  0 03 x 08
0.0687  3 08 t 04    0.0539  3 08 x 12    0.0437  0 00 t 03    0.0346  4 08 x 07
0.0688  0 01 t 03    0.0539  5 08 t 12    0.0437  5 08 x 05    0.0346  0 06 x 05
0.0692  5 08 t 04    0.0539  0 04 x 05    0.0437  0 28 t 03    0.0346  0 04 t 04
0.0696  6 08 t 05    0.0541  0 07 t 08    0.0439  0 30 t 03    0.0347  4 08 t 07
0.0696  0 04 t 03    0.0541  0 03 x 10    0.0446  0 27 t 03    0.0350  3 08 t 07
0.0696  2 08 x 05    0.0541  5 08 x 12    0.0451  6 08 x 12    0.0351  0 00 t 04
0.0702  0 29 t 03    0.0543  4 08 t 06    0.0452  6 08 x 10    0.0351  0 29 t 04
0.0709  0 31 t 03    0.0543  5 08 t 10    0.0455  3 08 x 04    0.0352  0 07 t 06
0.0713  0 28 t 03    0.0544  5 08 x 10    0.0456  6 08 x 08    0.0352  0 05 t 04
0.0714  0 00 t 03    0.0544  3 08 t 12    0.0460  0 07 t 03    0.0353  0 31 t 04
0.0714  0 07 t 03    0.0544  5 08 t 08    0.0462  0 01 x 03    0.0354  3 08 t 06
0.0715  0 30 t 03    0.0545  0 06 x 05    0.0462  0 05 x 03    0.0355  4 08 t 06
0.0726  6 08 x 05    0.0546  0 27 x 05    0.0463  0 04 x 03    0.0357  0 06 t 04
0.0730  3 08 x 04    0.0547  0 07 x 12    0.0465  0 06 x 03    0.0359  0 30 t 04
0.0731  4 08 x 04    0.0549  3 08 t 07    0.0469  5 08 t 04    0.0359  0 07 x 07
0.0732  0 27 t 03    0.0549  0 07 x 06    0.0469  0 31 x 03    0.0359  0 28 t 04
0.0746  0 05 x 03    0.0549  5 08 x 08    0.0470  0 29 x 03    0.0359  0 03 x 07
0.0748  5 08 x 04    0.0551  0 07 t 05    0.0473  4 08 x 04    0.0361  3 08 x 06
0.0752  0 06 x 03    0.0552  0 03 x 08    0.0476  6 08 x 07    0.0362  4 08 x 06
0.0765  0 01 x 03    0.0552  5 08 t 07    0.0477  0 28 x 03    0.0364  0 07 t 07
0.0766  0 04 x 03    0.0553  0 07 t 10    0.0478  0 30 x 03    0.0366  0 27 t 04
0.0773  0 31 x 03    0.0556  4 08 x 06    0.0479  0 00 x 03    0.0367  0 07 x 08
0.0775  0 29 x 03    0.0557  0 01 t 04    0.0480  2 08 t 04    0.0371  5 08 t 12
0.0777  2 08 t 04    0.0557  3 08 t 06    0.0484  0 03 x 04    0.0371  0 07 t 05
0.0779  0 03 x 04    0.0558  0 05 t 04    0.0490  0 27 x 03    0.0371  0 07 x 10
0.0781  0 07 x 03    0.0559  0 07 t 12    0.0491  6 08 x 06    0.0371  0 07 t 08
0.0784  0 00 x 03    0.0561  0 04 t 04    0.0498  0 07 x 03    0.0372  5 08 t 10
0.0785  0 28 x 03    0.0562  0 06 t 04    0.0501  2 08 x 04    0.0373  0 04 x 04
0.0785  0 30 x 03    0.0564  5 08 x 07    0.0502  5 08 x 04    0.0374  0 07 x 06
0.0787  6 08 t 04    0.0568  3 08 x 06    0.0506  6 08 t 05    0.0375  5 08 x 12
0.0809  0 27 x 03    0.0569  0 29 t 04    0.0513  4 08 t 03    0.0376  3 08 t 05
0.0810  2 08 x 04    0.0570  0 31 t 04    0.0519  3 08 t 03    0.0376  5 08 x 10
0.0816  4 08 t 03    0.0570  0 00 t 04    0.0525  6 08 x 05    0.0378  0 05 x 04
0.0837  6 08 x 04    0.0572  0 03 x 07    0.0556  4 08 x 03    0.0379  5 08 t 08
0.0846  3 08 t 03    0.0574  5 08 t 06    0.0558  3 08 x 03    0.0379  5 08 x 08
0.0849  5 08 t 03    0.0577  0 30 t 04    0.0561  1 08 t 05    0.0379  0 01 x 04
0.0890  4 08 x 03    0.0578  0 28 t 04    0.0561  1 08 x 05    0.0381  4 08 t 05
0.0905  1 08 x 05    0.0579  0 07 x 05    0.0562  5 08 t 03    0.0381  0 29 x 04
0.0906  1 08 t 05    0.0582  5 08 x 06    0.0568  6 08 t 04    0.0382  5 08 t 07
0.0910  3 08 x 03    0.0588  4 08 t 05    0.0588  2 08 t 03    0.0383  0 07 t 10
0.0927  5 08 x 03    0.0594  0 27 t 04    0.0591  0 03 x 03    0.0384  0 00 x 04
0.0934  7 08 x 05    0.0595  3 08 t 05    0.0597  6 08 x 04    0.0386  0 07 x 12
0.0952  6 08 t 03    0.0599  0 05 x 04    0.0600  0 06 t 07    0.0386  0 07 x 05
0.0961  2 08 t 03    0.0608  0 04 x 04    0.0600  0 06 t 06    0.0388  0 03 x 06
0.0965  0 03 x 03    0.0608  5 08 t 05    0.0601  0 06 t 08    0.0389  5 08 x 07
0.0996  7 08 t 04    0.0613  4 08 x 05    0.0609  5 08 x 03    0.0390  0 07 t 12
0.1011  2 08 x 03    0.0613  0 07 t 04    0.0618  2 08 x 03    0.0390  0 06 x 04
0.1012  0 29 t 12    0.0617  6 08 t 10    0.0620  0 06 t 12    0.0390  0 30 x 04
0.1012  0 29 t 10    0.0617  6 08 t 12    0.0621  0 06 t 05    0.0391  0 28 x 04
0.1015  0 29 t 06    0.0617  6 08 x 12    0.0627  0 06 t 10    0.0395  4 08 x 05
0.1018  0 28 t 10    0.0618  0 01 x 04    0.0629  0 06 t 04    0.0396  5 08 t 06
0.1022  0 28 t 12    0.0619  0 03 x 06    0.0632  0 29 t 06    0.0397  0 27 x 04
0.1025  0 29 t 07    0.0620  0 06 x 04    0.0641  0 29 t 10    0.0398  3 08 x 05
0.1026  0 30 t 06    0.0621  0 29 x 04    0.0646  0 28 t 10    0.0400  5 08 x 06
0.1028  0 28 t 08    0.0622  6 08 x 10    0.0646  0 28 t 06    0.0403  0 31 x 04
0.1030  0 07 t 06    0.0623  6 08 x 08    0.0646  0 04 t 06    0.0406  0 07 t 04
0.1031  0 28 t 06    0.0624  0 00 x 04    0.0647  0 28 t 07    0.0415  2 08 t 05
0.1031  6 08 x 03    0.0630  3 08 x 05    0.0647  0 04 t 07    0.0416  5 08 t 05
0.1035  0 29 t 08    0.0631  0 30 x 04    0.0648  0 01 t 06    0.0418  0 01 t 03
0.1036  0 06 t 06    0.0631  6 08 t 08    0.0649  0 29 t 07    0.0421  0 03 x 05
0.1036  0 27 t 12    0.0632  6 08 t 07    0.0649  0 28 t 12    0.0423  0 05 t 03
0.1036  0 05 t 06    0.0633  0 28 x 04    0.0649  0 28 t 08    0.0424  0 04 t 03
0.1037  0 27 t 10    0.0640  5 08 x 05    0.0650  0 29 t 08    0.0427  4 08 t 04
0.1038  0 28 t 07    0.0643  0 31 x 04    0.0650  0 01 t 07    0.0428  0 29 t 03
0.1039  0 31 t 07    0.0647  0 27 x 04    0.0650  0 30 t 06    0.0428  0 06 t 03
0.1040  0 31 t 06    0.0655  6 08 x 07    0.0651  0 05 t 06    0.0429  3 08 t 04
0.1040  0 30 t 07    0.0656  6 08 t 06    0.0651  0 29 t 12    0.0432  0 31 t 03
0.1040  0 31 t 10    0.0664  0 07 x 04    0.0651  0 27 t 12    0.0434  2 08 x 05
0.1040  0 30 t 12    0.0665  4 08 t 04    0.0651  0 31 t 06    0.0435  0 07 x 04
0.1043  0 06 t 07    0.0665  2 08 t 05    0.0652  0 31 t 10    0.0437  0 00 t 03
0.1044  0 05 t 07    0.0675  6 08 x 06    0.0653  0 30 t 07    0.0437  5 08 x 05
0.1044  0 31 t 12    0.0676  0 03 x 05    0.0654  0 05 t 07    0.0437  0 28 t 03
0.1046  0 30 t 10    0.0679  0 05 t 03    0.0654  0 30 t 12    0.0439  0 30 t 03
0.1047  0 27 t 07    0.0685  0 06 t 03    0.0655  0 05 t 08    0.0445  0 27 t 03
0.1047  0 27 t 06    0.0687  3 08 t 04    0.0655  0 01 t 05    0.0446  6 08 t 12
0.1048  0 31 t 08    0.0688  0 01 t 03    0.0656  0 31 t 12    0.0451  6 08 t 10
0.1048  0 30 t 08    0.0692  5 08 t 04    0.0656  1 08 x 04    0.0451  6 08 x 12
0.1049  0 00 t 07    0.0696  2 08 x 05    0.0656  0 05 t 05    0.0452  6 08 x 10
0.1049  0 27 t 08    0.0696  0 04 t 03    0.0657  0 01 t 10    0.0455  3 08 x 04
0.1051  0 05 t 05    0.0698  6 08 t 05    0.0657  1 08 t 04    0.0456  6 08 x 08
0.1051  7 08 x 04    0.0702  0 29 t 03    0.0657  0 27 t 06    0.0460  0 07 t 03
0.1056  0 07 t 07    0.0709  0 31 t 03    0.0657  0 31 t 08    0.0462  0 01 x 03
0.1058  0 06 t 05    0.0713  0 28 t 03    0.0657  0 27 t 08    0.0463  0 05 x 03
0.1060  0 05 t 08    0.0714  0 07 t 03    0.0658  0 04 t 08    0.0463  0 04 x 03
0.1065  0 04 t 06    0.0714  0 00 t 03    0.0658  0 27 t 07    0.0464  6 08 t 07
0.1065  0 00 t 06    0.0715  0 30 t 03    0.0659  0 07 t 06    0.0464  6 08 t 08
0.1066  0 06 t 08    0.0727  6 08 x 05    0.0659  0 31 t 07    0.0465  0 06 x 03
0.1066  1 08 t 04    0.0729  3 08 x 04    0.0660  0 04 t 05    0.0469  5 08 t 04
0.1066  1 08 x 04    0.0732  4 08 x 04    0.0661  0 30 t 10    0.0470  0 31 x 03
0.1068  0 04 t 07    0.0733  0 27 t 03    0.0661  0 27 t 10    0.0470  0 29 x 03
0.1070  0 01 t 06    0.0746  0 05 x 03    0.0664  0 00 t 07    0.0473  4 08 x 04
0.1071  0 05 t 04    0.0748  5 08 x 04    0.0664  0 30 t 08    0.0476  6 08 x 07
0.1071  0 01 t 07    0.0752  0 06 x 03    0.0666  0 04 t 10    0.0478  0 28 x 03
0.1073  0 06 t 04    0.0765  0 01 x 03    0.0666  0 01 t 08    0.0478  0 30 x 03
0.1074  0 07 t 05    0.0766  0 04 x 03    0.0666  0 05 t 04    0.0480  6 08 t 06
0.1078  0 00 t 12    0.0773  0 31 x 03    0.0667  0 00 t 06    0.0481  2 08 t 04
0.1081  0 05 t 12    0.0775  0 29 x 03    0.0667  0 01 t 12    0.0481  0 00 x 03
0.1082  0 01 t 05    0.0778  2 08 t 04    0.0670  0 05 t 12    0.0483  0 03 x 04
0.1083  0 05 t 10    0.0780  0 03 x 04    0.0671  0 05 t 10    0.0491  6 08 x 06
0.1087  0 00 t 08    0.0781  0 07 x 03    0.0675  6 08 t 03    0.0491  0 27 x 03
0.1091  0 04 t 08    0.0784  0 00 x 03    0.0677  0 00 t 08    0.0498  0 07 x 03
0.1091  0 00 t 10    0.0785  0 30 x 03    0.0680  0 07 t 05    0.0502  2 08 x 04
0.1093  4 08 t 12    0.0785  0 28 x 03    0.0680  0 00 t 10    0.0502  5 08 x 04
0.1095  0 07 t 08    0.0788  6 08 t 04    0.0681  0 07 t 07    0.0507  6 08 t 05
0.1096  0 01 t 10    0.0809  0 27 x 03    0.0685  0 00 t 12    0.0514  4 08 t 03
0.1097  0 06 t 12    0.0810  2 08 x 04    0.0688  0 07 t 08    0.0519  3 08 t 03
0.1098  0 04 t 05    0.0817  4 08 t 03    0.0691  0 07 t 04    0.0525  6 08 x 05
0.1099  0 01 t 12    0.0837  6 08 x 04    0.0697  0 04 t 12    0.0557  4 08 x 03
0.1100  0 07 t 10    0.0849  5 08 t 03    0.0701  4 08 t 12    0.0558  3 08 x 03
0.1103  0 06 t 10    0.0850  3 08 t 03    0.0704  0 07 t 10    0.0561  1 08 x 05
0.1103  4 08 t 10    0.0890  4 08 x 03    0.0708  4 08 t 10    0.0561  1 08 t 05
0.1106  0 04 t 10    0.0899  7 08 t 05    0.0724  6 08 x 03    0.0563  5 08 t 03
0.1116  5 08 t 12    0.0905  1 08 x 05    0.0728  0 07 t 12    0.0568  6 08 t 04
0.1118  0 01 t 08    0.0907  1 08 t 05    0.0738  7 08 x 05    0.0588  2 08 t 03
0.1127  0 07 t 12    0.0911  3 08 x 03    0.0748  5 08 t 12    0.0591  0 03 x 03
0.1129  5 08 t 10    0.0927  5 08 x 03    0.0750  5 08 t 10    0.0597  6 08 x 04
0.1139  0 07 t 04    0.0934  7 08 x 05    0.0755  5 08 t 08    0.0608  5 08 x 03
0.1141  5 08 t 08    0.0950  6 08 t 03    0.0759  5 08 t 07    0.0618  2 08 x 03
0.1148  5 08 t 07    0.0961  2 08 t 03    0.0784  7 08 t 04    0.0657  1 08 x 04
0.1152  0 04 t 12    0.0967  0 03 x 03    0.0818  7 08 x 04    0.0658  1 08 t 04
0.1201  6 08 t 12    0.0996  7 08 t 04    0.0824  1 08 t 03    0.0675  6 08 t 03
0.1202  7 08 t 03    0.1013  2 08 x 03    0.0824  1 08 x 03    0.0716  7 08 t 05
0.1211  6 08 t 10    0.1031  6 08 x 03    0.0827  6 08 t 12    0.0724  6 08 x 03
0.1227  6 08 t 07    0.1052  7 08 x 04    0.0837  6 08 t 10    0.0738  7 08 x 05
0.1228  6 08 t 06    0.1066  1 08 x 04    0.0842  6 08 t 06    0.0785  7 08 t 04
0.1240  6 08 t 08    0.1068  1 08 t 04    0.0848  6 08 t 07    0.0818  7 08 x 04
0.1284  7 08 x 03    0.1203  7 08 t 03    0.0858  6 08 t 08    0.0825  1 08 x 03
0.1350  1 08 x 03    0.1283  7 08 x 03    0.0932  7 08 t 03    0.0826  1 08 t 03
0.1352  1 08 t 03    0.1354  1 08 t 03    0.0948  0 02 x 06    0.0931  7 08 t 03
0.1479  7 08 t 05    0.1356  1 08 x 03    0.0956  0 02 x 07    0.0946  0 02 x 06
0.1530  0 02 x 06    0.1532  0 02 x 06    0.0959  0 02 x 03    0.0953  0 02 x 07
0.1536  0 02 x 07    0.1532  0 02 x 07    0.0964  0 02 x 08    0.0958  0 02 x 08
0.1542  0 02 x 08    0.1539  0 02 x 08    0.0965  0 02 x 04    0.0961  0 02 x 03
0.1558  0 02 x 03    0.1557  0 02 x 03    0.0968  0 02 x 05    0.0964  0 02 x 04
0.1560  0 02 x 04    0.1560  0 02 x 04    0.0979  7 08 x 03    0.0968  0 02 x 05
0.1563  0 02 x 05    0.1566  0 02 x 05    0.1028  0 02 x 10    0.0979  7 08 x 03
0.1647  0 02 x 10    0.1662  0 02 x 10    0.1076  7 08 t 05    0.1024  0 02 x 10
0.1756  0 02 x 12    0.1762  0 02 x 12    0.1097  0 02 x 12    0.1095  0 02 x 12
---Benchmark Program Finished---