
./testbench.sh g++ O3 MontgomeryFull uint64_t 191 8 22 -DTEST_ARRAY

compilation finished, now executing:
---Running Program---

begin benchmarks - array two_pow
(ignore)10826325836583162489

OVERALL BEST:
0.1408  0 32 x 12
0.1409  0 32 t 12
0.1421  0 31 x 12
0.1424  0 32 x 10
0.1424  0 32 t 10
0.1426  0 30 x 10
0.1426  0 31 x 10
0.1430  0 29 x 12
0.1442  0 29 x 08
0.1444  0 30 x 12
0.1445  0 31 x 08
0.1447  0 29 x 10
0.1456  0 28 x 08
0.1457  0 32 t 08
0.1457  0 32 x 08
0.1457  0 30 x 08
0.1460  0 28 x 12
0.1470  0 28 x 10
0.1495  0 32 t 07
0.1495  0 32 x 07
0.1498  0 27 x 12
0.1499  0 29 x 07
0.1522  0 31 x 07
0.1523  0 28 x 07
0.1528  0 27 x 08
0.1529  0 27 x 10
0.1530  0 30 x 07
0.1539  0 04 x 08
0.1565  0 01 x 08
0.1566  0 27 x 07
0.1576  0 04 x 10
0.1576  0 00 x 10
0.1579  0 05 x 08
0.1579  0 00 x 08
0.1585  0 01 x 07
0.1588  0 05 x 07
0.1590  0 32 t 06
0.1591  0 32 x 06
0.1605  0 00 x 07
0.1605  0 04 x 12
0.1605  0 01 x 10
0.1610  0 29 x 06
0.1615  0 00 x 12
0.1615  0 31 x 06
0.1617  0 01 x 12
0.1618  0 30 x 06
0.1621  0 05 x 10
0.1622  0 04 x 07
0.1623  0 06 x 08
0.1625  0 29 t 05
0.1625  0 05 x 12
0.1646  0 28 x 06
0.1652  0 28 t 05
0.1656  0 31 t 05
0.1661  0 06 x 07
0.1662  0 00 x 06
0.1674  0 05 x 06
0.1675  0 06 x 10
0.1676  0 04 x 06
0.1676  0 06 x 12
0.1677  0 01 x 06
0.1694  0 32 x 05
0.1701  0 00 t 05
0.1703  0 27 t 05
0.1704  0 30 t 05
0.1713  0 06 x 06
0.1713  0 29 x 05
0.1722  0 32 t 05
0.1731  0 31 x 05
0.1731  0 27 x 06
0.1755  0 30 x 05
0.1757  0 28 x 05
0.1761  4 08 t 08
0.1766  3 08 x 10
0.1777  3 08 t 12
0.1777  4 08 x 10
0.1784  4 08 x 08
0.1786  3 08 t 10
0.1786  0 03 x 12
0.1787  3 08 x 08
0.1789  0 01 x 05
0.1792  0 05 x 05
0.1793  0 00 x 05
0.1793  4 08 x 07
0.1799  0 03 x 10
0.1800  0 04 x 05
0.1807  3 08 x 07
0.1807  0 27 x 05
0.1810  0 07 x 07
0.1812  4 08 t 07
0.1813  3 08 t 08
0.1814  4 08 x 12
0.1820  3 08 x 12
0.1832  0 06 x 05
0.1835  3 08 t 07
0.1835  0 29 t 04
0.1842  0 07 x 08
0.1846  0 03 x 08
0.1847  0 31 t 04
0.1849  0 07 x 10
0.1851  0 01 t 04
0.1851  4 08 t 06
0.1863  0 04 t 04
0.1878  3 08 t 06
0.1880  5 08 x 12
0.1881  0 28 t 04
0.1882  0 30 t 04
0.1884  4 08 x 06
0.1889  0 07 x 12
0.1891  0 00 t 04
0.1896  0 07 x 06
0.1906  5 08 x 08
0.1907  5 08 x 10
0.1910  0 03 x 07
0.1910  3 08 x 06
0.1942  0 27 t 04
0.1969  5 08 x 07
0.1984  0 07 x 05
0.1994  4 08 t 05
0.1997  5 08 x 06
0.2005  5 08 t 06
0.2008  3 08 t 05
0.2009  0 05 x 04
0.2016  0 29 x 04
0.2017  0 32 x 04
0.2018  0 32 t 04
0.2024  0 31 x 04
0.2033  0 04 x 04
0.2049  0 01 x 04
0.2051  0 30 x 04
0.2055  0 28 x 04
0.2064  0 03 x 06
0.2070  4 08 x 05
0.2076  0 00 x 04
0.2077  0 06 x 04
0.2092  3 08 x 05
0.2102  5 08 t 05
0.2105  0 27 x 04
0.2194  6 08 x 12
0.2206  5 08 x 05
0.2210  6 08 x 10
0.2231  0 03 x 05
0.2249  2 08 t 05
0.2258  0 07 x 04
0.2266  0 05 t 03
0.2274  0 01 t 03
0.2275  0 29 t 03
0.2276  3 08 t 04
0.2286  6 08 x 08
0.2287  0 06 t 03
0.2289  2 08 x 05
0.2293  0 28 t 03
0.2298  4 08 t 04
0.2302  0 04 t 03
0.2303  0 31 t 03
0.2333  6 08 x 07
0.2333  0 30 t 03
0.2345  0 27 t 03
0.2352  0 00 t 03
0.2395  5 08 t 04
0.2407  0 29 t 10
0.2408  6 08 x 06
0.2414  4 08 x 04
0.2414  0 07 t 03
0.2419  0 28 t 12
0.2423  0 29 t 12
0.2437  0 30 t 12
0.2444  0 28 t 10
0.2448  3 08 x 04
0.2462  0 30 t 10
0.2475  0 29 t 06
0.2481  0 31 t 12
0.2482  0 29 t 07
0.2483  0 28 t 06
0.2484  0 05 x 03
0.2484  0 31 x 03
0.2486  0 29 x 03
0.2486  0 28 t 07
0.2487  0 27 t 12
0.2488  6 08 t 05
0.2489  0 31 t 10
0.2490  0 28 t 08
0.2496  0 32 x 03
0.2497  0 32 t 03
0.2499  0 29 t 08
0.2501  0 30 t 06
0.2502  0 30 t 07
0.2505  0 06 x 03
0.2506  0 06 t 06
0.2519  0 31 t 06
0.2520  0 06 t 07
0.2522  0 01 x 03
0.2526  0 27 t 10
0.2528  0 27 t 06
0.2530  0 04 x 03
0.2531  0 31 t 07
0.2531  0 06 t 08
0.2534  0 30 x 03
0.2535  0 28 x 03
0.2545  0 05 t 07
0.2547  0 31 t 08
0.2549  0 30 t 08
0.2557  0 03 x 04
0.2560  0 05 t 08
0.2561  5 08 x 04
0.2566  6 08 x 05
0.2572  0 05 t 06
0.2576  0 01 t 06
0.2578  0 27 t 07
0.2579  0 04 t 06
0.2585  0 04 t 07
0.2588  0 06 t 05
0.2591  0 04 t 08
0.2592  0 00 x 03
0.2593  0 27 x 03
0.2601  0 01 t 07
0.2601  0 27 t 08
0.2602  0 00 t 06
0.2606  0 06 t 12
0.2610  0 01 t 12
0.2620  0 01 t 10
0.2620  0 00 t 07
0.2626  0 06 t 10
0.2626  0 05 t 12
0.2627  0 05 t 05
0.2629  0 07 x 03
0.2631  0 00 t 12
0.2632  2 08 t 04
0.2634  0 01 t 08
0.2638  0 00 t 10
0.2639  0 04 t 10
0.2642  0 05 t 10
0.2645  0 07 t 06
0.2651  0 04 t 05
0.2651  0 00 t 08
0.2666  0 01 t 05
0.2694  0 06 t 04
0.2712  0 07 t 07
0.2723  4 08 t 12
0.2731  4 08 t 03
0.2753  2 08 x 04
0.2753  0 07 t 08
0.2754  0 07 t 05
0.2761  4 08 t 10
0.2769  6 08 t 04
0.2771  0 05 t 04
0.2773  0 04 t 12
0.2800  0 07 t 10
0.2808  3 08 t 03
0.2836  5 08 t 12
0.2839  0 07 t 12
0.2894  5 08 t 10
0.2900  5 08 t 03
0.2903  5 08 t 08
0.2910  5 08 t 07
0.2947  0 07 t 04
0.2959  6 08 x 04
0.2974  4 08 x 03
0.3014  1 08 x 05
0.3015  1 08 t 05
0.3037  3 08 x 03
0.3039  0 01 t 02
0.3041  0 05 t 02
0.3044  0 06 t 02
0.3077  0 29 t 02
0.3088  0 31 t 02
0.3089  0 04 t 02
0.3109  0 07 t 02
0.3120  0 30 t 02
0.3124  0 28 t 02
0.3138  5 08 x 03
0.3146  0 00 t 02
0.3174  6 08 t 12
0.3182  2 08 t 03
0.3197  6 08 t 10
0.3199  0 03 x 03
0.3242  0 27 t 02
0.3261  6 08 t 08
0.3267  6 08 t 07
0.3294  6 08 t 06
0.3346  6 08 t 03
0.3352  2 08 x 03
0.3389  0 05 x 02
0.3396  0 06 x 02
0.3410  0 04 x 02
0.3420  0 01 x 02
0.3440  7 08 x 05
0.3452  0 31 x 02
0.3453  0 32 x 02
0.3456  0 29 x 02
0.3471  0 32 t 02
0.3476  0 00 x 02
0.3477  0 07 x 02
0.3506  0 28 x 02
0.3510  0 30 x 02
0.3540  1 08 t 04
0.3543  1 08 x 04
0.3582  0 27 x 02
0.3588  6 08 x 03
0.3630  4 08 t 02
0.3676  7 08 t 04
0.3774  5 08 t 02
0.3803  3 08 t 02
0.3858  7 08 x 04
0.3977  4 08 x 02
0.4133  3 08 x 02
0.4147  5 08 x 02
0.4256  0 03 x 02
0.4288  7 08 t 05
0.4352  2 08 t 02
0.4362  6 08 t 02
0.4404  7 08 t 03
0.4490  1 08 t 03
0.4491  1 08 x 03
0.4548  2 08 x 02
0.4654  7 08 x 03
0.4738  6 08 x 02
0.4991  0 06 t 01
0.5000  0 07 t 01
0.5009  0 02 x 02
0.5020  0 05 t 01
0.5070  0 01 t 01
0.5076  0 04 t 01
0.5102  0 02 x 07
0.5108  0 02 x 06
0.5111  0 31 t 01
0.5126  0 02 x 08
0.5138  0 29 t 01
0.5150  0 28 t 01
0.5155  0 30 t 01
0.5160  0 02 x 03
0.5165  0 02 x 04
0.5182  0 02 x 05
0.5219  0 00 t 01
0.5381  0 27 t 01
0.5562  0 02 x 10
0.5598  0 06 x 01
0.5605  0 05 x 01
0.5609  0 07 x 01
0.5693  0 01 x 01
0.5695  0 04 x 01
0.5704  0 31 x 01
0.5723  0 29 x 01
0.5735  7 08 t 02
0.5739  0 28 x 01
0.5739  0 30 x 01
0.5767  0 32 x 01
0.5789  0 32 t 01
0.5791  0 02 x 12
0.5819  0 02 x 01
0.5888  0 00 x 01
0.5895  0 27 x 01
0.5993  4 08 t 01
0.6016  1 08 t 02
0.6017  1 08 x 02
0.6057  7 08 x 02
0.6129  5 08 t 01
0.6341  3 08 t 01
0.6567  4 08 x 01
0.6768  5 08 x 01
0.6835  3 08 x 01
0.6901  6 08 t 01
0.7089  0 03 x 01
0.7416  2 08 t 01
0.7566  6 08 x 01
0.7803  2 08 x 01
0.9246  7 08 t 01
0.9908  7 08 x 01
1.0756  1 08 t 01
1.0759  1 08 x 01
Timings By Test Type:
0.0434  0 32 x 12    0.0434  0 32 x 12    0.0270  0 32 t 12    0.0270  0 32 x 12
0.0434  0 32 t 12    0.0434  0 32 t 12    0.0270  0 32 x 12    0.0271  0 32 t 12
0.0438  0 32 t 10    0.0438  0 32 x 10    0.0271  0 31 x 12    0.0271  0 31 x 12
0.0438  0 32 x 10    0.0438  0 32 t 10    0.0272  0 29 x 08    0.0273  0 31 x 10
0.0438  0 30 x 10    0.0438  0 30 x 10    0.0273  0 31 x 10    0.0274  0 32 x 10
0.0439  0 31 x 12    0.0439  0 31 x 12    0.0274  0 32 t 10    0.0274  0 32 t 10
0.0440  0 31 x 10    0.0440  0 31 x 10    0.0274  0 32 x 10    0.0274  0 29 x 12
0.0441  0 29 x 12    0.0441  0 29 x 12    0.0274  0 29 x 12    0.0275  0 30 x 10
0.0444  0 30 x 12    0.0442  0 28 t 12    0.0275  0 30 x 10    0.0276  0 29 x 10
0.0445  0 31 x 08    0.0444  0 30 x 12    0.0275  0 28 x 08    0.0277  0 31 x 08
0.0446  0 29 x 08    0.0445  0 30 t 12    0.0277  0 29 x 10    0.0277  0 30 x 12
0.0447  0 30 x 08    0.0446  0 31 x 08    0.0277  0 31 x 08    0.0277  0 28 t 12
0.0447  0 29 x 10    0.0446  0 29 t 12    0.0278  0 30 x 12    0.0278  0 29 t 12
0.0448  0 32 t 08    0.0446  0 29 x 08    0.0280  0 32 x 08    0.0279  0 29 x 08
0.0449  0 32 x 08    0.0446  0 30 x 08    0.0280  0 32 t 08    0.0280  0 30 t 12
0.0449  0 28 x 08    0.0447  0 29 x 10    0.0281  0 28 x 12    0.0280  0 32 x 08
0.0449  0 28 x 12    0.0448  0 32 x 08    0.0281  0 30 x 08    0.0280  0 32 t 08
0.0454  0 28 x 10    0.0449  0 32 t 08    0.0281  0 28 x 10    0.0281  0 28 x 12
0.0459  0 32 t 07    0.0449  0 28 x 12    0.0287  0 27 x 12    0.0281  0 28 x 10
0.0459  0 32 x 07    0.0449  0 28 x 08    0.0288  0 32 t 07    0.0282  0 29 t 10
0.0461  0 29 x 07    0.0450  0 30 t 10    0.0288  0 32 x 07    0.0282  0 28 x 08
0.0462  0 27 x 12    0.0451  0 28 t 10    0.0289  0 29 x 07    0.0283  0 28 t 10
0.0466  0 28 x 07    0.0453  0 29 t 10    0.0290  0 27 x 08    0.0284  0 30 x 08
0.0468  0 31 x 07    0.0454  0 28 x 10    0.0292  0 31 x 07    0.0284  0 30 t 10
0.0470  0 27 x 10    0.0454  0 31 t 10    0.0293  0 30 x 07    0.0285  0 31 t 10
0.0471  0 27 x 08    0.0459  0 32 x 07    0.0294  0 04 x 08    0.0287  0 31 t 12
0.0472  0 30 x 07    0.0459  0 32 t 07    0.0295  0 27 x 10    0.0287  0 27 x 12
0.0475  0 04 x 08    0.0459  0 27 t 12    0.0295  0 28 x 07    0.0288  0 27 t 12
0.0476  0 05 x 08    0.0460  0 29 x 07    0.0300  0 01 x 08    0.0288  0 32 x 07
0.0480  0 27 x 07    0.0462  0 27 x 12    0.0301  0 04 x 10    0.0288  0 32 t 07
0.0482  0 05 x 07    0.0462  0 31 t 12    0.0303  0 27 x 07    0.0289  0 29 x 07
0.0483  0 01 x 08    0.0464  0 29 t 08    0.0303  0 01 x 07    0.0291  0 29 t 08
0.0485  0 00 x 10    0.0466  0 29 t 07    0.0304  0 00 x 08    0.0292  0 29 t 07
0.0486  0 00 x 08    0.0466  0 28 x 07    0.0304  0 00 x 10    0.0292  0 31 x 07
0.0487  0 04 x 10    0.0469  0 31 x 07    0.0304  0 32 t 06    0.0293  0 30 x 07
0.0487  0 05 x 10    0.0470  0 27 x 10    0.0304  0 32 x 06    0.0294  0 04 x 08
0.0488  0 05 x 12    0.0471  0 28 t 08    0.0306  0 04 x 12    0.0294  0 27 x 10
0.0489  0 01 x 07    0.0471  0 27 x 08    0.0307  0 01 x 10    0.0295  0 29 t 06
0.0490  0 32 t 06    0.0472  0 30 x 07    0.0309  0 00 x 07    0.0295  0 28 x 07
0.0491  0 32 x 06    0.0473  0 29 t 06    0.0309  0 29 x 06    0.0296  0 28 t 08
0.0492  0 06 x 08    0.0473  0 28 t 07    0.0310  0 04 x 07    0.0296  0 27 x 08
0.0494  0 00 x 07    0.0475  0 04 x 08    0.0310  0 30 x 06    0.0297  0 28 t 07
0.0496  0 01 x 10    0.0475  0 27 t 10    0.0311  0 00 x 12    0.0299  0 01 x 08
0.0496  0 29 x 06    0.0475  0 30 t 07    0.0311  0 31 x 06    0.0299  0 27 t 10
0.0496  0 04 x 12    0.0476  0 05 x 08    0.0312  0 01 x 12    0.0300  0 31 t 07
0.0497  0 01 x 12    0.0477  0 30 t 08    0.0313  0 05 x 07    0.0300  0 30 t 07
0.0497  0 31 x 06    0.0478  0 31 t 07    0.0314  0 05 x 08    0.0300  0 28 t 06
0.0497  0 00 x 12    0.0479  0 28 t 06    0.0314  0 29 t 05    0.0301  0 04 x 10
0.0499  0 30 x 06    0.0479  0 05 t 08    0.0318  0 31 t 05    0.0303  0 27 x 07
0.0501  0 04 x 07    0.0480  0 27 x 07    0.0318  0 28 x 06    0.0303  0 00 x 10
0.0505  0 28 x 06    0.0481  0 31 t 08    0.0319  0 00 x 06    0.0303  0 01 x 07
0.0505  0 29 t 05    0.0482  0 05 x 07    0.0319  0 06 x 08    0.0304  0 00 x 08
0.0507  0 06 x 12    0.0483  0 01 x 08    0.0320  0 01 x 06    0.0304  0 31 t 06
0.0507  0 06 x 07    0.0484  0 00 x 10    0.0320  0 28 t 05    0.0304  0 31 t 08
0.0507  0 06 x 10    0.0485  0 30 t 06    0.0321  0 04 x 06    0.0304  0 30 t 08
0.0509  0 05 x 06    0.0485  0 31 t 06    0.0322  0 32 t 05    0.0304  0 32 x 06
0.0510  0 31 t 05    0.0486  0 00 x 08    0.0323  0 32 x 05    0.0305  0 32 t 06
0.0512  0 00 x 06    0.0487  0 04 x 10    0.0323  0 05 x 10    0.0305  0 30 t 06
0.0513  0 28 t 05    0.0487  0 05 x 10    0.0324  0 06 x 07    0.0306  0 04 t 08
0.0517  0 04 x 06    0.0488  0 05 x 12    0.0325  0 05 x 12    0.0306  0 04 x 12
0.0519  0 01 x 06    0.0489  0 01 x 07    0.0327  0 00 t 05    0.0307  0 01 x 10
0.0520  0 32 x 05    0.0491  0 32 t 06    0.0328  0 30 t 05    0.0309  0 01 t 12
0.0524  0 00 t 05    0.0491  0 05 t 07    0.0329  0 05 x 06    0.0309  0 00 x 07
0.0524  0 30 t 05    0.0491  0 32 x 06    0.0330  0 27 t 05    0.0309  0 01 t 06
0.0525  0 06 x 06    0.0492  0 01 t 12    0.0330  0 06 x 10    0.0309  0 29 x 06
0.0529  0 27 t 05    0.0492  0 29 t 05    0.0331  0 29 x 05    0.0310  0 04 x 07
0.0531  4 08 t 08    0.0492  0 06 x 08    0.0331  0 06 x 12    0.0310  0 01 t 08
0.0532  0 27 x 06    0.0493  0 04 t 08    0.0331  0 31 x 05    0.0310  0 30 x 06
0.0533  0 29 x 05    0.0493  0 00 x 07    0.0332  0 06 x 06    0.0311  0 04 t 06
0.0534  0 31 x 05    0.0496  0 01 x 10    0.0334  0 27 x 06    0.0311  0 31 x 06
0.0534  0 32 t 05    0.0496  0 29 x 06    0.0337  0 30 x 05    0.0311  0 00 x 12
0.0537  0 07 x 07    0.0496  0 04 x 12    0.0340  0 28 x 05    0.0311  0 05 t 08
0.0538  4 08 x 10    0.0496  0 05 t 06    0.0342  0 27 x 05    0.0312  0 01 x 12
0.0539  4 08 x 08    0.0496  0 00 x 12    0.0342  0 01 x 05    0.0312  0 01 t 07
0.0540  3 08 x 10    0.0496  0 05 t 12    0.0343  3 08 x 10    0.0312  0 04 t 07
0.0541  0 30 x 05    0.0497  0 01 x 12    0.0343  0 04 x 05    0.0312  0 05 x 07
0.0542  4 08 x 07    0.0497  0 31 x 06    0.0344  0 00 x 05    0.0313  0 01 t 10
0.0543  0 07 x 08    0.0498  0 01 t 06    0.0344  0 03 x 12    0.0313  0 05 x 08
0.0543  3 08 t 12    0.0499  0 06 t 06    0.0345  3 08 t 12    0.0314  0 00 t 06
0.0545  0 07 x 10    0.0499  0 30 x 06    0.0347  0 03 x 10    0.0314  0 04 t 10
0.0545  0 28 x 05    0.0499  0 01 t 08    0.0348  3 08 t 10    0.0314  0 29 t 05
0.0545  3 08 t 10    0.0499  0 28 t 05    0.0348  3 08 x 08    0.0314  0 27 t 07
0.0546  3 08 x 08    0.0499  0 06 t 08    0.0350  4 08 t 08    0.0314  0 27 t 06
0.0546  0 05 x 05    0.0500  0 05 t 10    0.0350  0 05 x 05    0.0315  0 00 t 07
0.0546  4 08 x 12    0.0500  0 00 t 06    0.0351  4 08 x 10    0.0316  0 27 t 08
0.0547  4 08 t 07    0.0501  0 00 t 07    0.0352  3 08 x 07    0.0317  0 00 t 08
0.0549  0 03 x 12    0.0501  0 04 t 06    0.0352  3 08 x 12    0.0317  0 00 t 12
0.0551  3 08 x 07    0.0501  0 01 t 10    0.0353  4 08 x 08    0.0318  0 31 t 05
0.0552  0 00 x 05    0.0501  0 04 x 07    0.0353  0 01 t 04    0.0318  0 28 x 06
0.0553  0 01 x 05    0.0502  0 04 t 07    0.0353  3 08 t 08    0.0318  0 00 x 06
0.0553  0 03 x 10    0.0502  0 01 t 07    0.0355  4 08 x 07    0.0318  0 00 t 10
0.0553  3 08 t 08    0.0503  0 00 t 08    0.0355  0 04 t 04    0.0319  0 05 t 07
0.0554  0 07 x 12    0.0503  0 04 t 10    0.0356  0 29 t 04    0.0319  0 06 t 08
0.0556  5 08 x 12    0.0504  0 06 t 07    0.0356  0 06 x 05    0.0319  0 06 x 08
0.0556  0 04 x 05    0.0504  0 00 t 12    0.0357  0 03 x 08    0.0320  0 28 t 05
0.0558  3 08 x 12    0.0504  0 27 t 06    0.0357  3 08 t 07    0.0320  0 01 x 06
0.0560  4 08 t 06    0.0505  0 00 t 10    0.0358  0 31 t 04    0.0320  0 06 t 06
0.0560  3 08 t 07    0.0505  0 27 t 07    0.0359  4 08 t 07    0.0321  0 04 x 06
0.0560  0 06 x 05    0.0505  0 28 x 06    0.0360  0 00 t 04    0.0321  0 06 t 07
0.0560  5 08 x 10    0.0507  0 06 x 12    0.0361  4 08 x 12    0.0323  0 05 x 10
0.0561  5 08 x 08    0.0507  0 06 x 10    0.0365  3 08 t 06    0.0323  0 01 t 05
0.0562  0 29 t 04    0.0507  0 06 x 07    0.0366  4 08 t 06    0.0324  0 06 x 07
0.0564  0 07 x 06    0.0509  0 05 x 06    0.0366  0 28 t 04    0.0324  0 04 t 05
0.0565  0 27 x 05    0.0509  0 27 t 08    0.0366  0 30 t 04    0.0325  0 05 t 06
0.0566  0 31 t 04    0.0510  0 31 t 05    0.0367  0 03 x 07    0.0325  0 05 x 12
0.0567  0 03 x 08    0.0511  0 05 t 05    0.0368  0 07 x 07    0.0326  0 00 t 05
0.0571  4 08 x 06    0.0512  0 00 x 06    0.0371  3 08 x 06    0.0328  0 05 x 06
0.0572  0 01 t 04    0.0513  0 06 t 12    0.0372  4 08 x 06    0.0328  0 30 t 05
0.0574  3 08 t 06    0.0515  0 27 t 05    0.0377  0 27 t 04    0.0329  0 05 t 05
0.0574  0 28 t 04    0.0517  0 04 x 06    0.0378  0 07 x 08    0.0329  0 05 t 12
0.0575  0 30 t 04    0.0518  0 01 x 06    0.0380  0 07 x 10    0.0330  0 27 t 05
0.0576  0 04 t 04    0.0519  0 29 x 05    0.0381  0 32 x 04    0.0331  0 29 x 05
0.0583  5 08 x 07    0.0519  0 06 t 10    0.0381  0 29 x 04    0.0331  0 06 x 10
0.0584  3 08 x 06    0.0520  0 32 x 05    0.0382  0 32 t 04    0.0331  0 06 x 06
0.0585  0 00 t 04    0.0521  0 01 t 05    0.0384  0 07 x 06    0.0331  0 06 x 12
0.0587  0 03 x 07    0.0523  0 06 t 05    0.0385  5 08 x 12    0.0331  0 31 x 05
0.0592  5 08 x 06    0.0523  0 04 t 05    0.0387  0 04 x 04    0.0331  0 32 t 05
0.0594  5 08 t 06    0.0524  0 00 t 05    0.0389  0 05 x 04    0.0331  0 32 x 05
0.0594  0 27 t 04    0.0524  0 30 t 05    0.0389  0 31 x 04    0.0334  0 27 x 06
0.0596  0 07 x 05    0.0525  0 06 x 06    0.0389  3 08 t 05    0.0334  0 06 t 12
0.0605  4 08 t 05    0.0525  4 08 t 12    0.0389  0 30 x 04    0.0335  0 06 t 05
0.0615  3 08 t 05    0.0530  4 08 t 10    0.0390  0 01 x 04    0.0336  0 04 t 12
0.0616  0 05 x 04    0.0531  0 28 x 05    0.0390  0 28 x 04    0.0337  0 30 x 05
0.0622  0 29 x 04    0.0531  4 08 t 08    0.0390  0 07 x 12    0.0337  0 05 t 10
0.0622  0 31 x 04    0.0532  0 07 t 06    0.0392  4 08 t 05    0.0338  0 06 t 10
0.0622  0 32 t 04    0.0532  0 27 x 06    0.0392  5 08 x 08    0.0340  0 28 x 05
0.0622  0 32 x 04    0.0534  0 32 t 05    0.0393  5 08 x 10    0.0342  0 01 x 05
0.0623  5 08 t 05    0.0534  0 31 x 05    0.0396  0 00 x 04    0.0343  3 08 x 10
0.0629  4 08 x 05    0.0537  0 07 x 07    0.0397  0 07 x 05    0.0343  4 08 t 12
0.0630  0 04 x 04    0.0538  4 08 x 10    0.0398  0 27 x 04    0.0343  0 04 x 05
0.0630  0 30 x 04    0.0539  0 04 t 12    0.0398  0 03 x 06    0.0344  0 00 x 05
0.0632  0 28 x 04    0.0539  4 08 x 08    0.0401  0 06 x 04    0.0344  0 03 x 12
0.0634  0 03 x 06    0.0540  3 08 x 10    0.0402  5 08 x 07    0.0345  3 08 t 12
0.0634  6 08 x 12    0.0541  0 30 x 05    0.0404  3 08 x 05    0.0347  0 03 x 10
0.0635  0 01 x 04    0.0542  4 08 x 07    0.0406  4 08 x 05    0.0347  4 08 t 10
0.0638  0 06 x 04    0.0543  3 08 t 12    0.0407  5 08 x 06    0.0347  3 08 t 10
0.0640  6 08 x 10    0.0543  0 07 x 08    0.0408  5 08 t 06    0.0348  3 08 x 08
0.0641  3 08 x 05    0.0545  0 07 x 10    0.0428  5 08 t 05    0.0350  4 08 t 08
0.0642  0 00 x 04    0.0545  3 08 t 10    0.0428  0 29 t 03    0.0350  0 05 x 05
0.0649  0 27 x 04    0.0546  3 08 x 08    0.0430  0 01 t 03    0.0351  0 27 x 05
0.0656  5 08 x 05    0.0546  0 05 x 05    0.0432  0 03 x 05    0.0351  4 08 x 10
0.0657  6 08 x 08    0.0546  4 08 x 12    0.0433  0 28 t 03    0.0352  3 08 x 07
0.0675  6 08 x 07    0.0547  5 08 t 12    0.0433  2 08 t 05    0.0352  3 08 x 12
0.0682  0 07 x 04    0.0547  4 08 t 07    0.0435  0 05 t 03    0.0353  0 01 t 04
0.0692  2 08 t 05    0.0547  0 07 t 07    0.0436  0 04 t 03    0.0353  4 08 x 08
0.0693  0 03 x 05    0.0548  0 07 t 08    0.0438  3 08 t 04    0.0353  3 08 t 08
0.0694  6 08 x 06    0.0549  0 03 x 12    0.0440  0 06 t 03    0.0355  4 08 x 07
0.0697  4 08 t 04    0.0550  0 27 x 05    0.0440  2 08 x 05    0.0355  0 03 x 08
0.0698  0 05 t 03    0.0551  3 08 x 07    0.0443  0 31 t 03    0.0355  0 04 t 04
0.0700  3 08 t 04    0.0552  0 00 x 05    0.0443  0 27 t 03    0.0356  0 06 x 05
0.0703  0 29 t 03    0.0552  0 03 x 10    0.0446  0 00 t 03    0.0356  0 29 t 04
0.0703  0 06 t 03    0.0552  0 01 x 05    0.0447  5 08 x 05    0.0357  3 08 t 07
0.0705  2 08 x 05    0.0553  5 08 t 10    0.0447  0 07 x 04    0.0358  0 31 t 04
0.0707  0 01 t 03    0.0553  3 08 t 08    0.0451  0 30 t 03    0.0359  4 08 t 07
0.0708  0 28 t 03    0.0553  0 07 x 12    0.0452  4 08 t 04    0.0360  0 00 t 04
0.0708  0 31 t 03    0.0556  5 08 x 12    0.0463  6 08 x 12    0.0361  4 08 x 12
0.0714  5 08 t 04    0.0556  0 07 t 10    0.0465  6 08 x 10    0.0361  0 05 t 04
0.0715  0 04 t 03    0.0556  0 04 x 05    0.0469  0 32 x 03    0.0362  0 07 t 06
0.0716  0 30 t 03    0.0557  3 08 x 12    0.0469  0 29 x 03    0.0365  3 08 t 06
0.0721  6 08 t 05    0.0558  5 08 t 08    0.0469  0 32 t 03    0.0366  0 28 t 04
0.0729  0 27 t 03    0.0560  4 08 t 06    0.0470  0 31 x 03    0.0366  4 08 t 06
0.0730  0 00 t 03    0.0560  0 06 x 05    0.0471  3 08 x 04    0.0366  0 30 t 04
0.0734  0 07 t 03    0.0560  3 08 t 07    0.0471  4 08 x 04    0.0367  0 03 x 07
0.0736  4 08 x 04    0.0560  5 08 x 10    0.0473  0 07 t 03    0.0367  0 06 t 04
0.0744  6 08 x 05    0.0561  5 08 x 08    0.0475  0 01 x 03    0.0368  0 07 x 07
0.0754  3 08 x 04    0.0562  0 29 t 04    0.0475  0 05 x 03    0.0371  3 08 x 06
0.0767  0 05 x 03    0.0563  0 07 t 12    0.0476  0 04 x 03    0.0372  4 08 x 06
0.0767  5 08 x 04    0.0564  0 07 x 06    0.0478  0 06 x 03    0.0374  0 07 t 07
0.0772  0 32 x 03    0.0565  0 07 t 05    0.0479  0 30 x 03    0.0377  0 27 t 04
0.0772  0 31 x 03    0.0565  5 08 t 07    0.0479  0 28 x 03    0.0377  0 07 t 08
0.0772  0 32 t 03    0.0566  0 31 t 04    0.0484  5 08 t 04    0.0378  0 07 x 08
0.0773  0 29 x 03    0.0567  0 03 x 08    0.0486  6 08 x 08    0.0379  5 08 t 12
0.0774  0 06 x 03    0.0570  4 08 x 06    0.0489  0 27 x 03    0.0380  0 07 x 10
0.0783  0 03 x 04    0.0572  0 05 t 04    0.0490  0 00 x 03    0.0381  0 07 t 05
0.0786  0 01 x 03    0.0573  0 01 t 04    0.0491  6 08 x 07    0.0383  5 08 t 10
0.0787  0 30 x 03    0.0574  3 08 t 06    0.0497  0 03 x 04    0.0384  0 07 x 06
0.0788  0 28 x 03    0.0575  0 30 t 04    0.0506  2 08 t 04    0.0385  5 08 x 12
0.0789  0 04 x 03    0.0575  0 28 t 04    0.0510  6 08 x 06    0.0387  0 04 x 04
0.0803  0 07 x 03    0.0576  0 04 t 04    0.0512  0 07 x 03    0.0388  5 08 t 08
0.0804  6 08 t 04    0.0579  0 06 t 04    0.0514  5 08 x 04    0.0389  0 07 t 10
0.0806  0 00 x 03    0.0583  5 08 x 07    0.0524  6 08 t 05    0.0389  0 05 x 04
0.0807  0 27 x 03    0.0584  3 08 x 06    0.0527  4 08 t 03    0.0389  3 08 t 05
0.0810  2 08 t 04    0.0585  0 00 t 04    0.0529  2 08 x 04    0.0390  0 01 x 04
0.0839  4 08 t 03    0.0589  0 03 x 07    0.0534  3 08 t 03    0.0391  5 08 t 07
0.0847  2 08 x 04    0.0591  5 08 x 06    0.0539  6 08 x 05    0.0391  0 07 x 12
0.0863  6 08 x 04    0.0594  5 08 t 06    0.0564  0 01 t 02    0.0392  0 31 x 04
0.0870  3 08 t 03    0.0594  0 27 t 04    0.0571  0 29 t 02    0.0392  0 29 x 04
0.0872  5 08 t 03    0.0595  0 07 x 05    0.0571  0 05 t 02    0.0392  0 32 x 04
0.0915  4 08 x 03    0.0605  4 08 t 05    0.0572  0 06 t 02    0.0392  0 32 t 04
0.0930  1 08 t 05    0.0615  3 08 t 05    0.0572  4 08 x 03    0.0392  4 08 t 05
0.0931  1 08 x 05    0.0616  0 05 x 04    0.0573  0 04 t 02    0.0392  5 08 x 08
0.0941  0 05 t 02    0.0622  0 31 x 04    0.0575  0 31 t 02    0.0393  5 08 x 10
0.0941  0 06 t 02    0.0622  0 29 x 04    0.0577  1 08 t 05    0.0394  0 07 t 12
0.0941  3 08 x 03    0.0622  0 32 x 04    0.0577  3 08 x 03    0.0396  0 00 x 04
0.0947  5 08 x 03    0.0622  0 32 t 04    0.0577  1 08 x 05    0.0397  0 07 x 05
0.0953  0 01 t 02    0.0623  5 08 t 05    0.0578  5 08 t 03    0.0398  0 03 x 06
0.0955  0 07 t 02    0.0624  6 08 t 12    0.0581  6 08 t 04    0.0400  0 30 x 04
0.0961  7 08 x 05    0.0629  4 08 x 05    0.0584  0 30 t 02    0.0401  0 06 x 04
0.0963  0 29 t 02    0.0629  0 07 t 04    0.0585  0 28 t 02    0.0401  0 28 x 04
0.0964  0 04 t 02    0.0630  0 04 x 04    0.0586  0 00 t 02    0.0402  5 08 x 07
0.0969  0 31 t 02    0.0631  0 30 x 04    0.0591  0 07 t 02    0.0405  3 08 x 05
0.0976  0 30 t 02    0.0631  6 08 t 10    0.0604  2 08 t 03    0.0406  4 08 x 05
0.0977  6 08 t 03    0.0632  0 28 x 04    0.0604  0 27 t 02    0.0407  5 08 x 06
0.0977  0 28 t 02    0.0634  0 03 x 06    0.0608  0 03 x 03    0.0409  5 08 t 06
0.0986  0 00 t 02    0.0634  6 08 x 12    0.0616  6 08 x 04    0.0409  0 27 x 04
0.0987  2 08 t 03    0.0635  0 01 x 04    0.0619  0 06 t 07    0.0417  0 07 t 04
0.0992  0 03 x 03    0.0638  0 06 x 04    0.0619  0 06 t 06    0.0428  5 08 t 05
0.1017  0 27 t 02    0.0639  6 08 t 08    0.0622  5 08 x 03    0.0430  0 01 t 03
0.1023  0 29 t 10    0.0640  6 08 x 10    0.0622  0 06 t 08    0.0431  0 03 x 05
0.1028  7 08 t 04    0.0641  3 08 x 05    0.0629  0 05 x 02    0.0433  2 08 t 05
0.1037  0 29 t 12    0.0642  0 00 x 04    0.0631  0 04 x 02    0.0435  0 05 t 03
0.1038  0 28 t 12    0.0649  0 27 x 04    0.0631  0 01 x 02    0.0436  0 04 t 03
0.1040  2 08 x 03    0.0656  5 08 x 05    0.0634  0 06 x 02    0.0438  3 08 t 04
0.1045  0 27 t 06    0.0656  6 08 t 07    0.0636  2 08 x 03    0.0440  2 08 x 05
0.1045  0 28 t 10    0.0658  6 08 x 08    0.0638  0 06 t 12    0.0440  0 06 t 03
0.1047  0 28 t 06    0.0672  6 08 t 06    0.0639  0 31 x 02    0.0440  0 29 t 03
0.1051  0 30 t 06    0.0675  0 03 x 05    0.0640  0 32 x 02    0.0443  0 31 t 03
0.1051  0 29 t 06    0.0675  6 08 x 07    0.0640  0 32 t 02    0.0444  0 27 t 03
0.1052  0 30 t 12    0.0682  0 07 x 04    0.0640  0 06 t 05    0.0445  0 28 t 03
0.1053  0 28 t 07    0.0692  2 08 t 05    0.0640  0 29 x 02    0.0446  0 00 t 03
0.1055  6 08 x 03    0.0694  6 08 x 06    0.0640  0 06 t 10    0.0447  0 07 x 04
0.1056  0 06 x 02    0.0697  4 08 t 04    0.0645  0 00 x 02    0.0447  5 08 x 05
0.1056  0 05 x 02    0.0698  0 05 t 03    0.0648  0 06 t 04    0.0451  0 30 t 03
0.1057  0 30 t 07    0.0700  3 08 t 04    0.0649  0 29 t 10    0.0452  4 08 t 04
0.1058  0 28 t 08    0.0703  0 06 t 03    0.0651  0 28 x 02    0.0456  6 08 t 12
0.1058  0 29 t 07    0.0703  0 29 t 03    0.0651  0 30 x 02    0.0462  6 08 t 10
0.1063  0 27 t 12    0.0704  2 08 x 05    0.0654  0 07 x 02    0.0463  6 08 x 12
0.1063  0 31 t 06    0.0707  0 01 t 03    0.0657  0 28 t 06    0.0465  6 08 x 10
0.1064  0 30 t 10    0.0708  0 28 t 03    0.0657  0 29 t 06    0.0469  6 08 t 08
0.1065  0 31 t 12    0.0708  0 31 t 03    0.0660  0 30 t 06    0.0470  0 31 x 03
0.1068  0 07 t 06    0.0714  5 08 t 04    0.0661  0 30 t 12    0.0470  0 29 x 03
0.1068  0 06 t 06    0.0715  0 04 t 03    0.0661  0 28 t 12    0.0471  3 08 x 04
0.1070  0 05 t 07    0.0716  0 30 t 03    0.0662  0 29 t 12    0.0471  4 08 x 04
0.1071  0 27 t 10    0.0720  6 08 t 05    0.0663  0 27 x 02    0.0473  0 07 t 03
0.1072  0 29 t 08    0.0729  0 27 t 03    0.0663  0 28 t 07    0.0475  0 01 x 03
0.1073  0 01 x 02    0.0730  0 00 t 03    0.0664  0 30 t 10    0.0476  0 05 x 03
0.1074  0 04 x 02    0.0734  0 07 t 03    0.0664  0 28 t 10    0.0476  0 04 x 03
0.1075  0 31 t 07    0.0736  4 08 x 04    0.0665  0 27 t 06    0.0478  0 06 x 03
0.1075  0 05 t 06    0.0745  6 08 x 05    0.0665  0 28 t 08    0.0479  0 28 x 03
0.1076  0 06 t 07    0.0754  3 08 x 04    0.0666  0 29 t 07    0.0480  0 30 x 03
0.1076  0 07 x 02    0.0766  0 05 x 03    0.0666  0 05 t 07    0.0481  6 08 t 07
0.1077  0 27 t 07    0.0767  5 08 x 04    0.0667  0 31 t 06    0.0483  0 32 x 03
0.1077  0 31 t 10    0.0772  0 32 x 03    0.0667  0 31 t 12    0.0483  0 32 t 03
0.1080  0 31 t 08    0.0772  0 32 t 03    0.0667  0 04 t 06    0.0484  5 08 t 04
0.1085  7 08 x 04    0.0773  0 31 x 03    0.0668  0 01 t 06    0.0485  6 08 x 08
0.1087  0 30 t 08    0.0774  0 29 x 03    0.0669  0 04 t 07    0.0489  0 27 x 03
0.1087  0 32 t 02    0.0775  0 06 x 03    0.0670  0 30 t 07    0.0490  0 00 x 03
0.1087  0 31 x 02    0.0781  0 03 x 04    0.0672  0 29 t 08    0.0491  6 08 x 07
0.1087  0 32 x 02    0.0786  0 01 x 03    0.0672  0 31 t 10    0.0493  6 08 t 06
0.1088  0 29 x 02    0.0787  0 30 x 03    0.0675  1 08 t 04    0.0497  0 03 x 04
0.1090  0 07 t 07    0.0788  0 28 x 03    0.0675  0 01 t 07    0.0506  2 08 t 04
0.1091  0 06 t 05    0.0788  0 04 x 03    0.0675  0 04 t 08    0.0510  6 08 x 06
0.1091  0 06 t 08    0.0803  0 07 x 03    0.0675  1 08 x 04    0.0512  0 07 x 03
0.1091  0 27 t 08    0.0804  6 08 t 04    0.0676  0 05 t 06    0.0514  5 08 x 04
0.1092  0 05 t 08    0.0806  0 00 x 03    0.0676  0 27 t 12    0.0524  6 08 t 05
0.1093  0 00 x 02    0.0807  0 27 x 03    0.0678  0 05 t 08    0.0527  4 08 t 03
0.1096  1 08 t 04    0.0810  2 08 t 04    0.0678  0 31 t 07    0.0529  2 08 x 04
0.1096  1 08 x 04    0.0838  4 08 t 03    0.0680  0 04 t 05    0.0534  3 08 t 03
0.1098  0 05 t 05    0.0847  2 08 x 04    0.0681  0 27 t 10    0.0538  6 08 x 05
0.1099  0 00 t 06    0.0863  6 08 x 04    0.0681  0 30 t 08    0.0568  0 01 t 02
0.1100  0 06 t 04    0.0870  3 08 t 03    0.0681  0 01 t 10    0.0572  4 08 x 03
0.1100  0 01 t 06    0.0872  5 08 t 03    0.0682  0 31 t 08    0.0575  0 31 t 02
0.1101  0 04 t 06    0.0915  4 08 x 03    0.0682  4 08 t 02    0.0576  1 08 x 05
0.1102  0 28 x 02    0.0924  7 08 t 05    0.0682  0 27 t 07    0.0577  1 08 t 05
0.1102  0 04 t 07    0.0931  1 08 x 05    0.0683  0 07 t 06    0.0577  3 08 x 03
0.1104  0 30 x 02    0.0931  1 08 t 05    0.0684  0 01 t 12    0.0578  5 08 t 03
0.1106  0 07 t 05    0.0941  0 05 t 02    0.0684  0 04 t 10    0.0581  0 29 t 02
0.1107  0 00 t 07    0.0941  0 06 t 02    0.0685  0 27 t 08    0.0581  6 08 t 04
0.1108  0 00 t 12    0.0941  3 08 x 03    0.0686  0 01 t 08    0.0584  0 30 t 02
0.1111  0 05 t 10    0.0947  5 08 x 03    0.0687  0 01 t 05    0.0585  0 28 t 02
0.1112  0 05 t 12    0.0953  0 01 t 02    0.0689  0 05 t 12    0.0587  0 00 t 02
0.1113  0 01 t 07    0.0954  0 07 t 02    0.0689  0 05 t 05    0.0587  0 05 t 02
0.1116  0 07 t 08    0.0961  7 08 x 05    0.0690  0 00 t 06    0.0588  0 04 t 02
0.1118  0 04 t 08    0.0963  0 29 t 02    0.0693  0 05 t 10    0.0589  0 06 t 02
0.1119  0 00 t 10    0.0964  0 04 t 02    0.0696  6 08 t 03    0.0604  2 08 t 03
0.1120  0 06 t 12    0.0968  0 31 t 02    0.0696  0 00 t 10    0.0604  0 27 t 02
0.1123  0 04 t 05    0.0976  0 30 t 02    0.0697  0 00 t 07    0.0608  0 07 t 02
0.1124  4 08 t 02    0.0977  0 28 t 02    0.0700  0 07 t 07    0.0608  0 03 x 03
0.1124  0 01 t 10    0.0978  6 08 t 03    0.0702  0 00 t 12    0.0616  6 08 x 04
0.1126  0 00 t 08    0.0986  0 00 t 02    0.0703  0 07 t 05    0.0622  5 08 x 03
0.1126  0 01 t 12    0.0987  2 08 t 03    0.0706  0 00 t 08    0.0632  0 04 x 02
0.1128  0 27 x 02    0.0992  0 03 x 03    0.0706  0 05 t 04    0.0636  2 08 x 03
0.1129  4 08 t 12    0.1017  0 27 t 02    0.0708  3 08 t 02    0.0639  0 31 x 02
0.1129  0 06 t 10    0.1027  7 08 t 04    0.0713  0 07 t 08    0.0639  0 32 x 02
0.1131  0 07 t 10    0.1040  2 08 x 03    0.0718  0 04 t 12    0.0640  0 29 x 02
0.1132  0 05 t 04    0.1056  6 08 x 03    0.0725  0 07 t 10    0.0642  0 01 x 02
0.1136  0 01 t 05    0.1056  0 06 x 02    0.0725  4 08 t 12    0.0645  0 00 x 02
0.1139  0 04 t 10    0.1056  0 05 x 02    0.0732  5 08 t 02    0.0647  0 05 x 02
0.1139  0 01 t 08    0.1073  0 01 x 02    0.0733  0 07 t 04    0.0650  0 06 x 02
0.1142  0 07 t 12    0.1073  0 04 x 02    0.0737  4 08 t 10    0.0651  0 28 x 02
0.1145  5 08 t 02    0.1076  0 07 x 02    0.0738  6 08 x 03    0.0651  0 30 x 02
0.1145  5 08 t 12    0.1086  7 08 x 04    0.0741  0 07 t 12    0.0657  0 32 t 02
0.1146  4 08 t 10    0.1087  0 31 x 02    0.0746  4 08 x 02    0.0663  0 27 x 02
0.1168  0 07 t 04    0.1087  0 32 t 02    0.0759  7 08 x 05    0.0672  0 07 x 02
0.1173  5 08 t 10    0.1087  0 32 x 02    0.0765  5 08 t 12    0.0674  1 08 t 04
0.1174  5 08 t 07    0.1088  0 29 x 02    0.0768  3 08 x 02    0.0675  1 08 x 04
0.1175  5 08 t 08    0.1093  0 00 x 02    0.0779  5 08 t 07    0.0696  6 08 t 03
0.1181  0 04 t 12    0.1095  1 08 t 04    0.0782  5 08 t 08    0.0701  4 08 t 02
0.1184  3 08 t 02    0.1096  1 08 x 04    0.0784  5 08 t 10    0.0727  3 08 t 02
0.1232  4 08 x 02    0.1102  0 28 x 02    0.0799  0 03 x 02    0.0736  7 08 t 05
0.1239  6 08 t 12    0.1104  0 30 x 02    0.0800  5 08 x 02    0.0738  6 08 x 03
0.1240  7 08 t 03    0.1124  4 08 t 02    0.0808  2 08 t 02    0.0752  5 08 t 02
0.1245  6 08 t 10    0.1128  0 27 x 02    0.0810  7 08 t 04    0.0759  7 08 x 05
0.1261  6 08 t 06    0.1145  5 08 t 02    0.0843  7 08 x 04    0.0767  4 08 x 02
0.1262  5 08 x 02    0.1184  3 08 t 02    0.0848  2 08 x 02    0.0788  3 08 x 02
0.1262  6 08 t 07    0.1232  4 08 x 02    0.0851  1 08 t 03    0.0798  0 03 x 02
0.1276  6 08 t 08    0.1240  7 08 t 03    0.0851  1 08 x 03    0.0810  7 08 t 04
0.1284  6 08 t 02    0.1262  5 08 x 02    0.0856  6 08 t 12    0.0822  5 08 x 02
0.1288  3 08 x 02    0.1285  6 08 t 02    0.0859  6 08 t 10    0.0830  2 08 t 02
0.1319  7 08 x 03    0.1289  3 08 x 02    0.0867  6 08 t 07    0.0843  7 08 x 04
0.1330  0 03 x 02    0.1320  7 08 x 03    0.0868  6 08 t 06    0.0848  2 08 x 02
0.1357  2 08 t 02    0.1329  0 03 x 02    0.0877  6 08 t 08    0.0851  1 08 x 03
0.1394  1 08 t 03    0.1357  2 08 t 02    0.0884  0 05 t 01    0.0851  1 08 t 03
0.1394  1 08 x 03    0.1394  1 08 t 03    0.0885  0 06 t 01    0.0884  0 05 t 01
0.1406  6 08 x 02    0.1395  1 08 x 03    0.0885  6 08 t 02    0.0885  0 06 t 01
0.1426  2 08 x 02    0.1405  6 08 x 02    0.0886  0 01 t 01    0.0886  0 01 t 01
0.1520  7 08 t 05    0.1425  2 08 x 02    0.0887  0 07 t 01    0.0887  0 07 t 01
0.1551  0 02 x 02    0.1551  0 02 x 02    0.0889  0 04 t 01    0.0889  0 04 t 01
0.1574  0 02 x 07    0.1573  0 02 x 07    0.0893  0 31 t 01    0.0894  0 31 t 01
0.1577  0 02 x 06    0.1577  0 02 x 06    0.0900  0 29 t 01    0.0900  0 29 t 01
0.1580  0 02 x 08    0.1578  0 02 x 04    0.0903  0 28 t 01    0.0903  0 28 t 01
0.1595  0 02 x 03    0.1580  0 02 x 08    0.0905  0 30 t 01    0.0905  0 30 t 01
0.1603  0 02 x 04    0.1587  0 02 x 05    0.0912  0 00 t 01    0.0909  6 08 t 02
0.1607  0 02 x 05    0.1597  0 02 x 03    0.0948  0 27 t 01    0.0912  0 00 t 01
0.1611  0 06 t 01    0.1610  0 06 t 01    0.0951  6 08 x 02    0.0953  0 02 x 02
0.1613  0 07 t 01    0.1613  0 07 t 01    0.0953  0 02 x 02    0.0958  0 27 t 01
0.1620  7 08 t 02    0.1619  7 08 t 02    0.0962  7 08 t 03    0.0963  7 08 t 03
0.1626  0 05 t 01    0.1626  0 05 t 01    0.0977  0 05 x 01    0.0976  6 08 x 02
0.1648  0 01 t 01    0.1649  0 01 t 01    0.0977  0 02 x 06    0.0977  0 05 x 01
0.1649  0 04 t 01    0.1649  0 04 t 01    0.0978  0 02 x 07    0.0977  0 02 x 06
0.1662  0 31 t 01    0.1662  0 31 t 01    0.0981  0 06 x 01    0.0977  0 02 x 07
0.1669  0 29 t 01    0.1669  0 29 t 01    0.0984  0 02 x 08    0.0981  0 06 x 01
0.1672  0 28 t 01    0.1672  0 28 t 01    0.0984  0 02 x 03    0.0983  0 02 x 08
0.1672  0 30 t 01    0.1672  0 30 t 01    0.0984  0 07 x 01    0.0984  0 02 x 03
0.1697  0 00 t 01    0.1697  0 00 t 01    0.0986  0 01 x 01    0.0984  0 07 x 01
0.1714  0 02 x 10    0.1714  0 02 x 10    0.0989  0 31 x 01    0.0989  0 31 x 01
0.1732  7 08 x 02    0.1732  7 08 x 02    0.0991  0 04 x 01    0.0991  0 04 x 01
0.1739  0 27 t 01    0.1737  0 27 t 01    0.0992  0 02 x 04    0.0992  0 02 x 04
0.1784  0 02 x 12    0.1785  0 02 x 12    0.0994  0 02 x 05    0.0994  0 02 x 05
0.1818  0 06 x 01    0.1818  0 06 x 01    0.0994  0 29 x 01    0.0995  0 29 x 01
0.1820  0 07 x 01    0.1820  0 07 x 01    0.0997  0 28 x 01    0.0998  0 30 x 01
0.1826  0 05 x 01    0.1825  0 05 x 01    0.0997  0 30 x 01    0.0998  0 28 x 01
0.1852  0 02 x 01    0.1852  0 01 x 01    0.1005  0 32 x 01    0.1002  0 01 x 01
0.1852  0 01 x 01    0.1854  0 02 x 01    0.1008  7 08 x 03    0.1008  7 08 x 03
0.1857  0 04 x 01    0.1856  0 04 x 01    0.1008  0 32 t 01    0.1013  0 32 x 01
0.1863  0 31 x 01    0.1862  0 31 x 01    0.1024  0 27 x 01    0.1017  0 32 t 01
0.1867  0 29 x 01    0.1867  0 29 x 01    0.1030  0 00 x 01    0.1024  0 27 x 01
0.1872  0 30 x 01    0.1872  0 28 x 01    0.1043  0 02 x 01    0.1040  0 00 x 01
0.1872  0 28 x 01    0.1872  0 30 x 01    0.1067  0 02 x 10    0.1067  0 02 x 10
0.1876  0 32 x 01    0.1874  0 32 x 01    0.1072  4 08 t 01    0.1070  0 02 x 01
0.1882  0 32 t 01    0.1881  0 32 t 01    0.1107  7 08 t 05    0.1072  4 08 t 01
0.1884  1 08 x 02    0.1884  1 08 t 02    0.1110  0 02 x 12    0.1112  0 02 x 12
0.1884  1 08 t 02    0.1884  1 08 x 02    0.1121  3 08 t 01    0.1121  3 08 t 01
0.1909  0 00 x 01    0.1910  0 00 x 01    0.1124  1 08 t 02    0.1124  1 08 t 02
0.1923  0 27 x 01    0.1923  0 27 x 01    0.1125  1 08 x 02    0.1124  1 08 x 02
0.1924  4 08 t 01    0.1925  4 08 t 01    0.1128  5 08 t 01    0.1128  5 08 t 01
0.1937  5 08 t 01    0.1936  5 08 t 01    0.1169  4 08 x 01    0.1170  4 08 x 01
0.2049  3 08 t 01    0.2049  3 08 t 01    0.1205  3 08 x 01    0.1205  3 08 x 01
0.2114  4 08 x 01    0.2114  4 08 x 01    0.1230  7 08 t 02    0.1238  5 08 x 01
0.2115  6 08 t 01    0.2115  6 08 t 01    0.1238  5 08 x 01    0.1265  7 08 t 02
0.2146  5 08 x 01    0.2146  5 08 x 01    0.1260  0 03 x 01    0.1270  0 03 x 01
0.2213  3 08 x 01    0.2213  3 08 x 01    0.1296  7 08 x 02    0.1296  7 08 x 02
0.2279  0 03 x 01    0.2279  0 03 x 01    0.1317  2 08 t 01    0.1325  2 08 t 01
0.2334  6 08 x 01    0.2333  6 08 x 01    0.1335  6 08 t 01    0.1337  6 08 t 01
0.2387  2 08 t 01    0.2387  2 08 t 01    0.1383  2 08 x 01    0.1392  2 08 x 01
0.2515  2 08 x 01    0.2515  2 08 x 01    0.1447  6 08 x 01    0.1451  6 08 x 01
0.2691  7 08 t 01    0.2691  7 08 t 01    0.1932  7 08 t 01    0.1932  7 08 t 01
0.2908  7 08 x 01    0.2907  7 08 x 01    0.1933  1 08 t 01    0.1941  1 08 t 01
0.3441  1 08 t 01    0.3441  1 08 t 01    0.1933  1 08 x 01    0.1941  1 08 x 01
0.3442  1 08 x 01    0.3443  1 08 x 01    0.2046  7 08 x 01    0.2047  7 08 x 01
---Benchmark Program Finished---
