
jeffreyhurchalla@Jeffreys-MacBook-Air montgomery_two_pow % ./testbench.sh clang++ O3 MontgomeryFull uint64_t 191 8 22                                            
compilation finished, now executing:
---Running Program---

begin benchmarks - array two_pow
(ignore)11580388629858884142

OVERALL BEST:
0.1341  0 31 x 12
0.1345  0 29 x 12
0.1348  0 31 x 10
0.1349  0 28 x 12
0.1354  0 30 x 12
0.1361  0 30 x 10
0.1368  0 28 x 10
0.1369  0 29 t 12
0.1370  0 31 t 12
0.1384  0 30 t 12
0.1384  0 31 x 08
0.1386  0 29 x 08
0.1389  0 30 x 08
0.1390  0 29 x 10
0.1394  0 31 t 10
0.1399  0 27 x 12
0.1400  0 28 x 08
0.1401  0 30 t 10
0.1403  0 28 t 12
0.1419  0 29 t 10
0.1424  0 31 x 07
0.1428  0 27 x 10
0.1432  0 31 t 08
0.1434  0 28 t 10
0.1438  0 29 x 07
0.1439  0 30 x 07
0.1449  0 28 x 07
0.1449  0 31 t 07
0.1453  0 27 t 12
0.1459  0 27 x 08
0.1465  0 30 t 08
0.1470  0 29 t 08
0.1471  0 29 t 07
0.1473  0 28 t 08
0.1479  0 05 x 08
0.1480  0 28 t 07
0.1484  0 01 x 12
0.1485  0 05 x 12
0.1498  0 05 t 12
0.1498  0 30 t 07
0.1498  0 27 x 07
0.1503  0 01 x 07
0.1503  0 01 x 10
0.1503  0 01 x 08
0.1505  0 01 t 12
0.1505  0 05 t 08
0.1505  0 04 x 08
0.1508  0 05 x 10
0.1508  0 00 x 12
0.1510  0 04 x 12
0.1513  0 31 t 06
0.1515  0 01 t 10
0.1516  0 00 x 08
0.1517  0 29 t 06
0.1519  0 06 x 08
0.1520  0 30 t 06
0.1521  0 05 x 07
0.1522  0 05 t 10
0.1523  0 06 x 12
0.1525  0 05 t 07
0.1526  0 04 t 12
0.1527  0 27 t 10
0.1527  0 01 t 07
0.1528  0 01 t 08
0.1530  0 00 x 07
0.1532  0 04 t 08
0.1532  0 00 t 10
0.1533  0 04 x 10
0.1535  0 00 t 12
0.1536  0 06 t 12
0.1539  0 01 t 06
0.1539  0 28 t 06
0.1540  0 06 t 08
0.1540  0 00 t 07
0.1542  0 00 x 10
0.1542  0 06 x 10
0.1544  0 04 x 07
0.1544  0 30 x 06
0.1546  0 03 x 12
0.1547  0 04 t 10
0.1548  0 04 t 07
0.1551  0 03 x 10
0.1553  0 05 t 06
0.1554  0 06 t 10
0.1559  0 31 x 06
0.1559  0 28 x 06
0.1561  0 06 x 07
0.1561  0 06 t 07
0.1565  0 29 x 06
0.1570  0 27 t 08
0.1571  0 27 t 07
0.1575  0 00 t 08
0.1577  0 00 t 06
0.1577  0 01 x 06
0.1583  0 04 t 06
0.1591  0 06 t 06
0.1600  0 05 x 06
0.1615  0 01 t 05
0.1616  0 29 t 05
0.1617  0 27 x 06
0.1617  0 03 x 08
0.1626  0 27 t 06
0.1626  0 00 x 06
0.1627  0 30 t 05
0.1628  0 31 t 05
0.1640  0 00 t 05
0.1641  0 04 x 06
0.1642  4 08 x 08
0.1643  0 05 t 05
0.1644  0 06 x 06
0.1647  0 28 t 05
0.1660  0 07 x 12
0.1663  0 07 x 08
0.1664  3 08 x 08
0.1673  0 27 t 05
0.1677  0 07 t 12
0.1681  0 07 x 10
0.1684  0 07 t 08
0.1686  0 04 t 05
0.1693  0 07 t 10
0.1694  0 01 x 05
0.1698  0 06 t 05
0.1699  4 08 x 10
0.1701  0 07 t 07
0.1704  0 07 x 07
0.1706  0 28 x 05
0.1708  0 30 x 05
0.1710  0 02 x 07
0.1721  4 08 t 10
0.1725  0 00 x 05
0.1725  0 03 x 07
0.1728  4 08 t 08
0.1733  5 08 x 08
0.1735  0 07 t 06
0.1735  0 05 x 05
0.1740  3 08 t 08
0.1746  3 08 x 12
0.1749  0 31 x 05
0.1751  3 08 x 10
0.1751  0 29 x 05
0.1754  0 27 x 05
0.1756  4 08 x 12
0.1761  3 08 t 12
0.1763  0 04 x 05
0.1767  4 08 t 07
0.1769  3 08 t 10
0.1771  5 08 x 10
0.1774  4 08 t 12
0.1782  4 08 x 07
0.1788  0 06 x 05
0.1788  0 07 x 06
0.1799  5 08 t 10
0.1806  0 05 t 04
0.1817  5 08 t 08
0.1822  0 01 t 04
0.1829  0 07 t 05
0.1837  0 04 t 04
0.1838  3 08 t 07
0.1843  0 31 t 04
0.1845  4 08 t 06
0.1846  3 08 x 07
0.1851  5 08 t 07
0.1855  0 06 t 04
0.1858  5 08 x 07
0.1859  0 28 t 04
0.1861  0 30 t 04
0.1866  0 02 x 06
0.1874  4 08 x 06
0.1883  0 03 x 06
0.1898  0 00 t 04
0.1908  3 08 x 06
0.1909  0 29 t 04
0.1910  3 08 t 06
0.1914  5 08 t 06
0.1926  0 07 x 05
0.1941  5 08 x 06
0.1944  0 05 x 04
0.1948  0 01 x 04
0.1963  5 08 x 12
0.1979  5 08 t 12
0.1979  0 04 x 04
0.1988  0 31 x 04
0.1989  0 06 x 04
0.1992  0 07 t 04
0.1996  0 28 x 04
0.1996  0 27 t 04
0.1997  4 08 t 05
0.1998  0 30 x 04
0.1999  0 00 x 04
0.2000  3 08 t 05
0.2001  6 08 x 08
0.2022  6 08 x 10
0.2024  4 08 x 05
0.2029  3 08 x 05
0.2038  5 08 t 05
0.2043  0 27 x 04
0.2048  6 08 t 10
0.2066  6 08 t 08
0.2078  0 29 x 04
0.2100  6 08 t 07
0.2100  0 03 x 05
0.2102  5 08 x 05
0.2104  0 02 x 05
0.2107  6 08 x 07
0.2127  0 07 x 04
0.2173  4 08 t 04
0.2178  6 08 t 06
0.2205  0 05 t 03
0.2214  0 01 t 03
0.2216  6 08 x 06
0.2238  0 04 t 03
0.2240  0 06 t 03
0.2250  2 08 x 05
0.2258  3 08 t 04
0.2264  5 08 t 04
0.2274  2 08 t 05
0.2286  0 30 t 03
0.2287  0 28 t 03
0.2288  0 00 t 03
0.2295  0 29 t 03
0.2296  0 31 t 03
0.2302  4 08 x 04
0.2325  6 08 t 05
0.2338  0 27 t 03
0.2363  0 07 t 03
0.2369  3 08 x 04
0.2385  6 08 x 05
0.2395  0 05 x 03
0.2401  0 01 x 03
0.2405  5 08 x 04
0.2421  0 04 x 03
0.2425  0 06 x 03
0.2460  6 08 x 12
0.2463  0 03 x 04
0.2463  0 28 x 03
0.2465  0 30 x 03
0.2472  0 02 x 04
0.2474  0 00 x 03
0.2476  0 29 x 03
0.2476  0 31 x 03
0.2481  6 08 t 12
0.2520  0 27 x 03
0.2545  0 07 x 03
0.2570  6 08 t 04
0.2570  2 08 t 04
0.2643  2 08 x 04
0.2669  4 08 t 03
0.2726  6 08 x 04
0.2768  5 08 t 03
0.2828  4 08 x 03
0.2828  3 08 t 03
0.2943  5 08 x 03
0.2953  3 08 x 03
0.2994  0 02 x 03
0.2994  0 03 x 03
0.3008  1 08 t 05
0.3010  1 08 x 05
0.3032  7 08 t 05
0.3085  7 08 x 05
0.3119  6 08 t 03
0.3191  2 08 t 03
0.3289  2 08 x 03
0.3310  6 08 x 03
0.3337  7 08 t 04
0.3492  7 08 x 04
0.3524  1 08 t 04
0.3524  1 08 x 04
0.4024  7 08 t 03
0.4217  7 08 x 03
0.4444  1 08 t 03
0.4444  1 08 x 03
0.4923  0 02 x 08
0.5212  0 02 x 10
0.5589  0 02 x 12
Timings By Test Type:
0.0411  0 31 x 12    0.0412  0 31 x 12    0.0259  0 31 x 12    0.0259  0 31 x 12
0.0412  0 29 x 12    0.0412  0 29 x 12    0.0260  0 29 x 12    0.0260  0 29 x 12
0.0413  0 28 x 12    0.0413  0 28 x 12    0.0261  0 31 x 10    0.0261  0 31 x 10
0.0413  0 31 x 10    0.0413  0 31 x 10    0.0261  0 28 x 12    0.0261  0 28 x 12
0.0414  0 30 x 12    0.0414  0 30 x 12    0.0263  0 30 x 12    0.0263  0 30 x 12
0.0416  0 30 x 10    0.0416  0 30 x 10    0.0264  0 30 x 10    0.0264  0 30 x 10
0.0418  0 28 x 10    0.0418  0 28 x 10    0.0265  0 31 t 12    0.0265  0 31 t 12
0.0419  0 29 t 12    0.0419  0 29 t 12    0.0265  0 29 t 12    0.0265  0 29 t 12
0.0420  0 31 t 12    0.0420  0 31 t 12    0.0266  0 28 x 10    0.0266  0 28 x 10
0.0423  0 31 x 08    0.0423  0 31 x 08    0.0269  0 30 t 12    0.0269  0 30 t 12
0.0423  0 30 t 12    0.0423  0 30 t 12    0.0269  0 29 x 08    0.0269  0 31 x 08
0.0424  0 29 x 10    0.0423  0 29 x 10    0.0269  0 31 x 08    0.0269  0 29 x 08
0.0424  0 29 x 08    0.0424  0 29 x 08    0.0270  0 31 t 10    0.0270  0 31 t 10
0.0425  0 30 x 08    0.0424  0 30 x 08    0.0270  0 30 x 08    0.0270  0 30 x 08
0.0427  0 28 x 08    0.0427  0 28 x 08    0.0272  0 27 x 12    0.0271  0 27 x 12
0.0427  0 31 t 10    0.0427  0 31 t 10    0.0272  0 29 x 10    0.0272  0 29 x 10
0.0428  0 27 x 12    0.0428  0 27 x 12    0.0272  0 28 t 12    0.0272  0 28 t 12
0.0428  0 30 t 10    0.0428  0 30 t 10    0.0272  0 30 t 10    0.0273  0 30 t 10
0.0430  0 28 t 12    0.0429  0 28 t 12    0.0273  0 28 x 08    0.0273  0 28 x 08
0.0435  0 29 t 10    0.0435  0 29 t 10    0.0275  0 29 t 10    0.0275  0 29 t 10
0.0436  0 27 x 10    0.0436  0 27 x 10    0.0276  0 31 x 07    0.0276  0 31 x 07
0.0436  0 31 x 07    0.0436  0 31 x 07    0.0278  0 31 t 08    0.0277  0 31 t 08
0.0438  0 28 t 10    0.0438  0 28 t 10    0.0278  0 27 x 10    0.0278  0 27 x 10
0.0438  0 31 t 08    0.0438  0 31 t 08    0.0279  0 29 x 07    0.0279  0 29 x 07
0.0440  0 30 x 07    0.0440  0 30 x 07    0.0279  0 28 t 10    0.0279  0 28 t 10
0.0440  0 29 x 07    0.0440  0 29 x 07    0.0280  0 30 x 07    0.0280  0 30 x 07
0.0441  0 28 x 07    0.0441  0 28 x 07    0.0282  0 27 t 12    0.0282  0 31 t 07
0.0442  0 31 t 07    0.0442  0 31 t 07    0.0282  0 31 t 07    0.0282  0 27 t 12
0.0444  0 27 x 08    0.0444  0 27 x 08    0.0283  0 28 x 07    0.0283  0 28 x 07
0.0445  0 27 t 12    0.0444  0 27 t 12    0.0285  0 01 x 12    0.0285  0 01 x 12
0.0447  0 30 t 08    0.0446  0 30 t 08    0.0286  0 27 x 08    0.0286  0 27 x 08
0.0448  0 05 x 08    0.0447  0 05 x 08    0.0286  0 29 t 07    0.0286  0 29 t 07
0.0448  0 05 x 12    0.0448  0 05 x 12    0.0287  0 30 t 08    0.0286  0 30 t 08
0.0449  0 29 t 08    0.0448  0 29 t 08    0.0287  0 29 t 08    0.0287  0 29 t 08
0.0449  0 28 t 08    0.0449  0 28 t 08    0.0288  0 28 t 08    0.0288  0 28 t 08
0.0450  0 29 t 07    0.0449  0 29 t 07    0.0289  0 28 t 07    0.0289  0 28 t 07
0.0450  0 30 t 07    0.0450  0 30 t 07    0.0289  0 01 x 10    0.0289  0 01 x 10
0.0452  0 28 t 07    0.0452  0 28 t 07    0.0289  0 01 t 12    0.0289  0 01 t 12
0.0452  0 05 t 12    0.0452  0 05 t 12    0.0290  0 04 x 12    0.0290  0 01 x 07
0.0455  0 05 t 08    0.0455  0 05 t 08    0.0290  0 01 x 07    0.0290  0 04 x 12
0.0456  0 05 x 10    0.0456  0 05 x 10    0.0290  0 04 x 08    0.0290  0 04 x 08
0.0457  0 01 x 12    0.0457  0 01 x 12    0.0292  0 01 t 10    0.0292  0 01 t 10
0.0457  0 27 x 07    0.0457  0 27 x 07    0.0292  0 01 x 08    0.0292  0 27 x 07
0.0460  0 05 t 10    0.0460  0 01 x 08    0.0292  0 05 x 08    0.0292  0 01 x 08
0.0460  0 01 x 08    0.0460  0 05 t 10    0.0292  0 27 x 07    0.0292  0 05 x 08
0.0460  0 05 x 07    0.0461  0 05 x 07    0.0292  0 00 x 12    0.0292  0 00 x 12
0.0461  0 00 x 12    0.0461  0 01 x 07    0.0293  0 04 t 12    0.0293  0 31 t 06
0.0461  0 01 x 07    0.0462  0 00 x 12    0.0293  0 31 t 06    0.0294  0 04 t 12
0.0461  0 06 x 08    0.0462  0 06 x 08    0.0294  0 29 t 06    0.0294  0 29 t 06
0.0462  0 05 t 07    0.0462  0 04 x 08    0.0294  0 05 x 12    0.0294  0 05 x 12
0.0462  0 01 x 10    0.0462  0 05 t 07    0.0294  0 04 x 10    0.0295  0 04 x 10
0.0463  0 06 x 12    0.0462  0 01 x 10    0.0295  0 30 t 06    0.0295  0 01 t 08
0.0463  0 00 x 08    0.0463  0 00 x 08    0.0295  0 01 t 07    0.0295  0 01 t 07
0.0463  0 01 t 12    0.0463  0 06 x 12    0.0295  0 01 t 08    0.0295  0 04 t 08
0.0463  0 04 x 08    0.0463  0 31 t 06    0.0295  0 04 t 08    0.0295  0 30 t 06
0.0464  0 31 t 06    0.0463  0 01 t 12    0.0295  0 00 x 08    0.0295  0 00 x 08
0.0464  0 29 t 06    0.0464  0 29 t 06    0.0297  0 05 t 12    0.0297  0 05 t 12
0.0465  0 04 x 12    0.0465  0 30 t 06    0.0297  0 01 t 06    0.0297  0 27 t 10
0.0466  0 30 t 06    0.0465  0 04 x 12    0.0297  0 04 x 07    0.0297  0 04 t 10
0.0466  0 01 t 10    0.0466  0 01 t 10    0.0297  0 05 t 08    0.0297  0 04 x 07
0.0466  0 27 t 10    0.0466  0 27 t 10    0.0297  0 00 x 07    0.0297  0 05 t 08
0.0467  0 06 t 12    0.0467  0 06 t 12    0.0297  0 27 t 10    0.0297  0 01 t 06
0.0468  0 00 x 07    0.0468  0 00 t 10    0.0297  0 04 t 10    0.0297  0 00 x 07
0.0468  0 00 t 10    0.0468  0 00 x 07    0.0298  0 06 x 08    0.0298  0 04 t 07
0.0468  0 06 t 08    0.0468  0 06 t 08    0.0298  0 04 t 07    0.0298  0 06 x 08
0.0468  0 06 x 10    0.0469  0 06 x 10    0.0298  0 00 t 10    0.0298  0 05 x 10
0.0469  0 28 t 06    0.0469  0 01 t 07    0.0298  0 00 t 12    0.0298  0 00 t 12
0.0469  0 01 t 07    0.0469  0 01 t 08    0.0298  0 05 x 10    0.0298  0 00 t 10
0.0469  0 01 t 08    0.0469  0 28 t 06    0.0298  0 30 x 06    0.0299  0 30 t 07
0.0469  0 00 t 12    0.0469  0 00 t 12    0.0299  0 06 x 12    0.0299  0 06 x 12
0.0470  0 04 t 12    0.0469  0 00 t 07    0.0299  0 30 t 07    0.0299  0 30 x 06
0.0470  0 00 t 07    0.0470  0 04 t 12    0.0299  0 00 x 10    0.0299  0 00 x 10
0.0470  0 05 t 06    0.0470  0 05 t 06    0.0300  0 05 x 07    0.0300  0 05 x 07
0.0471  0 04 t 08    0.0471  0 04 t 08    0.0300  0 00 t 07    0.0300  0 28 t 06
0.0472  0 01 t 06    0.0472  0 00 x 10    0.0300  0 03 x 12    0.0301  0 03 x 12
0.0472  0 00 x 10    0.0472  0 04 x 10    0.0301  0 05 t 07    0.0301  0 05 t 07
0.0472  0 04 x 10    0.0472  0 03 x 12    0.0301  0 05 t 10    0.0301  0 00 t 07
0.0472  0 03 x 12    0.0473  0 06 t 10    0.0301  0 28 t 06    0.0301  0 05 t 10
0.0473  0 06 t 10    0.0473  0 30 x 06    0.0301  0 06 t 12    0.0301  0 06 t 12
0.0474  0 30 x 06    0.0473  0 01 t 06    0.0302  0 06 t 08    0.0302  0 06 t 08
0.0474  0 03 x 10    0.0473  0 03 x 10    0.0302  0 03 x 10    0.0302  0 03 x 10
0.0474  0 06 x 07    0.0474  0 06 t 07    0.0302  0 31 x 06    0.0302  0 31 x 06
0.0475  0 06 t 07    0.0474  0 06 x 07    0.0302  0 28 x 06    0.0302  0 28 x 06
0.0475  0 04 x 07    0.0475  0 04 x 07    0.0303  0 06 x 10    0.0303  0 06 x 10
0.0476  0 04 t 07    0.0476  0 04 t 07    0.0304  0 06 t 10    0.0304  0 06 t 10
0.0477  0 04 t 10    0.0476  0 04 t 10    0.0305  0 29 x 06    0.0305  0 29 x 06
0.0477  0 27 t 08    0.0476  0 28 x 06    0.0306  0 00 t 08    0.0306  0 00 t 08
0.0477  0 31 x 06    0.0477  0 29 x 06    0.0306  0 05 t 06    0.0306  0 01 x 06
0.0477  0 27 t 07    0.0477  0 27 t 08    0.0306  0 06 x 07    0.0306  0 06 x 07
0.0478  0 29 x 06    0.0477  0 27 t 07    0.0306  0 06 t 07    0.0306  0 05 t 06
0.0478  0 28 x 06    0.0477  0 31 x 06    0.0306  0 04 t 06    0.0306  0 06 t 07
0.0480  0 00 t 06    0.0480  0 00 t 06    0.0307  0 01 x 06    0.0307  0 04 t 06
0.0482  0 00 t 08    0.0482  0 00 t 08    0.0308  0 27 t 08    0.0307  0 27 t 08
0.0483  0 01 x 06    0.0482  0 01 x 06    0.0308  0 27 t 07    0.0308  0 00 t 06
0.0483  0 06 t 06    0.0484  0 06 t 06    0.0309  0 00 t 06    0.0308  0 27 t 07
0.0485  0 04 t 06    0.0485  0 05 x 06    0.0310  0 01 t 05    0.0310  0 01 t 05
0.0485  0 05 x 06    0.0485  0 04 t 06    0.0312  0 29 t 05    0.0311  0 29 t 05
0.0492  0 07 x 12    0.0492  0 07 x 12    0.0313  0 06 t 06    0.0312  0 06 t 06
0.0492  0 27 x 06    0.0492  0 27 x 06    0.0314  0 31 t 05    0.0314  0 30 t 05
0.0493  0 07 x 08    0.0493  0 03 x 08    0.0315  0 05 x 06    0.0315  0 05 x 06
0.0493  0 03 x 08    0.0493  0 07 x 08    0.0315  0 03 x 08    0.0315  0 03 x 08
0.0495  0 27 t 06    0.0494  0 27 t 06    0.0316  0 27 x 06    0.0316  0 27 x 06
0.0495  0 00 x 06    0.0495  0 00 x 06    0.0316  0 00 t 05    0.0316  0 00 t 05
0.0496  4 08 x 08    0.0496  4 08 x 08    0.0317  0 30 t 05    0.0318  0 27 t 06
0.0497  0 29 t 05    0.0497  0 07 t 12    0.0318  0 00 x 06    0.0318  0 31 t 05
0.0497  0 07 t 12    0.0497  0 29 t 05    0.0319  0 27 t 06    0.0319  0 00 x 06
0.0497  0 31 t 05    0.0497  0 01 t 05    0.0319  0 04 x 06    0.0319  0 04 x 06
0.0497  0 01 t 05    0.0498  0 07 x 10    0.0322  0 06 x 06    0.0322  0 28 t 05
0.0498  0 30 t 05    0.0498  0 30 t 05    0.0322  0 05 t 05    0.0322  0 06 x 06
0.0498  0 07 x 10    0.0498  0 31 t 05    0.0323  0 27 t 05    0.0322  0 05 t 05
0.0499  0 05 t 05    0.0499  0 05 t 05    0.0324  0 28 t 05    0.0323  0 27 t 05
0.0500  0 07 t 08    0.0500  0 07 t 08    0.0324  0 01 x 05    0.0324  0 01 x 05
0.0500  0 06 x 06    0.0500  0 06 x 06    0.0325  3 08 x 08    0.0324  4 08 x 08
0.0501  0 28 t 05    0.0501  0 28 t 05    0.0325  4 08 x 08    0.0325  3 08 x 08
0.0501  0 04 x 06    0.0501  0 04 x 06    0.0328  0 28 x 05    0.0328  0 04 t 05
0.0502  0 07 t 10    0.0502  0 07 t 10    0.0329  0 30 x 05    0.0328  0 28 x 05
0.0504  0 00 t 05    0.0503  0 00 t 05    0.0329  0 04 t 05    0.0328  0 30 x 05
0.0505  0 07 t 07    0.0505  0 07 t 07    0.0331  0 00 x 05    0.0331  0 00 x 05
0.0506  0 07 x 07    0.0506  0 07 x 07    0.0332  0 02 x 07    0.0332  0 02 x 07
0.0507  3 08 x 08    0.0507  3 08 x 08    0.0333  0 06 t 05    0.0333  0 06 t 05
0.0513  5 08 x 08    0.0513  5 08 x 08    0.0335  0 31 x 05    0.0336  0 03 x 07
0.0513  4 08 x 10    0.0513  4 08 x 10    0.0336  0 03 x 07    0.0336  4 08 x 10
0.0514  0 27 t 05    0.0514  0 27 t 05    0.0336  4 08 x 10    0.0337  0 31 x 05
0.0515  0 04 t 05    0.0515  0 04 t 05    0.0337  0 29 x 05    0.0337  0 27 x 05
0.0515  0 07 t 06    0.0515  0 07 t 06    0.0338  0 04 x 05    0.0338  0 04 x 05
0.0515  0 06 t 05    0.0516  0 06 t 05    0.0338  0 27 x 05    0.0338  3 08 t 08
0.0520  4 08 t 10    0.0520  4 08 t 10    0.0338  0 07 x 08    0.0339  0 07 x 12
0.0523  4 08 t 08    0.0523  0 02 x 07    0.0339  0 07 x 12    0.0339  0 07 x 08
0.0523  0 02 x 07    0.0523  4 08 t 08    0.0339  3 08 t 08    0.0340  0 29 x 05
0.0523  0 01 x 05    0.0523  0 01 x 05    0.0340  0 05 x 05    0.0340  0 05 x 05
0.0525  5 08 x 10    0.0525  5 08 x 10    0.0341  4 08 t 10    0.0341  3 08 x 12
0.0525  0 28 x 05    0.0525  0 30 x 05    0.0341  3 08 x 12    0.0341  4 08 t 10
0.0525  0 30 x 05    0.0525  0 28 x 05    0.0341  4 08 t 08    0.0341  4 08 t 08
0.0527  0 03 x 07    0.0526  0 03 x 07    0.0342  0 07 t 12    0.0342  0 07 t 12
0.0527  4 08 x 12    0.0527  4 08 x 12    0.0342  0 07 t 08    0.0342  3 08 x 10
0.0527  0 05 x 05    0.0528  0 05 x 05    0.0342  3 08 x 10    0.0342  0 07 t 08
0.0531  3 08 t 08    0.0532  3 08 t 08    0.0343  0 07 x 10    0.0342  0 07 x 10
0.0532  0 00 x 05    0.0532  0 00 x 05    0.0344  3 08 t 12    0.0344  3 08 t 12
0.0532  0 07 x 06    0.0532  0 07 x 06    0.0345  0 07 t 10    0.0345  0 07 t 10
0.0532  4 08 t 12    0.0532  3 08 x 12    0.0345  0 07 t 07    0.0345  0 07 t 07
0.0532  3 08 x 12    0.0532  5 08 t 10    0.0346  3 08 t 10    0.0346  3 08 t 10
0.0532  5 08 t 10    0.0532  4 08 t 12    0.0346  0 07 x 07    0.0346  0 07 x 07
0.0533  3 08 x 10    0.0533  3 08 x 10    0.0347  0 01 t 04    0.0347  0 01 t 04
0.0535  4 08 t 07    0.0535  4 08 t 07    0.0349  4 08 t 07    0.0349  4 08 t 07
0.0536  3 08 t 12    0.0536  0 29 x 05    0.0349  0 06 x 05    0.0349  0 06 x 05
0.0537  0 29 x 05    0.0537  3 08 t 12    0.0351  4 08 x 12    0.0351  4 08 x 12
0.0538  0 31 x 05    0.0538  0 31 x 05    0.0351  0 04 t 04    0.0351  0 04 t 04
0.0539  3 08 t 10    0.0539  5 08 t 08    0.0351  0 05 t 04    0.0351  4 08 x 07
0.0539  5 08 t 08    0.0539  3 08 t 10    0.0351  4 08 x 07    0.0351  0 05 t 04
0.0540  4 08 x 07    0.0540  0 27 x 05    0.0352  0 31 t 04    0.0351  0 31 t 04
0.0540  0 27 x 05    0.0540  4 08 x 07    0.0352  0 07 t 06    0.0352  0 07 t 06
0.0544  0 04 x 05    0.0543  0 04 x 05    0.0353  5 08 x 08    0.0354  5 08 x 08
0.0545  0 07 t 05    0.0544  0 07 t 05    0.0355  4 08 t 12    0.0355  4 08 t 12
0.0545  0 06 x 05    0.0545  0 06 x 05    0.0356  0 28 t 04    0.0356  0 28 t 04
0.0549  5 08 t 07    0.0549  5 08 t 07    0.0356  0 30 t 04    0.0356  0 30 t 04
0.0552  0 05 t 04    0.0551  0 05 t 04    0.0357  3 08 t 07    0.0357  3 08 t 07
0.0552  5 08 x 07    0.0552  5 08 x 07    0.0358  3 08 x 07    0.0358  3 08 x 07
0.0560  4 08 t 06    0.0560  4 08 t 06    0.0361  5 08 x 10    0.0361  5 08 x 10
0.0562  3 08 t 07    0.0561  3 08 t 07    0.0362  0 02 x 06    0.0362  0 06 t 04
0.0564  0 01 t 04    0.0565  0 01 t 04    0.0362  0 06 t 04    0.0362  0 02 x 06
0.0565  3 08 x 07    0.0565  3 08 x 07    0.0362  0 07 x 06    0.0362  0 07 x 06
0.0566  0 06 t 04    0.0566  0 06 t 04    0.0362  4 08 t 06    0.0363  4 08 t 06
0.0567  0 04 t 04    0.0568  0 04 t 04    0.0363  0 00 t 04    0.0363  0 00 t 04
0.0569  4 08 x 06    0.0569  4 08 x 06    0.0366  0 03 x 06    0.0366  0 03 x 06
0.0569  5 08 t 06    0.0569  5 08 t 06    0.0367  5 08 t 10    0.0367  5 08 t 10
0.0570  0 31 t 04    0.0570  0 31 t 04    0.0368  4 08 x 06    0.0368  4 08 x 06
0.0571  0 02 x 06    0.0571  0 02 x 06    0.0370  5 08 t 08    0.0370  5 08 t 08
0.0572  5 08 x 12    0.0572  5 08 x 12    0.0370  0 07 t 05    0.0370  0 07 t 05
0.0574  0 28 t 04    0.0573  0 28 t 04    0.0370  0 01 x 04    0.0371  0 01 x 04
0.0574  0 30 t 04    0.0574  0 30 t 04    0.0371  3 08 t 06    0.0371  3 08 t 06
0.0575  0 03 x 06    0.0575  0 03 x 06    0.0372  3 08 x 06    0.0371  3 08 x 06
0.0576  0 07 x 05    0.0576  0 07 x 05    0.0373  0 29 t 04    0.0377  0 05 x 04
0.0576  5 08 t 12    0.0576  5 08 t 12    0.0377  0 05 x 04    0.0377  0 29 t 04
0.0578  5 08 x 06    0.0578  5 08 x 06    0.0377  5 08 t 07    0.0377  5 08 t 07
0.0579  6 08 x 08    0.0580  6 08 x 08    0.0377  5 08 x 07    0.0377  0 04 x 04
0.0579  0 29 t 04    0.0580  0 29 t 04    0.0378  0 04 x 04    0.0378  5 08 x 07
0.0582  3 08 x 06    0.0583  3 08 x 06    0.0379  0 31 x 04    0.0379  0 31 x 04
0.0584  3 08 t 06    0.0584  3 08 t 06    0.0381  0 00 x 04    0.0381  0 28 x 04
0.0586  0 00 t 04    0.0586  0 00 t 04    0.0381  0 28 x 04    0.0381  0 00 x 04
0.0587  6 08 x 10    0.0586  6 08 x 10    0.0382  0 30 x 04    0.0382  0 30 x 04
0.0594  6 08 t 10    0.0594  6 08 t 10    0.0385  0 06 x 04    0.0385  0 06 x 04
0.0595  0 05 x 04    0.0595  0 05 x 04    0.0387  3 08 t 05    0.0387  3 08 t 05
0.0599  0 07 t 04    0.0598  0 07 t 04    0.0388  0 07 x 05    0.0387  0 07 x 05
0.0602  6 08 t 08    0.0600  6 08 t 08    0.0388  0 27 t 04    0.0388  0 27 t 04
0.0604  0 01 x 04    0.0604  0 01 x 04    0.0388  5 08 t 06    0.0388  5 08 t 06
0.0607  5 08 t 05    0.0607  5 08 t 05    0.0389  0 27 x 04    0.0389  0 27 x 04
0.0608  4 08 t 05    0.0608  4 08 t 05    0.0390  4 08 t 05    0.0390  4 08 t 05
0.0610  0 06 x 04    0.0609  0 27 t 04    0.0392  3 08 x 05    0.0392  3 08 x 05
0.0610  6 08 t 07    0.0610  0 06 x 04    0.0393  5 08 x 06    0.0393  5 08 x 06
0.0612  0 27 t 04    0.0610  6 08 t 07    0.0395  4 08 x 05    0.0396  4 08 x 05
0.0612  0 04 x 04    0.0612  0 04 x 04    0.0397  0 07 t 04    0.0397  0 07 t 04
0.0613  6 08 x 07    0.0613  6 08 x 07    0.0404  0 03 x 05    0.0404  0 03 x 05
0.0613  3 08 t 05    0.0614  3 08 t 05    0.0407  0 02 x 05    0.0408  0 02 x 05
0.0615  0 31 x 04    0.0615  0 31 x 04    0.0410  5 08 x 12    0.0410  5 08 x 12
0.0617  0 28 x 04    0.0617  4 08 x 05    0.0412  5 08 t 05    0.0412  5 08 t 05
0.0617  4 08 x 05    0.0617  0 28 x 04    0.0413  5 08 t 12    0.0413  5 08 t 12
0.0617  0 30 x 04    0.0617  0 30 x 04    0.0414  0 29 x 04    0.0413  0 29 x 04
0.0618  0 00 x 04    0.0619  0 00 x 04    0.0417  0 01 t 03    0.0417  0 01 t 03
0.0623  3 08 x 05    0.0623  3 08 x 05    0.0421  6 08 x 08    0.0421  6 08 x 08
0.0626  0 29 x 04    0.0625  0 29 x 04    0.0421  0 07 x 04    0.0421  0 07 x 04
0.0627  5 08 x 05    0.0628  5 08 x 05    0.0422  4 08 t 04    0.0422  4 08 t 04
0.0632  0 27 x 04    0.0633  0 27 x 04    0.0423  0 05 t 03    0.0423  0 05 t 03
0.0635  6 08 t 06    0.0635  6 08 t 06    0.0424  5 08 x 05    0.0424  5 08 x 05
0.0642  0 07 x 04    0.0642  0 07 x 04    0.0424  0 04 t 03    0.0424  0 04 t 03
0.0644  0 02 x 05    0.0644  0 02 x 05    0.0424  6 08 x 10    0.0425  6 08 x 10
0.0646  0 03 x 05    0.0646  0 03 x 05    0.0430  6 08 t 10    0.0429  6 08 t 10
0.0647  6 08 x 06    0.0646  6 08 x 06    0.0431  0 06 t 03    0.0431  0 06 t 03
0.0665  4 08 t 04    0.0664  4 08 t 04    0.0432  6 08 t 08    0.0432  6 08 t 08
0.0678  5 08 t 04    0.0678  5 08 t 04    0.0433  3 08 t 04    0.0433  0 30 t 03
0.0679  6 08 t 05    0.0679  6 08 t 05    0.0433  0 28 t 03    0.0433  0 28 t 03
0.0680  0 05 t 03    0.0680  0 05 t 03    0.0433  0 00 t 03    0.0433  0 00 t 03
0.0689  0 06 t 03    0.0689  0 06 t 03    0.0434  2 08 x 05    0.0434  3 08 t 04
0.0690  0 01 t 03    0.0690  0 01 t 03    0.0434  0 30 t 03    0.0434  2 08 x 05
0.0691  2 08 x 05    0.0692  2 08 x 05    0.0435  0 31 t 03    0.0435  0 31 t 03
0.0696  0 04 t 03    0.0695  0 04 t 03    0.0436  0 29 t 03    0.0436  0 29 t 03
0.0696  6 08 x 12    0.0695  3 08 t 04    0.0439  2 08 t 05    0.0438  2 08 t 05
0.0696  3 08 t 04    0.0696  6 08 x 12    0.0440  6 08 t 07    0.0440  6 08 t 07
0.0697  6 08 x 05    0.0698  6 08 x 05    0.0440  6 08 x 07    0.0440  6 08 x 07
0.0698  2 08 t 05    0.0698  2 08 t 05    0.0442  0 27 t 03    0.0442  0 27 t 03
0.0701  6 08 t 12    0.0701  6 08 t 12    0.0447  4 08 x 04    0.0447  4 08 x 04
0.0704  4 08 x 04    0.0704  4 08 x 04    0.0452  0 01 x 03    0.0452  0 01 x 03
0.0709  0 30 t 03    0.0710  0 30 t 03    0.0454  5 08 t 04    0.0454  5 08 t 04
0.0710  0 28 t 03    0.0710  0 28 t 03    0.0454  6 08 t 06    0.0455  6 08 t 06
0.0711  0 00 t 03    0.0711  0 00 t 03    0.0455  3 08 x 04    0.0455  3 08 x 04
0.0712  0 29 t 03    0.0712  0 29 t 03    0.0457  0 04 x 03    0.0457  0 04 x 03
0.0712  0 31 t 03    0.0713  0 31 t 03    0.0458  0 05 x 03    0.0458  0 05 x 03
0.0719  0 07 t 03    0.0719  0 07 t 03    0.0461  6 08 x 06    0.0461  6 08 x 06
0.0723  5 08 x 04    0.0724  5 08 x 04    0.0462  0 07 t 03    0.0462  0 07 t 03
0.0727  0 27 t 03    0.0727  0 27 t 03    0.0464  0 06 x 03    0.0464  0 06 x 03
0.0729  3 08 x 04    0.0730  3 08 x 04    0.0466  0 28 x 03    0.0466  0 28 x 03
0.0740  0 05 x 03    0.0739  0 05 x 03    0.0466  0 30 x 03    0.0466  0 30 x 03
0.0748  0 06 x 03    0.0748  0 06 x 03    0.0468  0 00 x 03    0.0467  0 00 x 03
0.0749  0 01 x 03    0.0749  0 01 x 03    0.0468  0 31 x 03    0.0469  0 29 x 03
0.0752  6 08 t 04    0.0751  6 08 t 04    0.0468  0 29 x 03    0.0469  0 31 x 03
0.0753  0 04 x 03    0.0754  0 04 x 03    0.0471  0 03 x 04    0.0476  0 27 x 03
0.0756  0 02 x 04    0.0754  0 03 x 04    0.0476  0 27 x 03    0.0479  0 03 x 04
0.0759  0 03 x 04    0.0760  0 02 x 04    0.0476  0 02 x 04    0.0479  0 02 x 04
0.0765  0 28 x 03    0.0766  0 28 x 03    0.0480  5 08 x 04    0.0480  5 08 x 04
0.0766  0 30 x 03    0.0766  0 30 x 03    0.0484  6 08 t 05    0.0484  6 08 t 05
0.0769  0 29 x 03    0.0770  0 29 x 03    0.0493  2 08 t 04    0.0493  2 08 t 04
0.0769  0 31 x 03    0.0770  0 31 x 03    0.0495  6 08 x 05    0.0495  6 08 x 05
0.0769  0 00 x 03    0.0770  0 00 x 03    0.0495  0 07 x 03    0.0495  0 07 x 03
0.0777  0 07 x 03    0.0777  0 07 x 03    0.0507  2 08 x 04    0.0506  2 08 x 04
0.0784  0 27 x 03    0.0785  0 27 x 03    0.0513  4 08 t 03    0.0513  4 08 t 03
0.0792  2 08 t 04    0.0792  2 08 t 04    0.0533  6 08 t 04    0.0534  6 08 t 04
0.0803  6 08 x 04    0.0804  6 08 x 04    0.0534  6 08 x 12    0.0534  6 08 x 12
0.0815  2 08 x 04    0.0815  2 08 x 04    0.0536  3 08 t 03    0.0536  3 08 t 03
0.0821  4 08 t 03    0.0821  4 08 t 03    0.0540  6 08 t 12    0.0539  6 08 t 12
0.0836  5 08 t 03    0.0836  5 08 t 03    0.0543  4 08 x 03    0.0543  4 08 x 03
0.0851  7 08 t 05    0.0852  7 08 t 05    0.0548  5 08 t 03    0.0548  5 08 t 03
0.0868  7 08 x 05    0.0869  7 08 x 05    0.0559  3 08 x 03    0.0559  3 08 x 03
0.0871  4 08 x 03    0.0871  4 08 x 03    0.0559  6 08 x 04    0.0560  6 08 x 04
0.0878  3 08 t 03    0.0879  3 08 t 03    0.0568  0 02 x 03    0.0569  0 02 x 03
0.0892  5 08 x 03    0.0892  5 08 x 03    0.0568  0 03 x 03    0.0570  0 03 x 03
0.0917  3 08 x 03    0.0917  3 08 x 03    0.0577  1 08 x 05    0.0577  1 08 t 05
0.0919  6 08 t 03    0.0919  6 08 t 03    0.0577  1 08 t 05    0.0577  1 08 x 05
0.0927  1 08 t 05    0.0927  1 08 x 05    0.0580  5 08 x 03    0.0580  5 08 x 03
0.0928  0 02 x 03    0.0927  1 08 t 05    0.0607  2 08 t 03    0.0608  2 08 t 03
0.0928  0 03 x 03    0.0928  0 03 x 03    0.0625  2 08 x 03    0.0625  2 08 x 03
0.0930  1 08 x 05    0.0929  0 02 x 03    0.0640  6 08 t 03    0.0640  6 08 t 03
0.0940  7 08 t 04    0.0939  7 08 t 04    0.0665  7 08 t 05    0.0665  7 08 t 05
0.0979  6 08 x 03    0.0979  6 08 x 03    0.0672  1 08 t 04    0.0673  1 08 t 04
0.0988  2 08 t 03    0.0988  2 08 t 03    0.0673  1 08 x 04    0.0673  1 08 x 04
0.0989  7 08 x 04    0.0990  7 08 x 04    0.0674  7 08 x 05    0.0674  7 08 x 05
0.1019  2 08 x 03    0.1020  2 08 x 03    0.0676  6 08 x 03    0.0676  6 08 x 03
0.1089  1 08 x 04    0.1089  1 08 x 04    0.0729  7 08 t 04    0.0729  7 08 t 04
0.1090  1 08 t 04    0.1089  1 08 t 04    0.0757  7 08 x 04    0.0756  7 08 x 04
0.1143  7 08 t 03    0.1144  7 08 t 03    0.0842  1 08 x 03    0.0842  1 08 x 03
0.1204  7 08 x 03    0.1203  7 08 x 03    0.0842  1 08 t 03    0.0842  1 08 t 03
0.1380  1 08 t 03    0.1380  1 08 t 03    0.0868  7 08 t 03    0.0869  7 08 t 03
0.1381  1 08 x 03    0.1380  1 08 x 03    0.0904  7 08 x 03    0.0905  7 08 x 03
0.1526  0 02 x 08    0.1522  0 02 x 08    0.0938  0 02 x 08    0.0938  0 02 x 08
0.1600  0 02 x 10    0.1600  0 02 x 10    0.1006  0 02 x 10    0.1005  0 02 x 10
0.1715  0 02 x 12    0.1717  0 02 x 12    0.1080  0 02 x 12    0.1078  0 02 x 12
---Benchmark Program Finished---