
./testbench.sh g++ O3 MontgomeryFull uint64_t 191 8 22 -DTEST_ARRAY -DHURCHALLA_MONTGOMERY_TWO_POW_USE_CSELECT_ON_BIT -DHURCHALLA_ALLOW_INLINE_ASM_ALL

compilation finished, now executing:
---Running Program---

begin benchmarks - array two_pow
(ignore)10826325836583162489

OVERALL BEST:
0.1371  0 31 x 12
0.1378  0 30 x 12
0.1383  0 29 x 12
0.1387  0 32 t 12
0.1388  0 32 x 12
0.1393  0 29 x 10
0.1393  0 28 x 12
0.1395  0 31 x 10
0.1402  0 28 x 10
0.1403  0 30 x 10
0.1404  0 32 x 10
0.1405  0 32 t 10
0.1407  0 29 x 08
0.1414  0 32 x 08
0.1416  0 32 t 08
0.1421  0 31 x 08
0.1432  0 28 t 12
0.1435  0 27 x 12
0.1437  0 28 x 08
0.1447  0 31 t 12
0.1448  0 30 x 08
0.1449  0 30 t 12
0.1449  0 29 t 10
0.1451  0 28 t 10
0.1452  0 29 t 08
0.1457  0 31 t 10
0.1464  0 27 x 10
0.1465  0 31 t 08
0.1466  0 29 t 12
0.1468  0 29 x 07
0.1472  0 27 x 08
0.1474  0 28 t 08
0.1474  0 30 t 10
0.1478  0 30 x 07
0.1481  0 29 t 07
0.1482  0 32 t 07
0.1483  0 32 x 07
0.1483  0 28 x 07
0.1489  0 27 t 12
0.1496  0 28 t 07
0.1500  0 30 t 08
0.1507  0 04 x 08
0.1511  0 31 x 07
0.1512  0 31 t 07
0.1512  0 27 t 10
0.1524  0 32 x 06
0.1525  0 32 t 06
0.1527  0 30 t 07
0.1527  0 01 x 08
0.1537  0 05 x 08
0.1545  0 04 t 08
0.1553  0 01 x 12
0.1554  0 27 x 07
0.1554  0 04 x 12
0.1556  0 00 x 12
0.1560  0 01 x 07
0.1560  0 05 t 08
0.1564  0 00 x 10
0.1565  0 29 x 06
0.1567  0 01 x 10
0.1569  0 28 t 06
0.1569  0 30 x 06
0.1571  0 28 x 06
0.1574  0 01 t 08
0.1577  0 27 t 08
0.1579  0 30 t 06
0.1579  0 04 x 10
0.1581  0 03 x 12
0.1583  0 00 x 08
0.1584  0 31 x 06
0.1591  0 00 t 10
0.1592  0 00 x 07
0.1592  0 05 t 12
0.1593  0 00 t 08
0.1595  0 01 t 12
0.1595  0 00 t 12
0.1597  0 05 x 07
0.1599  0 05 t 10
0.1599  0 27 t 06
0.1600  0 06 t 08
0.1602  0 04 t 07
0.1603  0 03 x 10
0.1604  0 29 t 06
0.1605  0 01 t 10
0.1606  0 05 x 12
0.1607  0 06 x 08
0.1608  0 05 t 07
0.1610  0 01 x 06
0.1610  0 05 x 10
0.1611  0 27 t 07
0.1612  0 01 t 07
0.1612  0 01 t 06
0.1612  0 04 x 07
0.1612  0 04 t 12
0.1620  0 00 t 07
0.1626  0 06 t 07
0.1627  0 27 x 06
0.1631  0 31 t 06
0.1636  0 06 t 10
0.1638  0 00 t 06
0.1645  0 05 t 06
0.1647  0 06 t 12
0.1650  0 06 x 12
0.1650  0 04 t 06
0.1659  0 00 x 06
0.1659  0 06 x 10
0.1660  0 03 x 08
0.1660  0 06 x 07
0.1660  0 04 t 10
0.1663  0 05 x 06
0.1668  0 28 t 05
0.1672  0 04 x 06
0.1679  0 06 t 06
0.1687  4 08 t 10
0.1692  0 29 t 05
0.1696  4 08 t 08
0.1704  0 01 t 05
0.1705  0 27 t 05
0.1713  0 31 t 05
0.1715  0 05 t 05
0.1721  0 06 x 06
0.1725  4 08 x 08
0.1727  3 08 t 12
0.1728  0 30 t 05
0.1728  3 08 t 08
0.1728  4 08 t 12
0.1737  0 07 t 08
0.1742  3 08 t 10
0.1745  0 00 t 05
0.1749  3 08 x 10
0.1749  0 28 x 05
0.1749  0 32 t 05
0.1749  0 32 x 05
0.1749  4 08 x 10
0.1753  4 08 x 12
0.1755  0 06 t 05
0.1764  0 27 x 05
0.1764  0 29 x 05
0.1765  0 31 x 05
0.1766  0 03 x 07
0.1779  0 01 x 05
0.1780  0 07 x 08
0.1781  3 08 x 08
0.1783  4 08 t 07
0.1784  0 04 x 05
0.1786  0 30 x 05
0.1786  4 08 x 07
0.1787  5 08 t 12
0.1788  0 05 x 05
0.1790  3 08 x 12
0.1791  0 00 x 05
0.1796  3 08 x 07
0.1796  0 04 t 05
0.1798  3 08 t 07
0.1803  5 08 t 08
0.1804  5 08 t 10
0.1807  5 08 x 12
0.1823  0 07 x 07
0.1826  0 06 x 05
0.1838  5 08 x 10
0.1839  0 07 t 07
0.1839  5 08 t 07
0.1844  0 07 x 06
0.1850  0 03 x 06
0.1851  0 07 x 12
0.1855  0 07 t 12
0.1856  3 08 t 06
0.1856  5 08 x 08
0.1858  0 07 x 10
0.1862  4 08 x 06
0.1869  0 07 t 06
0.1880  0 07 t 10
0.1880  3 08 x 06
0.1884  4 08 t 06
0.1885  0 31 t 04
0.1890  0 28 t 04
0.1891  0 05 t 04
0.1893  5 08 x 07
0.1896  0 29 t 04
0.1901  0 01 t 04
0.1903  0 30 t 04
0.1917  0 07 t 05
0.1919  0 06 t 04
0.1939  0 04 t 04
0.1961  0 05 x 04
0.1971  0 00 t 04
0.1975  5 08 t 06
0.1981  4 08 t 05
0.1982  0 07 x 05
0.1987  3 08 t 05
0.1991  0 32 x 04
0.1991  0 31 x 04
0.1991  0 32 t 04
0.1994  0 29 x 04
0.1995  0 30 x 04
0.2001  0 01 x 04
0.2004  5 08 x 06
0.2016  0 28 x 04
0.2016  0 04 x 04
0.2020  6 08 x 12
0.2024  6 08 t 12
0.2027  0 06 x 04
0.2044  6 08 t 10
0.2047  4 08 x 05
0.2057  6 08 t 08
0.2070  0 00 x 04
0.2070  0 27 t 04
0.2077  0 27 x 04
0.2078  6 08 x 10
0.2080  3 08 x 05
0.2089  6 08 x 08
0.2089  0 03 x 05
0.2089  0 07 t 04
0.2090  5 08 t 05
0.2132  6 08 t 07
0.2136  5 08 x 05
0.2144  6 08 x 07
0.2175  0 07 x 04
0.2222  6 08 t 06
0.2237  6 08 x 06
0.2239  2 08 t 05
0.2248  0 29 t 03
0.2254  2 08 x 05
0.2263  0 31 t 03
0.2268  0 28 t 03
0.2288  0 05 t 03
0.2295  0 30 t 03
0.2307  0 01 t 03
0.2316  3 08 t 04
0.2326  0 04 t 03
0.2328  0 06 t 03
0.2332  0 27 t 03
0.2338  4 08 t 04
0.2354  4 08 x 04
0.2357  0 00 t 03
0.2373  3 08 x 04
0.2397  6 08 t 05
0.2427  5 08 x 04
0.2432  0 03 x 04
0.2435  0 05 x 03
0.2456  0 04 x 03
0.2462  0 07 t 03
0.2466  5 08 t 04
0.2470  0 28 x 03
0.2470  0 31 x 03
0.2471  0 32 t 03
0.2471  0 32 x 03
0.2477  0 01 x 03
0.2477  0 29 x 03
0.2482  6 08 x 05
0.2501  0 06 x 03
0.2507  0 30 x 03
0.2533  0 00 x 03
0.2557  0 27 x 03
0.2609  0 07 x 03
0.2645  2 08 t 04
0.2675  2 08 x 04
0.2676  6 08 t 04
0.2687  4 08 t 03
0.2804  6 08 x 04
0.2826  4 08 x 03
0.2831  5 08 t 03
0.2855  3 08 t 03
0.2949  1 08 x 05
0.2963  3 08 x 03
0.2970  0 05 t 02
0.2970  5 08 x 03
0.2972  1 08 t 05
0.2974  0 06 t 02
0.3000  0 01 t 02
0.3028  0 29 t 02
0.3033  0 04 t 02
0.3058  0 31 t 02
0.3060  0 03 x 03
0.3070  0 07 t 02
0.3095  0 00 t 02
0.3100  0 28 t 02
0.3101  0 30 t 02
0.3132  7 08 t 05
0.3150  7 08 x 05
0.3163  6 08 t 03
0.3171  0 27 t 02
0.3207  2 08 t 03
0.3265  2 08 x 03
0.3317  0 05 x 02
0.3324  6 08 x 03
0.3334  0 06 x 02
0.3359  0 01 x 02
0.3367  0 04 x 02
0.3414  0 29 x 02
0.3415  0 31 x 02
0.3415  0 32 x 02
0.3415  0 32 t 02
0.3424  0 07 x 02
0.3433  0 28 x 02
0.3440  0 30 x 02
0.3442  0 00 x 02
0.3455  1 08 x 04
0.3483  0 27 x 02
0.3496  1 08 t 04
0.3537  4 08 t 02
0.3572  7 08 x 04
0.3575  5 08 t 02
0.3641  7 08 t 04
0.3734  3 08 t 02
0.3874  4 08 x 02
0.3950  5 08 x 02
0.4001  3 08 x 02
0.4047  7 08 t 03
0.4061  6 08 t 02
0.4162  0 03 x 02
0.4241  7 08 x 03
0.4296  2 08 t 02
0.4356  1 08 t 03
0.4360  1 08 x 03
0.4458  6 08 x 02
0.4480  2 08 x 02
0.4892  0 02 x 02
0.4894  0 02 x 04
0.4914  0 02 x 05
0.4931  0 02 x 03
0.4936  0 02 x 06
0.4941  0 06 t 01
0.4963  0 05 t 01
0.4981  0 07 t 01
0.5010  0 01 t 01
0.5014  0 02 x 07
0.5029  0 31 t 01
0.5030  0 02 x 08
0.5034  0 29 t 01
0.5036  0 04 t 01
0.5049  0 30 t 01
0.5052  0 28 t 01
0.5153  0 00 t 01
0.5212  0 27 t 01
0.5232  7 08 t 02
0.5500  0 02 x 10
0.5553  0 06 x 01
0.5569  0 05 x 01
0.5591  7 08 x 02
0.5599  0 07 x 01
0.5648  0 01 x 01
0.5654  0 31 x 01
0.5661  0 29 x 01
0.5670  0 04 x 01
0.5677  0 30 x 01
0.5679  0 28 x 01
0.5694  0 32 x 01
0.5704  0 32 t 01
0.5708  0 02 x 01
0.5792  0 02 x 12
0.5814  0 27 x 01
0.5824  4 08 t 01
0.5829  0 00 x 01
0.5892  5 08 t 01
0.6045  1 08 x 02
0.6047  1 08 t 02
0.6276  3 08 t 01
0.6395  4 08 x 01
0.6532  5 08 x 01
0.6593  6 08 t 01
0.6803  3 08 x 01
0.6853  0 03 x 01
0.7343  6 08 x 01
0.7369  2 08 t 01
0.7763  2 08 x 01
0.8617  7 08 t 01
0.9278  7 08 x 01
1.0709  1 08 x 01
1.0709  1 08 t 01
Timings By Test Type:
0.0422  0 31 x 12    0.0422  0 31 x 12    0.0263  0 31 x 12    0.0263  0 31 x 12
0.0423  0 30 x 12    0.0423  0 30 x 12    0.0265  0 29 x 12    0.0265  0 29 x 12
0.0427  0 29 x 12    0.0427  0 29 x 12    0.0266  0 30 x 12    0.0266  0 30 x 12
0.0428  0 32 t 12    0.0427  0 32 t 12    0.0266  0 32 t 12    0.0266  0 32 x 12
0.0428  0 32 x 12    0.0427  0 32 x 12    0.0266  0 32 x 12    0.0266  0 32 t 12
0.0428  0 28 x 12    0.0428  0 28 x 12    0.0267  0 29 x 10    0.0267  0 31 x 10
0.0429  0 29 x 10    0.0429  0 29 x 10    0.0267  0 31 x 10    0.0267  0 29 x 10
0.0430  0 31 x 10    0.0430  0 31 x 10    0.0268  0 28 x 12    0.0268  0 28 x 12
0.0432  0 32 t 10    0.0431  0 32 x 10    0.0270  0 28 x 10    0.0270  0 28 x 10
0.0432  0 28 x 10    0.0431  0 28 x 10    0.0270  0 30 x 10    0.0270  0 30 x 10
0.0432  0 30 x 10    0.0432  0 30 x 10    0.0270  0 29 x 08    0.0270  0 32 x 10
0.0432  0 32 x 10    0.0432  0 32 t 10    0.0271  0 32 t 10    0.0270  0 29 x 08
0.0433  0 29 x 08    0.0433  0 29 x 08    0.0271  0 32 x 10    0.0271  0 32 x 08
0.0436  0 32 t 08    0.0435  0 32 x 08    0.0271  0 32 t 08    0.0271  0 32 t 10
0.0436  0 32 x 08    0.0435  0 32 t 08    0.0272  0 32 x 08    0.0273  0 32 t 08
0.0437  0 31 x 08    0.0437  0 31 x 08    0.0274  0 31 x 08    0.0273  0 31 x 08
0.0440  0 28 t 12    0.0440  0 28 t 12    0.0276  0 27 x 12    0.0276  0 27 x 12
0.0442  0 27 x 12    0.0442  0 27 x 12    0.0276  0 28 t 12    0.0276  0 28 t 12
0.0442  0 28 x 08    0.0442  0 28 x 08    0.0276  0 28 x 08    0.0276  0 28 x 08
0.0445  0 30 t 12    0.0444  0 30 t 12    0.0278  0 31 t 12    0.0278  0 31 t 12
0.0445  0 31 t 12    0.0445  0 31 t 12    0.0278  0 29 t 10    0.0278  0 30 x 08
0.0446  0 30 x 08    0.0445  0 30 x 08    0.0279  0 30 x 08    0.0279  0 29 t 10
0.0446  0 28 t 10    0.0446  0 28 t 10    0.0279  0 29 t 08    0.0280  0 28 t 10
0.0446  0 29 t 08    0.0446  0 29 t 10    0.0280  0 30 t 12    0.0280  0 30 t 12
0.0446  0 29 t 10    0.0446  0 29 t 08    0.0280  0 28 t 10    0.0280  0 29 t 08
0.0448  0 27 x 10    0.0448  0 27 x 10    0.0281  0 31 t 10    0.0281  0 31 t 10
0.0448  0 31 t 10    0.0448  0 31 t 10    0.0282  0 29 t 12    0.0282  0 32 x 07
0.0449  0 31 t 08    0.0449  0 31 t 08    0.0282  0 32 t 07    0.0282  0 29 t 12
0.0451  0 29 t 12    0.0451  0 29 t 12    0.0282  0 32 x 07    0.0282  0 32 t 07
0.0452  0 30 t 10    0.0452  0 30 t 10    0.0282  0 29 x 07    0.0282  0 29 x 07
0.0452  0 29 x 07    0.0452  0 29 x 07    0.0283  0 31 t 08    0.0284  0 31 t 08
0.0452  0 27 x 08    0.0452  0 27 x 08    0.0284  0 27 x 08    0.0284  0 27 x 08
0.0452  0 28 t 08    0.0452  0 28 t 08    0.0284  0 27 x 10    0.0285  0 27 x 10
0.0453  0 30 x 07    0.0453  0 30 x 07    0.0285  0 28 t 08    0.0285  0 28 t 08
0.0455  0 28 x 07    0.0455  0 28 x 07    0.0286  0 30 t 10    0.0285  0 30 t 10
0.0455  0 29 t 07    0.0455  0 29 t 07    0.0286  0 29 t 07    0.0286  0 29 t 07
0.0458  0 27 t 12    0.0458  0 27 t 12    0.0286  0 30 x 07    0.0286  0 30 x 07
0.0459  0 28 t 07    0.0458  0 32 t 07    0.0286  0 27 t 12    0.0286  0 27 t 12
0.0459  0 32 t 07    0.0459  0 28 t 07    0.0287  0 28 x 07    0.0287  0 28 x 07
0.0459  0 32 x 07    0.0459  0 32 x 07    0.0288  0 04 x 08    0.0288  0 04 x 08
0.0461  0 30 t 08    0.0461  0 30 t 08    0.0289  0 30 t 08    0.0289  0 30 t 08
0.0462  0 05 x 08    0.0462  0 05 x 08    0.0289  0 28 t 07    0.0289  0 28 t 07
0.0464  0 31 x 07    0.0464  0 31 x 07    0.0291  0 31 t 07    0.0291  0 31 t 07
0.0464  0 27 t 10    0.0465  0 27 t 10    0.0291  0 31 x 07    0.0291  0 31 x 07
0.0465  0 31 t 07    0.0466  0 31 t 07    0.0292  0 27 t 10    0.0291  0 27 t 10
0.0466  0 04 x 08    0.0466  0 04 x 08    0.0293  0 01 x 08    0.0293  0 01 x 08
0.0469  0 32 x 06    0.0469  0 32 x 06    0.0293  0 32 t 06    0.0293  0 32 t 06
0.0470  0 32 t 06    0.0469  0 32 t 06    0.0293  0 32 x 06    0.0293  0 32 x 06
0.0470  0 30 t 07    0.0470  0 30 t 07    0.0294  0 30 t 07    0.0294  0 30 t 07
0.0471  0 05 t 08    0.0471  0 05 t 08    0.0295  0 30 x 06    0.0295  0 04 t 08
0.0471  0 01 x 08    0.0471  0 01 x 08    0.0295  0 29 x 06    0.0295  0 29 x 06
0.0476  0 04 t 08    0.0476  0 04 t 08    0.0297  0 04 x 12    0.0297  0 04 x 12
0.0477  0 27 x 07    0.0477  0 27 x 07    0.0297  0 01 x 12    0.0297  0 01 x 12
0.0478  0 05 t 12    0.0478  0 05 t 12    0.0298  0 04 t 08    0.0298  0 28 x 06
0.0479  0 00 x 12    0.0479  0 00 x 12    0.0298  0 28 x 06    0.0299  0 01 x 07
0.0480  0 01 x 12    0.0479  0 01 x 12    0.0299  0 01 x 07    0.0299  0 00 x 12
0.0480  0 04 x 12    0.0480  0 01 x 07    0.0299  0 00 x 12    0.0300  0 27 x 07
0.0480  0 00 x 10    0.0480  0 05 x 12    0.0300  0 01 x 10    0.0300  0 01 x 10
0.0480  0 05 x 12    0.0481  0 04 x 12    0.0300  0 27 x 07    0.0302  0 00 x 10
0.0481  0 05 t 10    0.0481  0 00 x 10    0.0301  0 00 x 10    0.0302  0 04 x 10
0.0482  0 28 t 06    0.0481  0 28 t 06    0.0302  0 01 t 08    0.0303  0 28 t 06
0.0482  0 01 x 07    0.0481  0 05 t 10    0.0302  0 27 t 06    0.0303  0 01 t 08
0.0482  0 05 x 07    0.0482  0 05 x 07    0.0302  0 04 x 10    0.0303  0 30 x 06
0.0483  0 05 x 10    0.0483  0 05 x 10    0.0303  0 28 t 06    0.0303  0 27 t 08
0.0483  0 05 t 07    0.0483  0 05 t 07    0.0304  0 27 t 08    0.0304  0 31 x 06
0.0483  0 03 x 12    0.0483  0 01 x 10    0.0304  0 31 x 06    0.0305  0 00 x 08
0.0483  0 01 x 10    0.0483  0 03 x 12    0.0305  0 00 x 08    0.0306  0 30 t 06
0.0484  0 30 t 06    0.0484  0 30 t 06    0.0306  0 30 t 06    0.0306  0 00 x 07
0.0485  0 01 t 08    0.0485  0 01 t 08    0.0306  0 00 x 07    0.0306  0 05 x 08
0.0485  0 27 t 08    0.0485  0 27 t 08    0.0307  0 05 x 08    0.0307  0 03 x 12
0.0486  0 30 x 06    0.0485  0 30 x 06    0.0307  0 03 x 12    0.0307  0 04 t 07
0.0487  0 06 x 08    0.0486  0 06 x 08    0.0307  0 04 t 07    0.0308  0 01 t 12
0.0487  0 04 x 10    0.0487  0 00 x 08    0.0307  0 00 t 08    0.0308  0 01 t 06
0.0487  0 00 x 08    0.0487  0 29 x 06    0.0308  0 04 x 07    0.0308  0 00 t 08
0.0487  0 29 x 06    0.0487  0 04 x 10    0.0308  0 01 t 12    0.0308  0 04 x 07
0.0488  0 31 x 06    0.0487  0 31 x 06    0.0308  0 00 t 10    0.0308  0 00 t 10
0.0488  0 00 t 10    0.0488  0 00 t 10    0.0308  0 27 x 06    0.0308  0 01 x 06
0.0488  0 06 t 08    0.0488  0 28 x 06    0.0308  0 01 t 07    0.0308  0 01 t 07
0.0488  0 28 x 06    0.0488  0 06 t 08    0.0308  0 01 x 06    0.0308  0 00 t 12
0.0489  0 00 t 08    0.0489  0 00 t 08    0.0308  0 01 t 06    0.0309  0 29 t 06
0.0489  0 00 t 12    0.0489  0 00 t 12    0.0308  0 00 t 12    0.0309  0 05 t 08
0.0490  0 01 t 12    0.0490  0 00 x 07    0.0310  0 01 t 10    0.0310  0 01 t 10
0.0490  0 00 x 07    0.0490  0 01 t 12    0.0310  0 29 t 06    0.0310  0 27 t 06
0.0491  0 03 x 10    0.0491  0 03 x 10    0.0310  0 05 t 08    0.0310  0 03 x 10
0.0493  0 01 t 10    0.0493  0 01 t 10    0.0310  0 27 t 07    0.0310  0 27 x 06
0.0493  0 29 t 06    0.0493  0 29 t 06    0.0310  0 03 x 10    0.0310  0 27 t 07
0.0493  0 27 t 06    0.0494  0 27 t 06    0.0311  0 04 t 12    0.0311  0 04 t 12
0.0494  0 04 t 07    0.0494  0 04 t 07    0.0312  0 06 t 08    0.0312  0 06 t 08
0.0495  0 06 t 07    0.0495  0 06 t 07    0.0314  0 00 t 07    0.0314  0 00 t 07
0.0495  0 27 t 07    0.0495  0 27 t 07    0.0315  0 31 t 06    0.0314  0 31 t 06
0.0495  0 04 t 12    0.0495  0 04 t 12    0.0315  0 04 t 06    0.0315  0 00 t 06
0.0496  0 06 t 10    0.0496  0 06 t 10    0.0315  0 00 t 06    0.0315  0 04 t 06
0.0496  0 00 t 07    0.0496  0 00 t 07    0.0317  0 05 x 07    0.0317  0 05 x 07
0.0497  0 01 x 06    0.0496  0 01 x 06    0.0317  0 06 x 08    0.0317  0 06 x 08
0.0498  0 01 t 07    0.0498  0 01 t 07    0.0318  0 06 t 07    0.0318  0 06 t 07
0.0498  0 06 x 12    0.0498  0 01 t 06    0.0318  0 05 t 10    0.0318  0 05 t 10
0.0498  0 04 x 07    0.0498  0 06 x 12    0.0318  0 05 t 12    0.0318  0 05 t 12
0.0498  0 01 t 06    0.0498  0 04 x 07    0.0319  0 00 x 06    0.0319  0 00 x 06
0.0499  0 06 t 12    0.0499  0 06 t 12    0.0320  0 29 t 05    0.0320  0 29 t 05
0.0500  0 05 t 06    0.0500  0 05 t 06    0.0321  0 04 x 06    0.0320  0 03 x 08
0.0501  0 31 t 06    0.0501  0 31 t 06    0.0321  0 04 t 10    0.0320  0 04 x 06
0.0501  0 06 x 10    0.0501  0 06 x 10    0.0321  0 05 t 07    0.0321  0 04 t 10
0.0503  0 05 x 06    0.0503  0 05 x 06    0.0322  0 03 x 08    0.0321  0 05 t 07
0.0504  0 00 t 06    0.0504  0 00 t 06    0.0322  0 28 t 05    0.0322  0 28 t 05
0.0504  0 06 x 07    0.0504  0 06 x 07    0.0322  0 06 t 10    0.0322  0 05 t 06
0.0505  0 27 x 06    0.0504  0 27 x 06    0.0322  0 05 x 10    0.0322  0 06 t 10
0.0509  0 03 x 08    0.0509  0 04 t 10    0.0322  0 05 x 12    0.0322  0 05 x 10
0.0509  0 04 t 10    0.0509  0 03 x 08    0.0323  0 05 t 06    0.0323  0 05 x 12
0.0510  0 04 t 06    0.0510  0 04 t 06    0.0323  0 31 t 05    0.0324  0 31 t 05
0.0511  4 08 t 10    0.0511  0 00 x 06    0.0325  0 06 t 12    0.0325  0 06 t 12
0.0511  0 00 x 06    0.0511  4 08 t 10    0.0325  0 01 t 05    0.0325  0 01 t 05
0.0512  0 28 t 05    0.0512  0 28 t 05    0.0326  0 06 x 07    0.0326  0 06 x 07
0.0513  0 06 t 06    0.0513  0 06 t 06    0.0327  0 06 x 12    0.0326  0 06 t 06
0.0514  4 08 t 08    0.0514  4 08 t 08    0.0327  0 30 t 05    0.0327  0 06 x 12
0.0515  0 07 t 08    0.0515  0 07 t 08    0.0327  0 06 t 06    0.0327  0 27 t 05
0.0515  0 04 x 06    0.0515  0 04 x 06    0.0327  0 27 t 05    0.0327  0 30 t 05
0.0522  0 05 t 05    0.0522  0 05 t 05    0.0328  0 05 x 06    0.0328  0 05 x 06
0.0523  4 08 x 08    0.0523  4 08 x 08    0.0329  0 06 x 10    0.0329  0 06 x 10
0.0523  4 08 t 12    0.0523  4 08 t 12    0.0333  4 08 t 10    0.0333  4 08 t 10
0.0525  0 06 x 06    0.0524  0 06 x 06    0.0334  4 08 t 08    0.0334  4 08 t 08
0.0525  0 27 t 05    0.0525  0 27 t 05    0.0335  0 00 t 05    0.0335  0 00 t 05
0.0526  0 07 x 08    0.0526  0 07 x 08    0.0335  0 04 x 05    0.0335  0 04 x 05
0.0526  0 29 t 05    0.0526  0 29 t 05    0.0335  0 05 t 05    0.0335  0 05 t 05
0.0527  0 01 t 05    0.0527  0 01 t 05    0.0335  3 08 t 12    0.0335  3 08 t 12
0.0528  3 08 t 08    0.0528  3 08 t 08    0.0336  0 31 x 05    0.0336  3 08 t 08
0.0528  3 08 t 12    0.0528  3 08 t 12    0.0336  0 06 x 06    0.0336  0 06 x 06
0.0530  4 08 x 10    0.0530  4 08 x 10    0.0336  0 32 t 05    0.0336  0 32 t 05
0.0530  5 08 t 12    0.0530  5 08 t 12    0.0336  0 32 x 05    0.0336  0 32 x 05
0.0531  4 08 x 12    0.0531  4 08 x 12    0.0336  0 28 x 05    0.0337  0 28 x 05
0.0533  3 08 t 10    0.0533  3 08 t 10    0.0337  3 08 t 08    0.0337  0 31 x 05
0.0533  0 31 t 05    0.0533  0 31 t 05    0.0338  0 29 x 05    0.0338  3 08 t 10
0.0535  5 08 t 08    0.0535  3 08 x 10    0.0338  3 08 t 10    0.0338  0 29 x 05
0.0535  3 08 x 10    0.0535  5 08 t 08    0.0339  0 27 x 05    0.0339  0 27 x 05
0.0535  0 06 t 05    0.0536  5 08 t 10    0.0340  4 08 x 08    0.0340  3 08 x 10
0.0536  5 08 t 10    0.0536  0 06 t 05    0.0340  3 08 x 10    0.0340  4 08 x 08
0.0537  0 30 t 05    0.0537  0 30 t 05    0.0341  0 01 x 05    0.0341  0 01 x 05
0.0537  5 08 x 12    0.0537  5 08 x 12    0.0341  0 03 x 07    0.0341  0 03 x 07
0.0538  0 28 x 05    0.0538  0 00 t 05    0.0341  4 08 t 12    0.0341  4 08 t 12
0.0538  0 32 t 05    0.0538  0 31 x 05    0.0342  0 06 t 05    0.0342  0 06 t 05
0.0538  0 00 t 05    0.0538  0 28 x 05    0.0342  0 00 x 05    0.0342  0 00 x 05
0.0538  0 32 x 05    0.0538  0 32 x 05    0.0342  0 30 x 05    0.0343  0 04 t 05
0.0541  4 08 t 07    0.0538  0 32 t 05    0.0343  0 04 t 05    0.0344  4 08 x 10
0.0541  4 08 x 07    0.0541  4 08 t 07    0.0344  4 08 x 10    0.0345  0 30 x 05
0.0542  0 07 x 07    0.0541  4 08 x 07    0.0345  3 08 x 08    0.0345  3 08 x 08
0.0542  0 03 x 07    0.0542  0 07 x 07    0.0346  4 08 x 12    0.0346  4 08 x 12
0.0543  0 27 x 05    0.0542  0 03 x 07    0.0347  3 08 x 12    0.0347  3 08 x 12
0.0544  0 07 x 12    0.0543  0 27 x 05    0.0349  0 05 x 05    0.0349  0 05 x 05
0.0544  0 29 x 05    0.0544  0 07 x 12    0.0349  3 08 t 07    0.0349  3 08 t 07
0.0545  0 05 x 05    0.0544  0 29 x 05    0.0350  3 08 x 07    0.0350  3 08 x 07
0.0545  3 08 x 08    0.0545  0 05 x 05    0.0351  4 08 t 07    0.0351  4 08 t 07
0.0546  5 08 x 10    0.0545  3 08 x 08    0.0352  0 03 x 06    0.0351  0 03 x 06
0.0546  0 07 t 07    0.0546  5 08 x 10    0.0352  4 08 x 07    0.0352  4 08 x 07
0.0546  0 07 x 10    0.0546  0 07 t 07    0.0353  0 07 t 08    0.0353  0 07 t 08
0.0547  0 07 t 12    0.0546  0 07 x 10    0.0354  0 06 x 05    0.0354  0 06 x 05
0.0547  5 08 t 07    0.0546  0 07 t 12    0.0360  0 31 t 04    0.0359  3 08 t 06
0.0548  3 08 x 12    0.0547  5 08 t 07    0.0360  3 08 t 06    0.0360  0 31 t 04
0.0548  3 08 x 07    0.0548  3 08 x 12    0.0361  0 01 t 04    0.0361  0 01 t 04
0.0549  0 07 x 06    0.0548  0 07 x 06    0.0361  0 28 t 04    0.0361  0 28 t 04
0.0549  0 01 x 05    0.0549  3 08 x 07    0.0362  0 29 t 04    0.0362  0 29 t 04
0.0549  3 08 t 07    0.0549  0 30 x 05    0.0363  5 08 t 12    0.0363  5 08 t 12
0.0550  0 30 x 05    0.0549  0 01 x 05    0.0364  3 08 x 06    0.0364  3 08 x 06
0.0553  0 07 t 10    0.0550  3 08 t 07    0.0364  0 07 x 08    0.0364  0 07 x 08
0.0553  0 31 x 05    0.0552  0 07 t 10    0.0364  0 30 t 04    0.0365  0 30 t 04
0.0554  0 00 x 05    0.0553  0 00 x 05    0.0366  4 08 x 06    0.0366  4 08 x 06
0.0554  5 08 x 08    0.0554  5 08 x 08    0.0366  5 08 t 10    0.0366  5 08 t 08
0.0555  0 04 t 05    0.0555  0 04 t 05    0.0367  5 08 t 08    0.0366  5 08 t 10
0.0556  0 07 t 06    0.0556  0 07 t 06    0.0367  5 08 x 12    0.0367  5 08 x 12
0.0557  0 04 x 05    0.0557  0 04 x 05    0.0368  0 05 t 04    0.0367  0 05 t 04
0.0559  0 06 x 05    0.0559  0 06 x 05    0.0369  0 04 t 04    0.0369  0 04 t 04
0.0563  5 08 x 07    0.0563  5 08 x 07    0.0369  4 08 t 06    0.0369  4 08 t 06
0.0566  4 08 x 06    0.0565  4 08 x 06    0.0370  0 07 x 07    0.0370  0 07 x 07
0.0569  3 08 t 06    0.0568  3 08 t 06    0.0372  5 08 t 07    0.0373  5 08 t 07
0.0573  0 07 t 05    0.0573  0 03 x 06    0.0373  0 06 t 04    0.0373  0 07 x 06
0.0573  4 08 t 06    0.0573  0 07 t 05    0.0373  0 07 x 06    0.0373  5 08 x 10
0.0575  0 03 x 06    0.0573  4 08 t 06    0.0373  5 08 x 10    0.0373  0 06 t 04
0.0576  3 08 x 06    0.0576  3 08 x 06    0.0373  0 07 t 07    0.0373  0 05 x 04
0.0578  0 05 t 04    0.0578  0 05 t 04    0.0374  0 05 x 04    0.0374  0 07 t 07
0.0583  0 31 t 04    0.0583  0 31 t 04    0.0374  5 08 x 08    0.0374  5 08 x 08
0.0584  0 28 t 04    0.0584  0 28 t 04    0.0376  0 04 x 04    0.0376  0 04 x 04
0.0586  0 29 t 04    0.0586  0 29 t 04    0.0377  0 00 t 04    0.0376  0 00 t 04
0.0586  0 06 t 04    0.0586  0 06 t 04    0.0379  0 07 t 06    0.0379  0 07 t 06
0.0587  0 30 t 04    0.0587  0 30 t 04    0.0379  0 32 x 04    0.0379  0 32 x 04
0.0588  5 08 t 06    0.0588  5 08 t 06    0.0379  0 32 t 04    0.0379  0 32 t 04
0.0589  6 08 x 12    0.0589  6 08 x 12    0.0379  0 31 x 04    0.0379  0 31 x 04
0.0589  0 01 t 04    0.0589  0 01 t 04    0.0379  0 29 x 04    0.0379  0 29 x 04
0.0590  6 08 t 12    0.0590  6 08 t 12    0.0380  0 01 x 04    0.0380  0 01 x 04
0.0594  0 07 x 05    0.0593  0 07 x 05    0.0381  0 30 x 04    0.0381  0 30 x 04
0.0596  6 08 t 10    0.0596  6 08 t 10    0.0381  0 07 t 12    0.0381  0 07 t 12
0.0597  6 08 t 08    0.0597  6 08 t 08    0.0382  0 07 x 12    0.0382  0 07 x 12
0.0598  5 08 x 06    0.0598  5 08 x 06    0.0383  0 07 x 10    0.0383  0 07 x 10
0.0600  0 04 t 04    0.0601  0 04 t 04    0.0384  3 08 t 05    0.0384  5 08 x 07
0.0603  4 08 t 05    0.0602  4 08 t 05    0.0384  5 08 x 07    0.0384  3 08 t 05
0.0606  6 08 x 10    0.0606  6 08 x 10    0.0384  0 28 x 04    0.0384  0 28 x 04
0.0607  0 05 x 04    0.0607  0 05 x 04    0.0385  0 06 x 04    0.0385  0 06 x 04
0.0608  6 08 x 08    0.0608  6 08 x 08    0.0386  0 07 t 05    0.0385  0 00 x 04
0.0609  0 00 t 04    0.0609  0 00 t 04    0.0388  0 07 t 10    0.0386  0 07 t 05
0.0610  3 08 t 05    0.0610  3 08 t 05    0.0388  4 08 t 05    0.0388  0 07 t 10
0.0616  0 32 x 04    0.0616  0 32 x 04    0.0396  0 00 x 04    0.0388  4 08 t 05
0.0616  0 31 x 04    0.0616  0 31 x 04    0.0396  0 27 x 04    0.0396  0 27 x 04
0.0617  0 32 t 04    0.0617  0 32 t 04    0.0398  0 07 x 05    0.0397  0 07 x 05
0.0617  0 30 x 04    0.0617  0 30 x 04    0.0399  5 08 t 06    0.0399  5 08 t 06
0.0618  0 29 x 04    0.0618  0 29 x 04    0.0400  4 08 x 05    0.0400  4 08 x 05
0.0619  6 08 t 07    0.0619  6 08 t 07    0.0402  3 08 x 05    0.0402  3 08 x 05
0.0620  0 01 x 04    0.0620  0 01 x 04    0.0403  0 03 x 05    0.0403  0 27 t 04
0.0623  0 28 x 04    0.0623  4 08 x 05    0.0404  0 27 t 04    0.0403  0 03 x 05
0.0624  4 08 x 05    0.0623  0 28 x 04    0.0404  5 08 x 06    0.0404  5 08 x 06
0.0624  6 08 x 07    0.0624  6 08 x 07    0.0416  0 07 t 04    0.0417  0 07 t 04
0.0624  5 08 t 05    0.0624  5 08 t 05    0.0421  5 08 t 05    0.0421  6 08 x 12
0.0628  0 07 t 04    0.0628  0 06 x 04    0.0421  6 08 x 12    0.0421  5 08 t 05
0.0628  0 06 x 04    0.0628  0 07 t 04    0.0422  6 08 t 12    0.0422  6 08 t 12
0.0632  0 27 t 04    0.0632  0 27 t 04    0.0424  0 07 x 04    0.0424  0 07 x 04
0.0632  0 04 x 04    0.0632  0 04 x 04    0.0424  0 29 t 03    0.0425  0 29 t 03
0.0638  3 08 x 05    0.0638  3 08 x 05    0.0427  6 08 t 10    0.0427  6 08 t 10
0.0640  5 08 x 05    0.0640  5 08 x 05    0.0428  0 31 t 03    0.0428  0 31 t 03
0.0641  0 03 x 05    0.0641  0 03 x 05    0.0428  0 28 t 03    0.0428  5 08 x 05
0.0642  0 27 x 04    0.0642  0 27 x 04    0.0428  5 08 x 05    0.0428  0 28 t 03
0.0645  0 00 x 04    0.0645  0 00 x 04    0.0431  2 08 t 05    0.0430  2 08 t 05
0.0647  6 08 t 06    0.0647  6 08 t 06    0.0431  6 08 t 08    0.0431  6 08 t 08
0.0652  6 08 x 06    0.0652  6 08 x 06    0.0433  6 08 x 10    0.0433  2 08 x 05
0.0664  0 07 x 04    0.0663  0 07 x 04    0.0433  2 08 x 05    0.0433  6 08 x 10
0.0689  2 08 t 05    0.0689  2 08 t 05    0.0435  0 01 t 03    0.0435  0 01 t 03
0.0694  2 08 x 05    0.0694  2 08 x 05    0.0436  0 30 t 03    0.0436  0 30 t 03
0.0699  0 29 t 03    0.0699  6 08 t 05    0.0436  6 08 x 08    0.0436  6 08 x 08
0.0699  6 08 t 05    0.0700  0 29 t 03    0.0438  0 05 t 03    0.0438  0 05 t 03
0.0704  0 31 t 03    0.0704  0 31 t 03    0.0439  0 04 t 03    0.0439  0 04 t 03
0.0706  0 28 t 03    0.0706  0 28 t 03    0.0440  0 27 t 03    0.0440  0 27 t 03
0.0706  0 05 t 03    0.0706  0 05 t 03    0.0445  3 08 x 04    0.0445  3 08 t 04
0.0710  4 08 t 04    0.0710  4 08 t 04    0.0445  3 08 t 04    0.0447  0 00 t 03
0.0712  0 30 t 03    0.0712  0 30 t 03    0.0447  0 00 t 03    0.0447  6 08 t 07
0.0713  3 08 t 04    0.0713  3 08 t 04    0.0447  6 08 t 07    0.0448  0 06 t 03
0.0716  0 06 t 03    0.0716  0 06 t 03    0.0447  6 08 x 07    0.0448  6 08 x 07
0.0718  0 01 t 03    0.0718  0 01 t 03    0.0448  0 06 t 03    0.0454  0 04 x 03
0.0720  4 08 x 04    0.0720  4 08 x 04    0.0454  0 04 x 03    0.0457  3 08 x 04
0.0724  0 04 t 03    0.0724  0 04 t 03    0.0457  0 05 x 03    0.0457  0 05 x 03
0.0726  0 27 t 03    0.0726  0 27 t 03    0.0457  4 08 x 04    0.0457  4 08 x 04
0.0728  6 08 x 05    0.0728  6 08 x 05    0.0460  4 08 t 04    0.0459  4 08 t 04
0.0730  5 08 x 04    0.0730  5 08 x 04    0.0461  0 03 x 04    0.0461  0 03 x 04
0.0732  0 00 t 03    0.0732  0 00 t 03    0.0464  6 08 t 06    0.0464  6 08 t 06
0.0736  3 08 x 04    0.0736  3 08 x 04    0.0466  0 31 x 03    0.0466  0 31 x 03
0.0736  5 08 t 04    0.0736  5 08 t 04    0.0466  0 32 x 03    0.0466  0 32 t 03
0.0748  0 07 t 03    0.0745  0 03 x 04    0.0466  0 32 t 03    0.0466  0 32 x 03
0.0760  0 05 x 03    0.0748  0 07 t 03    0.0466  0 01 x 03    0.0466  0 01 x 03
0.0766  0 03 x 04    0.0760  0 05 x 03    0.0466  6 08 x 06    0.0466  6 08 x 06
0.0768  0 28 x 03    0.0768  0 28 x 03    0.0467  0 29 x 03    0.0467  0 29 x 03
0.0769  0 31 x 03    0.0769  0 32 x 03    0.0467  0 28 x 03    0.0467  0 28 x 03
0.0769  0 32 x 03    0.0769  0 32 t 03    0.0473  0 30 x 03    0.0467  0 06 x 03
0.0769  0 32 t 03    0.0769  0 31 x 03    0.0478  0 00 x 03    0.0473  0 30 x 03
0.0772  0 29 x 03    0.0772  0 29 x 03    0.0480  0 06 x 03    0.0478  0 00 x 03
0.0772  0 01 x 03    0.0772  0 01 x 03    0.0481  0 27 x 03    0.0481  0 27 x 03
0.0774  0 04 x 03    0.0774  0 04 x 03    0.0483  0 07 t 03    0.0483  0 07 t 03
0.0777  0 06 x 03    0.0777  0 06 x 03    0.0484  5 08 x 04    0.0483  5 08 x 04
0.0780  0 30 x 03    0.0780  0 30 x 03    0.0497  5 08 t 04    0.0497  0 07 x 03
0.0785  6 08 t 04    0.0785  6 08 t 04    0.0499  6 08 t 05    0.0497  5 08 t 04
0.0789  0 00 x 03    0.0789  0 00 x 03    0.0499  2 08 x 04    0.0499  6 08 t 05
0.0797  0 27 x 03    0.0797  0 27 x 03    0.0509  2 08 t 04    0.0505  4 08 t 03
0.0801  0 07 x 03    0.0801  0 07 x 03    0.0511  0 07 x 03    0.0509  2 08 t 04
0.0814  2 08 t 04    0.0814  2 08 t 04    0.0513  6 08 x 05    0.0513  6 08 x 05
0.0825  6 08 x 04    0.0825  6 08 x 04    0.0518  4 08 t 03    0.0513  2 08 x 04
0.0831  2 08 x 04    0.0831  2 08 x 04    0.0537  4 08 x 03    0.0528  3 08 t 03
0.0832  4 08 t 03    0.0832  4 08 t 03    0.0542  3 08 t 03    0.0533  4 08 x 03
0.0863  5 08 t 03    0.0863  5 08 t 03    0.0553  6 08 t 04    0.0546  5 08 t 03
0.0880  4 08 x 03    0.0876  4 08 x 03    0.0553  3 08 x 03    0.0553  6 08 t 04
0.0881  7 08 t 05    0.0881  7 08 t 05    0.0557  0 05 t 02    0.0556  0 05 t 02
0.0888  7 08 x 05    0.0887  7 08 x 05    0.0558  0 01 t 02    0.0558  0 01 t 02
0.0893  3 08 t 03    0.0893  3 08 t 03    0.0561  5 08 t 03    0.0562  0 06 t 02
0.0905  5 08 x 03    0.0905  5 08 x 03    0.0562  0 29 t 02    0.0562  0 29 t 02
0.0911  1 08 x 05    0.0911  1 08 x 05    0.0563  0 06 t 02    0.0563  3 08 x 03
0.0918  1 08 t 05    0.0917  1 08 t 05    0.0564  1 08 x 05    0.0564  1 08 x 05
0.0923  3 08 x 03    0.0923  3 08 x 03    0.0565  0 04 t 02    0.0565  0 04 t 02
0.0925  0 06 t 02    0.0925  0 06 t 02    0.0568  0 31 t 02    0.0568  0 31 t 02
0.0929  0 05 t 02    0.0928  0 05 t 02    0.0568  1 08 t 05    0.0568  1 08 t 05
0.0935  6 08 t 03    0.0935  6 08 t 03    0.0573  5 08 x 03    0.0575  0 00 t 02
0.0942  0 01 t 02    0.0942  0 01 t 02    0.0575  0 00 t 02    0.0576  0 03 x 03
0.0949  0 07 t 02    0.0943  0 03 x 03    0.0576  0 03 x 03    0.0577  6 08 x 04
0.0951  0 29 t 02    0.0950  0 07 t 02    0.0577  6 08 x 04    0.0578  0 30 t 02
0.0952  0 04 t 02    0.0951  0 29 t 02    0.0578  0 28 t 02    0.0578  0 28 t 02
0.0961  0 31 t 02    0.0952  0 04 t 02    0.0579  0 30 t 02    0.0585  0 07 t 02
0.0965  0 03 x 03    0.0961  0 31 t 02    0.0585  0 07 t 02    0.0587  5 08 x 03
0.0972  0 28 t 02    0.0971  6 08 x 03    0.0588  0 27 t 02    0.0588  0 27 t 02
0.0972  0 30 t 02    0.0971  0 28 t 02    0.0609  2 08 t 03    0.0600  2 08 t 03
0.0972  0 00 t 02    0.0972  0 30 t 02    0.0610  2 08 x 03    0.0619  0 05 x 02
0.0994  6 08 x 03    0.0972  0 00 t 02    0.0618  0 05 x 02    0.0620  0 01 x 02
0.0997  0 27 t 02    0.0997  0 27 t 02    0.0620  0 01 x 02    0.0621  2 08 x 03
0.0999  2 08 t 03    0.0999  2 08 t 03    0.0623  0 04 x 02    0.0624  0 04 x 02
0.1014  7 08 x 04    0.1013  7 08 x 04    0.0626  0 06 x 02    0.0624  0 06 x 02
0.1017  2 08 x 03    0.1017  2 08 x 03    0.0631  0 29 x 02    0.0631  0 29 x 02
0.1024  7 08 t 04    0.1024  7 08 t 04    0.0632  0 31 x 02    0.0632  0 32 x 02
0.1040  0 05 x 02    0.1040  0 05 x 02    0.0632  0 32 x 02    0.0632  0 31 x 02
0.1042  0 06 x 02    0.1042  0 06 x 02    0.0632  0 32 t 02    0.0632  0 32 t 02
0.1060  0 01 x 02    0.1053  1 08 x 04    0.0636  0 00 x 02    0.0636  0 00 x 02
0.1060  0 04 x 02    0.1060  0 01 x 02    0.0637  0 28 x 02    0.0636  0 28 x 02
0.1068  0 07 x 02    0.1060  0 04 x 02    0.0638  0 30 x 02    0.0638  0 30 x 02
0.1076  0 29 x 02    0.1065  0 07 x 02    0.0644  0 27 x 02    0.0644  0 27 x 02
0.1076  0 31 x 02    0.1076  0 29 x 02    0.0645  0 07 x 02    0.0646  0 07 x 02
0.1076  0 32 t 02    0.1076  0 32 t 02    0.0647  6 08 t 03    0.0647  6 08 t 03
0.1076  0 32 x 02    0.1076  0 31 x 02    0.0653  1 08 x 04    0.0666  1 08 t 04
0.1080  0 28 x 02    0.1076  0 32 x 02    0.0666  4 08 t 02    0.0666  4 08 t 02
0.1082  0 30 x 02    0.1080  0 28 x 02    0.0666  1 08 t 04    0.0667  1 08 x 04
0.1082  1 08 x 04    0.1082  0 30 x 02    0.0672  6 08 x 03    0.0685  7 08 t 05
0.1082  1 08 t 04    0.1082  1 08 t 04    0.0685  7 08 t 05    0.0687  6 08 x 03
0.1085  0 00 x 02    0.1085  0 00 x 02    0.0687  7 08 x 05    0.0688  7 08 x 05
0.1097  5 08 t 02    0.1097  5 08 t 02    0.0691  5 08 t 02    0.0691  5 08 t 02
0.1098  0 27 x 02    0.1098  0 27 x 02    0.0697  3 08 t 02    0.0697  3 08 t 02
0.1102  4 08 t 02    0.1102  4 08 t 02    0.0729  4 08 x 02    0.0730  4 08 x 02
0.1151  7 08 t 03    0.1151  7 08 t 03    0.0746  3 08 x 02    0.0746  3 08 x 02
0.1170  3 08 t 02    0.1170  3 08 t 02    0.0759  5 08 x 02    0.0759  5 08 x 02
0.1207  4 08 x 02    0.1196  7 08 x 03    0.0773  7 08 x 04    0.0773  7 08 x 04
0.1213  6 08 t 02    0.1207  4 08 x 02    0.0775  0 03 x 02    0.0776  0 03 x 02
0.1217  5 08 x 02    0.1213  6 08 t 02    0.0797  7 08 t 04    0.0797  7 08 t 04
0.1226  7 08 x 03    0.1216  5 08 x 02    0.0800  2 08 t 02    0.0800  2 08 t 02
0.1255  3 08 x 02    0.1255  3 08 x 02    0.0817  6 08 t 02    0.0818  6 08 t 02
0.1305  0 03 x 02    0.1305  0 03 x 02    0.0826  1 08 x 03    0.0822  1 08 t 03
0.1341  6 08 x 02    0.1335  6 08 x 02    0.0826  1 08 t 03    0.0826  1 08 x 03
0.1348  2 08 t 02    0.1348  2 08 t 02    0.0834  2 08 x 02    0.0834  2 08 x 02
0.1354  1 08 x 03    0.1354  1 08 t 03    0.0870  0 05 t 01    0.0870  0 05 t 01
0.1354  1 08 t 03    0.1354  1 08 x 03    0.0872  0 06 t 01    0.0872  0 06 t 01
0.1406  2 08 x 02    0.1406  2 08 x 02    0.0872  7 08 t 03    0.0872  7 08 t 03
0.1502  7 08 t 02    0.1501  7 08 t 02    0.0873  0 01 t 01    0.0873  0 01 t 01
0.1515  0 02 x 02    0.1507  0 02 x 04    0.0875  0 31 t 01    0.0875  0 31 t 01
0.1520  0 02 x 04    0.1515  0 02 x 02    0.0876  0 29 t 01    0.0875  0 29 t 01
0.1524  0 02 x 05    0.1515  0 02 x 05    0.0880  0 30 t 01    0.0880  0 30 t 01
0.1537  0 02 x 06    0.1518  0 02 x 03    0.0880  0 28 t 01    0.0880  0 04 t 01
0.1544  0 02 x 03    0.1521  0 02 x 06    0.0881  0 04 t 01    0.0880  0 28 t 01
0.1546  0 02 x 07    0.1546  0 02 x 07    0.0884  0 07 t 01    0.0884  0 07 t 01
0.1549  0 02 x 08    0.1550  0 02 x 08    0.0891  6 08 x 02    0.0891  6 08 x 02
0.1599  0 06 t 01    0.1598  0 06 t 01    0.0899  0 00 t 01    0.0899  0 00 t 01
0.1607  0 07 t 01    0.1606  0 07 t 01    0.0899  7 08 x 03    0.0908  0 27 t 01
0.1611  0 05 t 01    0.1611  0 05 t 01    0.0909  0 27 t 01    0.0920  7 08 x 03
0.1615  7 08 x 02    0.1615  7 08 x 02    0.0931  0 02 x 02    0.0931  0 02 x 02
0.1632  0 01 t 01    0.1631  0 01 t 01    0.0933  0 02 x 04    0.0933  0 02 x 04
0.1638  0 04 t 01    0.1638  0 04 t 01    0.0935  0 02 x 03    0.0934  0 02 x 03
0.1640  0 31 t 01    0.1639  0 31 t 01    0.0938  0 02 x 05    0.0936  0 02 x 05
0.1641  0 29 t 01    0.1641  0 29 t 01    0.0940  0 02 x 06    0.0938  0 02 x 06
0.1645  0 30 t 01    0.1645  0 30 t 01    0.0961  0 02 x 07    0.0961  0 02 x 07
0.1646  0 28 t 01    0.1646  0 28 t 01    0.0966  0 02 x 08    0.0965  0 02 x 08
0.1678  0 00 t 01    0.1678  0 00 t 01    0.0968  0 05 x 01    0.0968  0 05 x 01
0.1696  0 02 x 10    0.1696  0 02 x 10    0.0970  0 06 x 01    0.0970  0 06 x 01
0.1698  0 27 t 01    0.1697  0 27 t 01    0.0978  0 31 x 01    0.0978  0 31 x 01
0.1785  0 02 x 12    0.1784  0 02 x 12    0.0979  0 29 x 01    0.0979  0 29 x 01
0.1806  0 06 x 01    0.1806  0 06 x 01    0.0980  0 01 x 01    0.0980  0 01 x 01
0.1816  0 05 x 01    0.1816  0 05 x 01    0.0983  0 07 x 01    0.0983  0 07 x 01
0.1817  0 07 x 01    0.1817  0 07 x 01    0.0984  0 30 x 01    0.0984  0 28 x 01
0.1830  0 02 x 01    0.1830  0 02 x 01    0.0984  0 28 x 01    0.0984  0 30 x 01
0.1845  0 01 x 01    0.1845  0 01 x 01    0.0985  0 04 x 01    0.0985  0 04 x 01
0.1849  0 31 x 01    0.1849  0 31 x 01    0.0986  0 32 x 01    0.0986  0 32 x 01
0.1850  0 04 x 01    0.1850  0 04 x 01    0.0987  0 32 t 01    0.0988  0 32 t 01
0.1851  0 29 x 01    0.1851  0 29 x 01    0.1008  0 27 x 01    0.1008  0 27 x 01
0.1855  0 30 x 01    0.1854  0 30 x 01    0.1013  0 00 x 01    0.1014  0 00 x 01
0.1856  0 28 x 01    0.1855  0 28 x 01    0.1025  0 02 x 01    0.1024  0 02 x 01
0.1862  0 32 x 01    0.1861  0 32 x 01    0.1031  4 08 t 01    0.1031  4 08 t 01
0.1866  0 32 t 01    0.1863  0 32 t 01    0.1054  0 02 x 10    0.1053  0 02 x 10
0.1878  5 08 t 01    0.1878  5 08 t 01    0.1068  5 08 t 01    0.1068  5 08 t 01
0.1881  4 08 t 01    0.1881  4 08 t 01    0.1108  3 08 t 01    0.1108  3 08 t 01
0.1895  1 08 x 02    0.1895  1 08 x 02    0.1112  0 02 x 12    0.1111  0 02 x 12
0.1895  1 08 t 02    0.1895  1 08 t 02    0.1114  7 08 t 02    0.1115  7 08 t 02
0.1899  0 27 x 01    0.1899  0 27 x 01    0.1126  4 08 x 01    0.1126  4 08 x 01
0.1902  0 00 x 01    0.1900  0 00 x 01    0.1128  1 08 x 02    0.1128  1 08 x 02
0.2030  3 08 t 01    0.2030  3 08 t 01    0.1129  1 08 t 02    0.1128  1 08 t 02
0.2036  6 08 t 01    0.2035  6 08 t 01    0.1177  5 08 x 01    0.1178  5 08 x 01
0.2071  4 08 x 01    0.2071  4 08 x 01    0.1179  7 08 x 02    0.1180  7 08 x 02
0.2089  5 08 x 01    0.2089  5 08 x 01    0.1197  3 08 x 01    0.1197  3 08 x 01
0.2204  3 08 x 01    0.2204  3 08 x 01    0.1209  0 03 x 01    0.1209  0 03 x 01
0.2217  0 03 x 01    0.2218  0 03 x 01    0.1261  6 08 t 01    0.1261  6 08 t 01
0.2279  6 08 x 01    0.2279  6 08 x 01    0.1308  2 08 t 01    0.1308  2 08 t 01
0.2376  2 08 t 01    0.2377  2 08 t 01    0.1375  2 08 x 01    0.1375  2 08 x 01
0.2506  2 08 x 01    0.2506  2 08 x 01    0.1392  6 08 x 01    0.1392  6 08 x 01
0.2530  7 08 t 01    0.2530  7 08 t 01    0.1779  7 08 t 01    0.1779  7 08 t 01
0.2750  7 08 x 01    0.2750  7 08 x 01    0.1889  7 08 x 01    0.1889  7 08 x 01
0.3431  1 08 x 01    0.3431  1 08 t 01    0.1923  1 08 t 01    0.1923  1 08 t 01
0.3432  1 08 t 01    0.3431  1 08 x 01    0.1923  1 08 x 01    0.1923  1 08 x 01
---Benchmark Program Finished---
