
jeffreyhurchalla@Jeffreys-MacBook-Air montgomery_two_pow % ./testbench.sh clang++ O3 MontgomeryFull uint64_t 191 8 22 -DHURCHALLA_MONTGOMERY_TWO_POW_USE_CSELECT_ON_BIT -DHURCHALLA_ALLOW_INLINE_ASM_ALL
compilation finished, now executing:
---Running Program---

begin benchmarks - array two_pow
(ignore)11580388629858884142

OVERALL BEST:
0.1343  0 31 x 12
0.1348  0 29 x 12
0.1355  0 28 x 12
0.1357  0 30 x 12
0.1359  0 31 x 10
0.1369  0 29 x 10
0.1373  0 30 x 10
0.1389  0 28 x 10
0.1391  0 31 x 08
0.1403  0 30 x 08
0.1403  0 29 t 12
0.1412  0 27 x 12
0.1413  0 29 x 08
0.1416  0 28 x 08
0.1430  0 31 t 12
0.1433  0 31 x 07
0.1438  0 27 x 10
0.1439  0 31 t 10
0.1441  0 29 x 07
0.1441  0 30 t 12
0.1446  0 30 x 07
0.1450  0 29 t 10
0.1451  0 30 t 10
0.1452  0 28 t 12
0.1453  0 31 t 07
0.1456  0 29 t 07
0.1461  0 28 x 07
0.1464  0 28 t 07
0.1468  0 30 t 07
0.1483  0 28 t 10
0.1489  0 01 x 12
0.1493  0 31 t 08
0.1493  0 05 x 08
0.1494  0 27 x 08
0.1496  0 31 t 06
0.1498  0 05 x 12
0.1502  0 01 x 10
0.1502  0 30 t 08
0.1502  0 29 t 06
0.1506  0 29 t 08
0.1507  0 05 x 10
0.1507  0 00 x 12
0.1512  0 00 x 10
0.1513  0 28 t 08
0.1515  0 05 t 08
0.1517  0 04 x 08
0.1520  0 27 x 07
0.1522  0 28 t 06
0.1524  0 01 t 07
0.1524  0 04 x 12
0.1525  0 05 t 07
0.1526  0 30 t 06
0.1528  0 01 t 06
0.1528  0 27 t 12
0.1530  0 00 x 08
0.1532  0 31 x 06
0.1532  0 05 x 07
0.1533  0 06 x 08
0.1535  0 04 x 10
0.1535  0 01 x 08
0.1541  0 27 t 10
0.1542  0 04 t 08
0.1543  0 00 t 07
0.1545  0 00 x 07
0.1545  0 06 x 12
0.1545  0 01 x 07
0.1546  0 05 t 10
0.1546  0 05 t 06
0.1546  0 04 t 07
0.1550  0 01 t 10
0.1550  0 05 t 12
0.1550  0 06 x 10
0.1554  0 04 x 07
0.1555  0 00 t 08
0.1555  0 01 t 12
0.1556  0 01 t 08
0.1557  0 06 t 08
0.1560  0 29 x 06
0.1560  0 06 t 07
0.1562  0 27 t 07
0.1563  0 00 t 10
0.1563  0 00 t 06
0.1565  0 30 x 06
0.1569  0 06 x 07
0.1569  0 28 x 06
0.1569  0 01 x 06
0.1572  0 04 t 06
0.1578  0 06 t 10
0.1580  0 27 t 08
0.1582  0 04 t 12
0.1583  0 04 t 10
0.1585  0 00 t 12
0.1588  0 06 t 12
0.1589  0 06 t 06
0.1602  0 01 t 05
0.1605  0 31 t 05
0.1608  0 05 x 06
0.1618  0 27 t 06
0.1620  0 00 x 06
0.1623  0 30 t 05
0.1624  0 28 t 05
0.1633  0 04 x 06
0.1634  0 29 t 05
0.1636  0 00 t 05
0.1636  0 27 x 06
0.1638  0 05 t 05
0.1645  0 03 x 10
0.1648  0 03 x 12
0.1652  0 06 x 06
0.1670  0 04 t 05
0.1675  0 27 t 05
0.1675  0 03 x 08
0.1680  0 07 x 12
0.1685  0 06 t 05
0.1698  0 01 x 05
0.1700  0 07 x 08
0.1710  3 08 x 08
0.1712  0 03 x 07
0.1712  0 28 x 05
0.1713  0 30 x 05
0.1717  0 07 t 12
0.1721  0 31 x 05
0.1722  0 29 x 05
0.1723  0 07 t 07
0.1723  0 07 t 08
0.1723  4 08 x 12
0.1725  0 07 x 10
0.1726  4 08 t 12
0.1735  0 00 x 05
0.1736  0 07 x 07
0.1739  0 05 x 05
0.1752  0 07 t 10
0.1754  0 07 t 06
0.1754  0 27 x 05
0.1763  3 08 t 08
0.1764  3 08 x 12
0.1769  0 04 x 05
0.1785  3 08 t 12
0.1787  0 06 x 05
0.1788  4 08 x 08
0.1792  3 08 x 10
0.1806  0 07 x 06
0.1806  0 05 t 04
0.1809  4 08 x 10
0.1820  4 08 t 10
0.1824  0 07 t 05
0.1824  4 08 t 08
0.1828  0 04 t 04
0.1828  3 08 t 10
0.1830  5 08 x 12
0.1832  5 08 t 12
0.1840  0 31 t 04
0.1846  0 01 t 04
0.1856  0 06 t 04
0.1864  0 30 t 04
0.1866  0 28 t 04
0.1870  0 03 x 06
0.1881  0 02 x 06
0.1892  3 08 x 07
0.1904  0 27 t 04
0.1911  0 00 t 04
0.1913  3 08 t 07
0.1925  0 29 t 04
0.1928  0 07 x 05
0.1932  3 08 t 06
0.1933  4 08 t 07
0.1946  4 08 x 07
0.1951  0 05 x 04
0.1952  0 01 x 04
0.1967  3 08 x 06
0.1982  0 31 x 04
0.1983  0 04 x 04
0.1993  0 07 t 04
0.1996  0 06 x 04
0.2004  0 28 x 04
0.2007  0 30 x 04
0.2025  3 08 t 05
0.2030  0 00 x 04
0.2031  5 08 x 10
0.2043  5 08 t 10
0.2046  0 27 x 04
0.2050  4 08 t 06
0.2051  4 08 x 06
0.2069  0 29 x 04
0.2074  5 08 x 08
0.2077  0 03 x 05
0.2086  3 08 x 05
0.2102  0 02 x 05
0.2122  6 08 t 12
0.2125  6 08 x 12
0.2129  5 08 t 08
0.2137  0 07 x 04
0.2154  4 08 t 05
0.2161  6 08 x 10
0.2165  6 08 t 10
0.2202  0 05 t 03
0.2207  4 08 x 05
0.2210  0 01 t 03
0.2226  0 06 t 03
0.2231  0 04 t 03
0.2253  3 08 t 04
0.2263  5 08 t 07
0.2263  2 08 x 05
0.2264  0 31 t 03
0.2272  2 08 t 05
0.2277  5 08 x 07
0.2284  0 00 t 03
0.2291  0 30 t 03
0.2292  0 28 t 03
0.2304  0 29 t 03
0.2333  0 27 t 03
0.2341  4 08 t 04
0.2355  0 07 t 03
0.2375  3 08 x 04
0.2399  0 05 x 03
0.2404  0 03 x 04
0.2406  5 08 t 06
0.2412  0 01 x 03
0.2414  0 06 x 03
0.2417  5 08 x 06
0.2425  0 04 x 03
0.2453  0 31 x 03
0.2466  0 02 x 04
0.2480  0 28 x 03
0.2480  0 30 x 03
0.2481  4 08 x 04
0.2484  0 00 x 03
0.2502  0 29 x 03
0.2536  0 27 x 03
0.2544  0 07 x 03
0.2581  2 08 t 04
0.2651  2 08 x 04
0.2653  5 08 x 05
0.2710  5 08 t 05
0.2753  6 08 x 08
0.2781  6 08 t 08
0.2823  4 08 t 03
0.2825  3 08 t 03
0.2838  5 08 t 04
0.2962  3 08 x 03
0.2988  0 02 x 03
0.2991  4 08 x 03
0.2995  5 08 x 04
0.2996  0 03 x 03
0.3018  1 08 t 05
0.3019  1 08 x 05
0.3019  6 08 t 07
0.3041  6 08 x 07
0.3181  2 08 t 03
0.3226  6 08 t 06
0.3277  6 08 x 06
0.3291  2 08 x 03
0.3336  5 08 t 03
0.3528  5 08 x 03
0.3536  1 08 t 04
0.3536  1 08 x 04
0.3602  6 08 t 05
0.3731  6 08 x 05
0.3951  6 08 t 04
0.4154  7 08 t 05
0.4167  6 08 x 04
0.4224  7 08 x 05
0.4456  1 08 x 03
0.4459  1 08 t 03
0.4689  6 08 t 03
0.4698  0 02 x 07
0.4867  6 08 x 03
0.5007  0 02 x 08
0.5332  0 02 x 10
0.5639  0 02 x 12
0.6516  7 08 t 04
0.7352  7 08 x 04
0.7790  7 08 t 03
0.7971  7 08 x 03
Timings By Test Type:
0.0412  0 31 x 12    0.0412  0 31 x 12    0.0260  0 31 x 12    0.0259  0 31 x 12
0.0414  0 29 x 12    0.0414  0 29 x 12    0.0260  0 29 x 12    0.0260  0 29 x 12
0.0414  0 28 x 12    0.0414  0 28 x 12    0.0263  0 31 x 10    0.0263  0 31 x 10
0.0415  0 30 x 12    0.0415  0 30 x 12    0.0263  0 28 x 12    0.0263  0 30 x 12
0.0416  0 31 x 10    0.0416  0 31 x 10    0.0263  0 30 x 12    0.0263  0 28 x 12
0.0419  0 29 x 10    0.0420  0 29 x 10    0.0265  0 29 x 10    0.0265  0 29 x 10
0.0419  0 30 x 10    0.0420  0 30 x 10    0.0267  0 30 x 10    0.0267  0 30 x 10
0.0424  0 28 x 10    0.0424  0 28 x 10    0.0269  0 31 x 08    0.0269  0 31 x 08
0.0426  0 31 x 08    0.0427  0 31 x 08    0.0270  0 28 x 10    0.0270  0 28 x 10
0.0428  0 30 x 08    0.0428  0 30 x 08    0.0271  0 29 t 12    0.0272  0 29 t 12
0.0430  0 29 t 12    0.0430  0 29 t 12    0.0273  0 30 x 08    0.0273  0 30 x 08
0.0431  0 29 x 08    0.0430  0 29 x 08    0.0274  0 27 x 12    0.0274  0 27 x 12
0.0432  0 28 x 08    0.0432  0 27 x 12    0.0276  0 28 x 08    0.0276  0 28 x 08
0.0432  0 27 x 12    0.0432  0 28 x 08    0.0276  0 29 x 08    0.0276  0 29 x 08
0.0438  0 31 t 12    0.0438  0 31 t 12    0.0277  0 31 t 12    0.0277  0 31 t 12
0.0439  0 31 x 07    0.0439  0 31 x 07    0.0278  0 31 x 07    0.0278  0 31 x 07
0.0439  0 27 x 10    0.0439  0 27 x 10    0.0278  0 31 t 10    0.0278  0 31 t 10
0.0440  0 29 x 07    0.0440  0 29 x 07    0.0280  0 30 t 12    0.0280  0 30 t 12
0.0441  0 30 t 12    0.0441  0 30 t 12    0.0280  0 29 x 07    0.0280  0 27 x 10
0.0441  0 31 t 10    0.0441  0 31 t 10    0.0280  0 27 x 10    0.0280  0 29 x 07
0.0442  0 30 x 07    0.0442  0 30 x 07    0.0281  0 30 x 07    0.0281  0 30 x 07
0.0443  0 29 t 10    0.0443  0 30 t 10    0.0281  0 31 t 07    0.0281  0 31 t 07
0.0443  0 30 t 10    0.0444  0 29 t 10    0.0282  0 29 t 10    0.0282  0 29 t 10
0.0444  0 28 t 12    0.0444  0 28 t 12    0.0282  0 28 t 12    0.0282  0 30 t 10
0.0445  0 31 t 07    0.0445  0 31 t 07    0.0283  0 30 t 10    0.0282  0 28 t 12
0.0445  0 29 t 07    0.0445  0 29 t 07    0.0283  0 29 t 07    0.0283  0 29 t 07
0.0445  0 28 x 07    0.0445  0 28 t 07    0.0284  0 28 x 07    0.0285  0 28 x 07
0.0446  0 28 t 07    0.0446  0 28 x 07    0.0286  0 30 t 07    0.0286  0 30 t 07
0.0448  0 30 t 07    0.0448  0 30 t 07    0.0286  0 01 x 12    0.0286  0 01 x 12
0.0452  0 28 t 10    0.0452  0 28 t 10    0.0286  0 28 t 07    0.0286  0 28 t 07
0.0452  0 05 x 12    0.0452  0 05 x 08    0.0287  0 31 t 08    0.0287  0 31 t 08
0.0452  0 05 x 08    0.0452  0 05 x 12    0.0289  0 01 x 10    0.0289  0 01 x 10
0.0455  0 27 x 08    0.0455  0 27 x 08    0.0289  0 28 t 10    0.0289  0 28 t 10
0.0456  0 05 x 10    0.0455  0 05 x 10    0.0291  0 04 x 08    0.0291  0 04 x 08
0.0456  0 31 t 06    0.0456  0 31 t 06    0.0291  0 31 t 06    0.0292  0 27 x 08
0.0459  0 01 x 12    0.0458  0 29 t 06    0.0292  0 27 x 08    0.0292  0 31 t 06
0.0459  0 05 t 08    0.0458  0 30 t 08    0.0292  0 04 x 12    0.0292  0 30 t 08
0.0459  0 29 t 06    0.0459  0 01 x 12    0.0292  0 00 x 12    0.0292  0 29 t 06
0.0459  0 31 t 08    0.0459  0 05 t 08    0.0292  0 30 t 08    0.0292  0 00 x 12
0.0459  0 30 t 08    0.0459  0 31 t 08    0.0293  0 29 t 06    0.0292  0 04 x 12
0.0460  0 29 t 08    0.0460  0 29 t 08    0.0293  0 29 t 08    0.0293  0 29 t 08
0.0461  0 00 x 12    0.0461  0 00 x 12    0.0294  0 00 x 10    0.0294  0 00 x 10
0.0462  0 05 t 07    0.0462  0 28 t 08    0.0294  0 01 t 07    0.0294  0 01 t 07
0.0462  0 01 x 10    0.0462  0 01 x 10    0.0294  0 28 t 08    0.0294  0 01 t 06
0.0462  0 00 x 10    0.0462  0 05 t 07    0.0294  0 01 t 06    0.0294  0 28 t 08
0.0463  0 28 t 08    0.0462  0 00 x 10    0.0295  0 28 t 06    0.0294  0 05 x 08
0.0463  0 05 x 07    0.0463  0 05 x 07    0.0295  0 05 x 08    0.0295  0 04 x 10
0.0464  0 27 x 07    0.0463  0 27 x 07    0.0295  0 04 x 10    0.0295  0 28 t 06
0.0465  0 01 x 08    0.0465  0 00 x 08    0.0295  0 31 x 06    0.0295  0 31 x 06
0.0466  0 00 x 08    0.0466  0 01 x 08    0.0296  0 30 t 06    0.0296  0 30 t 06
0.0466  0 01 x 07    0.0466  0 01 x 07    0.0296  0 04 t 08    0.0296  0 04 t 08
0.0466  0 06 x 08    0.0466  0 06 x 08    0.0297  0 05 x 12    0.0297  0 05 x 12
0.0466  0 28 t 06    0.0466  0 28 t 06    0.0297  0 27 x 07    0.0297  0 27 t 12
0.0467  0 30 t 06    0.0467  0 04 x 08    0.0297  0 27 t 12    0.0297  0 27 x 07
0.0467  0 04 x 08    0.0467  0 30 t 06    0.0297  0 01 t 10    0.0297  0 01 t 10
0.0467  0 27 t 12    0.0467  0 27 t 12    0.0297  0 04 t 07    0.0297  0 04 t 07
0.0468  0 05 t 10    0.0468  0 05 t 10    0.0298  0 05 x 10    0.0298  0 05 x 10
0.0468  0 01 t 07    0.0468  0 05 t 12    0.0299  0 05 t 08    0.0299  0 05 t 08
0.0468  0 05 t 12    0.0468  0 01 t 07    0.0299  0 01 t 12    0.0299  0 01 t 12
0.0469  0 05 t 06    0.0469  0 05 t 06    0.0299  0 04 x 07    0.0299  0 04 x 07
0.0470  0 06 x 12    0.0469  0 06 x 12    0.0300  0 00 x 08    0.0300  0 00 x 08
0.0470  0 01 t 06    0.0470  0 01 t 06    0.0300  0 06 x 08    0.0300  0 01 t 08
0.0470  0 04 x 12    0.0470  0 04 x 12    0.0300  0 27 t 10    0.0300  0 27 t 10
0.0470  0 27 t 10    0.0470  0 27 t 10    0.0300  0 00 x 07    0.0300  0 00 t 07
0.0471  0 31 x 06    0.0471  0 31 x 06    0.0300  0 05 t 07    0.0301  0 05 t 07
0.0471  0 00 t 07    0.0471  0 00 t 07    0.0301  0 00 t 07    0.0301  0 00 x 07
0.0471  0 06 x 10    0.0471  0 06 x 10    0.0301  0 01 x 06    0.0301  0 06 x 08
0.0472  0 00 x 07    0.0472  0 00 x 07    0.0301  0 01 t 08    0.0301  0 01 x 06
0.0473  0 04 x 10    0.0473  0 04 x 10    0.0302  0 29 x 06    0.0302  0 01 x 08
0.0473  0 06 t 08    0.0474  0 06 t 08    0.0302  0 01 x 08    0.0303  0 00 t 08
0.0474  0 06 t 07    0.0474  0 00 t 08    0.0303  0 05 x 07    0.0303  0 04 t 06
0.0475  0 04 t 08    0.0474  0 06 t 07    0.0303  0 04 t 06    0.0303  0 05 x 07
0.0475  0 00 t 08    0.0474  0 04 t 08    0.0303  0 06 x 12    0.0303  0 28 x 06
0.0475  0 27 t 07    0.0475  0 27 t 07    0.0303  0 00 t 10    0.0303  0 06 x 12
0.0475  0 30 x 06    0.0475  0 30 x 06    0.0303  0 00 t 08    0.0303  0 00 t 10
0.0476  0 04 t 07    0.0476  0 04 t 07    0.0303  0 04 t 12    0.0304  0 29 x 06
0.0477  0 01 t 08    0.0476  0 29 x 06    0.0304  0 28 x 06    0.0304  0 04 t 12
0.0477  0 06 x 07    0.0477  0 06 x 07    0.0304  0 00 t 06    0.0304  0 04 t 10
0.0478  0 04 x 07    0.0478  0 01 t 08    0.0304  0 05 t 06    0.0304  0 05 t 06
0.0478  0 29 x 06    0.0478  0 00 t 06    0.0304  0 04 t 10    0.0304  0 00 t 06
0.0478  0 01 t 10    0.0478  0 04 x 07    0.0304  0 06 x 10    0.0304  0 06 x 10
0.0478  0 00 t 06    0.0478  0 01 t 10    0.0305  0 06 t 08    0.0305  0 06 t 08
0.0479  0 00 t 10    0.0478  0 00 t 10    0.0305  0 05 t 10    0.0305  0 05 t 10
0.0479  0 01 t 12    0.0479  0 01 t 12    0.0306  0 06 t 07    0.0306  0 06 t 07
0.0479  0 27 t 08    0.0480  0 27 t 08    0.0306  0 27 t 07    0.0306  0 27 t 07
0.0480  0 06 t 10    0.0480  0 06 t 10    0.0307  0 01 t 05    0.0307  0 05 t 12
0.0481  0 28 x 06    0.0481  0 28 x 06    0.0307  0 01 x 07    0.0307  0 01 t 05
0.0482  0 06 t 06    0.0482  0 06 t 06    0.0307  0 05 t 12    0.0307  0 01 x 07
0.0483  0 06 t 12    0.0483  0 04 t 06    0.0307  0 00 t 12    0.0307  0 30 x 06
0.0483  0 04 t 06    0.0484  0 06 t 12    0.0308  0 06 x 07    0.0307  0 00 t 12
0.0484  0 01 x 06    0.0484  0 01 x 06    0.0308  0 30 x 06    0.0308  0 06 x 07
0.0485  0 00 t 12    0.0485  0 00 t 12    0.0308  0 06 t 10    0.0308  0 31 t 05
0.0488  0 04 t 12    0.0488  0 04 t 12    0.0310  0 27 t 08    0.0309  0 06 t 10
0.0488  0 04 t 10    0.0488  0 05 x 06    0.0311  0 06 t 12    0.0310  0 27 t 08
0.0488  0 05 x 06    0.0488  0 04 t 10    0.0312  0 31 t 05    0.0311  0 06 t 12
0.0492  0 31 t 05    0.0493  0 31 t 05    0.0312  0 06 t 06    0.0312  0 06 t 06
0.0494  0 27 t 06    0.0494  0 27 t 06    0.0313  0 04 x 06    0.0313  0 28 t 05
0.0495  0 01 t 05    0.0494  0 01 t 05    0.0314  0 00 x 06    0.0314  0 04 x 06
0.0496  0 00 x 06    0.0496  0 00 x 06    0.0314  0 30 t 05    0.0314  0 30 t 05
0.0497  0 29 t 05    0.0497  0 28 t 05    0.0315  0 27 t 06    0.0315  0 00 x 06
0.0498  0 07 x 12    0.0497  0 07 x 12    0.0315  0 28 t 05    0.0315  0 27 t 06
0.0498  0 30 t 05    0.0498  0 30 t 05    0.0315  0 00 t 05    0.0316  0 00 t 05
0.0498  0 05 t 05    0.0498  0 05 t 05    0.0316  0 05 x 06    0.0316  0 05 x 06
0.0499  0 28 t 05    0.0500  0 27 x 06    0.0318  0 29 t 05    0.0318  0 29 t 05
0.0500  0 27 x 06    0.0502  0 29 t 05    0.0318  0 27 x 06    0.0318  0 27 x 06
0.0502  0 00 t 05    0.0502  0 00 t 05    0.0319  0 03 x 12    0.0319  0 03 x 12
0.0503  0 06 x 06    0.0503  0 06 x 06    0.0320  0 03 x 10    0.0320  0 03 x 10
0.0503  0 03 x 10    0.0503  0 04 x 06    0.0321  0 05 t 05    0.0321  0 05 t 05
0.0503  0 04 x 06    0.0503  0 03 x 10    0.0322  0 04 t 05    0.0322  0 04 t 05
0.0503  0 07 x 08    0.0503  0 07 x 08    0.0323  0 06 x 06    0.0324  0 06 x 06
0.0504  0 03 x 12    0.0505  0 03 x 12    0.0324  0 27 t 05    0.0324  0 01 x 05
0.0509  0 07 x 10    0.0509  0 07 t 12    0.0324  0 01 x 05    0.0325  0 27 t 05
0.0509  0 07 t 12    0.0509  0 07 x 10    0.0326  0 03 x 08    0.0326  0 03 x 08
0.0510  0 07 t 07    0.0510  0 07 t 08    0.0329  0 28 x 05    0.0329  0 30 x 05
0.0510  0 07 t 08    0.0510  0 07 t 07    0.0330  0 30 x 05    0.0329  0 28 x 05
0.0512  0 03 x 08    0.0512  0 03 x 08    0.0331  0 06 t 05    0.0331  0 06 t 05
0.0512  0 06 t 05    0.0512  0 06 t 05    0.0332  0 29 x 05    0.0333  0 03 x 07
0.0513  0 27 t 05    0.0513  0 27 t 05    0.0333  0 03 x 07    0.0333  0 00 x 05
0.0513  0 04 t 05    0.0514  0 04 t 05    0.0333  0 00 x 05    0.0333  0 29 x 05
0.0515  0 07 x 07    0.0514  0 07 x 07    0.0336  0 27 x 05    0.0336  0 27 x 05
0.0518  0 07 t 10    0.0518  0 07 t 10    0.0337  0 31 x 05    0.0337  3 08 x 08
0.0518  3 08 x 08    0.0518  3 08 x 08    0.0337  3 08 x 08    0.0338  0 31 x 05
0.0519  0 07 t 06    0.0519  4 08 x 12    0.0339  0 04 x 05    0.0339  0 04 x 05
0.0520  4 08 x 12    0.0520  0 07 t 06    0.0341  0 05 x 05    0.0341  0 05 x 05
0.0520  4 08 t 12    0.0520  4 08 t 12    0.0342  4 08 x 12    0.0342  4 08 x 12
0.0523  0 31 x 05    0.0523  0 03 x 07    0.0343  0 07 x 12    0.0343  0 07 x 12
0.0523  0 03 x 07    0.0523  0 31 x 05    0.0343  4 08 t 12    0.0343  4 08 t 12
0.0524  0 01 x 05    0.0525  0 01 x 05    0.0345  3 08 x 12    0.0345  3 08 x 12
0.0527  0 28 x 05    0.0527  0 28 x 05    0.0346  3 08 t 08    0.0346  3 08 t 08
0.0527  0 30 x 05    0.0527  0 30 x 05    0.0347  0 07 x 08    0.0347  0 07 x 08
0.0528  0 29 x 05    0.0529  0 29 x 05    0.0348  0 06 x 05    0.0348  0 06 x 05
0.0529  0 05 x 05    0.0529  0 05 x 05    0.0349  3 08 t 12    0.0349  3 08 t 12
0.0533  4 08 x 08    0.0533  4 08 x 08    0.0349  0 04 t 04    0.0349  0 04 t 04
0.0534  0 00 x 05    0.0534  0 00 x 05    0.0350  0 07 t 12    0.0349  0 07 t 12
0.0535  3 08 t 08    0.0535  3 08 t 08    0.0351  0 31 t 04    0.0351  0 31 t 04
0.0537  3 08 x 12    0.0537  0 07 x 06    0.0351  0 05 t 04    0.0351  0 05 t 04
0.0537  0 07 x 06    0.0537  3 08 x 12    0.0351  0 07 t 07    0.0351  0 07 t 07
0.0539  5 08 x 12    0.0539  5 08 x 12    0.0352  0 07 t 08    0.0351  0 07 t 08
0.0540  5 08 t 12    0.0539  5 08 t 12    0.0352  0 01 t 04    0.0352  0 01 t 04
0.0541  0 27 x 05    0.0540  0 27 x 05    0.0352  3 08 x 10    0.0352  3 08 x 10
0.0541  4 08 x 10    0.0541  4 08 x 10    0.0353  0 07 x 10    0.0353  0 07 x 10
0.0543  0 07 t 05    0.0543  3 08 t 12    0.0354  0 07 x 07    0.0353  0 07 x 07
0.0544  4 08 t 08    0.0544  4 08 t 08    0.0356  0 30 t 04    0.0357  0 30 t 04
0.0544  4 08 t 10    0.0544  0 07 t 05    0.0357  0 07 t 06    0.0357  0 28 t 04
0.0544  3 08 t 12    0.0545  3 08 x 10    0.0358  0 28 t 04    0.0357  0 07 t 06
0.0544  3 08 x 10    0.0545  4 08 t 10    0.0358  0 07 t 10    0.0358  0 07 t 10
0.0546  0 06 x 05    0.0545  0 06 x 05    0.0359  3 08 t 10    0.0359  3 08 t 10
0.0546  0 04 x 05    0.0546  0 04 x 05    0.0361  4 08 x 08    0.0361  4 08 x 08
0.0552  0 05 t 04    0.0552  0 05 t 04    0.0362  0 06 t 04    0.0362  0 06 t 04
0.0555  3 08 t 10    0.0555  3 08 t 10    0.0363  4 08 x 10    0.0363  4 08 x 10
0.0565  0 04 t 04    0.0565  0 04 t 04    0.0363  0 27 t 04    0.0363  0 03 x 06
0.0566  0 06 t 04    0.0566  0 06 t 04    0.0364  0 03 x 06    0.0363  0 27 t 04
0.0569  0 31 t 04    0.0569  0 31 t 04    0.0365  0 00 t 04    0.0365  0 00 t 04
0.0571  0 01 t 04    0.0571  0 03 x 06    0.0366  0 07 x 06    0.0366  4 08 t 10
0.0572  0 03 x 06    0.0572  0 01 t 04    0.0366  4 08 t 10    0.0366  0 07 x 06
0.0574  0 02 x 06    0.0574  0 02 x 06    0.0366  0 02 x 06    0.0366  0 02 x 06
0.0575  0 30 t 04    0.0575  0 30 t 04    0.0368  0 07 t 05    0.0368  4 08 t 08
0.0576  3 08 x 07    0.0576  3 08 x 07    0.0368  4 08 t 08    0.0368  0 07 t 05
0.0576  0 28 t 04    0.0576  0 28 t 04    0.0371  3 08 x 07    0.0371  3 08 x 07
0.0577  0 07 x 05    0.0576  0 07 x 05    0.0371  0 01 x 04    0.0371  0 01 x 04
0.0577  4 08 t 07    0.0576  4 08 t 07    0.0375  3 08 t 07    0.0374  3 08 t 07
0.0578  0 29 t 04    0.0578  0 29 t 04    0.0376  5 08 x 12    0.0376  5 08 x 12
0.0581  4 08 x 07    0.0581  4 08 x 07    0.0377  5 08 t 12    0.0377  5 08 t 12
0.0582  3 08 t 07    0.0582  3 08 t 07    0.0377  3 08 t 06    0.0377  3 08 t 06
0.0589  3 08 t 06    0.0588  0 27 t 04    0.0378  0 31 x 04    0.0377  0 31 x 04
0.0589  0 27 t 04    0.0588  3 08 t 06    0.0378  0 05 x 04    0.0378  0 05 x 04
0.0589  5 08 x 10    0.0590  5 08 x 10    0.0379  0 04 x 04    0.0379  0 04 x 04
0.0590  0 00 t 04    0.0590  0 00 t 04    0.0383  0 28 x 04    0.0382  0 28 x 04
0.0593  5 08 t 10    0.0594  5 08 t 10    0.0384  0 30 x 04    0.0383  0 30 x 04
0.0597  0 05 x 04    0.0598  0 05 x 04    0.0384  3 08 x 06    0.0384  3 08 x 06
0.0599  0 07 t 04    0.0599  0 07 t 04    0.0384  0 29 t 04    0.0384  0 29 t 04
0.0599  5 08 x 08    0.0599  3 08 x 06    0.0386  0 06 x 04    0.0386  0 06 x 04
0.0600  3 08 x 06    0.0600  5 08 x 08    0.0387  0 00 x 04    0.0387  0 07 x 05
0.0605  0 01 x 04    0.0605  0 01 x 04    0.0387  0 07 x 05    0.0388  0 00 x 04
0.0612  6 08 t 12    0.0612  6 08 t 12    0.0389  4 08 t 07    0.0390  0 27 x 04
0.0612  0 06 x 04    0.0612  0 06 x 04    0.0390  0 27 x 04    0.0390  4 08 t 07
0.0612  6 08 x 12    0.0612  6 08 x 12    0.0392  4 08 x 07    0.0392  4 08 x 07
0.0613  4 08 t 06    0.0612  4 08 t 06    0.0394  3 08 t 05    0.0395  3 08 t 05
0.0613  0 04 x 04    0.0613  0 04 x 04    0.0398  0 07 t 04    0.0398  0 07 t 04
0.0613  4 08 x 06    0.0613  4 08 x 06    0.0400  0 03 x 05    0.0400  0 03 x 05
0.0614  0 31 x 04    0.0614  0 31 x 04    0.0405  3 08 x 05    0.0405  3 08 x 05
0.0617  5 08 t 08    0.0616  5 08 t 08    0.0408  0 02 x 05    0.0407  0 02 x 05
0.0618  3 08 t 05    0.0618  3 08 t 05    0.0411  0 29 x 04    0.0411  0 29 x 04
0.0620  0 28 x 04    0.0619  0 28 x 04    0.0412  4 08 t 06    0.0412  4 08 x 06
0.0620  0 30 x 04    0.0620  0 30 x 04    0.0412  4 08 x 06    0.0412  4 08 t 06
0.0622  6 08 x 10    0.0622  6 08 x 10    0.0417  0 01 t 03    0.0417  0 01 t 03
0.0623  6 08 t 10    0.0623  6 08 t 10    0.0422  0 05 t 03    0.0422  0 05 t 03
0.0624  0 29 x 04    0.0623  0 29 x 04    0.0422  0 04 t 03    0.0422  0 04 t 03
0.0628  0 00 x 04    0.0628  0 00 x 04    0.0424  0 07 x 04    0.0423  0 07 x 04
0.0633  0 27 x 04    0.0634  0 27 x 04    0.0426  5 08 x 10    0.0426  5 08 x 10
0.0639  3 08 x 05    0.0637  3 08 x 05    0.0427  0 31 t 03    0.0428  0 31 t 03
0.0639  0 03 x 05    0.0638  0 03 x 05    0.0428  0 06 t 03    0.0428  5 08 t 10
0.0644  0 02 x 05    0.0644  0 02 x 05    0.0428  5 08 t 10    0.0428  0 06 t 03
0.0645  0 07 x 04    0.0645  0 07 x 04    0.0432  4 08 t 05    0.0431  4 08 t 05
0.0645  4 08 t 05    0.0646  4 08 t 05    0.0432  0 00 t 03    0.0432  0 00 t 03
0.0653  5 08 t 07    0.0653  5 08 t 07    0.0434  0 30 t 03    0.0434  0 30 t 03
0.0657  5 08 x 07    0.0657  5 08 x 07    0.0434  0 28 t 03    0.0435  0 28 t 03
0.0662  4 08 x 05    0.0661  4 08 x 05    0.0436  2 08 x 05    0.0436  2 08 x 05
0.0679  0 05 t 03    0.0679  0 05 t 03    0.0437  0 29 t 03    0.0437  5 08 x 08
0.0685  0 06 t 03    0.0685  0 06 t 03    0.0438  5 08 x 08    0.0437  0 29 t 03
0.0686  3 08 t 04    0.0686  3 08 t 04    0.0439  2 08 t 05    0.0439  2 08 t 05
0.0688  0 01 t 03    0.0688  0 01 t 03    0.0441  0 27 t 03    0.0440  3 08 t 04
0.0692  5 08 t 06    0.0692  5 08 t 06    0.0441  3 08 t 04    0.0441  0 27 t 03
0.0693  0 04 t 03    0.0693  0 04 t 03    0.0442  4 08 x 05    0.0442  4 08 x 05
0.0695  2 08 x 05    0.0695  2 08 x 05    0.0448  5 08 t 08    0.0448  5 08 t 08
0.0697  2 08 t 05    0.0697  5 08 x 06    0.0449  6 08 t 12    0.0449  6 08 t 12
0.0697  5 08 x 06    0.0697  2 08 t 05    0.0450  6 08 x 12    0.0450  6 08 x 12
0.0704  0 31 t 03    0.0704  0 31 t 03    0.0454  0 01 x 03    0.0454  0 01 x 03
0.0705  4 08 t 04    0.0706  4 08 t 04    0.0458  0 04 x 03    0.0458  6 08 x 10
0.0710  0 00 t 03    0.0710  0 00 t 03    0.0458  6 08 x 10    0.0458  0 04 x 03
0.0711  0 30 t 03    0.0711  0 30 t 03    0.0458  0 05 x 03    0.0458  0 05 x 03
0.0712  0 28 t 03    0.0712  0 28 t 03    0.0459  6 08 t 10    0.0459  6 08 t 10
0.0715  0 29 t 03    0.0715  0 29 t 03    0.0460  3 08 x 04    0.0460  0 03 x 04
0.0717  0 07 t 03    0.0717  0 07 t 03    0.0460  0 03 x 04    0.0460  0 07 t 03
0.0726  0 27 t 03    0.0726  0 27 t 03    0.0460  0 07 t 03    0.0461  0 06 x 03
0.0726  3 08 x 04    0.0726  3 08 x 04    0.0461  0 06 x 03    0.0463  0 31 x 03
0.0741  0 05 x 03    0.0741  0 05 x 03    0.0463  0 31 x 03    0.0463  3 08 x 04
0.0742  0 03 x 04    0.0742  0 03 x 04    0.0465  4 08 t 04    0.0465  4 08 t 04
0.0746  0 06 x 03    0.0746  0 06 x 03    0.0469  0 00 x 03    0.0469  0 28 x 03
0.0749  4 08 x 04    0.0751  4 08 x 04    0.0469  0 30 x 03    0.0470  0 00 x 03
0.0752  0 01 x 03    0.0752  0 01 x 03    0.0470  0 28 x 03    0.0470  0 30 x 03
0.0754  0 04 x 03    0.0754  0 04 x 03    0.0474  0 02 x 04    0.0474  0 29 x 03
0.0756  0 02 x 04    0.0759  0 02 x 04    0.0474  0 29 x 03    0.0477  0 02 x 04
0.0764  0 31 x 03    0.0764  0 31 x 03    0.0479  0 27 x 03    0.0479  0 27 x 03
0.0766  5 08 x 05    0.0766  5 08 x 05    0.0479  5 08 t 07    0.0479  5 08 t 07
0.0770  0 28 x 03    0.0770  0 30 x 03    0.0481  5 08 x 07    0.0482  5 08 x 07
0.0770  0 30 x 03    0.0770  0 28 x 03    0.0490  4 08 x 04    0.0490  4 08 x 04
0.0772  0 00 x 03    0.0771  6 08 x 08    0.0495  0 07 x 03    0.0495  0 07 x 03
0.0772  6 08 x 08    0.0773  0 00 x 03    0.0497  2 08 t 04    0.0496  2 08 t 04
0.0776  6 08 t 08    0.0774  6 08 t 08    0.0508  2 08 x 04    0.0508  2 08 x 04
0.0777  0 29 x 03    0.0777  0 29 x 03    0.0511  5 08 t 06    0.0511  5 08 t 06
0.0777  0 07 x 03    0.0777  0 07 x 03    0.0512  5 08 x 06    0.0512  5 08 x 06
0.0780  5 08 t 05    0.0779  5 08 t 05    0.0534  3 08 t 03    0.0534  3 08 t 03
0.0789  0 27 x 03    0.0789  0 27 x 03    0.0552  4 08 t 03    0.0552  4 08 t 03
0.0794  2 08 t 04    0.0794  2 08 t 04    0.0561  5 08 x 05    0.0561  5 08 x 05
0.0818  2 08 x 04    0.0818  2 08 x 04    0.0561  3 08 x 03    0.0561  3 08 x 03
0.0823  5 08 t 04    0.0820  5 08 t 04    0.0567  0 02 x 03    0.0567  0 02 x 03
0.0839  6 08 t 07    0.0841  6 08 t 07    0.0570  0 03 x 03    0.0569  0 03 x 03
0.0846  6 08 x 07    0.0847  6 08 x 07    0.0575  5 08 t 05    0.0575  5 08 t 05
0.0860  4 08 t 03    0.0859  4 08 t 03    0.0578  1 08 x 05    0.0579  1 08 t 05
0.0870  5 08 x 04    0.0869  5 08 x 04    0.0578  1 08 t 05    0.0579  1 08 x 05
0.0878  3 08 t 03    0.0878  3 08 t 03    0.0582  4 08 x 03    0.0582  4 08 x 03
0.0896  6 08 t 06    0.0897  6 08 t 06    0.0599  5 08 t 04    0.0597  5 08 t 04
0.0913  4 08 x 03    0.0913  4 08 x 03    0.0604  2 08 t 03    0.0604  6 08 x 08
0.0915  6 08 x 06    0.0913  6 08 x 06    0.0606  6 08 x 08    0.0605  2 08 t 03
0.0920  3 08 x 03    0.0920  3 08 x 03    0.0615  6 08 t 08    0.0615  6 08 t 08
0.0927  0 02 x 03    0.0927  0 02 x 03    0.0625  2 08 x 03    0.0625  2 08 x 03
0.0929  0 03 x 03    0.0928  0 03 x 03    0.0628  5 08 x 04    0.0627  5 08 x 04
0.0930  1 08 t 05    0.0930  1 08 t 05    0.0669  6 08 t 07    0.0670  6 08 t 07
0.0930  1 08 x 05    0.0931  1 08 x 05    0.0674  6 08 x 07    0.0674  1 08 t 04
0.0979  5 08 t 03    0.0979  5 08 t 03    0.0674  1 08 x 04    0.0675  1 08 x 04
0.0986  2 08 t 03    0.0986  2 08 t 03    0.0675  1 08 t 04    0.0675  6 08 x 07
0.0995  6 08 t 05    0.0994  6 08 t 05    0.0690  5 08 t 03    0.0688  5 08 t 03
0.1021  2 08 x 03    0.1020  2 08 x 03    0.0717  6 08 t 06    0.0717  6 08 t 06
0.1036  6 08 x 05    0.1034  6 08 x 05    0.0724  6 08 x 06    0.0724  6 08 x 06
0.1039  5 08 x 03    0.1039  5 08 x 03    0.0724  5 08 x 03    0.0726  5 08 x 03
0.1093  1 08 x 04    0.1067  6 08 t 04    0.0807  6 08 t 05    0.0805  6 08 t 05
0.1093  1 08 t 04    0.1093  1 08 t 04    0.0829  6 08 x 05    0.0833  6 08 x 05
0.1109  6 08 t 04    0.1094  1 08 x 04    0.0844  1 08 t 03    0.0844  1 08 x 03
0.1131  7 08 t 05    0.1130  7 08 t 05    0.0845  1 08 x 03    0.0845  1 08 t 03
0.1153  7 08 x 05    0.1153  7 08 x 05    0.0892  6 08 t 04    0.0882  6 08 t 04
0.1160  6 08 x 04    0.1162  6 08 x 04    0.0897  0 02 x 07    0.0894  0 02 x 07
0.1317  6 08 t 03    0.1322  6 08 t 03    0.0922  6 08 x 04    0.0922  6 08 x 04
0.1368  6 08 x 03    0.1372  6 08 x 03    0.0946  7 08 t 05    0.0946  7 08 t 05
0.1383  1 08 x 03    0.1384  1 08 x 03    0.0956  0 02 x 08    0.0956  0 02 x 08
0.1384  1 08 t 03    0.1387  1 08 t 03    0.0959  7 08 x 05    0.0959  7 08 x 05
0.1454  0 02 x 07    0.1453  0 02 x 07    0.1028  0 02 x 10    0.1004  6 08 t 03
0.1548  0 02 x 08    0.1547  0 02 x 08    0.1047  6 08 t 03    0.1029  0 02 x 10
0.1636  0 02 x 10    0.1638  0 02 x 10    0.1054  6 08 x 03    0.1073  6 08 x 03
0.1733  0 02 x 12    0.1733  0 02 x 12    0.1087  0 02 x 12    0.1086  0 02 x 12
0.1733  7 08 t 04    0.1737  7 08 t 04    0.1522  7 08 t 04    0.1524  7 08 t 04
0.1976  7 08 x 04    0.1977  7 08 x 04    0.1747  7 08 x 04    0.1652  7 08 x 04
0.2085  7 08 t 03    0.2086  7 08 t 03    0.1808  7 08 t 03    0.1805  7 08 x 03
0.2163  7 08 x 03    0.2139  7 08 x 03    0.1864  7 08 x 03    0.1810  7 08 t 03
---Benchmark Program Finished---
