
./testbench.sh clang++ O3 MontgomeryHalf uint64_t 191 8 22 -DTEST_ARRAY

compilation finished, now executing:
---Running Program---

begin benchmarks - array two_pow
(ignore)14570983554645190575

OVERALL BEST:
0.1332  0 29 x 12
0.1332  0 32 x 12
0.1334  0 28 x 12
0.1335  0 31 x 12
0.1335  0 31 x 10
0.1338  0 32 x 08
0.1343  0 32 x 10
0.1346  0 30 x 12
0.1347  0 29 x 08
0.1350  0 31 x 07
0.1352  0 31 x 08
0.1353  0 28 x 08
0.1354  0 30 x 10
0.1354  0 29 x 10
0.1356  0 32 x 07
0.1361  0 28 x 10
0.1363  0 30 x 08
0.1363  0 29 x 07
0.1366  0 30 x 07
0.1387  0 28 x 07
0.1399  0 30 x 06
0.1401  0 31 x 06
0.1415  0 27 x 12
0.1416  0 32 x 06
0.1417  0 29 x 06
0.1423  0 27 x 10
0.1428  0 28 x 06
0.1442  0 27 x 08
0.1457  0 01 x 12
0.1459  0 05 x 08
0.1464  0 03 x 08
0.1467  0 01 x 07
0.1469  0 04 x 08
0.1470  0 27 x 07
0.1473  0 01 x 10
0.1475  0 05 x 12
0.1475  0 05 x 07
0.1476  0 01 x 08
0.1476  0 04 x 12
0.1483  0 01 x 06
0.1488  0 04 x 07
0.1489  0 06 x 08
0.1489  0 05 x 10
0.1497  0 04 x 10
0.1498  0 06 x 12
0.1506  0 03 x 10
0.1507  0 06 x 07
0.1512  0 00 x 10
0.1512  0 05 x 06
0.1512  0 27 x 06
0.1513  0 06 x 10
0.1530  0 04 x 06
0.1534  0 00 x 08
0.1539  0 31 x 05
0.1541  0 00 x 07
0.1541  0 30 x 05
0.1544  0 28 x 05
0.1545  0 29 x 05
0.1545  0 32 x 05
0.1547  0 06 x 06
0.1552  0 01 x 05
0.1555  0 00 x 06
0.1556  0 03 x 07
0.1566  0 00 x 12
0.1573  0 03 x 12
0.1586  0 05 x 05
0.1609  0 27 x 05
0.1614  4 08 x 08
0.1618  0 00 x 05
0.1630  0 04 x 05
0.1631  3 08 x 08
0.1639  0 06 x 05
0.1654  0 07 x 08
0.1660  0 07 x 12
0.1674  0 07 x 07
0.1677  0 07 x 10
0.1690  0 01 x 04
0.1708  4 08 x 10
0.1709  0 03 x 06
0.1711  0 05 x 04
0.1714  0 07 x 06
0.1715  0 02 x 06
0.1715  5 08 x 08
0.1718  0 28 x 04
0.1722  0 30 x 04
0.1727  0 04 x 04
0.1731  3 08 x 12
0.1735  4 08 x 12
0.1746  0 00 x 04
0.1748  0 31 x 04
0.1753  4 08 x 07
0.1754  3 08 x 10
0.1776  0 06 x 04
0.1787  0 29 x 04
0.1788  0 32 x 04
0.1788  5 08 x 10
0.1790  4 08 x 06
0.1796  3 08 x 07
0.1803  0 07 x 05
0.1805  0 27 x 04
0.1832  5 08 x 07
0.1834  3 08 x 06
0.1870  4 08 x 05
0.1874  5 08 x 06
0.1892  3 08 x 05
0.1916  0 07 x 04
0.1924  0 02 x 05
0.1926  0 03 x 05
0.1952  5 08 x 12
0.1967  5 08 x 05
0.1991  6 08 x 08
0.2028  4 08 x 04
0.2040  6 08 x 10
0.2068  3 08 x 04
0.2081  0 05 x 03
0.2087  6 08 x 07
0.2111  0 06 x 03
0.2116  0 04 x 03
0.2119  0 30 x 03
0.2123  0 28 x 03
0.2144  0 31 x 03
0.2147  6 08 x 06
0.2148  0 29 x 03
0.2152  5 08 x 04
0.2157  0 01 x 03
0.2172  0 02 x 04
0.2179  0 32 x 03
0.2191  0 03 x 04
0.2223  0 27 x 03
0.2247  2 08 x 05
0.2253  6 08 x 05
0.2272  0 07 x 03
0.2290  0 00 x 03
0.2307  2 08 x 04
0.2449  4 08 x 03
0.2469  6 08 x 12
0.2495  6 08 x 04
0.2551  3 08 x 03
0.2586  5 08 x 03
0.2681  0 03 x 03
0.2683  0 02 x 03
0.2791  0 05 x 02
0.2821  1 08 x 05
0.2822  0 01 x 02
0.2831  0 06 x 02
0.2842  0 04 x 02
0.2884  2 08 x 03
0.2911  0 00 x 02
0.2912  0 28 x 02
0.2918  0 30 x 02
0.2949  0 07 x 02
0.2968  1 08 x 04
0.2971  7 08 x 05
0.2973  6 08 x 03
0.2973  0 31 x 02
0.2973  0 29 x 02
0.2973  0 32 x 02
0.3047  0 27 x 02
0.3187  4 08 x 02
0.3287  7 08 x 04
0.3345  3 08 x 02
0.3364  5 08 x 02
0.3660  0 03 x 02
0.3666  0 02 x 02
0.3771  2 08 x 02
0.3782  1 08 x 03
0.3884  6 08 x 02
0.3900  7 08 x 03
0.4458  0 02 x 07
0.4662  0 05 x 01
0.4688  0 01 x 01
0.4692  0 06 x 01
0.4716  0 04 x 01
0.4717  0 30 x 01
0.4719  0 28 x 01
0.4742  0 07 x 01
0.4809  0 00 x 01
0.4813  0 02 x 08
0.4855  0 31 x 01
0.4856  0 29 x 01
0.4875  0 32 x 01
0.4982  0 27 x 01
0.5067  1 08 x 02
0.5133  7 08 x 02
0.5178  0 02 x 10
0.5221  4 08 x 01
0.5258  5 08 x 01
0.5593  0 02 x 12
0.5612  3 08 x 01
0.6065  0 02 x 01
0.6078  0 03 x 01
0.6156  6 08 x 01
0.6436  2 08 x 01
0.8388  7 08 x 01
0.8880  1 08 x 01
Timings By Test Type:
0.0399  0 31 x 10    0.0401  0 32 x 10    0.0260  0 29 x 12    0.0260  0 29 x 12
0.0404  0 31 x 08    0.0405  0 32 x 08    0.0260  0 32 x 12    0.0260  0 32 x 12
0.0404  0 32 x 08    0.0405  0 29 x 08    0.0261  0 31 x 12    0.0261  0 31 x 12
0.0406  0 28 x 08    0.0405  0 28 x 08    0.0261  0 28 x 12    0.0261  0 28 x 12
0.0406  0 32 x 12    0.0406  0 29 x 12    0.0261  0 32 x 08    0.0263  0 30 x 12
0.0406  0 29 x 12    0.0406  0 32 x 12    0.0263  0 30 x 12    0.0263  0 31 x 10
0.0406  0 29 x 08    0.0406  0 31 x 07    0.0263  0 31 x 10    0.0265  0 30 x 10
0.0406  0 30 x 08    0.0406  0 28 x 12    0.0265  0 29 x 10    0.0265  0 29 x 10
0.0406  0 28 x 12    0.0407  0 31 x 12    0.0265  0 32 x 10    0.0265  0 32 x 10
0.0407  0 31 x 07    0.0408  0 29 x 07    0.0265  0 30 x 10    0.0267  0 31 x 08
0.0407  0 31 x 12    0.0408  0 32 x 07    0.0266  0 32 x 07    0.0267  0 28 x 10
0.0409  0 32 x 07    0.0410  0 30 x 12    0.0267  0 31 x 08    0.0268  0 32 x 08
0.0410  0 29 x 07    0.0410  0 31 x 10    0.0267  0 28 x 10    0.0268  0 29 x 08
0.0410  0 30 x 12    0.0411  0 30 x 07    0.0268  0 29 x 08    0.0269  0 31 x 07
0.0411  0 30 x 07    0.0412  0 30 x 10    0.0269  0 31 x 07    0.0270  0 30 x 08
0.0412  0 32 x 10    0.0412  0 29 x 10    0.0270  0 30 x 08    0.0271  0 28 x 08
0.0412  0 30 x 10    0.0413  0 28 x 10    0.0271  0 28 x 08    0.0272  0 30 x 07
0.0412  0 29 x 10    0.0414  0 31 x 08    0.0272  0 30 x 06    0.0272  0 29 x 07
0.0413  0 28 x 10    0.0416  0 28 x 07    0.0272  0 30 x 07    0.0273  0 32 x 07
0.0416  0 28 x 07    0.0416  0 30 x 08    0.0272  0 29 x 07    0.0277  0 27 x 12
0.0422  0 31 x 06    0.0422  0 31 x 06    0.0277  0 27 x 12    0.0278  0 28 x 07
0.0424  0 30 x 06    0.0425  0 30 x 06    0.0278  0 32 x 06    0.0279  0 31 x 06
0.0424  0 27 x 10    0.0426  0 32 x 06    0.0278  0 28 x 07    0.0279  0 30 x 06
0.0426  0 32 x 06    0.0426  0 29 x 06    0.0278  0 29 x 06    0.0281  0 27 x 10
0.0427  0 29 x 06    0.0430  0 28 x 06    0.0278  0 31 x 06    0.0285  0 01 x 12
0.0430  0 27 x 12    0.0431  0 27 x 12    0.0280  0 28 x 06    0.0286  0 29 x 06
0.0430  0 28 x 06    0.0432  0 27 x 08    0.0282  0 27 x 10    0.0286  0 32 x 06
0.0433  0 27 x 08    0.0436  0 27 x 10    0.0285  0 01 x 12    0.0287  0 28 x 06
0.0436  0 05 x 07    0.0440  0 05 x 08    0.0288  0 04 x 08    0.0288  0 04 x 08
0.0438  0 01 x 07    0.0441  0 27 x 07    0.0289  0 01 x 10    0.0289  0 03 x 08
0.0440  0 05 x 08    0.0443  0 01 x 12    0.0289  0 04 x 12    0.0289  0 01 x 10
0.0441  0 27 x 07    0.0443  0 05 x 12    0.0289  0 03 x 08    0.0289  0 04 x 12
0.0443  0 01 x 12    0.0443  0 03 x 08    0.0289  0 27 x 08    0.0289  0 27 x 08
0.0443  0 05 x 12    0.0447  0 04 x 08    0.0289  0 01 x 08    0.0290  0 01 x 08
0.0443  0 03 x 08    0.0447  0 06 x 08    0.0290  0 05 x 08    0.0290  0 05 x 08
0.0444  0 06 x 07    0.0448  0 05 x 10    0.0290  0 01 x 07    0.0290  0 01 x 07
0.0444  0 04 x 07    0.0448  0 01 x 10    0.0291  0 01 x 06    0.0291  0 01 x 06
0.0447  0 04 x 08    0.0448  0 05 x 07    0.0293  0 04 x 10    0.0293  0 04 x 10
0.0447  0 06 x 08    0.0448  0 01 x 08    0.0294  0 04 x 07    0.0294  0 04 x 07
0.0448  0 05 x 10    0.0449  0 01 x 07    0.0294  0 27 x 07    0.0294  0 27 x 07
0.0448  0 01 x 10    0.0450  0 04 x 12    0.0294  0 27 x 06    0.0294  0 05 x 12
0.0448  0 01 x 08    0.0450  0 06 x 12    0.0294  0 05 x 12    0.0295  0 03 x 10
0.0449  0 04 x 12    0.0451  0 01 x 06    0.0295  0 03 x 10    0.0295  0 05 x 07
0.0450  0 06 x 12    0.0454  0 06 x 10    0.0296  0 05 x 07    0.0297  0 05 x 10
0.0451  0 01 x 06    0.0456  0 04 x 10    0.0297  0 05 x 10    0.0297  0 00 x 10
0.0454  0 06 x 10    0.0456  0 06 x 07    0.0297  0 06 x 08    0.0297  0 06 x 08
0.0456  0 04 x 10    0.0456  0 05 x 06    0.0297  0 00 x 10    0.0299  0 06 x 12
0.0456  0 05 x 06    0.0456  0 04 x 07    0.0299  0 06 x 12    0.0300  0 04 x 06
0.0458  0 03 x 10    0.0458  0 27 x 06    0.0300  0 05 x 06    0.0300  0 05 x 06
0.0458  0 27 x 06    0.0458  0 03 x 10    0.0300  0 04 x 06    0.0301  0 00 x 08
0.0458  0 00 x 10    0.0459  0 00 x 10    0.0301  0 30 x 05    0.0302  0 28 x 05
0.0462  0 03 x 07    0.0465  0 01 x 05    0.0301  0 00 x 08    0.0302  0 06 x 10
0.0465  0 04 x 06    0.0465  0 04 x 06    0.0302  0 06 x 10    0.0303  0 27 x 06
0.0465  0 06 x 06    0.0465  0 06 x 06    0.0302  0 28 x 05    0.0303  0 00 x 07
0.0465  0 00 x 08    0.0466  0 00 x 08    0.0303  0 00 x 07    0.0303  0 31 x 05
0.0466  0 31 x 05    0.0466  0 31 x 05    0.0303  0 31 x 05    0.0303  0 06 x 07
0.0468  0 00 x 07    0.0468  0 30 x 05    0.0303  0 29 x 05    0.0304  0 29 x 05
0.0469  0 30 x 05    0.0468  0 00 x 07    0.0303  0 32 x 05    0.0304  0 30 x 05
0.0469  0 32 x 05    0.0469  0 05 x 05    0.0304  0 06 x 07    0.0304  0 32 x 05
0.0469  0 29 x 05    0.0469  0 29 x 05    0.0306  0 01 x 05    0.0305  0 01 x 05
0.0470  0 28 x 05    0.0469  0 32 x 05    0.0306  0 00 x 12    0.0306  0 00 x 12
0.0470  0 00 x 06    0.0469  0 28 x 05    0.0307  0 00 x 06    0.0307  0 00 x 06
0.0476  0 01 x 05    0.0470  0 00 x 06    0.0308  0 03 x 12    0.0308  0 03 x 12
0.0477  0 00 x 12    0.0474  0 03 x 07    0.0308  0 06 x 06    0.0308  0 06 x 06
0.0478  0 03 x 12    0.0477  0 00 x 12    0.0310  0 03 x 07    0.0310  0 03 x 07
0.0482  0 05 x 05    0.0478  0 03 x 12    0.0313  0 27 x 05    0.0314  0 27 x 05
0.0485  4 08 x 08    0.0481  0 00 x 05    0.0318  0 05 x 05    0.0318  0 05 x 05
0.0487  0 07 x 07    0.0485  0 04 x 05    0.0322  0 00 x 05    0.0322  0 00 x 05
0.0489  0 07 x 08    0.0485  4 08 x 08    0.0322  4 08 x 08    0.0322  4 08 x 08
0.0489  0 07 x 12    0.0489  0 07 x 08    0.0323  3 08 x 08    0.0323  3 08 x 08
0.0491  0 27 x 05    0.0489  0 07 x 12    0.0324  0 04 x 05    0.0324  0 04 x 05
0.0492  3 08 x 08    0.0491  0 27 x 05    0.0325  0 01 x 04    0.0327  0 06 x 05
0.0493  0 06 x 05    0.0492  0 06 x 05    0.0327  0 06 x 05    0.0331  0 28 x 04
0.0494  0 00 x 05    0.0493  3 08 x 08    0.0331  0 28 x 04    0.0332  0 30 x 04
0.0494  0 07 x 10    0.0494  0 07 x 10    0.0332  0 30 x 04    0.0333  0 03 x 06
0.0497  0 04 x 05    0.0498  0 07 x 07    0.0333  0 03 x 06    0.0335  0 01 x 04
0.0505  5 08 x 08    0.0505  5 08 x 08    0.0338  0 02 x 06    0.0338  0 02 x 06
0.0506  0 07 x 06    0.0506  0 07 x 06    0.0338  0 31 x 04    0.0338  0 07 x 08
0.0514  4 08 x 10    0.0514  4 08 x 10    0.0339  0 07 x 08    0.0338  0 31 x 04
0.0515  0 05 x 04    0.0515  0 05 x 04    0.0341  4 08 x 10    0.0341  4 08 x 10
0.0515  0 01 x 04    0.0515  0 01 x 04    0.0341  0 05 x 04    0.0341  0 05 x 04
0.0519  4 08 x 12    0.0519  4 08 x 12    0.0341  0 07 x 12    0.0341  0 07 x 12
0.0520  0 02 x 06    0.0519  0 02 x 06    0.0341  0 04 x 04    0.0341  0 04 x 04
0.0521  0 03 x 06    0.0522  0 03 x 06    0.0341  0 00 x 04    0.0342  3 08 x 12
0.0522  0 04 x 04    0.0522  0 04 x 04    0.0342  3 08 x 12    0.0342  0 00 x 04
0.0524  3 08 x 12    0.0524  3 08 x 12    0.0344  0 07 x 10    0.0344  0 07 x 10
0.0527  5 08 x 10    0.0526  0 06 x 04    0.0345  0 07 x 07    0.0344  0 07 x 07
0.0528  0 28 x 04    0.0527  5 08 x 10    0.0346  0 27 x 04    0.0347  0 27 x 04
0.0529  4 08 x 07    0.0528  0 28 x 04    0.0347  3 08 x 10    0.0347  3 08 x 10
0.0529  0 30 x 04    0.0529  4 08 x 07    0.0348  4 08 x 07    0.0348  4 08 x 07
0.0530  3 08 x 10    0.0529  0 30 x 04    0.0348  4 08 x 12    0.0348  4 08 x 12
0.0531  0 00 x 04    0.0530  3 08 x 10    0.0351  0 07 x 06    0.0351  0 07 x 06
0.0534  0 29 x 04    0.0531  0 00 x 04    0.0352  5 08 x 08    0.0353  5 08 x 08
0.0534  0 32 x 04    0.0534  0 07 x 05    0.0353  3 08 x 07    0.0353  3 08 x 07
0.0534  0 07 x 05    0.0534  0 32 x 04    0.0354  0 06 x 04    0.0354  0 06 x 04
0.0536  0 31 x 04    0.0534  0 29 x 04    0.0354  4 08 x 06    0.0355  4 08 x 06
0.0540  4 08 x 06    0.0536  0 31 x 04    0.0359  0 29 x 04    0.0360  0 32 x 04
0.0541  0 06 x 04    0.0541  4 08 x 06    0.0360  0 32 x 04    0.0361  0 29 x 04
0.0541  5 08 x 07    0.0541  5 08 x 07    0.0361  3 08 x 06    0.0361  3 08 x 06
0.0545  3 08 x 07    0.0545  3 08 x 07    0.0367  5 08 x 10    0.0367  5 08 x 10
0.0554  5 08 x 06    0.0554  5 08 x 06    0.0368  0 07 x 05    0.0368  0 07 x 05
0.0556  0 27 x 04    0.0556  0 27 x 04    0.0370  4 08 x 05    0.0371  4 08 x 05
0.0557  3 08 x 06    0.0556  3 08 x 06    0.0371  3 08 x 05    0.0371  3 08 x 05
0.0564  4 08 x 05    0.0564  4 08 x 05    0.0375  5 08 x 07    0.0375  5 08 x 07
0.0565  0 07 x 04    0.0565  0 07 x 04    0.0380  0 02 x 05    0.0380  0 02 x 05
0.0567  5 08 x 12    0.0567  5 08 x 12    0.0380  0 03 x 05    0.0380  0 03 x 05
0.0573  6 08 x 08    0.0573  6 08 x 08    0.0383  5 08 x 06    0.0383  5 08 x 06
0.0575  3 08 x 05    0.0574  0 02 x 05    0.0393  0 07 x 04    0.0393  0 07 x 04
0.0582  5 08 x 05    0.0575  3 08 x 05    0.0399  4 08 x 04    0.0399  4 08 x 04
0.0590  0 02 x 05    0.0575  0 03 x 05    0.0400  0 04 x 03    0.0401  5 08 x 05
0.0591  6 08 x 10    0.0582  5 08 x 05    0.0401  5 08 x 05    0.0403  0 05 x 03
0.0591  0 03 x 05    0.0584  6 08 x 10    0.0402  0 31 x 03    0.0403  3 08 x 04
0.0604  6 08 x 07    0.0604  6 08 x 07    0.0403  0 05 x 03    0.0404  0 28 x 03
0.0615  4 08 x 04    0.0615  4 08 x 04    0.0403  3 08 x 04    0.0404  0 30 x 03
0.0621  6 08 x 06    0.0621  6 08 x 06    0.0405  0 30 x 03    0.0409  5 08 x 12
0.0631  3 08 x 04    0.0631  3 08 x 04    0.0407  0 01 x 03    0.0411  0 04 x 03
0.0638  0 05 x 03    0.0637  0 05 x 03    0.0409  0 06 x 03    0.0411  0 32 x 03
0.0641  5 08 x 04    0.0641  0 06 x 03    0.0409  5 08 x 12    0.0411  0 29 x 03
0.0641  0 06 x 03    0.0641  5 08 x 04    0.0410  0 28 x 03    0.0420  0 01 x 03
0.0652  0 31 x 03    0.0643  0 04 x 03    0.0412  0 29 x 03    0.0420  0 06 x 03
0.0652  6 08 x 05    0.0652  0 31 x 03    0.0423  6 08 x 08    0.0423  0 27 x 03
0.0654  0 28 x 03    0.0652  6 08 x 05    0.0423  0 27 x 03    0.0423  6 08 x 08
0.0655  0 30 x 03    0.0654  0 28 x 03    0.0427  0 02 x 04    0.0428  0 02 x 04
0.0659  0 02 x 04    0.0655  0 30 x 03    0.0428  0 03 x 04    0.0428  0 03 x 04
0.0662  0 04 x 03    0.0658  0 02 x 04    0.0432  6 08 x 10    0.0432  6 08 x 10
0.0663  0 29 x 03    0.0658  0 03 x 04    0.0435  5 08 x 04    0.0435  5 08 x 04
0.0663  0 32 x 03    0.0663  0 29 x 03    0.0437  2 08 x 05    0.0437  2 08 x 05
0.0666  0 01 x 03    0.0663  0 32 x 03    0.0440  6 08 x 07    0.0439  0 31 x 03
0.0677  0 03 x 04    0.0663  0 01 x 03    0.0442  0 32 x 03    0.0440  6 08 x 07
0.0680  0 07 x 03    0.0680  0 07 x 03    0.0444  0 00 x 03    0.0447  2 08 x 04
0.0686  2 08 x 05    0.0687  2 08 x 05    0.0447  2 08 x 04    0.0450  0 00 x 03
0.0689  0 27 x 03    0.0688  0 27 x 03    0.0452  6 08 x 06    0.0452  6 08 x 06
0.0695  6 08 x 12    0.0695  6 08 x 12    0.0456  0 07 x 03    0.0456  0 07 x 03
0.0698  0 00 x 03    0.0697  0 00 x 03    0.0474  6 08 x 05    0.0474  6 08 x 05
0.0707  2 08 x 04    0.0707  2 08 x 04    0.0485  4 08 x 03    0.0484  4 08 x 03
0.0724  6 08 x 04    0.0724  6 08 x 04    0.0498  3 08 x 03    0.0498  3 08 x 03
0.0740  4 08 x 03    0.0740  4 08 x 03    0.0511  0 03 x 03    0.0523  0 03 x 03
0.0768  5 08 x 03    0.0767  5 08 x 03    0.0512  0 02 x 03    0.0523  6 08 x 04
0.0778  3 08 x 03    0.0778  3 08 x 03    0.0524  6 08 x 04    0.0524  0 02 x 03
0.0823  0 03 x 03    0.0823  0 02 x 03    0.0526  5 08 x 03    0.0526  5 08 x 03
0.0823  0 02 x 03    0.0824  0 03 x 03    0.0528  0 05 x 02    0.0528  0 05 x 02
0.0828  7 08 x 05    0.0828  7 08 x 05    0.0530  0 01 x 02    0.0530  0 01 x 02
0.0861  1 08 x 05    0.0860  1 08 x 05    0.0536  0 04 x 02    0.0535  0 04 x 02
0.0861  6 08 x 03    0.0861  6 08 x 03    0.0539  6 08 x 12    0.0539  6 08 x 12
0.0868  0 05 x 02    0.0867  0 05 x 02    0.0542  0 06 x 02    0.0541  0 06 x 02
0.0874  0 06 x 02    0.0869  2 08 x 03    0.0546  0 28 x 02    0.0545  0 28 x 02
0.0876  2 08 x 03    0.0874  0 06 x 02    0.0546  0 00 x 02    0.0546  0 00 x 02
0.0881  0 01 x 02    0.0881  0 01 x 02    0.0547  0 30 x 02    0.0546  0 30 x 02
0.0886  0 04 x 02    0.0886  0 04 x 02    0.0550  1 08 x 05    0.0551  1 08 x 05
0.0901  1 08 x 04    0.0901  1 08 x 04    0.0560  0 29 x 02    0.0559  0 31 x 02
0.0906  0 07 x 02    0.0905  0 07 x 02    0.0560  0 32 x 02    0.0560  0 32 x 02
0.0909  0 00 x 02    0.0909  0 00 x 02    0.0560  0 31 x 02    0.0560  0 29 x 02
0.0911  0 28 x 02    0.0910  0 28 x 02    0.0569  0 07 x 02    0.0568  2 08 x 03
0.0913  0 30 x 02    0.0912  0 30 x 02    0.0571  2 08 x 03    0.0569  0 07 x 02
0.0919  7 08 x 04    0.0920  7 08 x 04    0.0571  0 27 x 02    0.0571  0 27 x 02
0.0927  0 31 x 02    0.0927  0 29 x 02    0.0583  1 08 x 04    0.0583  1 08 x 04
0.0927  0 29 x 02    0.0927  0 32 x 02    0.0605  4 08 x 02    0.0605  4 08 x 02
0.0927  0 32 x 02    0.0927  0 31 x 02    0.0626  6 08 x 03    0.0624  6 08 x 03
0.0952  0 27 x 02    0.0952  0 27 x 02    0.0633  3 08 x 02    0.0633  3 08 x 02
0.0989  4 08 x 02    0.0988  4 08 x 02    0.0657  5 08 x 02    0.0657  5 08 x 02
0.1025  5 08 x 02    0.1025  5 08 x 02    0.0657  7 08 x 05    0.0657  7 08 x 05
0.1040  3 08 x 02    0.1039  3 08 x 02    0.0689  0 03 x 02    0.0688  0 03 x 02
0.1086  7 08 x 03    0.1086  7 08 x 03    0.0690  0 02 x 02    0.0689  0 02 x 02
0.1142  0 03 x 02    0.1141  0 03 x 02    0.0712  2 08 x 02    0.0712  2 08 x 02
0.1144  0 02 x 02    0.1143  0 02 x 02    0.0724  7 08 x 04    0.0724  7 08 x 04
0.1152  6 08 x 02    0.1152  6 08 x 02    0.0726  1 08 x 03    0.0725  1 08 x 03
0.1165  1 08 x 03    0.1166  1 08 x 03    0.0790  6 08 x 02    0.0790  6 08 x 02
0.1173  2 08 x 02    0.1173  2 08 x 02    0.0828  0 05 x 01    0.0827  0 05 x 01
0.1346  0 02 x 07    0.1383  0 02 x 07    0.0828  0 30 x 01    0.0827  0 30 x 01
0.1457  7 08 x 02    0.1457  7 08 x 02    0.0829  0 28 x 01    0.0828  0 28 x 01
0.1478  0 02 x 08    0.1478  0 02 x 08    0.0829  0 01 x 01    0.0829  0 01 x 01
0.1504  0 05 x 01    0.1503  0 05 x 01    0.0836  0 04 x 01    0.0836  0 04 x 01
0.1505  0 06 x 01    0.1504  0 06 x 01    0.0842  0 06 x 01    0.0841  0 06 x 01
0.1515  0 01 x 01    0.1515  0 01 x 01    0.0851  0 00 x 01    0.0854  0 00 x 01
0.1517  0 07 x 01    0.1517  0 07 x 01    0.0855  0 07 x 01    0.0854  0 07 x 01
0.1522  0 04 x 01    0.1521  0 04 x 01    0.0860  0 31 x 01    0.0859  0 31 x 01
0.1531  0 30 x 01    0.1531  0 30 x 01    0.0862  0 29 x 01    0.0861  0 29 x 01
0.1531  0 28 x 01    0.1531  0 28 x 01    0.0864  0 02 x 07    0.0864  7 08 x 03
0.1553  0 00 x 01    0.1551  0 00 x 01    0.0865  7 08 x 03    0.0865  0 02 x 07
0.1567  0 29 x 01    0.1566  0 29 x 01    0.0867  0 32 x 01    0.0868  0 32 x 01
0.1568  0 31 x 01    0.1567  0 31 x 01    0.0874  0 27 x 01    0.0873  0 27 x 01
0.1571  0 32 x 01    0.1570  0 32 x 01    0.0928  0 02 x 08    0.0929  0 02 x 08
0.1574  1 08 x 02    0.1573  1 08 x 02    0.0929  4 08 x 01    0.0929  4 08 x 01
0.1583  0 02 x 10    0.1574  0 02 x 10    0.0951  5 08 x 01    0.0950  5 08 x 01
0.1618  0 27 x 01    0.1617  0 27 x 01    0.0960  1 08 x 02    0.0960  1 08 x 02
0.1679  5 08 x 01    0.1678  5 08 x 01    0.1003  3 08 x 01    0.1002  3 08 x 01
0.1682  4 08 x 01    0.1681  4 08 x 01    0.1011  0 02 x 10    0.1011  0 02 x 10
0.1707  0 02 x 12    0.1707  0 02 x 12    0.1067  0 02 x 01    0.1066  0 02 x 01
0.1804  3 08 x 01    0.1803  3 08 x 01    0.1068  0 03 x 01    0.1067  0 03 x 01
0.1895  6 08 x 01    0.1892  6 08 x 01    0.1089  0 02 x 12    0.1089  0 02 x 12
0.1967  0 02 x 01    0.1966  0 02 x 01    0.1109  7 08 x 02    0.1111  7 08 x 02
0.1972  0 03 x 01    0.1971  0 03 x 01    0.1157  2 08 x 01    0.1157  2 08 x 01
0.2062  2 08 x 01    0.2060  2 08 x 01    0.1185  6 08 x 01    0.1185  6 08 x 01
0.2446  7 08 x 01    0.2441  7 08 x 01    0.1621  1 08 x 01    0.1620  1 08 x 01
0.2820  1 08 x 01    0.2819  1 08 x 01    0.1749  7 08 x 01    0.1752  7 08 x 01
---Benchmark Program Finished---
