
jeffreyhurchalla@Jeffreys-MacBook-Air montgomery_two_pow % ./testbench.sh clang++ O3 MontgomeryHalf uint64_t 191 8 22 -DHURCHALLA_MONTGOMERY_TWO_POW_USE_CSELECT_ON_BIT -DHURCHALLA_ALLOW_INLINE_ASM_ALL
compilation finished, now executing:
---Running Program---

begin benchmarks - array two_pow
(ignore)9396906668420442482

OVERALL BEST:
0.1304  0 29 x 12
0.1307  0 31 x 12
0.1319  0 28 x 12
0.1320  0 31 x 10
0.1324  0 29 x 10
0.1324  0 30 x 12
0.1332  0 30 x 10
0.1339  0 28 x 10
0.1341  0 31 x 08
0.1355  0 29 x 08
0.1356  0 31 x 07
0.1368  0 29 x 07
0.1369  0 30 x 08
0.1370  0 30 x 07
0.1372  0 27 x 12
0.1372  0 28 x 08
0.1382  0 28 x 07
0.1397  0 03 x 12
0.1398  0 27 x 10
0.1407  0 03 x 10
0.1412  0 31 x 06
0.1414  0 01 x 12
0.1422  0 05 x 08
0.1423  0 27 x 08
0.1432  0 29 x 06
0.1432  0 05 x 12
0.1436  0 01 x 10
0.1436  0 04 x 12
0.1437  0 30 x 06
0.1440  0 01 x 08
0.1441  0 04 x 08
0.1446  0 03 x 08
0.1447  0 00 x 12
0.1448  0 05 x 10
0.1449  0 01 x 06
0.1449  0 05 x 07
0.1449  0 01 x 07
0.1453  0 06 x 08
0.1455  0 27 x 07
0.1457  0 06 x 12
0.1457  0 04 x 10
0.1457  0 28 x 06
0.1461  0 04 x 07
0.1470  0 06 x 10
0.1472  0 05 x 06
0.1477  0 00 x 07
0.1480  0 06 x 07
0.1483  0 00 x 08
0.1489  0 00 x 10
0.1492  0 04 x 06
0.1497  0 01 x 05
0.1501  0 27 x 06
0.1506  0 31 x 05
0.1510  0 06 x 06
0.1519  0 00 x 06
0.1527  0 28 x 05
0.1528  0 30 x 05
0.1529  0 03 x 07
0.1538  0 29 x 05
0.1545  0 00 x 05
0.1548  0 05 x 05
0.1567  0 04 x 05
0.1582  0 27 x 05
0.1586  0 06 x 05
0.1611  3 08 x 08
0.1612  0 07 x 08
0.1617  0 07 x 12
0.1632  0 07 x 10
0.1642  0 07 x 07
0.1665  0 02 x 06
0.1671  0 07 x 06
0.1682  0 01 x 04
0.1684  4 08 x 08
0.1691  0 03 x 06
0.1695  0 05 x 04
0.1703  4 08 x 12
0.1706  3 08 x 12
0.1712  0 04 x 04
0.1726  3 08 x 10
0.1730  0 00 x 04
0.1740  0 31 x 04
0.1744  0 06 x 04
0.1745  4 08 x 10
0.1747  0 07 x 05
0.1758  0 28 x 04
0.1758  0 30 x 04
0.1775  3 08 x 07
0.1807  3 08 x 06
0.1812  0 29 x 04
0.1815  0 27 x 04
0.1828  3 08 x 05
0.1836  4 08 x 07
0.1848  0 03 x 05
0.1864  0 02 x 05
0.1869  4 08 x 06
0.1874  5 08 x 12
0.1898  0 07 x 04
0.1945  4 08 x 05
0.1957  5 08 x 10
0.1969  5 08 x 08
0.1994  3 08 x 04
0.2008  6 08 x 12
0.2071  0 01 x 03
0.2081  0 05 x 03
0.2084  4 08 x 04
0.2085  6 08 x 10
0.2093  0 04 x 03
0.2104  0 06 x 03
0.2134  0 31 x 03
0.2138  5 08 x 07
0.2141  0 00 x 03
0.2153  0 30 x 03
0.2155  0 03 x 04
0.2158  0 02 x 04
0.2159  0 28 x 03
0.2178  0 29 x 03
0.2193  2 08 x 05
0.2221  5 08 x 06
0.2224  0 27 x 03
0.2239  2 08 x 04
0.2254  0 07 x 03
0.2348  5 08 x 05
0.2512  3 08 x 03
0.2522  4 08 x 03
0.2535  5 08 x 04
0.2595  6 08 x 08
0.2670  0 02 x 03
0.2679  0 03 x 03
0.2733  1 08 x 05
0.2752  2 08 x 03
0.2848  6 08 x 07
0.2946  1 08 x 04
0.2964  5 08 x 03
0.3025  6 08 x 06
0.3348  6 08 x 05
0.3606  6 08 x 04
0.3690  1 08 x 03
0.3944  7 08 x 05
0.4196  6 08 x 03
0.4388  0 02 x 07
0.4674  0 02 x 08
0.5049  0 02 x 10
0.5437  0 02 x 12
0.6525  7 08 x 04
0.7057  7 08 x 03
Timings By Test Type:
0.0397  0 29 x 12    0.0397  0 29 x 12    0.0255  0 29 x 12    0.0254  0 29 x 12
0.0399  0 31 x 12    0.0399  0 31 x 12    0.0255  0 31 x 12    0.0255  0 31 x 12
0.0402  0 28 x 12    0.0402  0 28 x 12    0.0257  0 31 x 10    0.0257  0 31 x 10
0.0403  0 31 x 10    0.0403  0 31 x 10    0.0258  0 28 x 12    0.0258  0 28 x 12
0.0403  0 30 x 12    0.0403  0 30 x 12    0.0258  0 29 x 10    0.0258  0 29 x 10
0.0404  0 29 x 10    0.0404  0 29 x 10    0.0259  0 30 x 12    0.0259  0 30 x 12
0.0405  0 30 x 10    0.0405  0 30 x 10    0.0261  0 30 x 10    0.0261  0 30 x 10
0.0407  0 28 x 10    0.0407  0 28 x 10    0.0262  0 31 x 08    0.0262  0 31 x 08
0.0408  0 31 x 08    0.0408  0 31 x 08    0.0263  0 28 x 10    0.0263  0 28 x 10
0.0410  0 29 x 08    0.0411  0 29 x 08    0.0265  0 31 x 07    0.0265  0 31 x 07
0.0413  0 31 x 07    0.0413  0 31 x 07    0.0266  0 29 x 08    0.0267  0 29 x 08
0.0414  0 28 x 08    0.0415  0 28 x 08    0.0268  0 29 x 07    0.0268  0 29 x 07
0.0416  0 30 x 08    0.0416  0 30 x 08    0.0268  0 30 x 08    0.0269  0 30 x 07
0.0416  0 30 x 07    0.0416  0 29 x 07    0.0269  0 27 x 12    0.0269  0 30 x 08
0.0416  0 29 x 07    0.0416  0 30 x 07    0.0269  0 30 x 07    0.0269  0 27 x 12
0.0417  0 27 x 12    0.0417  0 27 x 12    0.0272  0 28 x 08    0.0272  0 28 x 07
0.0419  0 28 x 07    0.0420  0 28 x 07    0.0272  0 28 x 07    0.0272  0 28 x 08
0.0424  0 03 x 12    0.0425  0 03 x 12    0.0274  0 03 x 12    0.0274  0 27 x 10
0.0425  0 27 x 10    0.0425  0 27 x 10    0.0274  0 27 x 10    0.0274  0 03 x 12
0.0426  0 03 x 10    0.0426  0 03 x 10    0.0276  0 31 x 06    0.0277  0 31 x 06
0.0428  0 05 x 08    0.0429  0 05 x 08    0.0277  0 01 x 12    0.0277  0 01 x 12
0.0429  0 31 x 06    0.0429  0 31 x 06    0.0277  0 03 x 10    0.0277  0 03 x 10
0.0430  0 01 x 12    0.0430  0 01 x 12    0.0278  0 27 x 08    0.0278  0 27 x 08
0.0430  0 05 x 12    0.0430  0 05 x 12    0.0280  0 30 x 06    0.0280  0 30 x 06
0.0433  0 27 x 08    0.0433  0 27 x 08    0.0281  0 01 x 10    0.0281  0 04 x 12
0.0434  0 29 x 06    0.0434  0 29 x 06    0.0281  0 04 x 12    0.0281  0 01 x 10
0.0436  0 05 x 10    0.0436  0 05 x 10    0.0282  0 29 x 06    0.0281  0 29 x 06
0.0436  0 06 x 08    0.0436  0 06 x 08    0.0282  0 01 x 08    0.0282  0 05 x 08
0.0436  0 05 x 07    0.0437  0 05 x 07    0.0283  0 00 x 12    0.0283  0 01 x 08
0.0437  0 06 x 12    0.0437  0 06 x 12    0.0283  0 05 x 08    0.0283  0 00 x 12
0.0437  0 04 x 12    0.0437  0 01 x 10    0.0283  0 04 x 08    0.0283  0 04 x 08
0.0437  0 01 x 10    0.0437  0 04 x 12    0.0283  0 01 x 06    0.0283  0 01 x 06
0.0437  0 04 x 08    0.0437  0 04 x 08    0.0284  0 03 x 08    0.0284  0 03 x 08
0.0437  0 01 x 08    0.0438  0 01 x 08    0.0285  0 01 x 07    0.0285  0 01 x 07
0.0438  0 30 x 06    0.0438  0 30 x 06    0.0285  0 04 x 10    0.0285  0 04 x 10
0.0439  0 03 x 08    0.0440  0 03 x 08    0.0286  0 05 x 12    0.0286  0 05 x 12
0.0440  0 01 x 07    0.0440  0 01 x 07    0.0286  0 04 x 07    0.0286  0 04 x 07
0.0441  0 00 x 12    0.0441  0 00 x 12    0.0286  0 27 x 07    0.0286  0 27 x 07
0.0441  0 01 x 06    0.0441  0 01 x 06    0.0287  0 28 x 06    0.0288  0 28 x 06
0.0441  0 06 x 10    0.0441  0 28 x 06    0.0288  0 05 x 07    0.0288  0 05 x 07
0.0441  0 27 x 07    0.0441  0 27 x 07    0.0288  0 05 x 10    0.0289  0 05 x 10
0.0441  0 28 x 06    0.0441  0 06 x 10    0.0289  0 00 x 07    0.0289  0 00 x 07
0.0443  0 04 x 10    0.0443  0 04 x 10    0.0291  0 06 x 08    0.0290  0 06 x 08
0.0444  0 05 x 06    0.0444  0 06 x 07    0.0291  0 00 x 08    0.0291  0 00 x 08
0.0444  0 06 x 07    0.0444  0 05 x 06    0.0291  0 01 x 05    0.0291  0 01 x 05
0.0444  0 04 x 07    0.0444  0 04 x 07    0.0291  0 05 x 06    0.0292  0 06 x 12
0.0450  0 00 x 07    0.0450  0 00 x 07    0.0292  0 00 x 10    0.0292  0 00 x 10
0.0451  0 00 x 08    0.0450  0 00 x 08    0.0292  0 06 x 12    0.0292  0 05 x 06
0.0453  0 00 x 10    0.0453  0 00 x 10    0.0292  0 31 x 05    0.0292  0 31 x 05
0.0453  0 06 x 06    0.0453  0 06 x 06    0.0293  0 04 x 06    0.0293  0 04 x 06
0.0454  0 04 x 06    0.0453  0 04 x 06    0.0294  0 06 x 10    0.0294  0 06 x 10
0.0456  0 27 x 06    0.0457  0 27 x 06    0.0294  0 27 x 06    0.0294  0 27 x 06
0.0457  0 01 x 05    0.0457  0 01 x 05    0.0296  0 06 x 07    0.0296  0 06 x 07
0.0461  0 31 x 05    0.0461  0 31 x 05    0.0296  0 28 x 05    0.0297  0 28 x 05
0.0461  0 00 x 06    0.0461  0 00 x 06    0.0297  0 30 x 05    0.0297  0 30 x 05
0.0463  0 29 x 05    0.0463  0 29 x 05    0.0298  0 00 x 06    0.0298  0 00 x 06
0.0465  0 03 x 07    0.0465  0 03 x 07    0.0299  0 03 x 07    0.0299  0 03 x 07
0.0467  0 30 x 05    0.0467  0 30 x 05    0.0300  0 00 x 05    0.0300  0 00 x 05
0.0467  0 28 x 05    0.0467  0 28 x 05    0.0302  0 06 x 06    0.0302  0 06 x 06
0.0467  0 05 x 05    0.0468  0 05 x 05    0.0306  0 29 x 05    0.0307  0 04 x 05
0.0472  0 00 x 05    0.0473  0 00 x 05    0.0306  0 05 x 05    0.0307  0 05 x 05
0.0476  0 07 x 08    0.0476  0 07 x 08    0.0306  0 04 x 05    0.0307  0 29 x 05
0.0476  0 07 x 12    0.0476  0 07 x 12    0.0307  0 27 x 05    0.0307  0 27 x 05
0.0477  0 04 x 05    0.0477  0 04 x 05    0.0315  0 06 x 05    0.0315  0 06 x 05
0.0478  0 06 x 05    0.0478  0 06 x 05    0.0320  3 08 x 08    0.0320  3 08 x 08
0.0481  0 07 x 10    0.0481  0 07 x 10    0.0325  0 01 x 04    0.0325  0 01 x 04
0.0484  0 27 x 05    0.0484  0 27 x 05    0.0328  0 02 x 06    0.0328  0 02 x 06
0.0485  0 07 x 07    0.0485  0 07 x 07    0.0330  0 07 x 08    0.0330  0 07 x 08
0.0486  3 08 x 08    0.0486  3 08 x 08    0.0332  0 05 x 04    0.0332  0 05 x 04
0.0493  0 07 x 06    0.0493  0 07 x 06    0.0332  0 07 x 12    0.0332  0 07 x 12
0.0500  4 08 x 08    0.0500  4 08 x 08    0.0333  0 04 x 04    0.0333  0 04 x 04
0.0506  0 02 x 06    0.0504  0 02 x 06    0.0333  0 03 x 06    0.0333  0 03 x 06
0.0509  4 08 x 12    0.0509  4 08 x 12    0.0334  0 00 x 04    0.0334  0 00 x 04
0.0513  0 03 x 06    0.0512  0 03 x 06    0.0335  0 07 x 10    0.0335  0 07 x 10
0.0515  3 08 x 12    0.0515  3 08 x 12    0.0335  0 31 x 04    0.0335  0 31 x 04
0.0516  0 05 x 04    0.0515  0 05 x 04    0.0336  0 07 x 07    0.0336  0 07 x 07
0.0516  0 01 x 04    0.0515  0 01 x 04    0.0338  3 08 x 12    0.0338  3 08 x 12
0.0517  0 07 x 05    0.0517  0 07 x 05    0.0339  0 28 x 04    0.0339  0 28 x 04
0.0521  4 08 x 10    0.0521  4 08 x 10    0.0339  0 30 x 04    0.0339  0 30 x 04
0.0521  3 08 x 10    0.0521  3 08 x 10    0.0342  4 08 x 08    0.0342  4 08 x 08
0.0523  0 04 x 04    0.0523  0 04 x 04    0.0342  3 08 x 10    0.0342  3 08 x 10
0.0527  0 06 x 04    0.0527  0 06 x 04    0.0342  0 07 x 06    0.0342  0 07 x 06
0.0531  0 00 x 04    0.0532  0 00 x 04    0.0343  4 08 x 12    0.0343  4 08 x 12
0.0535  0 31 x 04    0.0535  0 31 x 04    0.0345  0 06 x 04    0.0345  0 06 x 04
0.0537  3 08 x 07    0.0537  3 08 x 07    0.0349  0 27 x 04    0.0349  0 27 x 04
0.0540  0 30 x 04    0.0540  0 30 x 04    0.0350  3 08 x 07    0.0350  3 08 x 07
0.0540  0 28 x 04    0.0540  0 28 x 04    0.0352  4 08 x 10    0.0352  4 08 x 10
0.0542  0 29 x 04    0.0542  0 29 x 04    0.0356  0 07 x 05    0.0356  3 08 x 06
0.0547  5 08 x 12    0.0545  5 08 x 12    0.0356  3 08 x 06    0.0356  0 07 x 05
0.0547  4 08 x 07    0.0547  4 08 x 07    0.0357  3 08 x 05    0.0358  3 08 x 05
0.0547  3 08 x 06    0.0547  3 08 x 06    0.0359  0 02 x 05    0.0360  0 03 x 05
0.0557  3 08 x 05    0.0557  3 08 x 05    0.0359  0 03 x 05    0.0360  0 02 x 05
0.0558  4 08 x 06    0.0557  4 08 x 06    0.0364  0 29 x 04    0.0364  0 29 x 04
0.0559  0 27 x 04    0.0559  0 27 x 04    0.0371  4 08 x 07    0.0371  4 08 x 07
0.0565  0 03 x 05    0.0564  0 03 x 05    0.0377  4 08 x 06    0.0377  4 08 x 06
0.0566  0 07 x 04    0.0566  0 07 x 04    0.0383  0 07 x 04    0.0383  0 07 x 04
0.0567  5 08 x 08    0.0567  5 08 x 08    0.0387  3 08 x 04    0.0387  3 08 x 04
0.0568  5 08 x 10    0.0568  5 08 x 10    0.0391  5 08 x 12    0.0391  5 08 x 12
0.0573  0 02 x 05    0.0573  0 02 x 05    0.0392  4 08 x 05    0.0391  4 08 x 05
0.0579  6 08 x 12    0.0579  6 08 x 12    0.0397  0 01 x 03    0.0397  0 01 x 03
0.0581  4 08 x 05    0.0581  4 08 x 05    0.0402  0 04 x 03    0.0402  0 04 x 03
0.0599  6 08 x 10    0.0599  6 08 x 10    0.0403  0 05 x 03    0.0403  0 05 x 03
0.0610  3 08 x 04    0.0609  3 08 x 04    0.0406  0 31 x 03    0.0406  0 31 x 03
0.0616  5 08 x 07    0.0616  5 08 x 07    0.0410  0 00 x 03    0.0409  0 00 x 03
0.0627  4 08 x 04    0.0627  4 08 x 04    0.0410  0 06 x 03    0.0410  0 06 x 03
0.0638  0 05 x 03    0.0637  0 05 x 03    0.0411  0 30 x 03    0.0411  0 30 x 03
0.0639  0 01 x 03    0.0639  5 08 x 06    0.0411  5 08 x 10    0.0411  5 08 x 10
0.0639  5 08 x 06    0.0639  0 01 x 03    0.0413  0 28 x 03    0.0412  0 28 x 03
0.0642  0 06 x 03    0.0642  0 06 x 03    0.0415  4 08 x 04    0.0415  4 08 x 04
0.0645  0 04 x 03    0.0645  0 04 x 03    0.0416  0 02 x 04    0.0416  0 29 x 03
0.0660  0 02 x 04    0.0660  0 02 x 04    0.0417  0 03 x 04    0.0417  0 03 x 04
0.0661  0 03 x 04    0.0661  0 31 x 03    0.0417  0 29 x 03    0.0418  5 08 x 08
0.0661  0 00 x 03    0.0661  0 03 x 04    0.0417  5 08 x 08    0.0423  0 02 x 04
0.0661  0 31 x 03    0.0661  0 00 x 03    0.0424  0 27 x 03    0.0424  0 27 x 03
0.0666  0 30 x 03    0.0666  0 30 x 03    0.0425  6 08 x 12    0.0425  6 08 x 12
0.0667  0 28 x 03    0.0667  0 28 x 03    0.0426  2 08 x 05    0.0426  2 08 x 05
0.0670  2 08 x 05    0.0671  2 08 x 05    0.0433  2 08 x 04    0.0433  2 08 x 04
0.0672  0 29 x 03    0.0672  0 29 x 03    0.0444  6 08 x 10    0.0444  6 08 x 10
0.0676  5 08 x 05    0.0676  5 08 x 05    0.0446  0 07 x 03    0.0446  0 07 x 03
0.0681  0 07 x 03    0.0681  0 07 x 03    0.0453  5 08 x 07    0.0453  5 08 x 07
0.0687  2 08 x 04    0.0687  2 08 x 04    0.0472  5 08 x 06    0.0471  5 08 x 06
0.0689  0 27 x 03    0.0689  0 27 x 03    0.0481  3 08 x 03    0.0481  3 08 x 03
0.0723  6 08 x 08    0.0721  6 08 x 08    0.0495  4 08 x 03    0.0497  4 08 x 03
0.0735  5 08 x 04    0.0733  5 08 x 04    0.0497  5 08 x 05    0.0499  5 08 x 05
0.0765  4 08 x 03    0.0765  4 08 x 03    0.0512  0 02 x 03    0.0511  0 02 x 03
0.0775  3 08 x 03    0.0775  3 08 x 03    0.0513  0 03 x 03    0.0513  0 03 x 03
0.0791  6 08 x 07    0.0793  6 08 x 07    0.0527  2 08 x 03    0.0528  2 08 x 03
0.0824  0 02 x 03    0.0823  0 02 x 03    0.0530  1 08 x 05    0.0530  1 08 x 05
0.0827  0 03 x 03    0.0826  0 03 x 03    0.0533  5 08 x 04    0.0534  5 08 x 04
0.0837  1 08 x 05    0.0837  1 08 x 05    0.0569  1 08 x 04    0.0569  1 08 x 04
0.0841  6 08 x 06    0.0839  6 08 x 06    0.0575  6 08 x 08    0.0576  6 08 x 08
0.0849  2 08 x 03    0.0849  2 08 x 03    0.0614  5 08 x 03    0.0613  5 08 x 03
0.0869  5 08 x 03    0.0868  5 08 x 03    0.0632  6 08 x 07    0.0632  6 08 x 07
0.0904  1 08 x 04    0.0904  1 08 x 04    0.0673  6 08 x 06    0.0672  6 08 x 06
0.0925  6 08 x 05    0.0927  6 08 x 05    0.0708  1 08 x 03    0.0708  1 08 x 03
0.1000  6 08 x 04    0.1003  6 08 x 04    0.0748  6 08 x 05    0.0748  6 08 x 05
0.1069  7 08 x 05    0.1069  7 08 x 05    0.0808  6 08 x 04    0.0795  6 08 x 04
0.1138  1 08 x 03    0.1136  1 08 x 03    0.0845  0 02 x 07    0.0845  0 02 x 07
0.1176  6 08 x 03    0.1177  6 08 x 03    0.0903  7 08 x 05    0.0903  0 02 x 08
0.1350  0 02 x 07    0.1348  0 02 x 07    0.0903  0 02 x 08    0.0903  7 08 x 05
0.1434  0 02 x 08    0.1434  0 02 x 08    0.0922  6 08 x 03    0.0921  6 08 x 03
0.1542  0 02 x 10    0.1540  0 02 x 10    0.0982  0 02 x 10    0.0984  0 02 x 10
0.1660  0 02 x 12    0.1660  0 02 x 12    0.1058  0 02 x 12    0.1059  0 02 x 12
0.1736  7 08 x 04    0.1710  7 08 x 04    0.1535  7 08 x 04    0.1543  7 08 x 04
0.1859  7 08 x 03    0.1858  7 08 x 03    0.1671  7 08 x 03    0.1669  7 08 x 03
---Benchmark Program Finished---