
./testbench.sh g++ O3 MontgomeryHalf uint64_t 191 8 22 -DTEST_ARRAY

compilation finished, now executing:
---Running Program---

begin benchmarks - array two_pow
(ignore)2634280105173087909

OVERALL BEST:
0.1330  0 32 x 07
0.1341  0 28 x 07
0.1354  0 32 x 08
0.1355  0 28 x 08
0.1367  0 29 x 08
0.1368  0 30 x 08
0.1371  0 30 x 07
0.1373  0 28 x 12
0.1375  0 32 x 12
0.1375  0 28 x 10
0.1376  0 32 x 10
0.1376  0 28 x 06
0.1377  0 30 x 12
0.1381  0 30 x 10
0.1383  0 32 x 06
0.1385  0 29 x 10
0.1390  0 31 x 12
0.1392  0 30 x 06
0.1393  0 31 x 08
0.1397  0 31 x 10
0.1412  0 29 x 06
0.1418  0 27 x 07
0.1421  0 27 x 12
0.1425  0 29 x 07
0.1426  0 01 x 07
0.1430  0 27 x 08
0.1433  0 01 x 06
0.1436  0 31 x 07
0.1437  0 29 x 12
0.1444  0 27 x 10
0.1447  0 31 x 06
0.1458  0 04 x 08
0.1462  0 27 x 06
0.1462  0 03 x 12
0.1468  0 05 x 08
0.1469  0 00 x 07
0.1471  0 03 x 10
0.1471  0 00 x 08
0.1472  0 04 x 06
0.1477  0 04 x 07
0.1481  0 05 x 06
0.1484  0 30 x 05
0.1486  0 28 x 05
0.1487  0 04 x 12
0.1488  0 32 x 05
0.1488  0 05 x 12
0.1493  0 05 x 10
0.1495  0 29 x 05
0.1500  0 06 x 08
0.1502  0 04 x 10
0.1507  0 00 x 12
0.1507  0 05 x 07
0.1511  0 01 x 05
0.1512  0 03 x 08
0.1516  0 01 x 10
0.1516  0 01 x 08
0.1518  0 04 x 05
0.1522  0 01 x 12
0.1525  0 00 x 06
0.1525  0 00 x 10
0.1527  0 31 x 05
0.1548  0 05 x 05
0.1549  0 00 x 05
0.1552  0 27 x 05
0.1556  0 06 x 07
0.1563  0 06 x 06
0.1564  0 06 x 10
0.1575  0 06 x 12
0.1586  0 06 x 05
0.1606  0 03 x 07
0.1645  0 01 x 04
0.1668  0 03 x 06
0.1669  4 08 x 12
0.1669  0 04 x 04
0.1674  4 08 x 07
0.1682  4 08 x 10
0.1685  4 08 x 08
0.1688  0 05 x 04
0.1700  3 08 x 12
0.1702  0 29 x 04
0.1708  0 31 x 04
0.1711  3 08 x 07
0.1717  3 08 x 08
0.1718  3 08 x 10
0.1725  0 00 x 04
0.1726  0 28 x 04
0.1726  0 32 x 04
0.1731  0 30 x 04
0.1733  4 08 x 06
0.1743  0 06 x 04
0.1747  0 07 x 06
0.1752  3 08 x 06
0.1756  0 07 x 07
0.1760  5 08 x 08
0.1764  5 08 x 10
0.1767  0 07 x 05
0.1770  5 08 x 12
0.1779  0 27 x 04
0.1780  4 08 x 05
0.1783  0 07 x 08
0.1801  5 08 x 07
0.1818  0 07 x 10
0.1823  5 08 x 06
0.1828  3 08 x 05
0.1863  0 07 x 12
0.1869  0 03 x 05
0.1891  5 08 x 05
0.1915  0 07 x 04
0.1995  2 08 x 05
0.1995  6 08 x 12
0.2001  3 08 x 04
0.2025  0 05 x 03
0.2032  6 08 x 07
0.2036  6 08 x 08
0.2037  4 08 x 04
0.2038  0 01 x 03
0.2061  6 08 x 10
0.2064  0 04 x 03
0.2085  0 06 x 03
0.2108  6 08 x 06
0.2112  0 29 x 03
0.2112  0 00 x 03
0.2125  0 31 x 03
0.2126  0 30 x 03
0.2131  0 28 x 03
0.2131  0 32 x 03
0.2162  5 08 x 04
0.2194  0 03 x 04
0.2203  6 08 x 05
0.2203  0 27 x 03
0.2235  0 07 x 03
0.2358  2 08 x 04
0.2371  4 08 x 03
0.2441  3 08 x 03
0.2452  6 08 x 04
0.2525  5 08 x 03
0.2729  1 08 x 05
0.2737  2 08 x 03
0.2749  0 03 x 03
0.2775  0 01 x 02
0.2788  0 05 x 02
0.2808  0 04 x 02
0.2819  0 06 x 02
0.2842  0 00 x 02
0.2884  0 28 x 02
0.2885  0 30 x 02
0.2887  0 32 x 02
0.2893  0 29 x 02
0.2899  0 31 x 02
0.2904  7 08 x 05
0.2908  6 08 x 03
0.2925  0 07 x 02
0.2939  1 08 x 04
0.3029  0 27 x 02
0.3171  4 08 x 02
0.3226  7 08 x 04
0.3290  3 08 x 02
0.3311  5 08 x 02
0.3690  1 08 x 03
0.3709  2 08 x 02
0.3763  0 03 x 02
0.3828  7 08 x 03
0.3835  6 08 x 02
0.4672  0 05 x 01
0.4678  0 02 x 06
0.4687  0 01 x 01
0.4695  0 06 x 01
0.4713  0 04 x 01
0.4751  0 07 x 01
0.4769  0 28 x 01
0.4769  0 30 x 01
0.4779  0 31 x 01
0.4781  0 02 x 07
0.4783  0 29 x 01
0.4796  0 32 x 01
0.4801  0 02 x 08
0.4809  0 02 x 05
0.4810  0 02 x 03
0.4811  0 02 x 04
0.4818  0 00 x 01
0.4838  0 02 x 02
0.4973  1 08 x 02
0.4979  0 27 x 01
0.5058  7 08 x 02
0.5166  0 02 x 10
0.5208  4 08 x 01
0.5239  0 02 x 01
0.5358  5 08 x 01
0.5519  0 02 x 12
0.5603  3 08 x 01
0.6030  0 03 x 01
0.6127  6 08 x 01
0.6428  2 08 x 01
0.8186  7 08 x 01
0.8853  1 08 x 01
Timings By Test Type:
0.0402  0 32 x 07    0.0402  0 28 x 07    0.0263  0 28 x 07    0.0263  0 28 x 07
0.0413  0 28 x 07    0.0402  0 32 x 07    0.0263  0 32 x 07    0.0263  0 32 x 07
0.0414  0 28 x 08    0.0413  0 32 x 08    0.0264  0 32 x 08    0.0264  0 32 x 08
0.0414  0 32 x 08    0.0414  0 28 x 08    0.0264  0 28 x 08    0.0264  0 28 x 08
0.0418  0 30 x 08    0.0418  0 30 x 08    0.0265  0 29 x 08    0.0265  0 29 x 08
0.0419  0 30 x 07    0.0419  0 28 x 12    0.0266  0 30 x 08    0.0266  0 30 x 08
0.0419  0 29 x 08    0.0419  0 30 x 07    0.0266  0 28 x 06    0.0266  0 28 x 06
0.0420  0 28 x 12    0.0419  0 29 x 08    0.0267  0 30 x 07    0.0266  0 32 x 06
0.0420  0 32 x 12    0.0420  0 32 x 12    0.0267  0 28 x 12    0.0267  0 30 x 07
0.0420  0 28 x 10    0.0421  0 28 x 10    0.0267  0 32 x 12    0.0267  0 28 x 12
0.0421  0 32 x 10    0.0421  0 32 x 10    0.0267  0 30 x 12    0.0267  0 32 x 12
0.0421  0 30 x 12    0.0421  0 30 x 06    0.0267  0 28 x 10    0.0267  0 32 x 10
0.0421  0 30 x 06    0.0421  0 30 x 12    0.0267  0 32 x 10    0.0267  0 28 x 10
0.0421  0 32 x 06    0.0421  0 28 x 06    0.0268  0 29 x 10    0.0267  0 30 x 12
0.0422  0 28 x 06    0.0421  0 32 x 06    0.0269  0 30 x 10    0.0268  0 30 x 10
0.0422  0 30 x 10    0.0422  0 30 x 10    0.0269  0 31 x 08    0.0268  0 29 x 10
0.0424  0 29 x 10    0.0424  0 29 x 10    0.0269  0 31 x 12    0.0269  0 31 x 12
0.0426  0 31 x 12    0.0426  0 31 x 12    0.0271  0 31 x 10    0.0270  0 31 x 08
0.0427  0 31 x 08    0.0426  0 31 x 08    0.0273  0 29 x 06    0.0271  0 31 x 10
0.0428  0 31 x 10    0.0428  0 31 x 10    0.0274  0 32 x 06    0.0273  0 29 x 06
0.0430  0 27 x 07    0.0428  0 27 x 12    0.0275  0 30 x 06    0.0275  0 30 x 06
0.0433  0 29 x 06    0.0430  0 27 x 07    0.0276  0 29 x 07    0.0276  0 29 x 07
0.0436  0 01 x 07    0.0433  0 29 x 06    0.0277  0 01 x 07    0.0277  0 01 x 07
0.0436  0 29 x 07    0.0436  0 01 x 07    0.0277  0 27 x 12    0.0277  0 27 x 08
0.0437  0 31 x 06    0.0437  0 29 x 07    0.0277  0 27 x 08    0.0277  0 27 x 12
0.0438  0 27 x 08    0.0437  0 31 x 06    0.0278  0 01 x 06    0.0278  0 01 x 06
0.0438  0 27 x 12    0.0437  0 27 x 08    0.0278  0 31 x 07    0.0278  0 29 x 12
0.0438  0 01 x 06    0.0439  0 01 x 06    0.0278  0 29 x 12    0.0278  0 31 x 07
0.0440  0 31 x 07    0.0440  0 31 x 07    0.0279  0 27 x 07    0.0279  0 27 x 07
0.0440  0 29 x 12    0.0440  0 29 x 12    0.0280  0 27 x 10    0.0280  0 27 x 10
0.0441  0 27 x 10    0.0441  0 27 x 10    0.0283  0 04 x 08    0.0283  0 04 x 08
0.0444  0 05 x 08    0.0444  0 05 x 08    0.0284  0 27 x 06    0.0283  0 27 x 06
0.0446  0 03 x 12    0.0446  0 03 x 12    0.0284  0 00 x 07    0.0284  0 00 x 07
0.0446  0 04 x 08    0.0446  0 04 x 08    0.0285  0 00 x 08    0.0285  0 00 x 08
0.0447  0 27 x 06    0.0447  0 27 x 06    0.0286  0 03 x 12    0.0286  0 03 x 12
0.0448  0 05 x 06    0.0448  0 05 x 06    0.0286  0 04 x 06    0.0286  0 04 x 06
0.0448  0 03 x 10    0.0448  0 03 x 10    0.0286  0 31 x 06    0.0286  0 31 x 06
0.0449  0 05 x 12    0.0448  0 05 x 12    0.0287  0 04 x 07    0.0287  0 04 x 07
0.0449  0 05 x 10    0.0449  0 05 x 10    0.0288  0 03 x 10    0.0288  0 03 x 10
0.0450  0 04 x 06    0.0450  0 04 x 06    0.0288  0 30 x 05    0.0288  0 30 x 05
0.0450  0 00 x 07    0.0450  0 00 x 07    0.0288  0 28 x 05    0.0288  0 32 x 05
0.0451  0 00 x 08    0.0451  0 00 x 08    0.0290  0 32 x 05    0.0288  0 28 x 05
0.0451  0 06 x 08    0.0451  0 06 x 08    0.0290  0 04 x 12    0.0288  0 29 x 05
0.0451  0 04 x 07    0.0451  0 04 x 07    0.0290  0 05 x 08    0.0290  0 04 x 12
0.0454  0 04 x 12    0.0453  0 04 x 12    0.0291  0 29 x 05    0.0290  0 05 x 08
0.0454  0 05 x 07    0.0454  0 30 x 05    0.0292  0 00 x 12    0.0292  0 00 x 12
0.0454  0 30 x 05    0.0455  0 05 x 07    0.0293  0 05 x 06    0.0293  0 04 x 10
0.0455  0 28 x 05    0.0455  0 28 x 05    0.0293  0 04 x 10    0.0293  0 05 x 06
0.0455  0 32 x 05    0.0455  0 32 x 05    0.0294  0 01 x 05    0.0293  0 01 x 05
0.0458  0 04 x 10    0.0456  0 04 x 05    0.0295  0 01 x 08    0.0295  0 03 x 08
0.0458  0 29 x 05    0.0458  0 29 x 05    0.0295  0 03 x 08    0.0295  0 01 x 08
0.0461  0 03 x 08    0.0458  0 04 x 10    0.0295  0 31 x 05    0.0295  0 31 x 05
0.0462  0 00 x 12    0.0461  0 03 x 08    0.0295  0 00 x 06    0.0295  0 05 x 12
0.0462  0 01 x 10    0.0461  0 00 x 12    0.0295  0 05 x 12    0.0295  0 00 x 06
0.0462  0 01 x 05    0.0462  0 01 x 05    0.0295  0 01 x 10    0.0296  0 01 x 10
0.0463  0 01 x 08    0.0462  0 01 x 10    0.0297  0 00 x 10    0.0297  0 00 x 10
0.0464  0 01 x 12    0.0463  0 01 x 08    0.0297  0 05 x 10    0.0297  0 01 x 12
0.0466  0 00 x 10    0.0464  0 01 x 12    0.0297  0 01 x 12    0.0297  0 04 x 05
0.0467  0 06 x 07    0.0466  0 00 x 10    0.0297  0 04 x 05    0.0297  0 05 x 10
0.0467  0 06 x 10    0.0467  0 06 x 07    0.0298  0 00 x 05    0.0298  0 00 x 05
0.0467  0 00 x 06    0.0467  0 06 x 10    0.0299  0 06 x 08    0.0299  0 27 x 05
0.0468  0 06 x 12    0.0467  0 00 x 06    0.0299  0 27 x 05    0.0299  0 06 x 08
0.0468  0 04 x 05    0.0468  0 06 x 12    0.0300  0 05 x 07    0.0299  0 05 x 07
0.0468  0 31 x 05    0.0468  0 31 x 05    0.0306  0 05 x 05    0.0306  0 05 x 05
0.0469  0 05 x 05    0.0468  0 05 x 05    0.0311  0 06 x 06    0.0311  0 06 x 06
0.0471  0 06 x 06    0.0471  0 06 x 06    0.0312  0 06 x 07    0.0311  0 06 x 07
0.0476  0 00 x 05    0.0476  0 00 x 05    0.0313  0 03 x 07    0.0313  0 03 x 07
0.0477  0 06 x 05    0.0477  0 06 x 05    0.0315  0 06 x 10    0.0315  0 06 x 10
0.0477  0 27 x 05    0.0477  0 27 x 05    0.0316  0 06 x 05    0.0316  0 06 x 05
0.0490  0 03 x 07    0.0490  0 03 x 07    0.0319  0 06 x 12    0.0319  0 06 x 12
0.0500  0 01 x 04    0.0500  0 01 x 04    0.0323  0 01 x 04    0.0323  0 04 x 04
0.0504  4 08 x 12    0.0504  4 08 x 12    0.0323  0 04 x 04    0.0323  0 01 x 04
0.0504  4 08 x 07    0.0505  4 08 x 07    0.0324  0 05 x 04    0.0324  0 03 x 06
0.0508  4 08 x 10    0.0508  4 08 x 10    0.0324  0 03 x 06    0.0326  0 29 x 04
0.0509  4 08 x 08    0.0509  4 08 x 08    0.0326  0 29 x 04    0.0327  0 31 x 04
0.0510  0 03 x 06    0.0509  0 03 x 06    0.0327  0 31 x 04    0.0331  4 08 x 12
0.0512  0 04 x 04    0.0512  0 04 x 04    0.0331  4 08 x 12    0.0332  0 28 x 04
0.0515  3 08 x 12    0.0515  0 05 x 04    0.0332  0 28 x 04    0.0332  0 32 x 04
0.0516  0 07 x 06    0.0516  3 08 x 12    0.0332  0 32 x 04    0.0332  0 05 x 04
0.0518  0 07 x 07    0.0516  0 07 x 06    0.0333  4 08 x 07    0.0333  4 08 x 07
0.0518  0 05 x 04    0.0518  0 07 x 07    0.0333  0 30 x 04    0.0333  0 30 x 04
0.0519  3 08 x 07    0.0519  3 08 x 07    0.0333  4 08 x 10    0.0333  4 08 x 10
0.0521  3 08 x 10    0.0521  3 08 x 10    0.0334  4 08 x 08    0.0334  4 08 x 08
0.0521  3 08 x 08    0.0521  3 08 x 08    0.0334  0 00 x 04    0.0334  0 00 x 04
0.0521  5 08 x 10    0.0521  5 08 x 10    0.0334  3 08 x 12    0.0335  3 08 x 12
0.0522  0 07 x 08    0.0521  0 00 x 04    0.0336  3 08 x 07    0.0336  3 08 x 07
0.0522  5 08 x 08    0.0522  0 07 x 08    0.0337  3 08 x 08    0.0338  3 08 x 08
0.0522  4 08 x 06    0.0522  5 08 x 08    0.0338  3 08 x 10    0.0338  3 08 x 10
0.0523  5 08 x 12    0.0523  5 08 x 12    0.0340  0 27 x 04    0.0340  0 27 x 04
0.0524  0 07 x 05    0.0523  0 07 x 05    0.0344  0 06 x 04    0.0344  0 06 x 04
0.0525  0 29 x 04    0.0523  4 08 x 06    0.0344  4 08 x 06    0.0344  4 08 x 06
0.0527  0 31 x 04    0.0525  0 29 x 04    0.0344  3 08 x 06    0.0344  3 08 x 06
0.0528  0 06 x 04    0.0527  0 31 x 04    0.0353  4 08 x 05    0.0352  4 08 x 05
0.0530  0 07 x 10    0.0528  0 06 x 04    0.0358  0 07 x 06    0.0357  3 08 x 05
0.0531  0 32 x 04    0.0530  0 07 x 10    0.0358  3 08 x 05    0.0358  0 07 x 06
0.0531  0 28 x 04    0.0531  0 32 x 04    0.0358  5 08 x 08    0.0358  5 08 x 08
0.0532  3 08 x 06    0.0531  0 28 x 04    0.0360  0 07 x 05    0.0360  0 07 x 05
0.0533  0 30 x 04    0.0532  3 08 x 06    0.0360  5 08 x 10    0.0360  5 08 x 10
0.0534  5 08 x 07    0.0533  0 30 x 04    0.0360  0 07 x 07    0.0360  0 07 x 07
0.0535  0 00 x 04    0.0534  5 08 x 07    0.0362  5 08 x 12    0.0362  0 03 x 05
0.0537  4 08 x 05    0.0537  4 08 x 05    0.0363  0 03 x 05    0.0362  5 08 x 12
0.0540  5 08 x 06    0.0540  5 08 x 06    0.0367  5 08 x 07    0.0367  5 08 x 07
0.0542  0 07 x 12    0.0542  0 07 x 12    0.0370  0 07 x 08    0.0369  0 07 x 08
0.0549  0 27 x 04    0.0549  0 27 x 04    0.0372  5 08 x 06    0.0371  5 08 x 06
0.0556  3 08 x 05    0.0556  3 08 x 05    0.0379  0 07 x 10    0.0379  0 07 x 10
0.0560  5 08 x 05    0.0560  5 08 x 05    0.0381  3 08 x 04    0.0385  5 08 x 05
0.0571  0 07 x 04    0.0571  0 07 x 04    0.0386  5 08 x 05    0.0386  0 07 x 04
0.0572  0 03 x 05    0.0572  0 03 x 05    0.0387  0 07 x 04    0.0388  2 08 x 05
0.0578  6 08 x 12    0.0579  6 08 x 12    0.0388  2 08 x 05    0.0390  0 07 x 12
0.0587  6 08 x 07    0.0588  6 08 x 07    0.0390  0 07 x 12    0.0390  0 05 x 03
0.0589  6 08 x 08    0.0589  6 08 x 08    0.0395  0 01 x 03    0.0391  3 08 x 04
0.0601  6 08 x 10    0.0601  6 08 x 10    0.0396  4 08 x 04    0.0392  0 04 x 03
0.0609  6 08 x 06    0.0609  6 08 x 06    0.0401  0 05 x 03    0.0394  0 01 x 03
0.0610  2 08 x 05    0.0610  2 08 x 05    0.0402  0 29 x 03    0.0402  0 29 x 03
0.0615  3 08 x 04    0.0615  3 08 x 04    0.0403  0 04 x 03    0.0404  0 00 x 03
0.0617  0 05 x 03    0.0617  0 05 x 03    0.0404  0 00 x 03    0.0404  0 31 x 03
0.0618  4 08 x 04    0.0618  4 08 x 04    0.0404  0 31 x 03    0.0405  0 30 x 03
0.0629  0 06 x 03    0.0618  0 01 x 03    0.0405  0 30 x 03    0.0405  0 28 x 03
0.0630  0 01 x 03    0.0629  0 06 x 03    0.0406  0 28 x 03    0.0405  0 32 x 03
0.0635  0 04 x 03    0.0635  0 04 x 03    0.0406  0 32 x 03    0.0406  4 08 x 04
0.0637  6 08 x 05    0.0636  6 08 x 05    0.0413  0 06 x 03    0.0413  0 06 x 03
0.0644  5 08 x 04    0.0644  5 08 x 04    0.0418  0 27 x 03    0.0418  0 27 x 03
0.0654  0 00 x 03    0.0650  0 00 x 03    0.0419  6 08 x 12    0.0419  6 08 x 12
0.0655  0 29 x 03    0.0654  0 29 x 03    0.0423  0 03 x 04    0.0423  0 03 x 04
0.0658  0 30 x 03    0.0658  0 30 x 03    0.0428  6 08 x 07    0.0428  6 08 x 08
0.0658  0 31 x 03    0.0658  0 31 x 03    0.0430  6 08 x 08    0.0429  6 08 x 07
0.0660  0 28 x 03    0.0660  0 32 x 03    0.0430  6 08 x 10    0.0430  6 08 x 10
0.0660  0 32 x 03    0.0660  0 28 x 03    0.0431  5 08 x 04    0.0443  5 08 x 04
0.0668  0 07 x 03    0.0668  0 07 x 03    0.0445  6 08 x 06    0.0445  6 08 x 06
0.0674  0 03 x 04    0.0674  0 03 x 04    0.0450  0 07 x 03    0.0449  0 07 x 03
0.0684  0 27 x 03    0.0683  0 27 x 03    0.0453  2 08 x 04    0.0459  2 08 x 04
0.0716  6 08 x 04    0.0713  4 08 x 03    0.0465  6 08 x 05    0.0465  6 08 x 05
0.0723  2 08 x 04    0.0716  6 08 x 04    0.0466  4 08 x 03    0.0466  4 08 x 03
0.0726  4 08 x 03    0.0722  2 08 x 04    0.0473  3 08 x 03    0.0473  3 08 x 03
0.0755  3 08 x 03    0.0740  3 08 x 03    0.0498  5 08 x 03    0.0512  5 08 x 03
0.0768  5 08 x 03    0.0747  5 08 x 03    0.0503  6 08 x 04    0.0517  6 08 x 04
0.0808  7 08 x 05    0.0809  7 08 x 05    0.0522  0 01 x 02    0.0521  0 01 x 02
0.0834  1 08 x 05    0.0834  1 08 x 05    0.0525  2 08 x 03    0.0524  0 03 x 03
0.0846  0 03 x 03    0.0838  6 08 x 03    0.0529  0 04 x 02    0.0525  2 08 x 03
0.0846  2 08 x 03    0.0842  2 08 x 03    0.0529  0 05 x 02    0.0529  0 05 x 02
0.0861  6 08 x 03    0.0846  0 03 x 03    0.0530  1 08 x 05    0.0529  0 04 x 02
0.0865  0 05 x 02    0.0865  0 05 x 02    0.0533  0 00 x 02    0.0530  1 08 x 05
0.0866  0 01 x 02    0.0866  0 01 x 02    0.0533  0 03 x 03    0.0533  0 00 x 02
0.0869  0 06 x 02    0.0869  0 06 x 02    0.0541  0 06 x 02    0.0540  0 06 x 02
0.0876  0 04 x 02    0.0875  0 04 x 02    0.0541  0 30 x 02    0.0541  0 28 x 02
0.0888  0 00 x 02    0.0888  0 00 x 02    0.0541  0 28 x 02    0.0541  0 30 x 02
0.0898  0 07 x 02    0.0890  1 08 x 04    0.0542  0 29 x 02    0.0541  0 32 x 02
0.0901  0 28 x 02    0.0897  0 07 x 02    0.0542  0 32 x 02    0.0541  0 29 x 02
0.0902  0 30 x 02    0.0901  0 28 x 02    0.0542  0 31 x 02    0.0542  0 31 x 02
0.0902  0 32 x 02    0.0901  0 30 x 02    0.0560  1 08 x 04    0.0565  0 07 x 02
0.0905  0 29 x 02    0.0902  0 32 x 02    0.0565  0 07 x 02    0.0565  0 27 x 02
0.0906  7 08 x 04    0.0905  0 29 x 02    0.0566  0 27 x 02    0.0575  1 08 x 04
0.0907  0 31 x 02    0.0906  7 08 x 04    0.0598  6 08 x 03    0.0602  4 08 x 02
0.0915  1 08 x 04    0.0907  0 31 x 02    0.0603  4 08 x 02    0.0611  6 08 x 03
0.0950  0 27 x 02    0.0949  0 27 x 02    0.0621  3 08 x 02    0.0621  3 08 x 02
0.0983  4 08 x 02    0.0983  4 08 x 02    0.0644  7 08 x 05    0.0643  7 08 x 05
0.1009  5 08 x 02    0.1009  5 08 x 02    0.0647  5 08 x 02    0.0646  5 08 x 02
0.1024  3 08 x 02    0.1024  3 08 x 02    0.0697  7 08 x 04    0.0700  2 08 x 02
0.1091  7 08 x 03    0.1061  7 08 x 03    0.0700  2 08 x 02    0.0707  1 08 x 03
0.1138  6 08 x 02    0.1137  6 08 x 02    0.0707  1 08 x 03    0.0707  0 03 x 02
0.1138  1 08 x 03    0.1138  1 08 x 03    0.0707  0 03 x 02    0.0716  7 08 x 04
0.1155  2 08 x 02    0.1154  2 08 x 02    0.0781  6 08 x 02    0.0780  6 08 x 02
0.1174  0 03 x 02    0.1174  0 03 x 02    0.0827  7 08 x 03    0.0828  0 01 x 01
0.1436  7 08 x 02    0.1430  0 02 x 06    0.0829  0 01 x 01    0.0830  0 05 x 01
0.1437  0 02 x 06    0.1435  7 08 x 02    0.0831  0 05 x 01    0.0835  0 04 x 01
0.1465  0 02 x 07    0.1465  0 02 x 07    0.0836  0 04 x 01    0.0835  0 30 x 01
0.1468  0 02 x 08    0.1470  0 02 x 08    0.0836  0 30 x 01    0.0836  0 28 x 01
0.1475  0 02 x 05    0.1471  0 02 x 04    0.0836  0 28 x 01    0.0837  0 31 x 01
0.1478  0 02 x 04    0.1471  0 02 x 03    0.0838  0 31 x 01    0.0838  0 29 x 01
0.1478  0 02 x 03    0.1475  0 02 x 05    0.0839  0 29 x 01    0.0841  0 06 x 01
0.1489  0 02 x 02    0.1487  0 02 x 02    0.0842  0 06 x 01    0.0842  0 32 x 01
0.1506  0 05 x 01    0.1505  0 05 x 01    0.0844  0 32 x 01    0.0849  7 08 x 03
0.1506  0 06 x 01    0.1506  0 06 x 01    0.0854  0 00 x 01    0.0851  0 00 x 01
0.1515  0 01 x 01    0.1514  0 01 x 01    0.0857  0 07 x 01    0.0856  0 07 x 01
0.1519  0 07 x 01    0.1519  0 07 x 01    0.0874  0 27 x 01    0.0873  0 27 x 01
0.1522  0 04 x 01    0.1521  0 04 x 01    0.0907  0 02 x 06    0.0904  0 02 x 06
0.1545  1 08 x 02    0.1545  1 08 x 02    0.0925  0 02 x 07    0.0925  0 02 x 07
0.1549  0 28 x 01    0.1548  0 28 x 01    0.0927  4 08 x 01    0.0926  4 08 x 01
0.1549  0 30 x 01    0.1548  0 30 x 01    0.0930  0 02 x 05    0.0929  0 02 x 05
0.1553  0 31 x 01    0.1552  0 31 x 01    0.0930  0 02 x 03    0.0930  0 02 x 03
0.1554  0 29 x 01    0.1553  0 29 x 01    0.0931  0 02 x 08    0.0931  0 02 x 02
0.1557  0 32 x 01    0.1553  0 32 x 01    0.0931  0 02 x 02    0.0931  0 02 x 04
0.1558  0 00 x 01    0.1555  0 00 x 01    0.0932  0 02 x 04    0.0932  0 02 x 08
0.1582  0 02 x 10    0.1583  0 02 x 10    0.0942  1 08 x 02    0.0941  1 08 x 02
0.1616  0 27 x 01    0.1616  0 27 x 01    0.0977  5 08 x 01    0.0976  5 08 x 01
0.1635  0 02 x 01    0.1633  0 02 x 01    0.0985  0 02 x 01    0.0985  0 02 x 01
0.1678  4 08 x 01    0.1677  4 08 x 01    0.1001  3 08 x 01    0.1000  0 02 x 10
0.1689  0 02 x 12    0.1690  0 02 x 12    0.1002  0 02 x 10    0.1000  3 08 x 01
0.1703  5 08 x 01    0.1702  5 08 x 01    0.1057  0 03 x 01    0.1056  0 03 x 01
0.1802  3 08 x 01    0.1800  3 08 x 01    0.1069  0 02 x 12    0.1071  0 02 x 12
0.1887  6 08 x 01    0.1885  6 08 x 01    0.1094  7 08 x 02    0.1093  7 08 x 02
0.1959  0 03 x 01    0.1958  0 03 x 01    0.1156  2 08 x 01    0.1155  2 08 x 01
0.2059  2 08 x 01    0.2058  2 08 x 01    0.1177  6 08 x 01    0.1178  6 08 x 01
0.2389  7 08 x 01    0.2388  7 08 x 01    0.1613  1 08 x 01    0.1612  1 08 x 01
0.2814  1 08 x 01    0.2813  1 08 x 01    0.1705  7 08 x 01    0.1704  7 08 x 01
---Benchmark Program Finished---
