
jeffreyhurchalla@Jeffreys-MacBook-Air montgomery_two_pow % ./testbench.sh clang++ O3 MontgomeryHalf uint64_t 191 8 22                                            
compilation finished, now executing:
---Running Program---

begin benchmarks - array two_pow
(ignore)9396906668420442482

OVERALL BEST:
0.1303  0 29 x 12
0.1310  0 31 x 12
0.1316  0 28 x 12
0.1318  0 31 x 10
0.1319  0 30 x 12
0.1329  0 29 x 10
0.1333  0 30 x 10
0.1335  0 28 x 10
0.1339  0 31 x 08
0.1343  0 29 x 08
0.1350  0 30 x 08
0.1356  0 31 x 07
0.1364  0 30 x 07
0.1368  0 29 x 07
0.1369  0 28 x 08
0.1376  0 27 x 12
0.1379  0 28 x 07
0.1395  0 27 x 10
0.1412  0 30 x 06
0.1418  0 01 x 12
0.1420  0 05 x 08
0.1424  0 03 x 08
0.1427  0 31 x 06
0.1429  0 27 x 08
0.1430  0 04 x 08
0.1433  0 01 x 10
0.1434  0 28 x 06
0.1435  0 01 x 08
0.1435  0 05 x 12
0.1436  0 04 x 12
0.1437  0 29 x 06
0.1438  0 01 x 07
0.1443  0 01 x 06
0.1447  0 05 x 07
0.1448  0 05 x 10
0.1450  0 06 x 08
0.1451  0 27 x 07
0.1456  0 04 x 10
0.1457  0 06 x 12
0.1460  0 04 x 07
0.1464  0 03 x 10
0.1470  0 00 x 08
0.1472  0 06 x 10
0.1472  0 00 x 07
0.1473  0 05 x 06
0.1476  0 00 x 12
0.1479  0 06 x 07
0.1483  0 04 x 06
0.1491  0 00 x 10
0.1494  0 01 x 05
0.1501  0 27 x 06
0.1505  0 00 x 06
0.1506  0 06 x 06
0.1518  0 29 x 05
0.1525  0 03 x 07
0.1528  0 31 x 05
0.1529  0 03 x 12
0.1534  0 30 x 05
0.1542  0 00 x 05
0.1543  0 28 x 05
0.1554  0 05 x 05
0.1562  0 04 x 05
0.1568  0 27 x 05
0.1570  4 08 x 08
0.1584  3 08 x 08
0.1596  0 06 x 05
0.1610  0 07 x 08
0.1616  0 07 x 12
0.1631  0 07 x 10
0.1640  0 07 x 07
0.1658  4 08 x 10
0.1661  0 02 x 06
0.1664  0 03 x 06
0.1664  5 08 x 08
0.1670  0 07 x 06
0.1682  0 01 x 04
0.1683  3 08 x 12
0.1686  4 08 x 12
0.1693  0 05 x 04
0.1702  4 08 x 07
0.1705  3 08 x 10
0.1707  0 04 x 04
0.1727  0 00 x 04
0.1734  5 08 x 10
0.1737  4 08 x 06
0.1737  0 31 x 04
0.1742  0 06 x 04
0.1745  3 08 x 07
0.1746  0 28 x 04
0.1749  0 30 x 04
0.1753  0 07 x 05
0.1777  5 08 x 07
0.1783  3 08 x 06
0.1805  0 27 x 04
0.1809  0 29 x 04
0.1817  4 08 x 05
0.1822  5 08 x 06
0.1833  3 08 x 05
0.1867  0 02 x 05
0.1870  0 03 x 05
0.1895  0 07 x 04
0.1896  5 08 x 12
0.1912  5 08 x 05
0.1932  6 08 x 08
0.1973  4 08 x 04
0.1987  6 08 x 10
0.2011  3 08 x 04
0.2025  6 08 x 07
0.2070  0 01 x 03
0.2080  0 05 x 03
0.2090  0 04 x 03
0.2092  5 08 x 04
0.2093  6 08 x 06
0.2100  0 06 x 03
0.2131  0 31 x 03
0.2140  0 00 x 03
0.2145  0 30 x 03
0.2145  0 28 x 03
0.2150  0 03 x 04
0.2162  0 02 x 04
0.2168  2 08 x 05
0.2178  0 29 x 03
0.2189  6 08 x 05
0.2224  0 27 x 03
0.2245  2 08 x 04
0.2248  0 07 x 03
0.2395  6 08 x 12
0.2421  4 08 x 03
0.2423  6 08 x 04
0.2523  3 08 x 03
0.2557  5 08 x 03
0.2669  0 02 x 03
0.2671  0 03 x 03
0.2730  1 08 x 05
0.2771  2 08 x 03
0.2889  7 08 x 05
0.2937  1 08 x 04
0.2940  6 08 x 03
0.3196  7 08 x 04
0.3677  1 08 x 03
0.3853  7 08 x 03
0.4381  0 02 x 07
0.4676  0 02 x 08
0.5059  0 02 x 10
0.5436  0 02 x 12
Timings By Test Type:
0.0397  0 29 x 12    0.0397  0 29 x 12    0.0255  0 29 x 12    0.0254  0 29 x 12
0.0399  0 31 x 12    0.0399  0 31 x 12    0.0256  0 31 x 12    0.0256  0 31 x 12
0.0400  0 28 x 12    0.0400  0 28 x 12    0.0257  0 28 x 12    0.0257  0 28 x 12
0.0401  0 31 x 10    0.0401  0 31 x 10    0.0258  0 31 x 10    0.0258  0 31 x 10
0.0402  0 30 x 12    0.0402  0 30 x 12    0.0258  0 30 x 12    0.0258  0 30 x 12
0.0404  0 29 x 10    0.0404  0 29 x 10    0.0260  0 29 x 10    0.0260  0 29 x 10
0.0406  0 30 x 10    0.0405  0 30 x 10    0.0261  0 30 x 10    0.0261  0 30 x 10
0.0406  0 28 x 10    0.0406  0 28 x 10    0.0262  0 31 x 08    0.0262  0 31 x 08
0.0408  0 31 x 08    0.0408  0 31 x 08    0.0262  0 28 x 10    0.0262  0 28 x 10
0.0409  0 29 x 08    0.0409  0 29 x 08    0.0263  0 29 x 08    0.0263  0 29 x 08
0.0409  0 30 x 08    0.0409  0 30 x 08    0.0264  0 31 x 07    0.0264  0 31 x 07
0.0413  0 31 x 07    0.0413  0 31 x 07    0.0266  0 30 x 08    0.0266  0 30 x 08
0.0414  0 30 x 07    0.0414  0 30 x 07    0.0267  0 30 x 07    0.0268  0 30 x 07
0.0415  0 28 x 08    0.0415  0 28 x 08    0.0268  0 29 x 07    0.0269  0 29 x 07
0.0415  0 29 x 07    0.0415  0 29 x 07    0.0269  0 27 x 12    0.0269  0 27 x 12
0.0419  0 27 x 12    0.0418  0 28 x 07    0.0270  0 28 x 08    0.0270  0 28 x 08
0.0419  0 28 x 07    0.0419  0 27 x 12    0.0271  0 28 x 07    0.0271  0 28 x 07
0.0423  0 27 x 10    0.0424  0 27 x 10    0.0274  0 27 x 10    0.0274  0 27 x 10
0.0428  0 05 x 08    0.0428  0 05 x 08    0.0276  0 30 x 06    0.0276  0 30 x 06
0.0430  0 30 x 06    0.0430  0 30 x 06    0.0278  0 01 x 12    0.0278  0 01 x 12
0.0431  0 01 x 12    0.0431  0 05 x 12    0.0280  0 04 x 08    0.0280  0 04 x 08
0.0431  0 03 x 08    0.0431  0 01 x 12    0.0281  0 01 x 10    0.0280  0 31 x 06
0.0431  0 05 x 12    0.0432  0 03 x 08    0.0281  0 04 x 12    0.0280  0 27 x 08
0.0433  0 31 x 06    0.0433  0 31 x 06    0.0281  0 03 x 08    0.0281  0 01 x 10
0.0434  0 27 x 08    0.0433  0 28 x 06    0.0281  0 27 x 08    0.0281  0 03 x 08
0.0434  0 28 x 06    0.0434  0 27 x 08    0.0281  0 31 x 06    0.0281  0 04 x 12
0.0435  0 06 x 08    0.0435  0 04 x 08    0.0282  0 01 x 08    0.0282  0 01 x 08
0.0435  0 04 x 08    0.0435  0 06 x 08    0.0282  0 01 x 07    0.0282  0 01 x 07
0.0435  0 29 x 06    0.0436  0 29 x 06    0.0282  0 05 x 08    0.0282  0 01 x 06
0.0436  0 01 x 08    0.0436  0 05 x 10    0.0282  0 01 x 06    0.0283  0 05 x 08
0.0436  0 01 x 10    0.0436  0 01 x 10    0.0283  0 29 x 06    0.0283  0 29 x 06
0.0436  0 05 x 10    0.0436  0 01 x 08    0.0284  0 28 x 06    0.0283  0 28 x 06
0.0436  0 05 x 07    0.0436  0 05 x 07    0.0285  0 04 x 10    0.0285  0 04 x 10
0.0437  0 06 x 12    0.0437  0 04 x 12    0.0286  0 04 x 07    0.0286  0 27 x 07
0.0437  0 04 x 12    0.0437  0 06 x 12    0.0286  0 27 x 07    0.0286  0 04 x 07
0.0437  0 01 x 07    0.0438  0 01 x 07    0.0286  0 05 x 12    0.0286  0 05 x 12
0.0439  0 01 x 06    0.0439  0 01 x 06    0.0287  0 03 x 10    0.0287  0 03 x 10
0.0440  0 27 x 07    0.0440  0 27 x 07    0.0288  0 05 x 07    0.0288  0 00 x 07
0.0442  0 06 x 10    0.0442  0 06 x 10    0.0288  0 00 x 07    0.0288  0 05 x 07
0.0443  0 04 x 10    0.0443  0 04 x 10    0.0288  0 00 x 08    0.0288  0 05 x 10
0.0444  0 06 x 07    0.0444  0 06 x 07    0.0288  0 00 x 12    0.0289  0 00 x 12
0.0444  0 05 x 06    0.0444  0 04 x 07    0.0289  0 05 x 10    0.0289  0 00 x 08
0.0444  0 04 x 07    0.0444  0 05 x 06    0.0290  0 06 x 08    0.0290  0 06 x 08
0.0445  0 03 x 10    0.0445  0 03 x 10    0.0290  0 04 x 06    0.0290  0 04 x 06
0.0447  0 00 x 08    0.0446  0 00 x 08    0.0291  0 01 x 05    0.0291  0 01 x 05
0.0448  0 00 x 07    0.0448  0 00 x 07    0.0291  0 00 x 10    0.0291  0 06 x 12
0.0450  0 00 x 12    0.0449  0 00 x 12    0.0291  0 06 x 12    0.0291  0 00 x 10
0.0451  0 04 x 06    0.0451  0 04 x 06    0.0292  0 05 x 06    0.0292  0 05 x 06
0.0453  0 06 x 06    0.0453  0 06 x 06    0.0293  0 27 x 06    0.0293  0 27 x 06
0.0454  0 00 x 06    0.0454  0 00 x 10    0.0294  0 06 x 10    0.0294  0 06 x 10
0.0454  0 00 x 10    0.0454  0 00 x 06    0.0295  0 29 x 05    0.0295  0 06 x 07
0.0456  0 01 x 05    0.0457  0 01 x 05    0.0296  0 06 x 07    0.0296  0 29 x 05
0.0457  0 27 x 06    0.0457  0 27 x 06    0.0298  0 03 x 07    0.0298  0 03 x 07
0.0463  0 31 x 05    0.0463  0 31 x 05    0.0298  0 00 x 06    0.0298  0 00 x 06
0.0463  0 29 x 05    0.0463  0 29 x 05    0.0300  0 31 x 05    0.0300  0 03 x 12
0.0464  0 03 x 07    0.0464  0 03 x 07    0.0300  0 00 x 05    0.0300  0 00 x 05
0.0465  0 30 x 05    0.0465  0 03 x 12    0.0300  0 03 x 12    0.0301  0 06 x 06
0.0465  0 28 x 05    0.0465  0 30 x 05    0.0300  0 06 x 06    0.0302  0 31 x 05
0.0465  0 03 x 12    0.0465  0 28 x 05    0.0302  0 30 x 05    0.0303  0 30 x 05
0.0469  0 05 x 05    0.0469  0 05 x 05    0.0304  0 27 x 05    0.0304  0 27 x 05
0.0471  0 00 x 05    0.0471  0 00 x 05    0.0306  0 04 x 05    0.0306  0 04 x 05
0.0472  4 08 x 08    0.0472  4 08 x 08    0.0306  0 28 x 05    0.0307  0 28 x 05
0.0475  0 04 x 05    0.0475  0 04 x 05    0.0308  0 05 x 05    0.0308  0 05 x 05
0.0475  0 07 x 08    0.0475  0 07 x 08    0.0313  4 08 x 08    0.0313  4 08 x 08
0.0476  0 07 x 12    0.0476  0 07 x 12    0.0313  3 08 x 08    0.0313  3 08 x 08
0.0479  3 08 x 08    0.0479  3 08 x 08    0.0318  0 06 x 05    0.0318  0 06 x 05
0.0479  0 06 x 05    0.0480  0 06 x 05    0.0324  0 03 x 06    0.0324  0 03 x 06
0.0480  0 27 x 05    0.0480  0 27 x 05    0.0326  0 01 x 04    0.0325  0 01 x 04
0.0481  0 07 x 10    0.0481  0 07 x 10    0.0328  0 02 x 06    0.0328  0 02 x 06
0.0484  0 07 x 07    0.0484  0 07 x 07    0.0329  0 07 x 08    0.0330  0 07 x 08
0.0490  5 08 x 08    0.0490  5 08 x 08    0.0330  4 08 x 10    0.0330  4 08 x 10
0.0493  0 07 x 06    0.0493  0 07 x 06    0.0331  0 04 x 04    0.0332  0 05 x 04
0.0498  4 08 x 10    0.0499  4 08 x 10    0.0332  0 05 x 04    0.0332  0 04 x 04
0.0502  0 02 x 06    0.0502  0 02 x 06    0.0332  0 07 x 12    0.0332  0 07 x 12
0.0505  4 08 x 12    0.0504  4 08 x 12    0.0333  3 08 x 12    0.0333  3 08 x 12
0.0509  0 03 x 06    0.0508  0 03 x 06    0.0333  0 00 x 04    0.0333  0 00 x 04
0.0509  3 08 x 12    0.0509  3 08 x 12    0.0335  0 31 x 04    0.0335  0 07 x 10
0.0511  5 08 x 10    0.0511  5 08 x 10    0.0335  0 07 x 10    0.0335  0 31 x 04
0.0514  4 08 x 07    0.0514  4 08 x 07    0.0336  0 28 x 04    0.0336  0 28 x 04
0.0515  0 05 x 04    0.0515  0 05 x 04    0.0336  0 07 x 07    0.0336  0 07 x 07
0.0515  3 08 x 10    0.0515  3 08 x 10    0.0337  0 30 x 04    0.0337  3 08 x 10
0.0515  0 01 x 04    0.0516  0 01 x 04    0.0337  3 08 x 10    0.0337  0 30 x 04
0.0519  0 07 x 05    0.0519  0 07 x 05    0.0338  4 08 x 07    0.0337  4 08 x 07
0.0522  0 04 x 04    0.0522  0 04 x 04    0.0338  4 08 x 12    0.0339  4 08 x 12
0.0525  4 08 x 06    0.0524  4 08 x 06    0.0342  5 08 x 08    0.0342  5 08 x 08
0.0525  5 08 x 07    0.0525  5 08 x 07    0.0342  0 07 x 06    0.0342  0 07 x 06
0.0527  0 06 x 04    0.0526  0 06 x 04    0.0343  3 08 x 07    0.0343  3 08 x 07
0.0530  3 08 x 07    0.0530  3 08 x 07    0.0344  4 08 x 06    0.0344  4 08 x 06
0.0531  0 00 x 04    0.0531  0 00 x 04    0.0345  0 06 x 04    0.0345  0 06 x 04
0.0534  0 31 x 04    0.0534  0 31 x 04    0.0346  0 27 x 04    0.0346  0 27 x 04
0.0537  0 28 x 04    0.0537  0 30 x 04    0.0350  3 08 x 06    0.0350  3 08 x 06
0.0537  0 30 x 04    0.0537  0 28 x 04    0.0355  5 08 x 10    0.0356  5 08 x 10
0.0539  5 08 x 06    0.0538  5 08 x 06    0.0358  0 07 x 05    0.0358  0 07 x 05
0.0541  0 29 x 04    0.0541  0 29 x 04    0.0359  0 02 x 05    0.0359  3 08 x 05
0.0541  3 08 x 06    0.0541  3 08 x 06    0.0360  3 08 x 05    0.0360  4 08 x 05
0.0548  4 08 x 05    0.0549  4 08 x 05    0.0360  4 08 x 05    0.0360  0 03 x 05
0.0550  5 08 x 12    0.0551  5 08 x 12    0.0364  5 08 x 07    0.0363  5 08 x 07
0.0556  6 08 x 08    0.0556  0 27 x 04    0.0364  0 29 x 04    0.0364  0 02 x 05
0.0556  0 27 x 04    0.0556  6 08 x 08    0.0364  0 03 x 05    0.0364  0 29 x 04
0.0557  3 08 x 05    0.0557  3 08 x 05    0.0372  5 08 x 06    0.0372  5 08 x 06
0.0565  0 07 x 04    0.0565  0 07 x 04    0.0383  0 07 x 04    0.0383  0 07 x 04
0.0566  5 08 x 05    0.0566  5 08 x 05    0.0387  4 08 x 04    0.0389  4 08 x 04
0.0571  0 02 x 05    0.0573  0 03 x 05    0.0390  5 08 x 05    0.0390  5 08 x 05
0.0573  0 03 x 05    0.0573  0 02 x 05    0.0392  3 08 x 04    0.0392  3 08 x 04
0.0574  6 08 x 10    0.0574  6 08 x 10    0.0396  0 01 x 03    0.0396  0 01 x 03
0.0586  6 08 x 07    0.0586  6 08 x 07    0.0397  5 08 x 12    0.0398  5 08 x 12
0.0599  4 08 x 04    0.0599  4 08 x 04    0.0401  0 04 x 03    0.0401  0 04 x 03
0.0608  6 08 x 06    0.0608  6 08 x 06    0.0403  0 05 x 03    0.0403  0 05 x 03
0.0613  3 08 x 04    0.0614  3 08 x 04    0.0405  0 31 x 03    0.0405  0 31 x 03
0.0623  5 08 x 04    0.0623  5 08 x 04    0.0409  0 06 x 03    0.0409  0 06 x 03
0.0634  6 08 x 05    0.0634  6 08 x 05    0.0409  0 30 x 03    0.0409  0 28 x 03
0.0637  0 05 x 03    0.0637  0 05 x 03    0.0409  0 28 x 03    0.0409  0 30 x 03
0.0639  0 01 x 03    0.0639  0 01 x 03    0.0409  0 00 x 03    0.0409  0 00 x 03
0.0641  0 06 x 03    0.0641  0 06 x 03    0.0410  6 08 x 08    0.0410  6 08 x 08
0.0644  0 04 x 03    0.0644  0 04 x 03    0.0416  0 29 x 03    0.0416  0 03 x 04
0.0658  0 03 x 04    0.0659  0 02 x 04    0.0417  0 03 x 04    0.0416  0 02 x 04
0.0658  0 02 x 04    0.0660  0 03 x 04    0.0420  6 08 x 10    0.0416  0 29 x 03
0.0660  0 31 x 03    0.0660  0 31 x 03    0.0421  2 08 x 05    0.0420  6 08 x 10
0.0661  0 00 x 03    0.0661  0 00 x 03    0.0423  5 08 x 04    0.0421  2 08 x 05
0.0663  2 08 x 05    0.0663  2 08 x 05    0.0423  0 27 x 03    0.0423  0 27 x 03
0.0663  0 30 x 03    0.0663  0 30 x 03    0.0426  6 08 x 07    0.0423  5 08 x 04
0.0664  0 28 x 03    0.0663  0 28 x 03    0.0429  0 02 x 04    0.0427  6 08 x 07
0.0672  0 29 x 03    0.0672  0 29 x 03    0.0434  2 08 x 04    0.0435  2 08 x 04
0.0674  6 08 x 12    0.0675  6 08 x 12    0.0439  6 08 x 06    0.0439  6 08 x 06
0.0680  0 07 x 03    0.0680  0 07 x 03    0.0444  0 07 x 03    0.0444  0 07 x 03
0.0688  2 08 x 04    0.0688  2 08 x 04    0.0461  6 08 x 05    0.0461  6 08 x 05
0.0689  0 27 x 03    0.0689  0 27 x 03    0.0471  4 08 x 03    0.0471  4 08 x 03
0.0704  6 08 x 04    0.0705  6 08 x 04    0.0484  3 08 x 03    0.0484  3 08 x 03
0.0740  4 08 x 03    0.0740  4 08 x 03    0.0507  6 08 x 04    0.0507  6 08 x 04
0.0767  5 08 x 03    0.0767  5 08 x 03    0.0511  5 08 x 03    0.0511  5 08 x 03
0.0778  3 08 x 03    0.0778  3 08 x 03    0.0511  0 02 x 03    0.0511  0 02 x 03
0.0805  7 08 x 05    0.0805  7 08 x 05    0.0511  0 03 x 03    0.0512  0 03 x 03
0.0823  0 02 x 03    0.0823  0 02 x 03    0.0523  6 08 x 12    0.0523  6 08 x 12
0.0824  0 03 x 03    0.0824  0 03 x 03    0.0530  1 08 x 05    0.0530  1 08 x 05
0.0835  1 08 x 05    0.0835  1 08 x 05    0.0532  2 08 x 03    0.0532  2 08 x 03
0.0854  2 08 x 03    0.0853  2 08 x 03    0.0567  1 08 x 04    0.0567  1 08 x 04
0.0861  6 08 x 03    0.0861  6 08 x 03    0.0609  6 08 x 03    0.0609  6 08 x 03
0.0894  7 08 x 04    0.0895  7 08 x 04    0.0639  7 08 x 05    0.0639  7 08 x 05
0.0901  1 08 x 04    0.0901  1 08 x 04    0.0703  7 08 x 04    0.0704  7 08 x 04
0.1086  7 08 x 03    0.1085  7 08 x 03    0.0705  1 08 x 03    0.0705  1 08 x 03
0.1133  1 08 x 03    0.1133  1 08 x 03    0.0841  7 08 x 03    0.0841  7 08 x 03
0.1348  0 02 x 07    0.1348  0 02 x 07    0.0844  0 02 x 07    0.0842  0 02 x 07
0.1436  0 02 x 08    0.1435  0 02 x 08    0.0903  0 02 x 08    0.0902  0 02 x 08
0.1545  0 02 x 10    0.1544  0 02 x 10    0.0985  0 02 x 10    0.0984  0 02 x 10
0.1661  0 02 x 12    0.1661  0 02 x 12    0.1058  0 02 x 12    0.1057  0 02 x 12
---Benchmark Program Finished---