
./testbench.sh g++ O3 MontgomeryHalf uint64_t 191 8 22 -DTEST_ARRAY -DHURCHALLA_MONTGOMERY_TWO_POW_USE_CSELECT_ON_BIT -DHURCHALLA_ALLOW_INLINE_ASM_ALL

compilation finished, now executing:
---Running Program---

begin benchmarks - array two_pow
(ignore)2634280105173087909

OVERALL BEST:
0.1323  0 28 x 08
0.1326  0 32 x 08
0.1331  0 32 x 10
0.1339  0 32 x 12
0.1341  0 29 x 08
0.1342  0 30 x 08
0.1344  0 32 x 07
0.1344  0 28 x 07
0.1345  0 31 x 10
0.1346  0 31 x 08
0.1350  0 29 x 12
0.1350  0 28 x 10
0.1351  0 30 x 10
0.1353  0 29 x 10
0.1354  0 28 x 12
0.1356  0 31 x 12
0.1357  0 29 x 07
0.1361  0 31 x 07
0.1364  0 30 x 07
0.1366  0 30 x 12
0.1369  0 28 x 06
0.1370  0 32 x 06
0.1382  0 27 x 08
0.1393  0 30 x 06
0.1403  0 01 x 06
0.1403  0 29 x 06
0.1405  0 31 x 06
0.1411  0 27 x 07
0.1414  0 27 x 12
0.1417  0 01 x 07
0.1425  0 27 x 10
0.1437  0 00 x 06
0.1444  0 27 x 06
0.1445  0 04 x 07
0.1448  0 04 x 08
0.1450  0 05 x 06
0.1453  0 04 x 06
0.1460  0 00 x 07
0.1464  0 01 x 08
0.1468  0 00 x 08
0.1477  0 28 x 05
0.1477  0 32 x 05
0.1478  0 01 x 12
0.1479  0 01 x 10
0.1479  0 31 x 05
0.1480  0 05 x 08
0.1480  0 29 x 05
0.1485  0 05 x 12
0.1487  0 05 x 07
0.1487  0 05 x 10
0.1487  0 30 x 05
0.1493  0 04 x 10
0.1495  0 00 x 05
0.1506  0 00 x 10
0.1506  0 01 x 05
0.1507  0 00 x 12
0.1512  0 05 x 05
0.1521  0 04 x 12
0.1533  0 06 x 08
0.1545  0 06 x 05
0.1549  0 27 x 05
0.1549  0 06 x 06
0.1574  0 06 x 07
0.1585  0 06 x 10
0.1608  0 03 x 08
0.1619  0 03 x 10
0.1620  0 04 x 05
0.1623  0 06 x 12
0.1636  4 08 x 07
0.1653  0 05 x 04
0.1661  0 03 x 07
0.1665  0 00 x 04
0.1670  4 08 x 08
0.1675  4 08 x 06
0.1676  3 08 x 08
0.1680  4 08 x 12
0.1683  4 08 x 10
0.1683  0 04 x 04
0.1693  0 29 x 04
0.1699  0 06 x 04
0.1704  0 31 x 04
0.1708  0 32 x 04
0.1708  0 28 x 04
0.1709  0 30 x 04
0.1709  3 08 x 07
0.1710  0 07 x 05
0.1714  0 03 x 12
0.1715  0 01 x 04
0.1719  4 08 x 05
0.1724  3 08 x 06
0.1736  5 08 x 08
0.1736  3 08 x 10
0.1738  3 08 x 12
0.1747  0 03 x 06
0.1752  5 08 x 07
0.1754  5 08 x 10
0.1756  0 07 x 06
0.1761  3 08 x 05
0.1765  0 27 x 04
0.1766  5 08 x 12
0.1768  0 07 x 08
0.1781  0 07 x 07
0.1796  5 08 x 05
0.1870  0 07 x 04
0.1875  0 07 x 12
0.1903  0 07 x 10
0.1913  5 08 x 06
0.1919  3 08 x 04
0.1928  2 08 x 05
0.1937  4 08 x 04
0.1955  0 03 x 05
0.1969  6 08 x 10
0.1978  6 08 x 12
0.1984  6 08 x 08
0.2008  5 08 x 04
0.2010  0 04 x 03
0.2025  0 05 x 03
0.2031  0 01 x 03
0.2038  6 08 x 06
0.2065  0 00 x 03
0.2069  0 06 x 03
0.2084  6 08 x 07
0.2091  6 08 x 05
0.2099  0 31 x 03
0.2102  0 29 x 03
0.2106  0 32 x 03
0.2106  0 28 x 03
0.2118  0 30 x 03
0.2191  0 27 x 03
0.2210  2 08 x 04
0.2242  0 03 x 04
0.2242  0 07 x 03
0.2288  4 08 x 03
0.2354  6 08 x 04
0.2371  3 08 x 03
0.2432  5 08 x 03
0.2576  1 08 x 05
0.2647  2 08 x 03
0.2744  7 08 x 05
0.2758  0 03 x 03
0.2777  0 01 x 02
0.2786  6 08 x 03
0.2788  0 05 x 02
0.2796  0 04 x 02
0.2824  0 06 x 02
0.2843  0 00 x 02
0.2864  0 31 x 02
0.2868  1 08 x 04
0.2868  0 29 x 02
0.2879  0 32 x 02
0.2880  0 28 x 02
0.2885  0 30 x 02
0.2938  0 07 x 02
0.3002  0 27 x 02
0.3029  7 08 x 04
0.3100  4 08 x 02
0.3196  5 08 x 02
0.3269  3 08 x 02
0.3597  1 08 x 03
0.3650  7 08 x 03
0.3698  6 08 x 02
0.3703  2 08 x 02
0.3729  0 03 x 02
0.4632  0 02 x 06
0.4638  0 02 x 07
0.4668  0 05 x 01
0.4683  0 01 x 01
0.4699  0 06 x 01
0.4711  0 04 x 01
0.4722  0 02 x 05
0.4741  0 02 x 04
0.4766  0 02 x 03
0.4769  0 28 x 01
0.4770  0 30 x 01
0.4772  0 31 x 01
0.4773  0 29 x 01
0.4779  0 32 x 01
0.4786  0 02 x 02
0.4799  0 00 x 01
0.4812  0 07 x 01
0.4851  0 02 x 08
0.4891  7 08 x 02
0.4975  0 27 x 01
0.5007  1 08 x 02
0.5132  0 02 x 10
0.5164  0 02 x 01
0.5202  4 08 x 01
0.5216  5 08 x 01
0.5478  0 02 x 12
0.5601  3 08 x 01
0.6028  0 03 x 01
0.6088  6 08 x 01
0.6421  2 08 x 01
0.7972  7 08 x 01
0.8857  1 08 x 01
Timings By Test Type:
0.0405  0 32 x 08    0.0405  0 28 x 08    0.0256  0 31 x 10    0.0256  0 31 x 10
0.0405  0 28 x 08    0.0406  0 32 x 10    0.0256  0 32 x 12    0.0256  0 32 x 12
0.0410  0 32 x 10    0.0406  0 32 x 08    0.0257  0 28 x 08    0.0257  0 28 x 08
0.0410  0 28 x 07    0.0408  0 31 x 08    0.0258  0 29 x 10    0.0257  0 32 x 08
0.0410  0 32 x 07    0.0410  0 28 x 07    0.0258  0 32 x 10    0.0257  0 29 x 10
0.0410  0 29 x 08    0.0410  0 29 x 08    0.0258  0 30 x 10    0.0258  0 28 x 10
0.0411  0 30 x 08    0.0410  0 32 x 07    0.0258  0 28 x 10    0.0258  0 30 x 10
0.0414  0 28 x 12    0.0411  0 30 x 08    0.0258  0 31 x 08    0.0258  0 32 x 10
0.0414  0 29 x 12    0.0413  0 32 x 12    0.0259  0 32 x 08    0.0259  0 31 x 08
0.0414  0 32 x 12    0.0414  0 29 x 12    0.0260  0 29 x 08    0.0260  0 29 x 08
0.0414  0 29 x 07    0.0414  0 28 x 12    0.0260  0 30 x 08    0.0260  0 30 x 08
0.0415  0 31 x 07    0.0414  0 29 x 07    0.0261  0 29 x 12    0.0261  0 29 x 12
0.0416  0 31 x 12    0.0415  0 31 x 07    0.0262  0 32 x 07    0.0262  0 32 x 07
0.0417  0 31 x 10    0.0415  0 31 x 12    0.0262  0 28 x 07    0.0262  0 28 x 07
0.0417  0 30 x 07    0.0417  0 31 x 10    0.0263  0 31 x 12    0.0263  0 31 x 12
0.0417  0 28 x 10    0.0417  0 30 x 07    0.0263  0 28 x 12    0.0263  0 28 x 12
0.0417  0 30 x 10    0.0417  0 28 x 10    0.0264  0 29 x 07    0.0265  0 29 x 07
0.0418  0 28 x 06    0.0417  0 30 x 10    0.0265  0 30 x 12    0.0265  0 30 x 12
0.0418  0 30 x 12    0.0418  0 28 x 06    0.0265  0 31 x 07    0.0265  0 31 x 07
0.0418  0 32 x 06    0.0418  0 32 x 06    0.0265  0 30 x 07    0.0266  0 30 x 07
0.0419  0 29 x 10    0.0418  0 30 x 12    0.0267  0 32 x 06    0.0267  0 28 x 06
0.0420  0 31 x 08    0.0419  0 29 x 10    0.0267  0 28 x 06    0.0267  0 32 x 06
0.0423  0 27 x 08    0.0423  0 27 x 08    0.0268  0 27 x 08    0.0268  0 27 x 08
0.0426  0 30 x 06    0.0426  0 30 x 06    0.0269  0 01 x 07    0.0271  0 30 x 06
0.0429  0 29 x 06    0.0429  0 29 x 06    0.0269  0 27 x 12    0.0271  0 27 x 12
0.0429  0 01 x 06    0.0430  0 01 x 06    0.0271  0 30 x 06    0.0272  0 01 x 06
0.0430  0 31 x 06    0.0430  0 31 x 06    0.0272  0 01 x 06    0.0272  0 29 x 06
0.0433  0 27 x 07    0.0431  0 27 x 07    0.0272  0 27 x 10    0.0272  0 31 x 06
0.0436  0 01 x 07    0.0435  0 05 x 06    0.0272  0 29 x 06    0.0273  0 27 x 10
0.0436  0 27 x 12    0.0436  0 01 x 07    0.0273  0 31 x 06    0.0273  0 27 x 07
0.0441  0 27 x 10    0.0437  0 27 x 12    0.0273  0 27 x 07    0.0277  0 01 x 07
0.0441  0 00 x 06    0.0439  0 27 x 10    0.0276  0 04 x 07    0.0277  0 04 x 07
0.0442  0 27 x 06    0.0440  0 04 x 06    0.0276  0 00 x 07    0.0278  0 00 x 06
0.0442  0 04 x 08    0.0441  0 00 x 06    0.0277  0 00 x 06    0.0280  0 04 x 06
0.0446  0 04 x 07    0.0442  0 27 x 06    0.0280  0 04 x 06    0.0280  0 27 x 06
0.0446  0 05 x 08    0.0443  0 04 x 08    0.0280  0 27 x 06    0.0281  0 04 x 08
0.0447  0 01 x 08    0.0446  0 04 x 07    0.0281  0 04 x 08    0.0284  0 00 x 07
0.0447  0 05 x 12    0.0446  0 05 x 08    0.0284  0 05 x 06    0.0284  0 05 x 06
0.0447  0 05 x 06    0.0447  0 05 x 12    0.0284  0 00 x 08    0.0285  0 00 x 08
0.0448  0 05 x 10    0.0447  0 01 x 08    0.0285  0 01 x 08    0.0285  0 01 x 08
0.0450  0 00 x 08    0.0448  0 05 x 10    0.0285  0 31 x 05    0.0285  0 31 x 05
0.0450  0 00 x 07    0.0450  0 00 x 08    0.0285  0 29 x 05    0.0286  0 29 x 05
0.0451  0 01 x 10    0.0450  0 00 x 07    0.0286  0 28 x 05    0.0286  0 32 x 05
0.0451  0 01 x 12    0.0451  0 01 x 12    0.0286  0 32 x 05    0.0286  0 28 x 05
0.0452  0 28 x 05    0.0451  0 01 x 10    0.0289  0 01 x 12    0.0289  0 01 x 12
0.0453  0 32 x 05    0.0452  0 32 x 05    0.0289  0 30 x 05    0.0289  0 30 x 05
0.0453  0 04 x 06    0.0452  0 28 x 05    0.0289  0 01 x 10    0.0289  0 01 x 10
0.0454  0 05 x 07    0.0454  0 05 x 07    0.0290  0 05 x 07    0.0290  0 05 x 07
0.0454  0 31 x 05    0.0454  0 31 x 05    0.0290  0 00 x 05    0.0290  0 00 x 05
0.0455  0 29 x 05    0.0455  0 29 x 05    0.0291  0 04 x 10    0.0290  0 00 x 10
0.0455  0 30 x 05    0.0455  0 30 x 05    0.0292  0 00 x 12    0.0291  0 04 x 10
0.0456  0 04 x 10    0.0455  0 04 x 10    0.0292  0 00 x 10    0.0292  0 01 x 05
0.0457  0 05 x 05    0.0457  0 05 x 05    0.0293  0 01 x 05    0.0292  0 00 x 12
0.0457  0 00 x 05    0.0457  0 00 x 05    0.0294  0 05 x 08    0.0294  0 05 x 08
0.0459  0 06 x 08    0.0459  0 06 x 08    0.0296  0 05 x 10    0.0295  0 05 x 12
0.0461  0 01 x 05    0.0459  0 06 x 06    0.0296  0 05 x 12    0.0296  0 05 x 10
0.0462  0 00 x 12    0.0461  0 01 x 05    0.0297  0 04 x 12    0.0298  0 04 x 12
0.0462  0 00 x 10    0.0462  0 00 x 10    0.0298  0 27 x 05    0.0298  0 27 x 05
0.0463  0 04 x 12    0.0462  0 00 x 12    0.0299  0 05 x 05    0.0299  0 05 x 05
0.0465  0 06 x 05    0.0463  0 04 x 12    0.0307  0 06 x 05    0.0307  0 06 x 05
0.0471  0 06 x 10    0.0465  0 06 x 05    0.0308  0 06 x 08    0.0308  0 06 x 08
0.0472  0 06 x 06    0.0471  0 06 x 10    0.0308  0 03 x 08    0.0310  0 06 x 07
0.0476  0 27 x 05    0.0476  0 27 x 05    0.0309  0 06 x 06    0.0310  0 06 x 06
0.0478  0 06 x 07    0.0477  0 06 x 07    0.0309  0 06 x 07    0.0312  0 03 x 08
0.0479  0 06 x 12    0.0479  0 06 x 12    0.0313  0 03 x 10    0.0314  0 04 x 05
0.0494  0 03 x 08    0.0494  0 03 x 08    0.0314  0 04 x 05    0.0316  0 03 x 10
0.0495  0 03 x 10    0.0495  0 03 x 10    0.0319  4 08 x 07    0.0319  4 08 x 07
0.0497  0 04 x 05    0.0496  0 04 x 05    0.0320  0 00 x 04    0.0319  0 00 x 04
0.0499  4 08 x 07    0.0499  4 08 x 07    0.0321  0 03 x 07    0.0321  0 06 x 10
0.0504  0 05 x 04    0.0504  0 05 x 04    0.0321  0 06 x 10    0.0322  0 03 x 07
0.0505  4 08 x 08    0.0505  4 08 x 08    0.0323  3 08 x 08    0.0323  0 05 x 04
0.0506  0 07 x 05    0.0506  0 07 x 05    0.0323  0 05 x 04    0.0324  0 29 x 04
0.0508  4 08 x 12    0.0508  4 08 x 12    0.0324  0 29 x 04    0.0326  0 04 x 04
0.0508  4 08 x 10    0.0508  4 08 x 10    0.0325  4 08 x 06    0.0326  4 08 x 06
0.0509  0 03 x 07    0.0509  0 03 x 07    0.0326  0 31 x 04    0.0327  0 31 x 04
0.0512  3 08 x 08    0.0511  4 08 x 06    0.0327  0 04 x 04    0.0328  0 32 x 04
0.0512  4 08 x 06    0.0512  3 08 x 08    0.0328  0 32 x 04    0.0328  0 28 x 04
0.0513  0 00 x 04    0.0513  0 00 x 04    0.0328  0 28 x 04    0.0329  0 30 x 04
0.0514  0 06 x 04    0.0514  0 06 x 04    0.0329  0 30 x 04    0.0329  3 08 x 08
0.0515  5 08 x 08    0.0515  0 04 x 04    0.0330  3 08 x 07    0.0330  4 08 x 08
0.0515  0 04 x 04    0.0515  5 08 x 08    0.0330  4 08 x 08    0.0331  3 08 x 07
0.0516  0 07 x 06    0.0516  4 08 x 05    0.0332  0 06 x 12    0.0332  0 06 x 12
0.0518  0 07 x 08    0.0516  0 07 x 06    0.0333  4 08 x 12    0.0333  4 08 x 12
0.0518  5 08 x 10    0.0517  0 07 x 08    0.0333  4 08 x 10    0.0333  4 08 x 10
0.0522  0 29 x 04    0.0519  5 08 x 10    0.0334  0 03 x 12    0.0334  0 03 x 12
0.0522  5 08 x 12    0.0521  3 08 x 06    0.0334  3 08 x 06    0.0334  3 08 x 06
0.0523  0 01 x 04    0.0522  0 29 x 04    0.0335  0 01 x 04    0.0335  0 01 x 04
0.0523  0 03 x 12    0.0522  5 08 x 12    0.0335  0 06 x 04    0.0335  0 06 x 04
0.0524  3 08 x 07    0.0523  0 01 x 04    0.0336  4 08 x 05    0.0337  4 08 x 05
0.0525  5 08 x 07    0.0523  0 03 x 12    0.0338  0 27 x 04    0.0338  0 27 x 04
0.0525  0 31 x 04    0.0524  3 08 x 07    0.0339  0 03 x 06    0.0339  0 03 x 06
0.0526  0 32 x 04    0.0525  5 08 x 07    0.0341  3 08 x 05    0.0341  3 08 x 05
0.0526  0 30 x 04    0.0525  0 31 x 04    0.0341  3 08 x 10    0.0341  3 08 x 10
0.0526  0 28 x 04    0.0526  0 32 x 04    0.0342  3 08 x 12    0.0342  3 08 x 12
0.0527  3 08 x 12    0.0526  0 28 x 04    0.0348  0 07 x 05    0.0348  0 07 x 05
0.0527  3 08 x 10    0.0526  0 30 x 04    0.0351  5 08 x 07    0.0352  5 08 x 07
0.0528  0 07 x 07    0.0527  3 08 x 10    0.0353  5 08 x 08    0.0353  5 08 x 08
0.0530  4 08 x 05    0.0527  3 08 x 12    0.0358  5 08 x 10    0.0359  5 08 x 10
0.0534  0 03 x 06    0.0528  0 07 x 07    0.0360  5 08 x 12    0.0360  5 08 x 12
0.0535  3 08 x 06    0.0529  5 08 x 05    0.0361  5 08 x 05    0.0361  5 08 x 05
0.0544  5 08 x 05    0.0532  3 08 x 05    0.0361  0 07 x 06    0.0362  0 07 x 06
0.0544  0 27 x 04    0.0533  0 03 x 06    0.0361  0 07 x 07    0.0364  0 07 x 07
0.0545  0 07 x 12    0.0544  0 27 x 04    0.0367  0 07 x 08    0.0367  0 07 x 08
0.0547  3 08 x 05    0.0545  0 07 x 12    0.0372  3 08 x 04    0.0372  3 08 x 04
0.0553  0 07 x 10    0.0553  0 07 x 10    0.0374  2 08 x 05    0.0374  2 08 x 05
0.0558  0 07 x 04    0.0557  0 07 x 04    0.0378  0 07 x 04    0.0378  0 07 x 04
0.0572  6 08 x 10    0.0573  6 08 x 10    0.0379  0 03 x 05    0.0379  0 03 x 05
0.0575  6 08 x 08    0.0574  6 08 x 08    0.0381  5 08 x 06    0.0381  5 08 x 06
0.0575  6 08 x 12    0.0575  6 08 x 12    0.0382  4 08 x 04    0.0382  4 08 x 04
0.0576  5 08 x 06    0.0575  5 08 x 06    0.0385  0 04 x 03    0.0385  0 04 x 03
0.0587  4 08 x 04    0.0587  4 08 x 04    0.0388  0 01 x 03    0.0388  0 01 x 03
0.0587  3 08 x 04    0.0587  3 08 x 04    0.0392  0 05 x 03    0.0392  0 05 x 03
0.0590  2 08 x 05    0.0590  2 08 x 05    0.0393  0 07 x 12    0.0393  0 07 x 12
0.0599  6 08 x 06    0.0598  6 08 x 06    0.0394  0 00 x 03    0.0395  0 00 x 03
0.0599  0 03 x 05    0.0598  0 03 x 05    0.0399  0 07 x 10    0.0399  0 31 x 03
0.0600  5 08 x 04    0.0599  6 08 x 05    0.0399  0 31 x 03    0.0399  0 07 x 10
0.0612  6 08 x 07    0.0600  5 08 x 04    0.0400  0 29 x 03    0.0400  0 29 x 03
0.0617  6 08 x 05    0.0612  6 08 x 07    0.0401  0 32 x 03    0.0401  0 32 x 03
0.0620  0 04 x 03    0.0620  0 04 x 03    0.0401  0 28 x 03    0.0401  0 28 x 03
0.0621  0 05 x 03    0.0621  0 05 x 03    0.0403  0 30 x 03    0.0403  0 30 x 03
0.0627  0 01 x 03    0.0627  0 01 x 03    0.0404  5 08 x 04    0.0404  0 06 x 03
0.0631  0 06 x 03    0.0631  0 06 x 03    0.0404  0 06 x 03    0.0404  5 08 x 04
0.0640  0 00 x 03    0.0635  0 00 x 03    0.0412  6 08 x 10    0.0412  6 08 x 10
0.0651  0 31 x 03    0.0650  0 31 x 03    0.0414  6 08 x 12    0.0414  6 08 x 12
0.0651  0 29 x 03    0.0651  0 29 x 03    0.0416  0 27 x 03    0.0416  0 27 x 03
0.0652  0 32 x 03    0.0652  0 32 x 03    0.0418  6 08 x 08    0.0418  6 08 x 08
0.0652  0 28 x 03    0.0652  0 28 x 03    0.0420  6 08 x 06    0.0421  6 08 x 06
0.0656  0 30 x 03    0.0655  0 30 x 03    0.0426  2 08 x 04    0.0426  2 08 x 04
0.0677  0 07 x 03    0.0677  0 07 x 03    0.0431  6 08 x 07    0.0430  6 08 x 07
0.0679  2 08 x 04    0.0679  2 08 x 04    0.0432  0 03 x 04    0.0432  0 03 x 04
0.0680  0 27 x 03    0.0680  0 27 x 03    0.0437  6 08 x 05    0.0437  6 08 x 05
0.0685  6 08 x 04    0.0685  6 08 x 04    0.0440  4 08 x 03    0.0440  4 08 x 03
0.0688  0 03 x 04    0.0689  0 03 x 04    0.0445  0 07 x 03    0.0444  0 07 x 03
0.0704  4 08 x 03    0.0704  4 08 x 03    0.0454  3 08 x 03    0.0454  3 08 x 03
0.0731  3 08 x 03    0.0731  3 08 x 03    0.0482  5 08 x 03    0.0482  5 08 x 03
0.0734  5 08 x 03    0.0734  5 08 x 03    0.0493  6 08 x 04    0.0492  6 08 x 04
0.0773  7 08 x 05    0.0764  7 08 x 05    0.0499  1 08 x 05    0.0499  1 08 x 05
0.0789  1 08 x 05    0.0789  1 08 x 05    0.0507  2 08 x 03    0.0507  2 08 x 03
0.0817  2 08 x 03    0.0817  2 08 x 03    0.0521  0 01 x 02    0.0522  0 01 x 02
0.0822  6 08 x 03    0.0822  6 08 x 03    0.0526  0 04 x 02    0.0526  0 04 x 02
0.0849  7 08 x 04    0.0849  7 08 x 04    0.0527  0 03 x 03    0.0527  0 03 x 03
0.0852  0 03 x 03    0.0852  0 03 x 03    0.0529  0 05 x 02    0.0528  0 05 x 02
0.0865  0 05 x 02    0.0865  0 05 x 02    0.0533  0 00 x 02    0.0533  0 00 x 02
0.0867  0 01 x 02    0.0867  0 01 x 02    0.0536  0 31 x 02    0.0536  0 31 x 02
0.0870  0 06 x 02    0.0870  0 06 x 02    0.0537  0 29 x 02    0.0536  0 29 x 02
0.0872  0 04 x 02    0.0872  0 04 x 02    0.0539  0 28 x 02    0.0539  0 32 x 02
0.0881  1 08 x 04    0.0881  1 08 x 04    0.0539  0 32 x 02    0.0539  0 28 x 02
0.0889  0 00 x 02    0.0888  0 00 x 02    0.0541  0 30 x 02    0.0540  0 30 x 02
0.0897  0 31 x 02    0.0896  0 31 x 02    0.0542  0 06 x 02    0.0542  0 06 x 02
0.0898  0 29 x 02    0.0897  0 29 x 02    0.0553  1 08 x 04    0.0553  1 08 x 04
0.0901  0 28 x 02    0.0900  0 28 x 02    0.0559  0 27 x 02    0.0559  0 27 x 02
0.0901  0 32 x 02    0.0900  0 32 x 02    0.0568  0 07 x 02    0.0568  0 07 x 02
0.0901  0 07 x 02    0.0901  0 07 x 02    0.0571  6 08 x 03    0.0571  6 08 x 03
0.0902  0 30 x 02    0.0902  0 30 x 02    0.0585  4 08 x 02    0.0585  4 08 x 02
0.0942  0 27 x 02    0.0942  0 27 x 02    0.0604  7 08 x 05    0.0604  7 08 x 05
0.0965  4 08 x 02    0.0965  4 08 x 02    0.0617  3 08 x 02    0.0616  3 08 x 02
0.0981  5 08 x 02    0.0980  5 08 x 02    0.0618  5 08 x 02    0.0617  5 08 x 02
0.1018  3 08 x 02    0.1018  3 08 x 02    0.0665  7 08 x 04    0.0665  7 08 x 04
0.1031  7 08 x 03    0.1032  7 08 x 03    0.0687  1 08 x 03    0.0688  1 08 x 03
0.1100  6 08 x 02    0.1100  6 08 x 02    0.0698  2 08 x 02    0.0698  2 08 x 02
0.1114  1 08 x 03    0.1108  1 08 x 03    0.0699  0 03 x 02    0.0699  0 03 x 02
0.1154  2 08 x 02    0.1153  2 08 x 02    0.0750  6 08 x 02    0.0748  6 08 x 02
0.1166  0 03 x 02    0.1165  0 03 x 02    0.0793  7 08 x 03    0.0793  7 08 x 03
0.1396  7 08 x 02    0.1395  7 08 x 02    0.0829  0 01 x 01    0.0827  0 01 x 01
0.1421  0 02 x 06    0.1420  0 02 x 06    0.0830  0 05 x 01    0.0829  0 05 x 01
0.1424  0 02 x 07    0.1421  0 02 x 07    0.0835  0 04 x 01    0.0835  0 04 x 01
0.1448  0 02 x 05    0.1451  0 02 x 05    0.0836  0 28 x 01    0.0835  0 30 x 01
0.1456  0 02 x 04    0.1455  0 02 x 04    0.0836  0 30 x 01    0.0836  0 28 x 01
0.1463  0 02 x 03    0.1464  0 02 x 03    0.0837  0 31 x 01    0.0836  0 31 x 01
0.1473  0 02 x 02    0.1472  0 02 x 02    0.0837  0 29 x 01    0.0836  0 29 x 01
0.1488  0 02 x 08    0.1488  0 02 x 08    0.0839  0 32 x 01    0.0838  0 32 x 01
0.1505  0 05 x 01    0.1504  0 05 x 01    0.0843  0 06 x 01    0.0842  0 06 x 01
0.1508  0 06 x 01    0.1507  0 06 x 01    0.0847  0 00 x 01    0.0847  0 00 x 01
0.1514  0 01 x 01    0.1513  0 01 x 01    0.0872  0 07 x 01    0.0871  0 07 x 01
0.1521  0 04 x 01    0.1520  0 04 x 01    0.0873  0 27 x 01    0.0872  0 27 x 01
0.1535  0 07 x 01    0.1535  0 07 x 01    0.0894  0 02 x 07    0.0896  0 02 x 06
0.1549  0 28 x 01    0.1548  0 28 x 01    0.0895  0 02 x 06    0.0900  0 02 x 07
0.1549  0 30 x 01    0.1549  0 30 x 01    0.0913  0 02 x 05    0.0911  0 02 x 05
0.1550  0 31 x 01    0.1549  0 31 x 01    0.0915  0 02 x 04    0.0915  0 02 x 04
0.1550  0 29 x 01    0.1550  0 29 x 01    0.0919  0 02 x 03    0.0919  0 02 x 03
0.1552  0 32 x 01    0.1550  0 32 x 01    0.0921  0 02 x 02    0.0920  0 02 x 02
0.1553  0 00 x 01    0.1552  0 00 x 01    0.0925  4 08 x 01    0.0924  4 08 x 01
0.1557  1 08 x 02    0.1557  1 08 x 02    0.0939  0 02 x 08    0.0937  0 02 x 08
0.1571  0 02 x 10    0.1571  0 02 x 10    0.0941  5 08 x 01    0.0940  5 08 x 01
0.1613  0 02 x 01    0.1611  0 02 x 01    0.0946  1 08 x 02    0.0946  1 08 x 02
0.1616  0 27 x 01    0.1615  0 27 x 01    0.0971  0 02 x 01    0.0970  0 02 x 01
0.1668  5 08 x 01    0.1667  5 08 x 01    0.0995  0 02 x 10    0.0996  0 02 x 10
0.1677  4 08 x 01    0.1675  4 08 x 01    0.1001  3 08 x 01    0.1000  3 08 x 01
0.1677  0 02 x 12    0.1677  0 02 x 12    0.1051  7 08 x 02    0.1050  7 08 x 02
0.1801  3 08 x 01    0.1800  3 08 x 01    0.1057  0 03 x 01    0.1057  0 03 x 01
0.1871  6 08 x 01    0.1870  6 08 x 01    0.1062  0 02 x 12    0.1062  0 02 x 12
0.1958  0 03 x 01    0.1957  0 03 x 01    0.1155  2 08 x 01    0.1154  2 08 x 01
0.2057  2 08 x 01    0.2056  2 08 x 01    0.1173  6 08 x 01    0.1175  6 08 x 01
0.2335  7 08 x 01    0.2335  7 08 x 01    0.1614  1 08 x 01    0.1613  1 08 x 01
0.2816  1 08 x 01    0.2814  1 08 x 01    0.1651  7 08 x 01    0.1650  7 08 x 01
---Benchmark Program Finished---
