
./testbench.sh clang++ O3 MontgomeryHalf uint64_t 191 8 22 -DTEST_ARRAY -DHURCHALLA_MONTGOMERY_TWO_POW_USE_CSELECT_ON_BIT -DHURCHALLA_ALLOW_INLINE_ASM_ALL

compilation finished, now executing:
---Running Program---

begin benchmarks - array two_pow
(ignore)14570983554645190575

OVERALL BEST:
0.1311  0 32 x 12
0.1327  0 32 x 10
0.1332  0 29 x 12
0.1337  0 28 x 12
0.1338  0 31 x 12
0.1339  0 31 x 08
0.1340  0 31 x 10
0.1345  0 29 x 10
0.1348  0 32 x 08
0.1349  0 30 x 10
0.1349  0 29 x 08
0.1353  0 30 x 12
0.1357  0 28 x 10
0.1359  0 31 x 07
0.1359  0 30 x 08
0.1364  0 28 x 08
0.1374  0 29 x 07
0.1375  0 32 x 07
0.1380  0 30 x 07
0.1382  0 28 x 07
0.1392  0 27 x 12
0.1404  0 27 x 10
0.1417  0 31 x 06
0.1419  0 27 x 08
0.1423  0 29 x 06
0.1424  0 32 x 06
0.1437  0 30 x 06
0.1437  0 03 x 12
0.1442  0 03 x 10
0.1453  0 28 x 06
0.1454  0 01 x 12
0.1456  0 27 x 07
0.1462  0 05 x 08
0.1467  0 01 x 06
0.1468  0 01 x 10
0.1470  0 01 x 07
0.1472  0 05 x 12
0.1476  0 04 x 12
0.1479  0 01 x 08
0.1480  0 03 x 08
0.1481  0 05 x 07
0.1482  0 04 x 08
0.1486  0 05 x 06
0.1489  0 05 x 10
0.1492  0 00 x 10
0.1492  0 06 x 08
0.1493  0 04 x 07
0.1493  0 00 x 12
0.1495  0 04 x 10
0.1497  0 06 x 12
0.1503  0 27 x 06
0.1505  0 04 x 06
0.1511  0 06 x 10
0.1513  0 06 x 07
0.1517  0 00 x 07
0.1520  0 00 x 08
0.1529  0 06 x 06
0.1535  0 01 x 05
0.1545  0 00 x 06
0.1548  0 31 x 05
0.1553  0 03 x 07
0.1560  0 32 x 05
0.1561  0 29 x 05
0.1565  0 30 x 05
0.1568  0 28 x 05
0.1573  0 05 x 05
0.1606  0 06 x 05
0.1613  0 00 x 05
0.1621  0 27 x 05
0.1624  0 04 x 05
0.1637  3 08 x 08
0.1658  0 07 x 08
0.1662  0 07 x 12
0.1677  0 07 x 10
0.1680  0 01 x 04
0.1681  0 07 x 07
0.1689  0 02 x 06
0.1694  0 07 x 06
0.1706  0 03 x 06
0.1709  0 05 x 04
0.1709  4 08 x 08
0.1725  0 04 x 04
0.1730  0 00 x 04
0.1740  0 31 x 04
0.1750  0 28 x 04
0.1754  4 08 x 12
0.1756  0 30 x 04
0.1759  3 08 x 12
0.1760  0 06 x 04
0.1769  0 07 x 05
0.1780  3 08 x 10
0.1797  4 08 x 10
0.1802  3 08 x 07
0.1809  0 29 x 04
0.1811  0 32 x 04
0.1817  0 27 x 04
0.1834  3 08 x 06
0.1858  3 08 x 05
0.1862  4 08 x 07
0.1896  4 08 x 06
0.1910  0 03 x 05
0.1914  0 07 x 04
0.1914  0 02 x 05
0.1929  5 08 x 12
0.1963  4 08 x 05
0.1992  5 08 x 08
0.2011  3 08 x 04
0.2015  5 08 x 10
0.2069  6 08 x 12
0.2073  0 01 x 03
0.2081  0 05 x 03
0.2092  0 04 x 03
0.2101  4 08 x 04
0.2105  0 06 x 03
0.2133  0 31 x 03
0.2149  6 08 x 10
0.2152  0 30 x 03
0.2153  0 28 x 03
0.2166  5 08 x 07
0.2166  0 02 x 04
0.2175  0 03 x 04
0.2225  0 27 x 03
0.2226  2 08 x 05
0.2239  2 08 x 04
0.2245  0 32 x 03
0.2250  0 29 x 03
0.2252  5 08 x 06
0.2263  0 07 x 03
0.2284  0 00 x 03
0.2383  5 08 x 05
0.2548  3 08 x 03
0.2549  5 08 x 04
0.2551  4 08 x 03
0.2625  6 08 x 08
0.2681  0 03 x 03
0.2685  0 02 x 03
0.2735  1 08 x 05
0.2794  0 05 x 02
0.2824  0 01 x 02
0.2832  0 06 x 02
0.2833  2 08 x 03
0.2845  0 04 x 02
0.2881  6 08 x 07
0.2923  0 00 x 02
0.2940  0 07 x 02
0.2944  0 30 x 02
0.2947  1 08 x 04
0.2949  0 28 x 02
0.2984  0 29 x 02
0.2985  0 32 x 02
0.2990  0 31 x 02
0.3007  5 08 x 03
0.3054  0 27 x 02
0.3067  6 08 x 06
0.3142  4 08 x 02
0.3338  3 08 x 02
0.3392  6 08 x 05
0.3614  5 08 x 02
0.3641  6 08 x 04
0.3666  0 02 x 02
0.3680  0 03 x 02
0.3776  2 08 x 02
0.3794  1 08 x 03
0.4001  7 08 x 05
0.4221  6 08 x 03
0.4447  0 02 x 07
0.4664  0 05 x 01
0.4690  0 01 x 01
0.4696  0 06 x 01
0.4718  0 04 x 01
0.4722  0 30 x 01
0.4725  0 28 x 01
0.4747  0 07 x 01
0.4787  6 08 x 02
0.4800  0 00 x 01
0.4811  0 02 x 08
0.4855  0 31 x 01
0.4855  0 29 x 01
0.4868  0 32 x 01
0.4978  0 27 x 01
0.5077  1 08 x 02
0.5113  5 08 x 01
0.5165  0 02 x 10
0.5219  4 08 x 01
0.5595  0 02 x 12
0.5618  3 08 x 01
0.6057  0 02 x 01
0.6081  0 03 x 01
0.6114  6 08 x 01
0.6453  2 08 x 01
0.6776  7 08 x 04
0.7088  7 08 x 03
0.7709  7 08 x 02
0.8067  7 08 x 01
0.8917  1 08 x 01
Timings By Test Type:
0.0399  0 32 x 12    0.0397  0 32 x 12    0.0259  0 32 x 10    0.0255  0 29 x 12
0.0405  0 32 x 10    0.0403  0 31 x 10    0.0260  0 32 x 12    0.0255  0 32 x 12
0.0408  0 31 x 08    0.0403  0 28 x 12    0.0262  0 29 x 12    0.0255  0 31 x 12
0.0408  0 29 x 12    0.0404  0 30 x 10    0.0262  0 31 x 08    0.0258  0 28 x 12
0.0409  0 29 x 08    0.0404  0 32 x 10    0.0262  0 31 x 12    0.0258  0 31 x 10
0.0410  0 31 x 12    0.0404  0 29 x 10    0.0265  0 32 x 08    0.0259  0 30 x 12
0.0410  0 32 x 08    0.0407  0 28 x 10    0.0265  0 31 x 10    0.0259  0 32 x 10
0.0411  0 28 x 12    0.0407  0 31 x 08    0.0265  0 28 x 12    0.0259  0 29 x 10
0.0412  0 28 x 08    0.0408  0 29 x 12    0.0266  0 29 x 08    0.0261  0 30 x 10
0.0413  0 31 x 07    0.0409  0 32 x 08    0.0266  0 30 x 12    0.0262  0 31 x 08
0.0413  0 30 x 08    0.0409  0 29 x 08    0.0266  0 31 x 07    0.0262  0 28 x 10
0.0414  0 30 x 12    0.0410  0 31 x 12    0.0267  0 29 x 10    0.0265  0 32 x 08
0.0415  0 31 x 10    0.0411  0 28 x 08    0.0267  0 30 x 08    0.0266  0 29 x 08
0.0415  0 29 x 10    0.0412  0 30 x 08    0.0269  0 30 x 10    0.0267  0 30 x 08
0.0415  0 30 x 10    0.0413  0 31 x 07    0.0269  0 28 x 10    0.0267  0 31 x 07
0.0418  0 29 x 07    0.0414  0 30 x 12    0.0270  0 32 x 07    0.0269  0 27 x 12
0.0418  0 32 x 07    0.0417  0 29 x 07    0.0270  0 29 x 07    0.0270  0 29 x 07
0.0419  0 28 x 10    0.0417  0 27 x 12    0.0270  0 28 x 08    0.0270  0 32 x 07
0.0419  0 30 x 07    0.0417  0 32 x 07    0.0271  0 30 x 07    0.0271  0 28 x 08
0.0422  0 28 x 07    0.0418  0 28 x 07    0.0271  0 28 x 07    0.0271  0 30 x 07
0.0429  0 27 x 10    0.0418  0 30 x 07    0.0275  0 27 x 10    0.0272  0 28 x 07
0.0429  0 27 x 12    0.0426  0 27 x 10    0.0276  0 27 x 12    0.0274  0 27 x 10
0.0430  0 31 x 06    0.0430  0 27 x 08    0.0277  0 29 x 06    0.0278  0 31 x 06
0.0431  0 27 x 08    0.0431  0 31 x 06    0.0277  0 31 x 06    0.0278  0 32 x 06
0.0433  0 32 x 06    0.0433  0 32 x 06    0.0279  0 27 x 08    0.0278  0 29 x 06
0.0434  0 29 x 06    0.0433  0 29 x 06    0.0279  0 32 x 06    0.0279  0 27 x 08
0.0437  0 03 x 12    0.0437  0 03 x 12    0.0280  0 30 x 06    0.0280  0 03 x 10
0.0438  0 30 x 06    0.0438  0 30 x 06    0.0282  0 03 x 12    0.0280  0 30 x 06
0.0439  0 03 x 10    0.0439  0 03 x 10    0.0285  0 01 x 12    0.0281  0 01 x 10
0.0440  0 28 x 06    0.0440  0 01 x 07    0.0285  0 03 x 10    0.0282  0 03 x 12
0.0440  0 05 x 08    0.0440  0 28 x 06    0.0286  0 27 x 07    0.0282  0 01 x 06
0.0442  0 27 x 07    0.0440  0 05 x 08    0.0287  0 28 x 06    0.0285  0 01 x 12
0.0442  0 01 x 12    0.0441  0 01 x 06    0.0289  0 04 x 12    0.0285  0 01 x 07
0.0442  0 05 x 12    0.0442  0 27 x 07    0.0289  0 01 x 10    0.0286  0 04 x 07
0.0448  0 05 x 10    0.0442  0 01 x 12    0.0290  0 01 x 08    0.0286  0 27 x 07
0.0448  0 03 x 08    0.0442  0 05 x 12    0.0290  0 01 x 06    0.0287  0 28 x 06
0.0448  0 06 x 08    0.0444  0 05 x 06    0.0291  0 04 x 08    0.0288  0 05 x 07
0.0448  0 05 x 07    0.0448  0 00 x 10    0.0291  0 05 x 08    0.0289  0 00 x 10
0.0449  0 06 x 12    0.0448  0 05 x 10    0.0291  0 00 x 12    0.0289  0 04 x 12
0.0449  0 01 x 10    0.0448  0 03 x 08    0.0292  0 03 x 08    0.0290  0 05 x 08
0.0449  0 04 x 12    0.0448  0 06 x 08    0.0293  0 04 x 06    0.0290  0 01 x 08
0.0449  0 01 x 08    0.0449  0 05 x 07    0.0293  0 04 x 10    0.0291  0 04 x 08
0.0450  0 04 x 08    0.0449  0 01 x 10    0.0293  0 01 x 07    0.0291  0 00 x 12
0.0452  0 01 x 07    0.0449  0 06 x 12    0.0293  0 05 x 06    0.0292  0 03 x 08
0.0453  0 01 x 06    0.0449  0 04 x 12    0.0294  0 05 x 12    0.0292  0 05 x 06
0.0454  0 06 x 10    0.0450  0 04 x 08    0.0294  0 04 x 07    0.0293  0 04 x 10
0.0455  0 04 x 10    0.0450  0 01 x 08    0.0296  0 27 x 06    0.0293  0 04 x 06
0.0455  0 00 x 12    0.0453  0 06 x 06    0.0296  0 05 x 07    0.0294  0 05 x 12
0.0456  0 27 x 06    0.0453  0 04 x 06    0.0297  0 05 x 10    0.0294  0 01 x 05
0.0457  0 04 x 07    0.0453  0 00 x 07    0.0297  0 00 x 10    0.0295  0 00 x 07
0.0457  0 06 x 07    0.0453  0 06 x 10    0.0298  0 00 x 08    0.0296  0 27 x 06
0.0457  0 05 x 06    0.0455  0 04 x 10    0.0298  0 06 x 08    0.0296  0 06 x 07
0.0459  0 00 x 10    0.0455  0 00 x 12    0.0300  0 06 x 12    0.0297  0 05 x 10
0.0463  0 00 x 08    0.0456  0 27 x 06    0.0302  0 06 x 10    0.0297  0 00 x 08
0.0466  0 06 x 06    0.0457  0 04 x 07    0.0302  0 00 x 07    0.0298  0 06 x 08
0.0466  0 04 x 06    0.0457  0 06 x 07    0.0303  0 01 x 05    0.0299  0 03 x 07
0.0466  0 00 x 07    0.0462  0 00 x 06    0.0303  0 31 x 05    0.0300  0 00 x 06
0.0471  0 31 x 05    0.0463  0 00 x 08    0.0304  0 06 x 07    0.0300  0 06 x 12
0.0473  0 32 x 05    0.0463  0 01 x 05    0.0308  0 00 x 06    0.0301  0 06 x 06
0.0473  0 29 x 05    0.0467  0 05 x 05    0.0308  0 29 x 05    0.0302  0 06 x 10
0.0473  0 30 x 05    0.0468  0 03 x 07    0.0308  0 32 x 05    0.0304  0 31 x 05
0.0475  0 00 x 06    0.0470  0 31 x 05    0.0308  0 03 x 07    0.0308  0 32 x 05
0.0475  0 01 x 05    0.0472  0 32 x 05    0.0308  0 30 x 05    0.0308  0 29 x 05
0.0475  0 28 x 05    0.0472  0 29 x 05    0.0309  0 28 x 05    0.0308  0 28 x 05
0.0478  0 03 x 07    0.0473  0 30 x 05    0.0309  0 06 x 06    0.0308  0 05 x 05
0.0481  0 05 x 05    0.0475  0 28 x 05    0.0317  0 05 x 05    0.0310  0 30 x 05
0.0489  0 07 x 08    0.0477  0 06 x 05    0.0319  0 27 x 05    0.0313  0 00 x 05
0.0490  0 07 x 12    0.0484  0 00 x 05    0.0320  0 00 x 05    0.0315  0 06 x 05
0.0491  0 06 x 05    0.0486  0 04 x 05    0.0324  0 06 x 05    0.0316  0 04 x 05
0.0492  0 27 x 05    0.0487  3 08 x 08    0.0324  0 04 x 05    0.0318  0 27 x 05
0.0494  0 07 x 10    0.0489  0 07 x 08    0.0325  0 01 x 04    0.0320  3 08 x 08
0.0496  0 00 x 05    0.0490  0 07 x 12    0.0329  3 08 x 08    0.0325  0 01 x 04
0.0498  0 07 x 07    0.0492  0 27 x 05    0.0332  0 05 x 04    0.0329  0 02 x 06
0.0499  0 04 x 05    0.0494  0 07 x 06    0.0332  0 04 x 04    0.0332  0 05 x 04
0.0501  3 08 x 08    0.0494  0 07 x 10    0.0333  0 00 x 04    0.0332  0 04 x 04
0.0507  0 07 x 06    0.0498  0 07 x 07    0.0334  0 03 x 06    0.0333  0 03 x 06
0.0514  4 08 x 08    0.0501  4 08 x 08    0.0335  0 31 x 04    0.0333  0 00 x 04
0.0515  0 01 x 04    0.0506  0 02 x 06    0.0337  0 02 x 06    0.0335  0 31 x 04
0.0518  0 02 x 06    0.0512  0 03 x 06    0.0337  0 28 x 04    0.0337  0 28 x 04
0.0524  4 08 x 12    0.0515  0 01 x 04    0.0339  0 30 x 04    0.0338  0 07 x 07
0.0527  0 03 x 06    0.0515  0 05 x 04    0.0339  0 07 x 08    0.0339  0 30 x 04
0.0530  0 05 x 04    0.0516  0 07 x 05    0.0342  0 07 x 12    0.0340  0 07 x 08
0.0531  3 08 x 12    0.0523  0 04 x 04    0.0344  0 07 x 10    0.0342  0 07 x 12
0.0532  0 07 x 05    0.0524  4 08 x 12    0.0346  0 07 x 07    0.0342  0 07 x 06
0.0532  0 00 x 04    0.0527  0 06 x 04    0.0346  0 06 x 04    0.0342  4 08 x 08
0.0535  0 31 x 04    0.0531  3 08 x 12    0.0348  3 08 x 12    0.0344  0 07 x 10
0.0536  4 08 x 10    0.0532  0 00 x 04    0.0349  0 27 x 04    0.0345  0 06 x 04
0.0537  3 08 x 10    0.0535  0 31 x 04    0.0352  0 07 x 06    0.0349  3 08 x 12
0.0537  0 04 x 04    0.0536  4 08 x 10    0.0352  4 08 x 08    0.0349  0 27 x 04
0.0538  0 28 x 04    0.0537  3 08 x 10    0.0353  3 08 x 10    0.0351  3 08 x 07
0.0540  0 30 x 04    0.0538  0 28 x 04    0.0353  4 08 x 12    0.0353  3 08 x 10
0.0542  0 06 x 04    0.0538  3 08 x 07    0.0360  3 08 x 05    0.0353  4 08 x 12
0.0542  0 32 x 04    0.0539  0 30 x 04    0.0360  3 08 x 07    0.0356  0 07 x 05
0.0542  0 29 x 04    0.0542  0 29 x 04    0.0363  4 08 x 10    0.0357  3 08 x 06
0.0553  3 08 x 07    0.0542  0 32 x 04    0.0363  0 29 x 04    0.0360  3 08 x 05
0.0559  0 27 x 04    0.0547  4 08 x 07    0.0363  0 32 x 04    0.0362  0 29 x 04
0.0562  5 08 x 12    0.0548  3 08 x 06    0.0365  0 07 x 05    0.0363  4 08 x 10
0.0563  4 08 x 07    0.0558  4 08 x 06    0.0366  3 08 x 06    0.0364  0 32 x 04
0.0563  3 08 x 06    0.0559  0 27 x 04    0.0379  0 03 x 05    0.0370  0 03 x 05
0.0573  4 08 x 06    0.0561  3 08 x 05    0.0379  0 02 x 05    0.0370  0 02 x 05
0.0576  3 08 x 05    0.0562  5 08 x 12    0.0381  4 08 x 07    0.0371  4 08 x 07
0.0581  5 08 x 08    0.0566  0 07 x 04    0.0383  0 07 x 04    0.0377  4 08 x 06
0.0582  0 07 x 04    0.0566  5 08 x 08    0.0387  3 08 x 04    0.0383  0 07 x 04
0.0584  5 08 x 10    0.0572  0 03 x 05    0.0388  4 08 x 06    0.0388  3 08 x 04
0.0589  0 03 x 05    0.0575  0 02 x 05    0.0392  4 08 x 05    0.0392  4 08 x 05
0.0590  0 02 x 05    0.0582  4 08 x 05    0.0397  0 01 x 03    0.0397  0 01 x 03
0.0596  6 08 x 12    0.0584  5 08 x 10    0.0401  0 04 x 03    0.0402  0 04 x 03
0.0598  4 08 x 05    0.0596  6 08 x 12    0.0402  5 08 x 12    0.0402  5 08 x 12
0.0617  6 08 x 10    0.0610  3 08 x 04    0.0403  0 05 x 03    0.0403  0 05 x 03
0.0627  3 08 x 04    0.0615  5 08 x 07    0.0406  0 31 x 03    0.0406  0 31 x 03
0.0632  5 08 x 07    0.0617  6 08 x 10    0.0410  0 06 x 03    0.0410  0 06 x 03
0.0638  0 05 x 03    0.0628  4 08 x 04    0.0411  0 30 x 03    0.0410  0 30 x 03
0.0640  0 01 x 03    0.0637  0 05 x 03    0.0411  0 28 x 03    0.0411  0 28 x 03
0.0642  0 06 x 03    0.0639  5 08 x 06    0.0414  4 08 x 04    0.0414  4 08 x 04
0.0645  0 04 x 03    0.0639  0 01 x 03    0.0416  0 02 x 04    0.0416  0 02 x 04
0.0645  4 08 x 04    0.0642  0 06 x 03    0.0417  0 03 x 04    0.0417  0 03 x 04
0.0657  5 08 x 06    0.0644  0 04 x 03    0.0423  5 08 x 10    0.0417  5 08 x 08
0.0661  0 31 x 03    0.0658  0 02 x 04    0.0424  0 27 x 03    0.0424  5 08 x 10
0.0666  0 28 x 03    0.0660  0 31 x 03    0.0428  5 08 x 08    0.0424  0 27 x 03
0.0666  0 30 x 03    0.0661  0 03 x 04    0.0430  2 08 x 05    0.0429  2 08 x 05
0.0671  0 29 x 03    0.0665  0 30 x 03    0.0433  2 08 x 04    0.0433  2 08 x 04
0.0671  0 32 x 03    0.0665  0 28 x 03    0.0439  6 08 x 12    0.0439  6 08 x 12
0.0677  0 02 x 04    0.0671  0 29 x 03    0.0446  0 07 x 03    0.0443  0 00 x 03
0.0680  0 03 x 04    0.0671  0 32 x 03    0.0451  0 00 x 03    0.0446  0 07 x 03
0.0687  2 08 x 04    0.0674  2 08 x 05    0.0453  0 32 x 03    0.0450  0 32 x 03
0.0689  0 27 x 03    0.0676  5 08 x 05    0.0455  0 29 x 03    0.0453  0 29 x 03
0.0690  0 07 x 03    0.0681  0 07 x 03    0.0458  6 08 x 10    0.0453  5 08 x 07
0.0694  2 08 x 05    0.0686  2 08 x 04    0.0465  5 08 x 07    0.0458  6 08 x 10
0.0694  5 08 x 05    0.0689  0 27 x 03    0.0485  5 08 x 06    0.0472  5 08 x 06
0.0699  0 00 x 03    0.0691  0 00 x 03    0.0495  3 08 x 03    0.0481  3 08 x 03
0.0741  6 08 x 08    0.0723  6 08 x 08    0.0508  4 08 x 03    0.0494  4 08 x 03
0.0750  5 08 x 04    0.0732  5 08 x 04    0.0512  0 02 x 03    0.0500  5 08 x 05
0.0785  4 08 x 03    0.0764  4 08 x 03    0.0513  5 08 x 05    0.0512  0 02 x 03
0.0796  3 08 x 03    0.0776  3 08 x 03    0.0514  0 03 x 03    0.0514  0 03 x 03
0.0812  6 08 x 07    0.0790  6 08 x 07    0.0529  0 05 x 02    0.0528  0 05 x 02
0.0827  0 03 x 03    0.0823  0 02 x 03    0.0530  0 01 x 02    0.0530  0 01 x 02
0.0836  1 08 x 05    0.0826  0 03 x 03    0.0531  1 08 x 05    0.0531  1 08 x 05
0.0838  0 02 x 03    0.0836  1 08 x 05    0.0534  5 08 x 04    0.0533  5 08 x 04
0.0864  6 08 x 06    0.0840  6 08 x 06    0.0536  0 04 x 02    0.0536  0 04 x 02
0.0869  0 05 x 02    0.0850  2 08 x 03    0.0542  0 06 x 02    0.0541  0 06 x 02
0.0874  2 08 x 03    0.0868  0 05 x 02    0.0549  0 00 x 02    0.0547  2 08 x 03
0.0875  0 06 x 02    0.0869  5 08 x 03    0.0551  0 28 x 02    0.0549  0 00 x 02
0.0882  0 01 x 02    0.0874  0 06 x 02    0.0553  0 30 x 02    0.0551  0 28 x 02
0.0887  0 04 x 02    0.0882  0 01 x 02    0.0562  2 08 x 03    0.0552  0 30 x 02
0.0894  5 08 x 03    0.0886  0 04 x 02    0.0563  0 32 x 02    0.0562  0 29 x 02
0.0904  0 07 x 02    0.0903  0 07 x 02    0.0563  0 29 x 02    0.0562  0 32 x 02
0.0904  1 08 x 04    0.0904  1 08 x 04    0.0563  0 31 x 02    0.0562  0 31 x 02
0.0912  0 00 x 02    0.0912  0 00 x 02    0.0567  0 07 x 02    0.0567  0 07 x 02
0.0920  0 30 x 02    0.0919  0 30 x 02    0.0569  1 08 x 04    0.0569  1 08 x 04
0.0924  0 28 x 02    0.0922  6 08 x 05    0.0570  0 27 x 02    0.0573  0 27 x 02
0.0930  0 29 x 02    0.0923  0 28 x 02    0.0588  6 08 x 08    0.0573  6 08 x 08
0.0930  0 32 x 02    0.0930  0 29 x 02    0.0594  4 08 x 02    0.0594  4 08 x 02
0.0932  0 31 x 02    0.0930  0 32 x 02    0.0631  3 08 x 02    0.0614  5 08 x 03
0.0949  6 08 x 05    0.0932  0 31 x 02    0.0631  5 08 x 03    0.0630  6 08 x 07
0.0956  0 27 x 02    0.0956  0 27 x 02    0.0648  6 08 x 07    0.0630  3 08 x 02
0.0977  4 08 x 02    0.0977  4 08 x 02    0.0690  0 02 x 02    0.0673  6 08 x 06
0.1029  6 08 x 04    0.1000  6 08 x 04    0.0690  6 08 x 06    0.0689  0 02 x 02
0.1038  3 08 x 02    0.1038  3 08 x 02    0.0694  0 03 x 02    0.0693  0 03 x 02
0.1085  5 08 x 02    0.1070  7 08 x 05    0.0713  2 08 x 02    0.0713  2 08 x 02
0.1100  7 08 x 05    0.1085  5 08 x 02    0.0722  5 08 x 02    0.0722  5 08 x 02
0.1144  0 02 x 02    0.1144  0 02 x 02    0.0728  1 08 x 03    0.0722  1 08 x 03
0.1147  0 03 x 02    0.1146  0 03 x 02    0.0772  6 08 x 05    0.0750  6 08 x 05
0.1175  2 08 x 02    0.1167  6 08 x 03    0.0803  6 08 x 04    0.0809  6 08 x 04
0.1176  1 08 x 03    0.1169  1 08 x 03    0.0828  0 05 x 01    0.0827  0 05 x 01
0.1191  6 08 x 03    0.1175  2 08 x 02    0.0829  0 30 x 01    0.0828  0 30 x 01
0.1376  6 08 x 02    0.1348  0 02 x 07    0.0830  0 28 x 01    0.0829  0 28 x 01
0.1386  0 02 x 07    0.1376  6 08 x 02    0.0830  0 01 x 01    0.0829  0 01 x 01
0.1477  0 02 x 08    0.1477  0 02 x 08    0.0837  0 04 x 01    0.0836  0 04 x 01
0.1505  0 05 x 01    0.1504  0 05 x 01    0.0842  0 06 x 01    0.0842  0 06 x 01
0.1506  0 06 x 01    0.1505  0 06 x 01    0.0849  0 00 x 01    0.0845  0 02 x 07
0.1516  0 01 x 01    0.1516  0 01 x 01    0.0856  0 07 x 01    0.0846  0 00 x 01
0.1518  0 07 x 01    0.1517  0 07 x 01    0.0860  0 31 x 01    0.0855  0 07 x 01
0.1523  0 04 x 01    0.1522  0 04 x 01    0.0862  0 29 x 01    0.0859  0 31 x 01
0.1533  0 30 x 01    0.1532  0 30 x 01    0.0865  0 32 x 01    0.0860  0 29 x 01
0.1533  0 28 x 01    0.1533  0 28 x 01    0.0867  0 02 x 07    0.0861  0 32 x 01
0.1555  0 00 x 01    0.1550  0 00 x 01    0.0874  0 27 x 01    0.0873  0 27 x 01
0.1567  0 29 x 01    0.1566  0 29 x 01    0.0914  5 08 x 01    0.0903  7 08 x 05
0.1568  0 31 x 01    0.1567  0 31 x 01    0.0928  0 02 x 08    0.0914  5 08 x 01
0.1574  0 32 x 01    0.1569  0 32 x 01    0.0928  4 08 x 01    0.0922  6 08 x 03
0.1577  1 08 x 02    0.1576  1 08 x 02    0.0928  7 08 x 05    0.0928  4 08 x 01
0.1585  0 02 x 10    0.1584  0 02 x 10    0.0942  6 08 x 03    0.0929  0 02 x 08
0.1616  0 27 x 01    0.1616  0 27 x 01    0.0962  1 08 x 02    0.0961  1 08 x 02
0.1643  5 08 x 01    0.1642  5 08 x 01    0.1004  3 08 x 01    0.0984  0 02 x 10
0.1682  4 08 x 01    0.1681  4 08 x 01    0.1012  0 02 x 10    0.1003  3 08 x 01
0.1708  0 02 x 12    0.1708  0 02 x 12    0.1020  6 08 x 02    0.1015  6 08 x 02
0.1806  3 08 x 01    0.1784  7 08 x 04    0.1064  0 02 x 01    0.1063  0 02 x 01
0.1825  7 08 x 04    0.1804  3 08 x 01    0.1068  0 03 x 01    0.1067  0 03 x 01
0.1880  6 08 x 01    0.1880  6 08 x 01    0.1089  0 02 x 12    0.1090  0 02 x 12
0.1900  7 08 x 03    0.1890  7 08 x 03    0.1160  2 08 x 01    0.1160  2 08 x 01
0.1965  0 02 x 01    0.1964  0 02 x 01    0.1177  6 08 x 01    0.1176  6 08 x 01
0.1973  0 03 x 01    0.1972  0 03 x 01    0.1567  7 08 x 04    0.1600  7 08 x 04
0.2068  2 08 x 01    0.2065  2 08 x 01    0.1628  1 08 x 01    0.1627  1 08 x 01
0.2103  7 08 x 02    0.2103  7 08 x 02    0.1649  7 08 x 03    0.1649  7 08 x 03
0.2363  7 08 x 01    0.2363  7 08 x 01    0.1672  7 08 x 01    0.1670  7 08 x 01
0.2832  1 08 x 01    0.2830  1 08 x 01    0.1753  7 08 x 02    0.1750  7 08 x 02
---Benchmark Program Finished---
