
./testbench.sh g++ O3 MontgomeryQuarter uint64_t 191 8 22 -DTEST_ARRAY

compilation finished, now executing:
---Running Program---

begin benchmarks - array two_pow
(ignore)3718609572885830787

OVERALL BEST:
0.1319  0 32 x 10
0.1322  0 29 x 10
0.1331  0 32 x 12
0.1336  0 31 x 10
0.1336  0 28 x 10
0.1337  0 30 x 08
0.1337  0 28 x 08
0.1341  0 32 x 08
0.1341  0 29 x 08
0.1343  0 29 x 12
0.1344  0 30 x 10
0.1351  0 30 x 12
0.1351  0 31 x 12
0.1354  0 28 x 07
0.1357  0 31 x 08
0.1357  0 28 x 12
0.1359  0 30 x 07
0.1364  0 29 x 07
0.1365  0 32 x 07
0.1381  0 27 x 10
0.1386  0 31 x 07
0.1389  0 28 x 06
0.1391  0 30 x 06
0.1393  0 03 x 10
0.1394  0 03 x 12
0.1395  0 27 x 07
0.1397  0 27 x 08
0.1399  0 27 x 12
0.1417  0 04 x 06
0.1419  0 03 x 08
0.1425  0 00 x 07
0.1428  0 31 x 06
0.1438  0 29 x 06
0.1438  0 32 x 06
0.1440  0 27 x 06
0.1445  0 00 x 06
0.1462  0 01 x 06
0.1473  0 04 x 05
0.1476  0 05 x 05
0.1488  0 03 x 07
0.1495  0 28 x 05
0.1498  0 30 x 05
0.1508  0 00 x 05
0.1513  0 05 x 08
0.1523  0 01 x 07
0.1526  0 01 x 08
0.1527  0 05 x 06
0.1529  0 31 x 05
0.1530  0 29 x 05
0.1530  0 32 x 05
0.1530  0 05 x 07
0.1530  0 04 x 07
0.1540  0 06 x 07
0.1540  0 01 x 05
0.1548  0 01 x 10
0.1558  0 05 x 12
0.1562  0 27 x 05
0.1567  0 06 x 06
0.1569  0 05 x 10
0.1571  0 00 x 08
0.1572  0 04 x 08
0.1572  0 00 x 10
0.1594  4 08 x 08
0.1595  0 03 x 06
0.1604  0 04 x 10
0.1608  0 01 x 12
0.1611  4 08 x 07
0.1611  0 06 x 05
0.1611  3 08 x 08
0.1626  0 00 x 12
0.1626  0 04 x 12
0.1628  4 08 x 10
0.1629  0 06 x 08
0.1632  4 08 x 12
0.1642  0 05 x 04
0.1646  3 08 x 07
0.1653  4 08 x 06
0.1663  0 00 x 04
0.1663  3 08 x 10
0.1669  3 08 x 06
0.1677  0 04 x 04
0.1678  3 08 x 12
0.1678  0 06 x 10
0.1686  0 06 x 12
0.1693  5 08 x 08
0.1699  0 01 x 04
0.1700  0 29 x 04
0.1700  0 32 x 04
0.1714  0 28 x 04
0.1714  4 08 x 05
0.1718  5 08 x 07
0.1721  3 08 x 05
0.1723  0 30 x 04
0.1724  0 07 x 06
0.1745  0 06 x 04
0.1749  0 07 x 07
0.1754  5 08 x 12
0.1754  5 08 x 10
0.1757  0 07 x 05
0.1767  0 31 x 04
0.1769  0 27 x 04
0.1778  5 08 x 06
0.1786  0 03 x 05
0.1817  0 07 x 08
0.1836  5 08 x 05
0.1844  0 07 x 04
0.1926  4 08 x 04
0.1933  0 07 x 10
0.1941  0 07 x 12
0.1942  2 08 x 05
0.1949  3 08 x 04
0.1959  6 08 x 12
0.1998  6 08 x 07
0.2005  6 08 x 10
0.2005  0 01 x 03
0.2014  0 05 x 03
0.2018  6 08 x 08
0.2029  0 04 x 03
0.2031  0 06 x 03
0.2053  0 03 x 04
0.2068  6 08 x 06
0.2078  0 31 x 03
0.2083  0 29 x 03
0.2083  0 32 x 03
0.2085  0 00 x 03
0.2094  5 08 x 04
0.2112  0 30 x 03
0.2120  0 28 x 03
0.2141  6 08 x 05
0.2160  0 07 x 03
0.2167  0 27 x 03
0.2261  2 08 x 04
0.2304  4 08 x 03
0.2376  3 08 x 03
0.2432  6 08 x 04
0.2457  5 08 x 03
0.2561  1 08 x 05
0.2579  0 03 x 03
0.2615  2 08 x 03
0.2751  0 01 x 02
0.2760  0 05 x 02
0.2776  0 04 x 02
0.2776  0 06 x 02
0.2815  0 00 x 02
0.2838  7 08 x 05
0.2850  0 31 x 02
0.2862  0 29 x 02
0.2862  1 08 x 04
0.2862  0 32 x 02
0.2871  6 08 x 03
0.2873  0 30 x 02
0.2877  0 28 x 02
0.2883  0 07 x 02
0.2946  0 27 x 02
0.3133  4 08 x 02
0.3135  7 08 x 04
0.3210  5 08 x 02
0.3250  3 08 x 02
0.3571  0 03 x 02
0.3616  1 08 x 03
0.3650  2 08 x 02
0.3715  6 08 x 02
0.3746  7 08 x 03
0.4608  0 05 x 01
0.4618  0 02 x 05
0.4622  0 01 x 01
0.4624  0 06 x 01
0.4651  0 04 x 01
0.4669  0 07 x 01
0.4708  0 02 x 07
0.4716  0 31 x 01
0.4716  0 29 x 01
0.4718  0 28 x 01
0.4719  0 30 x 01
0.4721  0 02 x 08
0.4721  0 32 x 01
0.4725  0 00 x 01
0.4750  0 02 x 02
0.4756  0 02 x 03
0.4773  0 02 x 04
0.4829  0 02 x 06
0.4847  0 27 x 01
0.4895  7 08 x 02
0.4921  1 08 x 02
0.5093  0 02 x 01
0.5133  4 08 x 01
0.5200  0 02 x 10
0.5333  5 08 x 01
0.5524  3 08 x 01
0.5608  0 02 x 12
0.5802  0 03 x 01
0.6019  6 08 x 01
0.6325  2 08 x 01
0.7976  7 08 x 01
0.8723  1 08 x 01
Timings By Test Type:
0.0402  0 32 x 10    0.0402  0 32 x 10    0.0257  0 29 x 12    0.0257  0 32 x 10
0.0403  0 29 x 10    0.0404  0 29 x 10    0.0257  0 32 x 12    0.0257  0 29 x 10
0.0404  0 28 x 10    0.0405  0 28 x 10    0.0257  0 32 x 10    0.0257  0 29 x 12
0.0406  0 30 x 08    0.0405  0 31 x 10    0.0257  0 29 x 10    0.0257  0 32 x 12
0.0406  0 28 x 08    0.0406  0 30 x 08    0.0259  0 31 x 10    0.0259  0 31 x 10
0.0407  0 32 x 08    0.0406  0 28 x 08    0.0260  0 30 x 12    0.0260  0 30 x 12
0.0407  0 29 x 08    0.0406  0 32 x 12    0.0260  0 31 x 12    0.0260  0 31 x 12
0.0410  0 32 x 12    0.0406  0 30 x 10    0.0261  0 28 x 12    0.0261  0 28 x 12
0.0411  0 31 x 08    0.0407  0 32 x 08    0.0261  0 30 x 10    0.0261  0 30 x 10
0.0411  0 28 x 07    0.0408  0 29 x 08    0.0263  0 28 x 08    0.0263  0 28 x 08
0.0412  0 30 x 07    0.0411  0 31 x 08    0.0263  0 29 x 08    0.0263  0 30 x 08
0.0413  0 31 x 10    0.0411  0 28 x 07    0.0263  0 30 x 08    0.0263  0 32 x 08
0.0414  0 32 x 07    0.0412  0 30 x 07    0.0264  0 32 x 08    0.0263  0 29 x 08
0.0414  0 29 x 07    0.0414  0 29 x 07    0.0264  0 28 x 10    0.0263  0 28 x 10
0.0414  0 29 x 12    0.0414  0 32 x 07    0.0265  0 28 x 07    0.0265  0 28 x 07
0.0415  0 30 x 10    0.0414  0 29 x 12    0.0267  0 31 x 08    0.0267  0 31 x 08
0.0416  0 30 x 12    0.0416  0 31 x 12    0.0267  0 30 x 07    0.0268  0 30 x 07
0.0416  0 31 x 12    0.0416  0 30 x 12    0.0268  0 29 x 07    0.0268  0 32 x 07
0.0417  0 28 x 12    0.0417  0 28 x 12    0.0268  0 32 x 07    0.0268  0 29 x 07
0.0420  0 27 x 10    0.0420  0 27 x 10    0.0269  0 27 x 12    0.0269  0 27 x 12
0.0420  0 31 x 07    0.0421  0 31 x 07    0.0270  0 27 x 10    0.0270  0 27 x 10
0.0422  0 30 x 06    0.0422  0 30 x 06    0.0271  0 03 x 10    0.0270  0 03 x 10
0.0423  0 28 x 06    0.0423  0 28 x 06    0.0272  0 28 x 06    0.0271  0 28 x 06
0.0424  0 27 x 07    0.0424  0 27 x 07    0.0272  0 03 x 12    0.0272  0 31 x 07
0.0424  0 03 x 12    0.0424  0 03 x 12    0.0273  0 31 x 07    0.0273  0 30 x 06
0.0425  0 27 x 08    0.0425  0 03 x 10    0.0273  0 30 x 06    0.0273  0 27 x 08
0.0426  0 03 x 10    0.0426  0 27 x 08    0.0273  0 27 x 08    0.0273  0 03 x 12
0.0430  0 04 x 06    0.0430  0 27 x 12    0.0274  0 27 x 07    0.0273  0 27 x 07
0.0431  0 27 x 12    0.0431  0 04 x 06    0.0278  0 04 x 06    0.0276  0 03 x 08
0.0432  0 03 x 08    0.0432  0 03 x 08    0.0278  0 00 x 07    0.0278  0 04 x 06
0.0434  0 31 x 06    0.0434  0 31 x 06    0.0279  0 03 x 08    0.0278  0 00 x 07
0.0435  0 00 x 07    0.0434  0 00 x 07    0.0280  0 31 x 06    0.0280  0 31 x 06
0.0438  0 29 x 06    0.0437  0 29 x 06    0.0281  0 00 x 06    0.0281  0 27 x 06
0.0438  0 32 x 06    0.0438  0 32 x 06    0.0282  0 27 x 06    0.0281  0 00 x 06
0.0439  0 27 x 06    0.0439  0 27 x 06    0.0282  0 29 x 06    0.0282  0 29 x 06
0.0441  0 00 x 06    0.0441  0 00 x 06    0.0282  0 32 x 06    0.0282  0 32 x 06
0.0444  0 01 x 06    0.0444  0 01 x 06    0.0287  0 01 x 06    0.0287  0 01 x 06
0.0445  0 05 x 05    0.0445  0 05 x 05    0.0288  0 04 x 05    0.0288  0 04 x 05
0.0448  0 04 x 05    0.0448  0 04 x 05    0.0292  0 28 x 05    0.0292  0 28 x 05
0.0453  0 03 x 07    0.0449  0 03 x 07    0.0293  0 03 x 07    0.0293  0 03 x 07
0.0455  0 30 x 05    0.0455  0 30 x 05    0.0293  0 00 x 05    0.0293  0 00 x 05
0.0455  0 28 x 05    0.0455  0 28 x 05    0.0294  0 30 x 05    0.0293  0 05 x 05
0.0458  0 05 x 06    0.0456  0 05 x 07    0.0294  0 05 x 05    0.0294  0 30 x 05
0.0460  0 05 x 08    0.0459  0 05 x 06    0.0297  0 05 x 08    0.0296  0 05 x 08
0.0460  0 01 x 07    0.0460  0 05 x 08    0.0298  0 31 x 05    0.0298  0 31 x 05
0.0461  0 00 x 05    0.0461  0 06 x 07    0.0298  0 04 x 07    0.0299  0 04 x 07
0.0462  0 06 x 07    0.0461  0 00 x 05    0.0299  0 32 x 05    0.0299  0 32 x 05
0.0464  0 01 x 08    0.0461  0 04 x 07    0.0299  0 29 x 05    0.0299  0 29 x 05
0.0466  0 29 x 05    0.0462  0 01 x 08    0.0300  0 01 x 07    0.0300  0 01 x 10
0.0466  0 32 x 05    0.0463  0 01 x 07    0.0300  0 01 x 08    0.0300  0 01 x 07
0.0467  0 31 x 05    0.0466  0 29 x 05    0.0301  0 01 x 10    0.0300  0 01 x 08
0.0468  0 01 x 05    0.0466  0 32 x 05    0.0302  0 01 x 05    0.0302  0 05 x 07
0.0469  0 05 x 07    0.0467  0 31 x 05    0.0302  0 05 x 07    0.0302  0 01 x 05
0.0470  0 06 x 06    0.0468  0 01 x 05    0.0304  0 04 x 08    0.0303  0 04 x 08
0.0471  0 05 x 12    0.0469  0 01 x 10    0.0304  0 00 x 10    0.0304  0 00 x 10
0.0473  0 04 x 07    0.0470  0 06 x 06    0.0304  0 27 x 05    0.0304  0 27 x 05
0.0474  0 05 x 10    0.0471  0 05 x 12    0.0305  0 05 x 06    0.0305  0 05 x 06
0.0476  0 00 x 08    0.0475  0 05 x 10    0.0309  0 05 x 12    0.0309  0 05 x 12
0.0476  0 27 x 05    0.0475  0 00 x 08    0.0309  0 06 x 07    0.0309  0 06 x 07
0.0478  0 01 x 10    0.0476  4 08 x 08    0.0310  0 00 x 08    0.0310  0 05 x 10
0.0480  4 08 x 08    0.0477  0 27 x 05    0.0310  0 05 x 10    0.0310  0 00 x 08
0.0480  4 08 x 07    0.0482  0 00 x 10    0.0313  0 03 x 06    0.0311  0 04 x 10
0.0483  0 00 x 10    0.0482  0 04 x 08    0.0313  0 00 x 12    0.0313  0 00 x 12
0.0483  0 04 x 08    0.0482  4 08 x 07    0.0314  0 06 x 06    0.0313  0 03 x 06
0.0483  0 06 x 05    0.0483  0 06 x 08    0.0314  0 01 x 12    0.0313  0 06 x 06
0.0484  0 03 x 06    0.0483  0 06 x 05    0.0318  4 08 x 08    0.0315  0 01 x 12
0.0487  3 08 x 08    0.0485  0 03 x 06    0.0319  0 04 x 10    0.0318  4 08 x 08
0.0487  0 04 x 10    0.0487  3 08 x 08    0.0319  3 08 x 08    0.0319  3 08 x 08
0.0488  0 01 x 12    0.0487  0 04 x 10    0.0322  0 04 x 12    0.0321  0 04 x 12
0.0491  4 08 x 10    0.0490  0 01 x 12    0.0322  4 08 x 10    0.0322  0 06 x 05
0.0492  0 04 x 12    0.0492  0 04 x 12    0.0322  0 06 x 05    0.0323  4 08 x 10
0.0493  4 08 x 12    0.0492  4 08 x 10    0.0323  0 00 x 04    0.0323  0 00 x 04
0.0494  4 08 x 06    0.0493  4 08 x 12    0.0323  4 08 x 12    0.0323  4 08 x 12
0.0496  0 06 x 08    0.0494  4 08 x 06    0.0324  4 08 x 07    0.0324  4 08 x 07
0.0496  0 05 x 04    0.0496  0 05 x 04    0.0324  3 08 x 10    0.0325  0 05 x 04
0.0496  3 08 x 07    0.0498  5 08 x 08    0.0325  0 05 x 04    0.0325  0 06 x 08
0.0498  5 08 x 08    0.0498  3 08 x 07    0.0326  0 06 x 08    0.0326  3 08 x 10
0.0500  0 00 x 12    0.0500  0 00 x 12    0.0326  3 08 x 07    0.0326  3 08 x 07
0.0502  0 06 x 12    0.0501  0 06 x 12    0.0329  0 29 x 04    0.0329  0 32 x 04
0.0502  0 06 x 10    0.0502  0 06 x 10    0.0329  0 32 x 04    0.0329  0 04 x 04
0.0504  3 08 x 06    0.0504  3 08 x 06    0.0330  0 04 x 04    0.0329  0 29 x 04
0.0504  5 08 x 07    0.0505  5 08 x 07    0.0330  3 08 x 06    0.0330  3 08 x 06
0.0506  3 08 x 12    0.0506  3 08 x 12    0.0332  4 08 x 06    0.0332  4 08 x 06
0.0507  3 08 x 10    0.0507  3 08 x 10    0.0333  3 08 x 12    0.0333  3 08 x 12
0.0507  0 07 x 06    0.0507  0 07 x 06    0.0334  0 28 x 04    0.0334  0 28 x 04
0.0509  0 04 x 04    0.0509  0 00 x 04    0.0335  0 01 x 04    0.0335  0 01 x 04
0.0509  0 00 x 04    0.0509  0 04 x 04    0.0336  0 30 x 04    0.0335  0 30 x 04
0.0512  0 07 x 07    0.0512  0 07 x 07    0.0337  0 06 x 10    0.0337  0 06 x 10
0.0513  4 08 x 05    0.0513  4 08 x 05    0.0340  3 08 x 05    0.0339  3 08 x 05
0.0515  0 01 x 04    0.0515  0 01 x 04    0.0341  0 06 x 12    0.0341  0 06 x 12
0.0519  0 07 x 05    0.0519  0 07 x 05    0.0343  0 27 x 04    0.0342  0 27 x 04
0.0519  5 08 x 12    0.0520  5 08 x 12    0.0344  4 08 x 05    0.0344  4 08 x 05
0.0521  0 32 x 04    0.0521  0 29 x 04    0.0346  0 31 x 04    0.0346  0 31 x 04
0.0521  0 29 x 04    0.0521  0 32 x 04    0.0347  0 06 x 04    0.0347  0 06 x 04
0.0521  3 08 x 05    0.0521  3 08 x 05    0.0348  5 08 x 08    0.0349  5 08 x 08
0.0522  5 08 x 10    0.0522  5 08 x 10    0.0350  0 03 x 05    0.0350  0 03 x 05
0.0522  5 08 x 06    0.0523  5 08 x 06    0.0355  5 08 x 07    0.0354  5 08 x 07
0.0524  0 28 x 04    0.0523  0 28 x 04    0.0355  0 07 x 06    0.0355  0 07 x 06
0.0525  0 06 x 04    0.0525  0 06 x 04    0.0355  5 08 x 10    0.0355  5 08 x 10
0.0526  0 30 x 04    0.0526  0 30 x 04    0.0357  5 08 x 12    0.0358  5 08 x 12
0.0537  0 07 x 08    0.0531  0 07 x 08    0.0360  0 07 x 05    0.0360  0 07 x 05
0.0538  0 31 x 04    0.0537  0 31 x 04    0.0362  0 07 x 07    0.0362  0 07 x 07
0.0540  5 08 x 05    0.0540  5 08 x 05    0.0367  5 08 x 06    0.0367  5 08 x 06
0.0542  0 27 x 04    0.0542  0 27 x 04    0.0374  0 07 x 08    0.0374  0 07 x 08
0.0543  0 03 x 05    0.0543  0 03 x 05    0.0375  0 07 x 04    0.0375  0 07 x 04
0.0547  0 07 x 04    0.0547  0 07 x 04    0.0378  5 08 x 05    0.0378  5 08 x 05
0.0564  0 07 x 10    0.0565  0 07 x 10    0.0382  3 08 x 04    0.0382  3 08 x 04
0.0565  0 07 x 12    0.0565  0 07 x 12    0.0383  2 08 x 05    0.0383  2 08 x 05
0.0572  6 08 x 12    0.0572  6 08 x 12    0.0383  4 08 x 04    0.0384  4 08 x 04
0.0574  6 08 x 07    0.0577  6 08 x 08    0.0387  0 01 x 03    0.0388  0 01 x 03
0.0579  4 08 x 04    0.0578  6 08 x 07    0.0391  0 04 x 03    0.0392  0 04 x 03
0.0581  6 08 x 10    0.0580  4 08 x 04    0.0392  0 05 x 03    0.0392  0 05 x 03
0.0588  2 08 x 05    0.0582  6 08 x 10    0.0400  0 31 x 03    0.0400  0 31 x 03
0.0592  3 08 x 04    0.0588  2 08 x 05    0.0400  0 00 x 03    0.0400  0 00 x 03
0.0593  6 08 x 08    0.0592  3 08 x 04    0.0400  0 06 x 03    0.0400  0 06 x 03
0.0595  6 08 x 06    0.0596  6 08 x 06    0.0401  0 32 x 03    0.0401  0 29 x 03
0.0615  0 05 x 03    0.0615  0 05 x 03    0.0401  0 29 x 03    0.0401  0 32 x 03
0.0615  6 08 x 05    0.0615  0 01 x 03    0.0401  0 03 x 04    0.0401  0 03 x 04
0.0615  0 01 x 03    0.0615  0 06 x 03    0.0403  0 07 x 10    0.0402  0 07 x 10
0.0615  0 06 x 03    0.0616  6 08 x 05    0.0406  0 07 x 12    0.0405  0 07 x 12
0.0620  5 08 x 04    0.0620  5 08 x 04    0.0407  0 30 x 03    0.0407  0 30 x 03
0.0623  0 04 x 03    0.0623  0 04 x 03    0.0407  6 08 x 12    0.0407  6 08 x 12
0.0625  0 03 x 04    0.0626  0 03 x 04    0.0408  0 28 x 03    0.0408  0 28 x 03
0.0639  0 31 x 03    0.0639  0 31 x 03    0.0416  0 27 x 03    0.0416  0 27 x 03
0.0640  0 32 x 03    0.0640  0 29 x 03    0.0421  6 08 x 10    0.0421  6 08 x 10
0.0640  0 29 x 03    0.0641  0 32 x 03    0.0423  6 08 x 07    0.0423  6 08 x 07
0.0642  0 00 x 03    0.0643  0 00 x 03    0.0424  6 08 x 08    0.0424  6 08 x 08
0.0648  0 07 x 03    0.0648  0 07 x 03    0.0427  5 08 x 04    0.0427  5 08 x 04
0.0649  0 30 x 03    0.0649  0 30 x 03    0.0432  0 07 x 03    0.0432  0 07 x 03
0.0652  0 28 x 03    0.0652  0 28 x 03    0.0438  6 08 x 06    0.0438  6 08 x 06
0.0668  0 27 x 03    0.0668  0 27 x 03    0.0441  2 08 x 04    0.0441  2 08 x 04
0.0689  2 08 x 04    0.0689  2 08 x 04    0.0454  4 08 x 03    0.0454  4 08 x 03
0.0698  4 08 x 03    0.0698  4 08 x 03    0.0455  6 08 x 05    0.0455  6 08 x 05
0.0699  6 08 x 04    0.0699  6 08 x 04    0.0460  3 08 x 03    0.0460  3 08 x 03
0.0728  3 08 x 03    0.0729  3 08 x 03    0.0497  5 08 x 03    0.0497  5 08 x 03
0.0732  5 08 x 03    0.0732  5 08 x 03    0.0500  0 03 x 03    0.0500  0 03 x 03
0.0779  1 08 x 05    0.0779  1 08 x 05    0.0502  1 08 x 05    0.0501  1 08 x 05
0.0786  7 08 x 05    0.0787  7 08 x 05    0.0507  2 08 x 03    0.0507  2 08 x 03
0.0790  0 03 x 03    0.0790  0 03 x 03    0.0517  6 08 x 04    0.0517  6 08 x 04
0.0800  2 08 x 03    0.0800  2 08 x 03    0.0522  0 01 x 02    0.0522  0 01 x 02
0.0833  6 08 x 03    0.0833  6 08 x 03    0.0528  0 05 x 02    0.0528  0 05 x 02
0.0852  0 05 x 02    0.0852  0 05 x 02    0.0528  0 04 x 02    0.0528  0 04 x 02
0.0852  0 06 x 02    0.0853  0 06 x 02    0.0534  0 00 x 02    0.0534  0 00 x 02
0.0853  0 01 x 02    0.0854  0 01 x 02    0.0536  0 06 x 02    0.0536  0 06 x 02
0.0859  0 04 x 02    0.0860  0 04 x 02    0.0540  0 31 x 02    0.0540  0 31 x 02
0.0871  7 08 x 04    0.0872  7 08 x 04    0.0542  0 29 x 02    0.0542  0 29 x 02
0.0873  1 08 x 04    0.0873  1 08 x 04    0.0542  0 32 x 02    0.0543  0 32 x 02
0.0873  0 00 x 02    0.0873  0 00 x 02    0.0547  0 28 x 02    0.0547  0 30 x 02
0.0879  0 07 x 02    0.0879  0 07 x 02    0.0547  0 30 x 02    0.0547  0 28 x 02
0.0885  0 31 x 02    0.0885  0 31 x 02    0.0558  1 08 x 04    0.0558  1 08 x 04
0.0889  0 29 x 02    0.0888  0 32 x 02    0.0558  0 27 x 02    0.0558  0 27 x 02
0.0889  0 32 x 02    0.0889  0 29 x 02    0.0562  0 07 x 02    0.0563  0 07 x 02
0.0890  0 30 x 02    0.0890  0 30 x 02    0.0603  6 08 x 03    0.0603  6 08 x 03
0.0891  0 28 x 02    0.0892  0 28 x 02    0.0604  4 08 x 02    0.0604  4 08 x 02
0.0915  0 27 x 02    0.0915  0 27 x 02    0.0620  3 08 x 02    0.0620  3 08 x 02
0.0963  4 08 x 02    0.0963  4 08 x 02    0.0630  5 08 x 02    0.0631  5 08 x 02
0.0975  5 08 x 02    0.0974  5 08 x 02    0.0633  7 08 x 05    0.0632  7 08 x 05
0.1005  3 08 x 02    0.1006  3 08 x 02    0.0680  0 03 x 02    0.0680  0 03 x 02
0.1047  7 08 x 03    0.1047  7 08 x 03    0.0697  7 08 x 04    0.0696  7 08 x 04
0.1100  6 08 x 02    0.1099  6 08 x 02    0.0697  1 08 x 03    0.0697  2 08 x 02
0.1106  0 03 x 02    0.1106  0 03 x 02    0.0697  2 08 x 02    0.0697  1 08 x 03
0.1111  1 08 x 03    0.1111  1 08 x 03    0.0758  6 08 x 02    0.0759  6 08 x 02
0.1128  2 08 x 02    0.1128  2 08 x 02    0.0826  7 08 x 03    0.0826  7 08 x 03
0.1386  7 08 x 02    0.1386  7 08 x 02    0.0829  0 01 x 01    0.0829  0 01 x 01
0.1407  0 02 x 05    0.1406  0 02 x 05    0.0830  0 05 x 01    0.0830  0 05 x 01
0.1430  0 02 x 07    0.1435  0 02 x 07    0.0836  0 04 x 01    0.0836  0 04 x 01
0.1435  0 02 x 08    0.1438  0 02 x 08    0.0838  0 06 x 01    0.0837  0 06 x 01
0.1451  0 02 x 03    0.1449  0 02 x 03    0.0838  0 31 x 01    0.0838  0 31 x 01
0.1451  0 02 x 02    0.1451  0 02 x 02    0.0838  0 32 x 01    0.0838  0 29 x 01
0.1453  0 02 x 04    0.1454  0 02 x 04    0.0838  0 29 x 01    0.0838  0 32 x 01
0.1472  0 02 x 06    0.1470  0 02 x 06    0.0839  0 28 x 01    0.0839  0 28 x 01
0.1474  0 05 x 01    0.1474  0 05 x 01    0.0839  0 30 x 01    0.0839  0 30 x 01
0.1475  0 06 x 01    0.1474  0 06 x 01    0.0844  0 00 x 01    0.0844  0 00 x 01
0.1482  0 07 x 01    0.1482  0 01 x 01    0.0852  0 07 x 01    0.0852  0 07 x 01
0.1482  0 01 x 01    0.1482  0 07 x 01    0.0861  0 27 x 01    0.0862  0 27 x 01
0.1490  0 04 x 01    0.1490  0 04 x 01    0.0903  0 02 x 05    0.0902  0 02 x 05
0.1519  0 00 x 01    0.1518  0 00 x 01    0.0921  0 02 x 07    0.0922  0 02 x 07
0.1519  1 08 x 02    0.1519  1 08 x 02    0.0924  0 02 x 02    0.0924  0 02 x 08
0.1520  0 31 x 01    0.1520  0 31 x 01    0.0924  0 02 x 08    0.0924  0 02 x 02
0.1520  0 29 x 01    0.1520  0 29 x 01    0.0926  4 08 x 01    0.0925  4 08 x 01
0.1520  0 28 x 01    0.1520  0 28 x 01    0.0928  0 02 x 03    0.0927  0 02 x 03
0.1521  0 30 x 01    0.1520  0 30 x 01    0.0933  0 02 x 04    0.0932  0 02 x 04
0.1521  0 32 x 01    0.1523  0 32 x 01    0.0942  1 08 x 02    0.0942  1 08 x 02
0.1562  0 27 x 01    0.1562  0 27 x 01    0.0944  0 02 x 06    0.0943  0 02 x 06
0.1572  0 02 x 01    0.1572  0 02 x 01    0.0975  0 02 x 01    0.0975  0 02 x 01
0.1598  0 02 x 10    0.1598  0 02 x 10    0.0990  5 08 x 01    0.0990  5 08 x 01
0.1640  4 08 x 01    0.1641  4 08 x 01    0.0999  3 08 x 01    0.0999  3 08 x 01
0.1676  5 08 x 01    0.1677  5 08 x 01    0.1002  0 02 x 10    0.1001  0 02 x 10
0.1713  0 02 x 12    0.1710  0 02 x 12    0.1044  0 03 x 01    0.1044  0 03 x 01
0.1762  3 08 x 01    0.1763  3 08 x 01    0.1061  7 08 x 02    0.1061  7 08 x 02
0.1836  6 08 x 01    0.1836  6 08 x 01    0.1105  0 02 x 12    0.1080  0 02 x 12
0.1857  0 03 x 01    0.1857  0 03 x 01    0.1152  2 08 x 01    0.1153  2 08 x 01
0.2010  2 08 x 01    0.2010  2 08 x 01    0.1174  6 08 x 01    0.1173  6 08 x 01
0.2320  7 08 x 01    0.2319  7 08 x 01    0.1610  1 08 x 01    0.1610  1 08 x 01
0.2752  1 08 x 01    0.2752  1 08 x 01    0.1668  7 08 x 01    0.1668  7 08 x 01
---Benchmark Program Finished---
