
./testbench.sh g++ O3 MontgomeryQuarter uint64_t 191 8 22 -DTEST_ARRAY -DHURCHALLA_MONTGOMERY_TWO_POW_USE_CSELECT_ON_BIT -DHURCHALLA_ALLOW_INLINE_ASM_ALL

compilation finished, now executing:
---Running Program---

begin benchmarks - array two_pow
(ignore)3718609572885830787

OVERALL BEST:
0.1322  0 32 x 12
0.1328  0 29 x 12
0.1332  0 28 x 12
0.1333  0 31 x 10
0.1333  0 29 x 10
0.1334  0 32 x 10
0.1338  0 32 x 08
0.1338  0 29 x 08
0.1339  0 31 x 12
0.1340  0 30 x 12
0.1344  0 28 x 10
0.1347  0 30 x 10
0.1357  0 30 x 08
0.1366  0 28 x 08
0.1369  0 31 x 08
0.1375  0 30 x 07
0.1382  0 28 x 07
0.1389  0 31 x 07
0.1396  0 27 x 08
0.1396  0 27 x 10
0.1401  0 29 x 07
0.1401  0 32 x 07
0.1404  0 31 x 06
0.1409  0 27 x 12
0.1411  0 30 x 06
0.1419  0 28 x 06
0.1420  0 00 x 07
0.1429  0 29 x 06
0.1429  0 32 x 06
0.1431  0 04 x 06
0.1431  0 01 x 06
0.1438  0 27 x 06
0.1444  0 00 x 06
0.1463  0 03 x 08
0.1467  0 01 x 05
0.1474  0 03 x 07
0.1476  0 27 x 07
0.1483  0 05 x 05
0.1486  0 04 x 05
0.1497  0 28 x 05
0.1501  0 05 x 06
0.1508  0 00 x 05
0.1516  0 05 x 10
0.1528  0 05 x 08
0.1528  0 04 x 10
0.1530  0 01 x 10
0.1530  0 01 x 07
0.1534  0 30 x 05
0.1536  0 04 x 07
0.1537  0 32 x 05
0.1537  0 05 x 12
0.1537  0 29 x 05
0.1541  0 04 x 08
0.1546  0 00 x 10
0.1548  0 06 x 06
0.1549  0 31 x 05
0.1549  0 01 x 12
0.1550  0 05 x 07
0.1562  0 03 x 10
0.1567  0 06 x 07
0.1569  0 27 x 05
0.1572  4 08 x 08
0.1572  0 00 x 08
0.1573  0 03 x 06
0.1573  0 06 x 08
0.1586  0 04 x 12
0.1588  4 08 x 07
0.1592  0 01 x 08
0.1596  0 03 x 12
0.1603  4 08 x 10
0.1609  0 06 x 05
0.1613  0 00 x 12
0.1617  4 08 x 12
0.1626  3 08 x 08
0.1629  3 08 x 07
0.1630  4 08 x 06
0.1631  0 05 x 04
0.1637  0 04 x 04
0.1638  0 01 x 04
0.1641  3 08 x 06
0.1650  3 08 x 12
0.1659  3 08 x 10
0.1661  0 06 x 12
0.1662  0 00 x 04
0.1666  0 06 x 10
0.1672  5 08 x 08
0.1683  4 08 x 05
0.1692  5 08 x 07
0.1703  5 08 x 12
0.1706  0 32 x 04
0.1706  0 29 x 04
0.1712  0 31 x 04
0.1715  3 08 x 05
0.1716  0 28 x 04
0.1717  5 08 x 10
0.1729  0 30 x 04
0.1732  0 07 x 07
0.1741  0 27 x 04
0.1743  0 07 x 06
0.1757  5 08 x 06
0.1763  0 06 x 04
0.1783  5 08 x 05
0.1787  0 07 x 05
0.1811  0 03 x 05
0.1821  0 07 x 08
0.1849  0 07 x 04
0.1887  4 08 x 04
0.1905  2 08 x 05
0.1914  6 08 x 12
0.1919  3 08 x 04
0.1926  0 07 x 10
0.1932  0 07 x 12
0.1937  6 08 x 08
0.1948  6 08 x 10
0.1949  6 08 x 07
0.2027  0 05 x 03
0.2028  5 08 x 04
0.2031  0 06 x 03
0.2031  0 01 x 03
0.2037  0 04 x 03
0.2039  6 08 x 06
0.2072  6 08 x 05
0.2078  0 31 x 03
0.2083  0 00 x 03
0.2088  0 32 x 03
0.2090  0 29 x 03
0.2097  0 28 x 03
0.2115  0 30 x 03
0.2119  0 03 x 04
0.2165  0 27 x 03
0.2178  0 07 x 03
0.2225  4 08 x 03
0.2244  2 08 x 04
0.2356  6 08 x 04
0.2369  5 08 x 03
0.2384  3 08 x 03
0.2566  1 08 x 05
0.2609  2 08 x 03
0.2620  0 03 x 03
0.2729  6 08 x 03
0.2749  0 01 x 02
0.2750  7 08 x 05
0.2765  0 05 x 02
0.2776  0 04 x 02
0.2801  0 06 x 02
0.2816  0 00 x 02
0.2844  0 31 x 02
0.2857  1 08 x 04
0.2857  0 29 x 02
0.2858  0 32 x 02
0.2885  0 28 x 02
0.2886  0 30 x 02
0.2896  0 07 x 02
0.2945  0 27 x 02
0.3006  7 08 x 04
0.3058  4 08 x 02
0.3169  5 08 x 02
0.3236  3 08 x 02
0.3443  0 03 x 02
0.3596  7 08 x 03
0.3615  1 08 x 03
0.3646  2 08 x 02
0.3657  6 08 x 02
0.4609  0 05 x 01
0.4622  0 01 x 01
0.4628  0 02 x 07
0.4636  0 06 x 01
0.4642  0 02 x 06
0.4651  0 04 x 01
0.4651  0 02 x 05
0.4693  0 02 x 08
0.4716  0 31 x 01
0.4717  0 29 x 01
0.4724  0 00 x 01
0.4725  0 32 x 01
0.4729  0 28 x 01
0.4729  0 30 x 01
0.4734  0 07 x 01
0.4772  0 02 x 03
0.4776  0 02 x 04
0.4819  0 02 x 02
0.4849  0 27 x 01
0.4862  7 08 x 02
0.4926  1 08 x 02
0.5048  0 02 x 01
0.5083  0 02 x 10
0.5127  4 08 x 01
0.5192  5 08 x 01
0.5386  0 02 x 12
0.5526  3 08 x 01
0.5573  0 03 x 01
0.6019  6 08 x 01
0.6328  2 08 x 01
0.7990  7 08 x 01
0.8730  1 08 x 01
Timings By Test Type:
0.0403  0 28 x 12    0.0403  0 29 x 12    0.0258  0 32 x 12    0.0258  0 32 x 12
0.0403  0 29 x 12    0.0403  0 32 x 12    0.0260  0 29 x 10    0.0258  0 29 x 12
0.0404  0 32 x 12    0.0403  0 28 x 12    0.0261  0 32 x 10    0.0260  0 28 x 12
0.0405  0 30 x 12    0.0405  0 30 x 12    0.0261  0 31 x 10    0.0260  0 31 x 12
0.0406  0 31 x 10    0.0405  0 31 x 10    0.0261  0 29 x 08    0.0261  0 32 x 10
0.0406  0 29 x 10    0.0406  0 29 x 10    0.0262  0 32 x 08    0.0261  0 31 x 10
0.0406  0 32 x 10    0.0406  0 31 x 12    0.0264  0 28 x 10    0.0261  0 29 x 10
0.0406  0 31 x 12    0.0406  0 32 x 10    0.0265  0 30 x 10    0.0261  0 30 x 12
0.0407  0 32 x 08    0.0407  0 32 x 08    0.0265  0 29 x 12    0.0262  0 32 x 08
0.0407  0 29 x 08    0.0407  0 28 x 10    0.0266  0 30 x 08    0.0262  0 29 x 08
0.0408  0 28 x 10    0.0408  0 29 x 08    0.0267  0 28 x 12    0.0265  0 28 x 10
0.0409  0 30 x 10    0.0408  0 30 x 10    0.0267  0 31 x 12    0.0265  0 30 x 10
0.0412  0 30 x 08    0.0413  0 30 x 08    0.0267  0 30 x 12    0.0266  0 30 x 08
0.0415  0 28 x 08    0.0415  0 28 x 08    0.0268  0 28 x 08    0.0268  0 28 x 08
0.0417  0 30 x 07    0.0416  0 31 x 08    0.0268  0 31 x 08    0.0268  0 31 x 08
0.0417  0 31 x 08    0.0417  0 30 x 07    0.0270  0 30 x 07    0.0271  0 30 x 07
0.0420  0 28 x 07    0.0420  0 28 x 07    0.0271  0 28 x 07    0.0271  0 28 x 07
0.0422  0 31 x 07    0.0422  0 31 x 07    0.0272  0 27 x 10    0.0272  0 27 x 10
0.0424  0 27 x 08    0.0425  0 27 x 08    0.0273  0 31 x 07    0.0273  0 31 x 07
0.0426  0 32 x 07    0.0426  0 29 x 07    0.0273  0 27 x 08    0.0273  0 27 x 12
0.0426  0 29 x 07    0.0426  0 27 x 10    0.0275  0 29 x 07    0.0273  0 27 x 08
0.0426  0 27 x 10    0.0426  0 32 x 07    0.0275  0 32 x 07    0.0275  0 32 x 07
0.0426  0 31 x 06    0.0427  0 31 x 06    0.0275  0 31 x 06    0.0275  0 29 x 07
0.0429  0 30 x 06    0.0428  0 27 x 12    0.0276  0 30 x 06    0.0275  0 31 x 06
0.0430  0 27 x 12    0.0429  0 30 x 06    0.0277  0 00 x 07    0.0276  0 30 x 06
0.0432  0 28 x 06    0.0432  0 28 x 06    0.0278  0 28 x 06    0.0277  0 00 x 07
0.0433  0 00 x 07    0.0433  0 00 x 07    0.0278  0 27 x 12    0.0278  0 28 x 06
0.0434  0 04 x 06    0.0434  0 32 x 06    0.0280  0 29 x 06    0.0280  0 29 x 06
0.0435  0 29 x 06    0.0435  0 04 x 06    0.0280  0 32 x 06    0.0280  0 32 x 06
0.0435  0 32 x 06    0.0435  0 29 x 06    0.0281  0 01 x 06    0.0280  0 01 x 06
0.0435  0 01 x 06    0.0435  0 01 x 06    0.0281  0 04 x 06    0.0281  0 04 x 06
0.0437  0 27 x 06    0.0437  0 27 x 06    0.0282  0 00 x 06    0.0281  0 00 x 06
0.0440  0 00 x 06    0.0441  0 00 x 06    0.0282  0 27 x 06    0.0282  0 27 x 06
0.0441  0 03 x 08    0.0441  0 03 x 08    0.0286  0 01 x 05    0.0286  0 01 x 05
0.0445  0 03 x 07    0.0445  0 03 x 07    0.0289  0 27 x 07    0.0287  0 03 x 08
0.0446  0 05 x 05    0.0447  0 01 x 05    0.0291  0 04 x 05    0.0289  0 27 x 07
0.0447  0 01 x 05    0.0448  0 05 x 05    0.0292  0 03 x 07    0.0291  0 04 x 05
0.0449  0 27 x 07    0.0450  0 27 x 07    0.0293  0 00 x 05    0.0292  0 03 x 07
0.0451  0 05 x 06    0.0451  0 05 x 06    0.0293  0 28 x 05    0.0293  0 00 x 05
0.0452  0 04 x 05    0.0453  0 04 x 05    0.0294  0 03 x 08    0.0293  0 28 x 05
0.0455  0 05 x 10    0.0453  0 05 x 10    0.0295  0 05 x 05    0.0295  0 05 x 05
0.0455  0 28 x 05    0.0455  0 28 x 05    0.0299  0 32 x 05    0.0299  0 01 x 07
0.0457  0 05 x 08    0.0458  0 05 x 08    0.0299  0 01 x 07    0.0299  0 32 x 05
0.0457  0 05 x 12    0.0460  0 05 x 12    0.0299  0 05 x 06    0.0299  0 29 x 05
0.0461  0 00 x 05    0.0461  0 04 x 10    0.0300  0 29 x 05    0.0299  0 05 x 06
0.0462  0 04 x 10    0.0462  0 00 x 05    0.0300  0 30 x 05    0.0301  0 30 x 05
0.0463  0 01 x 10    0.0463  0 04 x 07    0.0302  0 31 x 05    0.0301  0 04 x 07
0.0463  0 04 x 07    0.0463  0 05 x 07    0.0302  0 01 x 10    0.0301  0 01 x 10
0.0464  0 05 x 07    0.0464  0 01 x 10    0.0303  0 04 x 10    0.0302  0 31 x 05
0.0464  0 06 x 06    0.0464  0 04 x 08    0.0303  0 00 x 10    0.0302  0 04 x 10
0.0464  0 04 x 08    0.0465  0 06 x 06    0.0304  0 05 x 10    0.0303  0 05 x 08
0.0465  0 06 x 08    0.0465  0 01 x 12    0.0307  0 27 x 05    0.0303  0 04 x 08
0.0465  0 01 x 07    0.0465  0 06 x 08    0.0307  0 01 x 08    0.0303  0 00 x 10
0.0466  0 30 x 05    0.0467  0 30 x 05    0.0309  0 03 x 10    0.0304  0 05 x 10
0.0467  0 01 x 12    0.0467  0 01 x 07    0.0309  0 03 x 06    0.0305  0 01 x 12
0.0468  0 06 x 07    0.0467  0 06 x 07    0.0309  0 04 x 07    0.0306  0 05 x 12
0.0469  0 32 x 05    0.0469  0 32 x 05    0.0310  0 06 x 06    0.0306  0 01 x 08
0.0469  0 29 x 05    0.0469  0 29 x 05    0.0310  0 04 x 08    0.0307  0 03 x 10
0.0470  0 00 x 10    0.0470  0 00 x 10    0.0310  0 00 x 08    0.0307  0 27 x 05
0.0471  4 08 x 08    0.0471  4 08 x 08    0.0311  0 05 x 08    0.0307  0 05 x 07
0.0472  0 31 x 05    0.0472  0 03 x 10    0.0312  0 01 x 12    0.0309  0 03 x 06
0.0474  0 03 x 10    0.0473  0 31 x 05    0.0313  0 04 x 12    0.0310  0 06 x 06
0.0474  0 04 x 12    0.0475  4 08 x 07    0.0314  0 05 x 12    0.0310  0 00 x 08
0.0475  4 08 x 07    0.0476  0 00 x 08    0.0315  4 08 x 08    0.0313  0 04 x 12
0.0476  0 00 x 08    0.0477  4 08 x 10    0.0316  0 05 x 07    0.0314  0 00 x 12
0.0476  4 08 x 10    0.0477  0 03 x 06    0.0316  0 06 x 07    0.0315  4 08 x 08
0.0478  0 27 x 05    0.0478  0 27 x 05    0.0319  4 08 x 07    0.0315  0 03 x 12
0.0478  0 03 x 06    0.0481  0 03 x 12    0.0319  0 01 x 04    0.0316  0 06 x 07
0.0480  0 03 x 12    0.0481  4 08 x 12    0.0320  0 03 x 12    0.0317  0 06 x 08
0.0481  4 08 x 12    0.0482  0 06 x 05    0.0321  0 05 x 04    0.0319  4 08 x 07
0.0482  0 06 x 05    0.0485  0 04 x 12    0.0321  3 08 x 08    0.0319  0 01 x 04
0.0487  0 06 x 12    0.0487  0 00 x 12    0.0321  0 04 x 04    0.0320  4 08 x 10
0.0488  4 08 x 06    0.0488  0 06 x 12    0.0322  3 08 x 07    0.0321  0 04 x 04
0.0489  0 00 x 12    0.0488  4 08 x 06    0.0322  0 00 x 04    0.0321  0 05 x 04
0.0489  0 01 x 08    0.0490  0 01 x 08    0.0323  0 06 x 05    0.0321  3 08 x 08
0.0492  3 08 x 08    0.0491  0 06 x 10    0.0323  0 00 x 12    0.0322  3 08 x 07
0.0492  0 06 x 10    0.0492  3 08 x 08    0.0324  3 08 x 06    0.0323  0 00 x 04
0.0492  3 08 x 07    0.0493  5 08 x 08    0.0326  0 06 x 08    0.0323  4 08 x 12
0.0492  5 08 x 08    0.0493  3 08 x 07    0.0327  4 08 x 06    0.0323  0 06 x 05
0.0494  0 05 x 04    0.0493  3 08 x 12    0.0329  3 08 x 12    0.0324  3 08 x 06
0.0497  3 08 x 10    0.0494  0 05 x 04    0.0330  4 08 x 10    0.0325  3 08 x 12
0.0497  3 08 x 06    0.0496  3 08 x 06    0.0330  0 29 x 04    0.0327  4 08 x 06
0.0497  0 04 x 04    0.0497  3 08 x 10    0.0330  0 32 x 04    0.0330  3 08 x 10
0.0498  5 08 x 07    0.0497  0 04 x 04    0.0331  0 31 x 04    0.0330  0 32 x 04
0.0499  5 08 x 12    0.0498  5 08 x 12    0.0332  4 08 x 12    0.0330  0 29 x 04
0.0500  0 01 x 04    0.0498  5 08 x 07    0.0334  0 28 x 04    0.0331  0 31 x 04
0.0501  5 08 x 10    0.0500  0 01 x 04    0.0335  3 08 x 10    0.0334  0 28 x 04
0.0502  3 08 x 12    0.0502  5 08 x 10    0.0336  4 08 x 05    0.0336  4 08 x 05
0.0505  4 08 x 05    0.0505  4 08 x 05    0.0337  0 30 x 04    0.0337  0 30 x 04
0.0508  0 07 x 07    0.0508  0 07 x 07    0.0337  3 08 x 05    0.0337  3 08 x 05
0.0509  0 00 x 04    0.0509  0 00 x 04    0.0337  0 27 x 04    0.0337  0 27 x 04
0.0511  0 07 x 06    0.0512  0 07 x 06    0.0342  0 06 x 10    0.0339  0 06 x 12
0.0517  5 08 x 06    0.0518  5 08 x 06    0.0343  5 08 x 08    0.0341  0 06 x 10
0.0520  3 08 x 05    0.0521  3 08 x 05    0.0346  0 06 x 12    0.0344  5 08 x 08
0.0522  0 32 x 04    0.0522  0 32 x 04    0.0348  5 08 x 07    0.0348  5 08 x 07
0.0522  0 29 x 04    0.0523  0 29 x 04    0.0351  0 06 x 04    0.0348  5 08 x 12
0.0524  0 28 x 04    0.0524  0 28 x 04    0.0356  0 03 x 05    0.0351  0 06 x 04
0.0524  0 31 x 04    0.0525  0 31 x 04    0.0358  5 08 x 12    0.0352  5 08 x 10
0.0527  0 07 x 05    0.0526  0 07 x 05    0.0358  0 07 x 07    0.0356  0 03 x 05
0.0527  5 08 x 05    0.0527  5 08 x 05    0.0360  0 07 x 06    0.0358  0 07 x 07
0.0528  0 30 x 04    0.0528  0 07 x 08    0.0361  5 08 x 06    0.0360  0 07 x 06
0.0528  0 07 x 08    0.0528  0 30 x 04    0.0362  5 08 x 10    0.0361  5 08 x 06
0.0530  0 06 x 04    0.0531  0 06 x 04    0.0364  5 08 x 05    0.0365  5 08 x 05
0.0533  0 27 x 04    0.0533  0 27 x 04    0.0367  0 07 x 05    0.0367  0 07 x 05
0.0548  0 07 x 04    0.0548  0 07 x 04    0.0373  2 08 x 05    0.0373  2 08 x 05
0.0550  6 08 x 12    0.0549  0 03 x 05    0.0374  4 08 x 04    0.0374  4 08 x 04
0.0550  0 03 x 05    0.0551  6 08 x 12    0.0375  3 08 x 04    0.0375  3 08 x 04
0.0556  0 07 x 12    0.0554  0 07 x 10    0.0377  0 07 x 04    0.0377  0 07 x 04
0.0557  0 07 x 10    0.0560  0 07 x 12    0.0388  0 07 x 08    0.0378  0 07 x 08
0.0560  6 08 x 10    0.0560  6 08 x 10    0.0392  0 01 x 03    0.0392  0 01 x 03
0.0560  6 08 x 08    0.0560  6 08 x 08    0.0393  0 04 x 03    0.0393  0 04 x 03
0.0562  6 08 x 07    0.0562  6 08 x 07    0.0395  0 05 x 03    0.0395  0 05 x 03
0.0569  4 08 x 04    0.0569  4 08 x 04    0.0400  0 31 x 03    0.0400  0 31 x 03
0.0579  2 08 x 05    0.0580  2 08 x 05    0.0400  0 06 x 03    0.0400  0 06 x 03
0.0585  3 08 x 04    0.0585  3 08 x 04    0.0402  0 32 x 03    0.0400  0 00 x 03
0.0586  6 08 x 06    0.0586  6 08 x 06    0.0402  0 29 x 03    0.0401  6 08 x 12
0.0599  6 08 x 05    0.0600  6 08 x 05    0.0404  0 00 x 03    0.0402  0 32 x 03
0.0604  5 08 x 04    0.0604  5 08 x 04    0.0404  0 28 x 03    0.0402  0 29 x 03
0.0615  0 06 x 03    0.0615  0 06 x 03    0.0407  0 07 x 10    0.0404  0 28 x 03
0.0618  0 05 x 03    0.0618  0 05 x 03    0.0408  0 30 x 03    0.0405  0 07 x 12
0.0624  0 01 x 03    0.0624  0 01 x 03    0.0409  6 08 x 08    0.0407  0 07 x 10
0.0626  0 04 x 03    0.0625  0 04 x 03    0.0410  5 08 x 04    0.0408  0 30 x 03
0.0639  0 31 x 03    0.0638  0 00 x 03    0.0411  0 07 x 12    0.0408  6 08 x 08
0.0640  0 00 x 03    0.0639  0 31 x 03    0.0412  6 08 x 07    0.0408  6 08 x 10
0.0642  0 32 x 03    0.0642  0 32 x 03    0.0412  6 08 x 12    0.0410  5 08 x 04
0.0642  0 29 x 03    0.0643  0 29 x 03    0.0413  0 03 x 04    0.0412  6 08 x 07
0.0644  0 28 x 03    0.0644  0 28 x 03    0.0415  0 27 x 03    0.0413  0 03 x 04
0.0646  0 03 x 04    0.0646  0 03 x 04    0.0420  6 08 x 10    0.0415  0 27 x 03
0.0650  0 30 x 03    0.0650  0 30 x 03    0.0433  6 08 x 06    0.0434  6 08 x 06
0.0653  0 07 x 03    0.0653  0 07 x 03    0.0434  4 08 x 03    0.0434  4 08 x 03
0.0667  0 27 x 03    0.0668  0 27 x 03    0.0436  0 07 x 03    0.0436  0 07 x 03
0.0679  4 08 x 03    0.0678  4 08 x 03    0.0437  6 08 x 05    0.0437  6 08 x 05
0.0683  6 08 x 04    0.0684  6 08 x 04    0.0437  2 08 x 04    0.0438  2 08 x 04
0.0685  2 08 x 04    0.0685  2 08 x 04    0.0460  3 08 x 03    0.0460  3 08 x 03
0.0709  5 08 x 03    0.0709  5 08 x 03    0.0475  5 08 x 03    0.0475  5 08 x 03
0.0733  3 08 x 03    0.0732  3 08 x 03    0.0494  6 08 x 04    0.0495  6 08 x 04
0.0765  7 08 x 05    0.0765  7 08 x 05    0.0502  1 08 x 05    0.0502  1 08 x 05
0.0781  1 08 x 05    0.0781  1 08 x 05    0.0506  2 08 x 03    0.0506  2 08 x 03
0.0799  2 08 x 03    0.0798  6 08 x 03    0.0506  0 03 x 03    0.0506  0 03 x 03
0.0799  6 08 x 03    0.0799  2 08 x 03    0.0522  0 01 x 02    0.0522  0 01 x 02
0.0804  0 03 x 03    0.0804  0 03 x 03    0.0528  0 04 x 02    0.0528  0 04 x 02
0.0838  7 08 x 04    0.0838  7 08 x 04    0.0529  0 05 x 02    0.0529  0 05 x 02
0.0852  0 05 x 02    0.0853  0 01 x 02    0.0534  0 00 x 02    0.0534  0 00 x 02
0.0853  0 01 x 02    0.0853  0 05 x 02    0.0538  0 31 x 02    0.0538  0 31 x 02
0.0859  0 06 x 02    0.0859  0 06 x 02    0.0541  0 32 x 02    0.0541  0 29 x 02
0.0860  0 04 x 02    0.0859  0 04 x 02    0.0542  0 29 x 02    0.0542  0 06 x 02
0.0872  1 08 x 04    0.0872  1 08 x 04    0.0542  0 06 x 02    0.0542  0 32 x 02
0.0874  0 00 x 02    0.0873  0 00 x 02    0.0548  0 28 x 02    0.0548  0 28 x 02
0.0884  0 31 x 02    0.0882  0 07 x 02    0.0549  0 30 x 02    0.0549  0 30 x 02
0.0884  0 07 x 02    0.0884  0 31 x 02    0.0556  1 08 x 04    0.0557  1 08 x 04
0.0887  0 29 x 02    0.0887  0 32 x 02    0.0558  0 27 x 02    0.0558  0 27 x 02
0.0887  0 32 x 02    0.0888  0 29 x 02    0.0565  0 07 x 02    0.0565  0 07 x 02
0.0894  0 30 x 02    0.0894  0 30 x 02    0.0566  6 08 x 03    0.0566  6 08 x 03
0.0895  0 28 x 02    0.0895  0 28 x 02    0.0585  4 08 x 02    0.0585  4 08 x 02
0.0915  0 27 x 02    0.0914  0 27 x 02    0.0610  7 08 x 05    0.0610  7 08 x 05
0.0945  4 08 x 02    0.0944  4 08 x 02    0.0616  3 08 x 02    0.0616  3 08 x 02
0.0965  5 08 x 02    0.0965  5 08 x 02    0.0620  5 08 x 02    0.0619  5 08 x 02
0.1002  3 08 x 02    0.1002  3 08 x 02    0.0653  0 03 x 02    0.0653  0 03 x 02
0.1010  7 08 x 03    0.1010  7 08 x 03    0.0665  7 08 x 04    0.0665  7 08 x 04
0.1068  0 03 x 02    0.1068  0 03 x 02    0.0695  2 08 x 02    0.0695  2 08 x 02
0.1084  6 08 x 02    0.1084  6 08 x 02    0.0703  1 08 x 03    0.0698  1 08 x 03
0.1107  1 08 x 03    0.1107  1 08 x 03    0.0745  6 08 x 02    0.0745  6 08 x 02
0.1129  2 08 x 02    0.1127  2 08 x 02    0.0788  7 08 x 03    0.0788  7 08 x 03
0.1381  7 08 x 02    0.1378  7 08 x 02    0.0829  0 01 x 01    0.0829  0 01 x 01
0.1409  0 02 x 07    0.1408  0 02 x 07    0.0830  0 05 x 01    0.0830  0 05 x 01
0.1415  0 02 x 06    0.1415  0 02 x 06    0.0836  0 04 x 01    0.0836  0 04 x 01
0.1417  0 02 x 05    0.1419  0 02 x 05    0.0838  0 29 x 01    0.0838  0 29 x 01
0.1428  0 02 x 08    0.1425  0 02 x 08    0.0838  0 31 x 01    0.0838  0 31 x 01
0.1454  0 02 x 04    0.1454  0 02 x 03    0.0840  0 06 x 01    0.0840  0 32 x 01
0.1457  0 02 x 03    0.1455  0 02 x 04    0.0841  0 28 x 01    0.0840  0 06 x 01
0.1473  0 02 x 02    0.1472  0 02 x 02    0.0841  0 32 x 01    0.0841  0 28 x 01
0.1473  0 05 x 01    0.1475  0 05 x 01    0.0842  0 30 x 01    0.0841  0 30 x 01
0.1477  0 06 x 01    0.1478  0 06 x 01    0.0844  0 00 x 01    0.0844  0 00 x 01
0.1482  0 01 x 01    0.1482  0 01 x 01    0.0861  0 27 x 01    0.0861  0 27 x 01
0.1489  0 04 x 01    0.1490  0 04 x 01    0.0869  0 07 x 01    0.0868  0 07 x 01
0.1499  0 07 x 01    0.1499  0 07 x 01    0.0906  0 02 x 07    0.0906  0 02 x 07
0.1519  0 00 x 01    0.1517  0 00 x 01    0.0906  0 02 x 06    0.0906  0 02 x 06
0.1520  0 31 x 01    0.1520  0 29 x 01    0.0907  0 02 x 05    0.0908  0 02 x 05
0.1521  0 29 x 01    0.1520  0 32 x 01    0.0920  0 02 x 08    0.0919  0 02 x 08
0.1522  1 08 x 02    0.1520  1 08 x 02    0.0924  4 08 x 01    0.0924  4 08 x 01
0.1524  0 32 x 01    0.1520  0 31 x 01    0.0931  0 02 x 03    0.0929  0 02 x 03
0.1524  0 28 x 01    0.1522  0 30 x 01    0.0933  0 02 x 04    0.0934  0 02 x 04
0.1524  0 30 x 01    0.1523  0 28 x 01    0.0937  0 02 x 02    0.0937  0 02 x 02
0.1547  0 02 x 10    0.1543  0 02 x 10    0.0942  1 08 x 02    0.0942  1 08 x 02
0.1557  0 02 x 01    0.1557  0 02 x 01    0.0954  5 08 x 01    0.0954  5 08 x 01
0.1566  0 27 x 01    0.1561  0 27 x 01    0.0968  0 02 x 01    0.0965  0 02 x 01
0.1633  0 02 x 12    0.1628  0 02 x 12    0.0991  0 03 x 01    0.0993  0 03 x 01
0.1639  4 08 x 01    0.1639  4 08 x 01    0.0998  0 02 x 10    0.0994  0 02 x 10
0.1642  5 08 x 01    0.1642  5 08 x 01    0.0999  3 08 x 01    0.0999  3 08 x 01
0.1764  3 08 x 01    0.1763  3 08 x 01    0.1052  7 08 x 02    0.1048  0 02 x 12
0.1794  0 03 x 01    0.1795  0 03 x 01    0.1078  0 02 x 12    0.1051  7 08 x 02
0.1837  6 08 x 01    0.1835  6 08 x 01    0.1153  2 08 x 01    0.1153  2 08 x 01
0.2011  2 08 x 01    0.2011  2 08 x 01    0.1174  6 08 x 01    0.1174  6 08 x 01
0.2321  7 08 x 01    0.2323  7 08 x 01    0.1610  1 08 x 01    0.1610  1 08 x 01
0.2757  1 08 x 01    0.2753  1 08 x 01    0.1673  7 08 x 01    0.1673  7 08 x 01
---Benchmark Program Finished---
