
./testbench.sh clang++ O3 MontgomeryQuarter uint64_t 191 8 22 -DTEST_ARRAY

compilation finished, now executing:
---Running Program---

begin benchmarks - array two_pow
(ignore)3718609572885830787

OVERALL BEST:
0.1302  0 29 x 12
0.1305  0 28 x 12
0.1308  0 32 x 12
0.1308  0 31 x 12
0.1314  0 30 x 12
0.1318  0 32 x 10
0.1318  0 31 x 10
0.1319  0 30 x 10
0.1323  0 29 x 10
0.1326  0 31 x 08
0.1326  0 32 x 08
0.1328  0 28 x 10
0.1338  0 30 x 08
0.1343  0 31 x 07
0.1343  0 32 x 07
0.1352  0 28 x 08
0.1353  0 29 x 08
0.1361  0 30 x 07
0.1369  0 29 x 07
0.1381  0 28 x 07
0.1390  0 31 x 06
0.1390  0 32 x 06
0.1405  0 30 x 06
0.1426  0 28 x 06
0.1429  0 05 x 08
0.1429  0 29 x 06
0.1436  0 01 x 08
0.1444  0 01 x 06
0.1447  0 01 x 07
0.1447  0 05 x 10
0.1449  0 27 x 12
0.1455  0 03 x 10
0.1455  0 05 x 07
0.1456  0 04 x 07
0.1456  0 04 x 08
0.1460  0 06 x 08
0.1466  0 03 x 12
0.1473  0 06 x 10
0.1478  0 05 x 06
0.1479  0 01 x 10
0.1482  0 04 x 06
0.1484  0 06 x 12
0.1484  0 06 x 07
0.1489  0 27 x 06
0.1489  0 04 x 10
0.1491  0 05 x 12
0.1492  0 27 x 10
0.1496  0 00 x 08
0.1503  0 04 x 12
0.1506  0 03 x 08
0.1513  0 01 x 12
0.1514  0 06 x 06
0.1514  0 00 x 06
0.1515  0 27 x 08
0.1525  0 27 x 07
0.1528  0 30 x 05
0.1529  0 00 x 07
0.1531  0 29 x 05
0.1545  0 32 x 05
0.1545  0 31 x 05
0.1547  0 28 x 05
0.1547  0 05 x 05
0.1558  4 08 x 08
0.1563  0 00 x 10
0.1563  0 04 x 05
0.1575  0 03 x 07
0.1576  0 02 x 07
0.1576  0 01 x 05
0.1580  3 08 x 08
0.1581  0 00 x 05
0.1600  0 06 x 05
0.1614  0 00 x 12
0.1619  0 07 x 08
0.1624  0 27 x 05
0.1631  0 07 x 10
0.1638  4 08 x 10
0.1643  0 07 x 12
0.1644  0 07 x 07
0.1662  5 08 x 08
0.1674  0 07 x 06
0.1674  0 01 x 04
0.1683  4 08 x 07
0.1690  4 08 x 12
0.1690  0 05 x 04
0.1700  3 08 x 10
0.1702  3 08 x 12
0.1706  0 04 x 04
0.1713  0 00 x 04
0.1714  0 02 x 06
0.1725  0 03 x 06
0.1726  5 08 x 10
0.1726  0 28 x 04
0.1729  4 08 x 06
0.1729  0 30 x 04
0.1743  0 32 x 04
0.1743  0 31 x 04
0.1747  3 08 x 07
0.1748  0 06 x 04
0.1753  0 07 x 05
0.1754  0 29 x 04
0.1767  5 08 x 07
0.1787  3 08 x 06
0.1802  4 08 x 05
0.1809  0 27 x 04
0.1819  5 08 x 06
0.1837  3 08 x 05
0.1899  0 07 x 04
0.1899  5 08 x 12
0.1903  5 08 x 05
0.1919  0 03 x 05
0.1919  0 02 x 05
0.1934  6 08 x 08
0.1962  4 08 x 04
0.1979  6 08 x 10
0.2016  3 08 x 04
0.2021  6 08 x 07
0.2057  0 05 x 03
0.2071  6 08 x 06
0.2073  0 04 x 03
0.2087  5 08 x 04
0.2104  0 06 x 03
0.2106  0 01 x 03
0.2131  0 29 x 03
0.2139  0 30 x 03
0.2166  0 32 x 03
0.2167  2 08 x 05
0.2185  0 31 x 03
0.2185  6 08 x 05
0.2191  0 28 x 03
0.2192  0 02 x 04
0.2193  0 03 x 04
0.2214  0 00 x 03
0.2242  2 08 x 04
0.2253  0 07 x 03
0.2281  0 27 x 03
0.2401  6 08 x 12
0.2415  4 08 x 03
0.2417  6 08 x 04
0.2546  3 08 x 03
0.2556  5 08 x 03
0.2727  1 08 x 05
0.2746  0 02 x 03
0.2753  0 03 x 03
0.2773  0 05 x 02
0.2790  2 08 x 03
0.2796  0 06 x 02
0.2809  0 01 x 02
0.2826  0 04 x 02
0.2879  7 08 x 05
0.2886  0 00 x 02
0.2892  0 28 x 02
0.2892  0 30 x 02
0.2926  0 32 x 02
0.2926  0 07 x 02
0.2927  0 31 x 02
0.2933  6 08 x 03
0.2934  0 29 x 02
0.2966  1 08 x 04
0.3000  0 27 x 02
0.3180  7 08 x 04
0.3191  4 08 x 02
0.3361  5 08 x 02
0.3368  3 08 x 02
0.3716  0 02 x 02
0.3718  0 03 x 02
0.3753  1 08 x 03
0.3789  2 08 x 02
0.3836  7 08 x 03
0.3891  6 08 x 02
0.4698  0 05 x 01
0.4699  0 01 x 01
0.4705  0 02 x 08
0.4725  0 04 x 01
0.4730  0 06 x 01
0.4737  0 30 x 01
0.4743  0 28 x 01
0.4768  0 07 x 01
0.4816  0 00 x 01
0.4998  0 27 x 01
0.5070  0 02 x 10
0.5145  1 08 x 02
0.5146  7 08 x 02
0.5250  0 29 x 01
0.5250  0 31 x 01
0.5252  0 32 x 01
0.5340  4 08 x 01
0.5383  5 08 x 01
0.5437  0 02 x 12
0.5772  3 08 x 01
0.6165  0 02 x 01
0.6168  0 03 x 01
0.6259  6 08 x 01
0.6666  2 08 x 01
0.8459  7 08 x 01
0.9419  1 08 x 01
Timings By Test Type:
0.0395  0 29 x 12    0.0395  0 29 x 12    0.0256  0 29 x 12    0.0256  0 29 x 12
0.0395  0 28 x 12    0.0395  0 28 x 12    0.0257  0 32 x 12    0.0257  0 32 x 12
0.0397  0 31 x 12    0.0397  0 32 x 12    0.0257  0 31 x 12    0.0257  0 31 x 12
0.0397  0 30 x 12    0.0397  0 30 x 12    0.0257  0 28 x 12    0.0257  0 28 x 12
0.0397  0 32 x 12    0.0397  0 31 x 12    0.0260  0 30 x 12    0.0260  0 31 x 10
0.0399  0 30 x 10    0.0399  0 30 x 10    0.0260  0 32 x 10    0.0260  0 30 x 12
0.0399  0 31 x 10    0.0399  0 32 x 10    0.0260  0 31 x 10    0.0260  0 32 x 10
0.0399  0 32 x 10    0.0399  0 31 x 10    0.0260  0 29 x 10    0.0260  0 29 x 10
0.0401  0 32 x 08    0.0401  0 31 x 08    0.0261  0 30 x 10    0.0261  0 30 x 10
0.0401  0 31 x 08    0.0401  0 32 x 08    0.0262  0 31 x 08    0.0262  0 31 x 08
0.0401  0 28 x 10    0.0401  0 28 x 10    0.0262  0 32 x 08    0.0262  0 32 x 08
0.0402  0 29 x 10    0.0402  0 29 x 10    0.0263  0 28 x 10    0.0262  0 28 x 10
0.0403  0 30 x 08    0.0403  0 30 x 08    0.0265  0 31 x 07    0.0265  0 31 x 07
0.0406  0 28 x 08    0.0406  0 32 x 07    0.0265  0 32 x 07    0.0265  0 32 x 07
0.0407  0 31 x 07    0.0406  0 28 x 08    0.0266  0 30 x 08    0.0266  0 30 x 08
0.0407  0 32 x 07    0.0407  0 31 x 07    0.0268  0 29 x 08    0.0268  0 29 x 08
0.0408  0 29 x 08    0.0408  0 29 x 08    0.0270  0 28 x 08    0.0269  0 28 x 08
0.0410  0 30 x 07    0.0410  0 30 x 07    0.0270  0 30 x 07    0.0271  0 30 x 07
0.0413  0 29 x 07    0.0413  0 29 x 07    0.0271  0 29 x 07    0.0271  0 29 x 07
0.0416  0 28 x 07    0.0416  0 28 x 07    0.0273  0 31 x 06    0.0272  0 31 x 06
0.0422  0 31 x 06    0.0422  0 32 x 06    0.0273  0 32 x 06    0.0273  0 32 x 06
0.0422  0 32 x 06    0.0423  0 31 x 06    0.0275  0 28 x 07    0.0275  0 28 x 07
0.0426  0 30 x 06    0.0426  0 30 x 06    0.0276  0 30 x 06    0.0277  0 30 x 06
0.0427  0 05 x 08    0.0426  0 05 x 08    0.0283  0 29 x 06    0.0283  0 29 x 06
0.0429  0 28 x 06    0.0428  0 28 x 06    0.0284  0 28 x 06    0.0285  0 28 x 06
0.0430  0 01 x 08    0.0430  0 01 x 08    0.0285  0 27 x 12    0.0285  0 04 x 08
0.0431  0 29 x 06    0.0432  0 29 x 06    0.0286  0 01 x 06    0.0286  0 27 x 12
0.0432  0 05 x 10    0.0432  0 05 x 10    0.0287  0 03 x 10    0.0286  0 01 x 06
0.0434  0 01 x 07    0.0434  0 01 x 07    0.0288  0 05 x 08    0.0287  0 01 x 08
0.0434  0 06 x 08    0.0434  0 06 x 08    0.0288  0 01 x 08    0.0287  0 05 x 08
0.0435  0 05 x 07    0.0434  0 05 x 07    0.0289  0 04 x 07    0.0288  0 03 x 10
0.0436  0 01 x 06    0.0436  0 01 x 06    0.0289  0 03 x 12    0.0288  0 04 x 07
0.0438  0 06 x 10    0.0438  0 03 x 10    0.0290  0 01 x 07    0.0289  0 03 x 12
0.0439  0 27 x 12    0.0438  0 04 x 08    0.0292  0 04 x 08    0.0290  0 01 x 07
0.0439  0 04 x 07    0.0438  0 06 x 12    0.0292  0 05 x 10    0.0292  0 05 x 10
0.0441  0 05 x 06    0.0438  0 06 x 10    0.0293  0 05 x 07    0.0293  0 05 x 07
0.0442  0 03 x 10    0.0439  0 27 x 12    0.0294  0 04 x 06    0.0294  0 04 x 06
0.0442  0 04 x 08    0.0439  0 04 x 07    0.0295  0 01 x 10    0.0295  0 01 x 10
0.0442  0 06 x 07    0.0441  0 03 x 12    0.0295  0 27 x 10    0.0295  0 27 x 10
0.0445  0 01 x 10    0.0441  0 05 x 06    0.0295  0 27 x 06    0.0295  0 27 x 06
0.0446  0 05 x 12    0.0442  0 06 x 07    0.0296  0 04 x 10    0.0295  0 04 x 10
0.0446  0 03 x 12    0.0445  0 01 x 10    0.0297  0 06 x 08    0.0295  0 06 x 08
0.0447  0 04 x 06    0.0446  0 05 x 12    0.0297  0 04 x 12    0.0297  0 04 x 12
0.0449  0 27 x 06    0.0447  0 04 x 06    0.0297  0 06 x 12    0.0297  0 05 x 06
0.0449  0 04 x 10    0.0449  0 04 x 10    0.0298  0 05 x 06    0.0298  0 03 x 08
0.0450  0 00 x 08    0.0449  0 27 x 06    0.0298  0 00 x 08    0.0298  0 06 x 10
0.0450  0 06 x 12    0.0450  0 00 x 08    0.0298  0 06 x 10    0.0298  0 06 x 12
0.0451  0 27 x 10    0.0451  0 27 x 10    0.0298  0 05 x 12    0.0298  0 01 x 12
0.0451  0 06 x 06    0.0451  0 06 x 06    0.0299  0 01 x 12    0.0299  0 00 x 08
0.0454  0 04 x 12    0.0452  0 01 x 12    0.0300  0 30 x 05    0.0300  0 30 x 05
0.0455  0 03 x 08    0.0452  0 03 x 08    0.0300  0 06 x 07    0.0300  0 06 x 07
0.0455  0 00 x 06    0.0454  0 04 x 12    0.0300  0 27 x 08    0.0300  0 27 x 08
0.0457  0 27 x 08    0.0456  0 00 x 06    0.0301  0 00 x 06    0.0301  0 05 x 12
0.0460  0 27 x 07    0.0457  0 27 x 08    0.0301  0 03 x 08    0.0301  0 00 x 06
0.0460  0 00 x 07    0.0458  0 29 x 05    0.0302  0 27 x 07    0.0302  0 27 x 07
0.0462  0 29 x 05    0.0460  0 27 x 07    0.0304  0 00 x 07    0.0304  0 00 x 07
0.0464  4 08 x 08    0.0461  0 00 x 07    0.0305  0 29 x 05    0.0305  0 06 x 06
0.0464  0 05 x 05    0.0463  0 05 x 05    0.0305  0 06 x 06    0.0306  0 32 x 05
0.0465  0 30 x 05    0.0463  4 08 x 08    0.0306  0 28 x 05    0.0306  0 31 x 05
0.0465  0 01 x 12    0.0465  0 30 x 05    0.0307  0 31 x 05    0.0306  0 28 x 05
0.0466  0 32 x 05    0.0466  0 32 x 05    0.0307  0 32 x 05    0.0307  0 29 x 05
0.0466  0 31 x 05    0.0466  0 31 x 05    0.0308  0 00 x 05    0.0308  0 00 x 05
0.0467  0 28 x 05    0.0467  0 28 x 05    0.0310  0 00 x 10    0.0310  0 00 x 10
0.0471  0 04 x 05    0.0471  0 04 x 05    0.0310  0 05 x 05    0.0310  0 05 x 05
0.0472  0 00 x 10    0.0471  0 00 x 10    0.0311  0 04 x 05    0.0311  0 04 x 05
0.0474  0 07 x 08    0.0474  0 07 x 08    0.0311  0 01 x 05    0.0312  0 01 x 05
0.0475  0 03 x 07    0.0475  0 03 x 07    0.0313  0 03 x 07    0.0313  0 03 x 07
0.0475  3 08 x 08    0.0475  0 02 x 07    0.0313  0 02 x 07    0.0313  0 02 x 07
0.0475  0 02 x 07    0.0475  3 08 x 08    0.0315  3 08 x 08    0.0315  3 08 x 08
0.0477  0 01 x 05    0.0476  0 07 x 12    0.0316  4 08 x 08    0.0315  4 08 x 08
0.0477  0 06 x 05    0.0477  0 01 x 05    0.0319  0 00 x 12    0.0319  0 00 x 12
0.0477  0 07 x 10    0.0477  0 06 x 05    0.0319  0 27 x 05    0.0321  0 27 x 05
0.0482  0 07 x 07    0.0477  0 07 x 10    0.0323  0 06 x 05    0.0323  0 06 x 05
0.0482  0 00 x 05    0.0482  0 07 x 07    0.0327  0 01 x 04    0.0327  0 01 x 04
0.0486  5 08 x 08    0.0483  0 00 x 05    0.0331  4 08 x 10    0.0331  4 08 x 10
0.0488  4 08 x 10    0.0486  5 08 x 08    0.0334  0 00 x 04    0.0334  0 00 x 04
0.0488  0 00 x 12    0.0488  0 00 x 12    0.0335  0 04 x 04    0.0335  0 07 x 08
0.0489  0 07 x 12    0.0488  4 08 x 10    0.0335  0 05 x 04    0.0335  0 04 x 04
0.0490  0 07 x 06    0.0490  0 07 x 06    0.0336  0 28 x 04    0.0335  0 05 x 04
0.0492  0 27 x 05    0.0492  0 27 x 05    0.0336  0 30 x 04    0.0336  0 28 x 04
0.0502  4 08 x 07    0.0496  4 08 x 12    0.0336  0 07 x 08    0.0336  0 30 x 04
0.0506  5 08 x 10    0.0502  4 08 x 07    0.0338  0 07 x 10    0.0338  0 07 x 10
0.0510  0 01 x 04    0.0502  3 08 x 12    0.0339  3 08 x 10    0.0339  3 08 x 10
0.0510  0 05 x 04    0.0506  5 08 x 10    0.0339  0 07 x 12    0.0339  0 07 x 12
0.0510  4 08 x 12    0.0510  0 01 x 04    0.0339  4 08 x 07    0.0339  0 02 x 06
0.0512  3 08 x 10    0.0510  0 05 x 04    0.0340  0 02 x 06    0.0339  4 08 x 07
0.0515  0 07 x 05    0.0512  3 08 x 10    0.0340  0 07 x 07    0.0340  0 07 x 07
0.0516  4 08 x 06    0.0515  0 07 x 05    0.0341  0 32 x 04    0.0341  0 31 x 04
0.0517  3 08 x 12    0.0516  4 08 x 06    0.0341  0 31 x 04    0.0341  0 32 x 04
0.0518  0 02 x 06    0.0517  0 02 x 06    0.0342  3 08 x 12    0.0341  0 29 x 04
0.0518  0 04 x 04    0.0518  0 04 x 04    0.0342  4 08 x 12    0.0342  3 08 x 12
0.0518  5 08 x 07    0.0518  5 08 x 07    0.0342  0 03 x 06    0.0342  4 08 x 12
0.0520  0 03 x 06    0.0520  0 03 x 06    0.0346  0 07 x 06    0.0343  0 03 x 06
0.0523  0 00 x 04    0.0523  0 00 x 04    0.0346  5 08 x 08    0.0344  5 08 x 08
0.0525  0 06 x 04    0.0524  0 06 x 04    0.0347  3 08 x 07    0.0346  3 08 x 07
0.0527  0 28 x 04    0.0526  3 08 x 07    0.0348  4 08 x 06    0.0347  0 07 x 06
0.0527  3 08 x 07    0.0527  0 28 x 04    0.0350  0 06 x 04    0.0348  4 08 x 06
0.0529  0 30 x 04    0.0529  0 30 x 04    0.0351  0 27 x 04    0.0350  0 06 x 04
0.0530  0 32 x 04    0.0530  0 31 x 04    0.0352  0 29 x 04    0.0351  0 27 x 04
0.0530  0 31 x 04    0.0531  0 32 x 04    0.0354  3 08 x 06    0.0354  3 08 x 06
0.0531  0 29 x 04    0.0531  0 29 x 04    0.0357  5 08 x 10    0.0357  5 08 x 10
0.0534  5 08 x 06    0.0533  5 08 x 06    0.0361  0 07 x 05    0.0362  4 08 x 05
0.0540  3 08 x 06    0.0539  4 08 x 05    0.0362  4 08 x 05    0.0362  0 07 x 05
0.0540  4 08 x 05    0.0540  3 08 x 06    0.0364  3 08 x 05    0.0364  3 08 x 05
0.0549  5 08 x 12    0.0547  5 08 x 12    0.0365  5 08 x 07    0.0365  5 08 x 07
0.0554  0 27 x 04    0.0553  0 27 x 04    0.0377  5 08 x 06    0.0376  5 08 x 06
0.0554  6 08 x 08    0.0554  6 08 x 08    0.0377  0 03 x 05    0.0378  0 03 x 05
0.0555  3 08 x 05    0.0555  3 08 x 05    0.0380  0 02 x 05    0.0380  0 02 x 05
0.0560  5 08 x 05    0.0559  5 08 x 05    0.0388  0 07 x 04    0.0388  0 07 x 04
0.0562  0 07 x 04    0.0562  0 07 x 04    0.0391  4 08 x 04    0.0390  4 08 x 04
0.0569  6 08 x 10    0.0569  6 08 x 10    0.0392  5 08 x 05    0.0392  5 08 x 05
0.0580  0 02 x 05    0.0580  0 02 x 05    0.0396  3 08 x 04    0.0396  3 08 x 04
0.0582  6 08 x 07    0.0582  6 08 x 07    0.0401  0 04 x 03    0.0401  0 04 x 03
0.0582  0 03 x 05    0.0582  0 03 x 05    0.0401  5 08 x 12    0.0401  5 08 x 12
0.0591  4 08 x 04    0.0590  4 08 x 04    0.0402  0 05 x 03    0.0402  0 05 x 03
0.0596  6 08 x 06    0.0596  6 08 x 06    0.0409  0 30 x 03    0.0409  0 30 x 03
0.0612  3 08 x 04    0.0612  3 08 x 04    0.0412  0 29 x 03    0.0413  0 29 x 03
0.0617  5 08 x 04    0.0617  5 08 x 04    0.0413  6 08 x 08    0.0413  6 08 x 08
0.0627  0 05 x 03    0.0627  0 05 x 03    0.0415  0 06 x 03    0.0415  0 06 x 03
0.0630  6 08 x 05    0.0630  6 08 x 05    0.0421  6 08 x 10    0.0421  6 08 x 10
0.0630  0 01 x 03    0.0630  0 01 x 03    0.0422  0 01 x 03    0.0424  0 01 x 03
0.0635  0 04 x 03    0.0635  0 04 x 03    0.0424  0 32 x 03    0.0426  2 08 x 05
0.0637  0 06 x 03    0.0637  0 06 x 03    0.0426  5 08 x 04    0.0426  5 08 x 04
0.0650  0 30 x 03    0.0651  0 28 x 03    0.0426  2 08 x 05    0.0427  0 27 x 03
0.0651  0 28 x 03    0.0653  0 29 x 03    0.0427  0 27 x 03    0.0429  6 08 x 07
0.0653  0 29 x 03    0.0655  0 31 x 03    0.0429  6 08 x 07    0.0429  0 03 x 04
0.0655  0 32 x 03    0.0655  0 32 x 03    0.0429  0 03 x 04    0.0430  0 02 x 04
0.0655  0 31 x 03    0.0657  2 08 x 05    0.0429  0 02 x 04    0.0432  0 32 x 03
0.0658  2 08 x 05    0.0666  0 02 x 04    0.0437  0 31 x 03    0.0438  0 31 x 03
0.0666  0 02 x 04    0.0667  0 03 x 04    0.0440  2 08 x 04    0.0438  0 00 x 03
0.0667  0 00 x 03    0.0669  0 00 x 03    0.0440  6 08 x 06    0.0440  6 08 x 06
0.0667  0 03 x 04    0.0670  0 30 x 03    0.0440  0 00 x 03    0.0440  2 08 x 04
0.0674  6 08 x 12    0.0673  6 08 x 12    0.0444  0 28 x 03    0.0445  0 28 x 03
0.0675  0 07 x 03    0.0675  0 07 x 03    0.0451  0 07 x 03    0.0451  0 07 x 03
0.0682  2 08 x 04    0.0681  2 08 x 04    0.0463  6 08 x 05    0.0463  6 08 x 05
0.0698  6 08 x 04    0.0698  6 08 x 04    0.0476  4 08 x 03    0.0476  4 08 x 03
0.0713  0 27 x 03    0.0714  0 27 x 03    0.0493  3 08 x 03    0.0493  3 08 x 03
0.0732  4 08 x 03    0.0732  4 08 x 03    0.0510  6 08 x 04    0.0510  6 08 x 04
0.0762  5 08 x 03    0.0762  5 08 x 03    0.0515  5 08 x 03    0.0516  5 08 x 03
0.0780  3 08 x 03    0.0780  3 08 x 03    0.0527  6 08 x 12    0.0527  6 08 x 12
0.0797  7 08 x 05    0.0797  7 08 x 05    0.0530  0 05 x 02    0.0530  0 05 x 02
0.0829  1 08 x 05    0.0829  1 08 x 05    0.0533  0 01 x 02    0.0533  0 01 x 02
0.0829  0 02 x 03    0.0829  0 03 x 03    0.0534  1 08 x 05    0.0535  1 08 x 05
0.0834  0 03 x 03    0.0833  0 02 x 03    0.0538  0 04 x 02    0.0538  0 04 x 02
0.0853  2 08 x 03    0.0853  2 08 x 03    0.0540  0 02 x 03    0.0540  0 06 x 02
0.0855  6 08 x 03    0.0855  6 08 x 03    0.0540  0 06 x 02    0.0543  2 08 x 03
0.0856  0 05 x 02    0.0856  0 05 x 02    0.0540  0 03 x 03    0.0545  0 02 x 03
0.0859  0 06 x 02    0.0858  0 06 x 02    0.0542  2 08 x 03    0.0547  0 28 x 02
0.0872  0 01 x 02    0.0872  0 01 x 02    0.0548  0 00 x 02    0.0548  0 00 x 02
0.0875  0 04 x 02    0.0875  0 04 x 02    0.0549  0 30 x 02    0.0550  0 30 x 02
0.0884  7 08 x 04    0.0884  7 08 x 04    0.0549  0 28 x 02    0.0551  0 03 x 03
0.0891  0 07 x 02    0.0891  0 07 x 02    0.0557  0 32 x 02    0.0557  0 31 x 02
0.0895  0 00 x 02    0.0894  0 00 x 02    0.0559  0 31 x 02    0.0557  0 32 x 02
0.0896  0 30 x 02    0.0896  0 30 x 02    0.0560  0 29 x 02    0.0560  0 29 x 02
0.0898  0 28 x 02    0.0897  0 28 x 02    0.0569  0 27 x 02    0.0569  0 27 x 02
0.0904  1 08 x 04    0.0904  1 08 x 04    0.0572  0 07 x 02    0.0572  0 07 x 02
0.0905  0 31 x 02    0.0905  0 32 x 02    0.0579  1 08 x 04    0.0579  1 08 x 04
0.0905  0 32 x 02    0.0905  0 31 x 02    0.0610  6 08 x 03    0.0613  6 08 x 03
0.0907  0 29 x 02    0.0907  0 29 x 02    0.0613  4 08 x 02    0.0613  4 08 x 02
0.0931  0 27 x 02    0.0931  0 27 x 02    0.0643  3 08 x 02    0.0643  3 08 x 02
0.0982  4 08 x 02    0.0982  4 08 x 02    0.0643  7 08 x 05    0.0643  7 08 x 05
0.1016  5 08 x 02    0.1016  5 08 x 02    0.0664  5 08 x 02    0.0664  5 08 x 02
0.1041  3 08 x 02    0.1041  3 08 x 02    0.0706  7 08 x 04    0.0705  7 08 x 04
0.1075  7 08 x 03    0.1075  7 08 x 03    0.0711  0 02 x 02    0.0708  0 02 x 02
0.1146  6 08 x 02    0.1145  1 08 x 03    0.0711  0 03 x 02    0.0712  0 03 x 02
0.1148  0 02 x 02    0.1146  6 08 x 02    0.0724  2 08 x 02    0.0725  2 08 x 02
0.1148  0 03 x 02    0.1147  0 03 x 02    0.0727  1 08 x 03    0.0726  1 08 x 03
0.1155  1 08 x 03    0.1149  0 02 x 02    0.0800  6 08 x 02    0.0800  6 08 x 02
0.1170  2 08 x 02    0.1170  2 08 x 02    0.0843  7 08 x 03    0.0843  0 01 x 01
0.1433  0 02 x 08    0.1431  0 02 x 08    0.0843  0 01 x 01    0.0843  7 08 x 03
0.1454  7 08 x 02    0.1452  7 08 x 02    0.0844  0 30 x 01    0.0844  0 30 x 01
0.1500  0 05 x 01    0.1499  0 05 x 01    0.0846  0 28 x 01    0.0845  0 28 x 01
0.1503  0 06 x 01    0.1503  0 06 x 01    0.0849  0 04 x 01    0.0849  0 04 x 01
0.1507  0 01 x 01    0.1507  0 01 x 01    0.0849  0 05 x 01    0.0850  0 05 x 01
0.1510  0 07 x 01    0.1510  0 07 x 01    0.0862  0 06 x 01    0.0862  0 06 x 01
0.1513  0 04 x 01    0.1513  0 04 x 01    0.0863  0 00 x 01    0.0863  0 00 x 01
0.1525  0 30 x 01    0.1525  0 30 x 01    0.0875  0 07 x 01    0.0875  0 07 x 01
0.1526  0 28 x 01    0.1526  0 28 x 01    0.0889  0 27 x 01    0.0889  0 27 x 01
0.1537  0 02 x 10    0.1537  0 02 x 10    0.0922  0 02 x 08    0.0919  0 02 x 08
0.1544  0 00 x 01    0.1545  0 00 x 01    0.0944  0 31 x 01    0.0944  0 31 x 01
0.1587  1 08 x 02    0.1588  1 08 x 02    0.0944  0 29 x 01    0.0944  0 32 x 01
0.1610  0 27 x 01    0.1610  0 27 x 01    0.0945  0 32 x 01    0.0944  0 29 x 01
0.1680  0 02 x 12    0.1633  0 02 x 12    0.0966  4 08 x 01    0.0966  4 08 x 01
0.1681  0 29 x 01    0.1681  0 29 x 01    0.0986  1 08 x 02    0.0985  1 08 x 02
0.1682  0 31 x 01    0.1681  0 31 x 01    0.0993  5 08 x 01    0.0993  5 08 x 01
0.1682  0 32 x 01    0.1682  0 32 x 01    0.0998  0 02 x 10    0.0998  0 02 x 10
0.1699  5 08 x 01    0.1698  5 08 x 01    0.1047  3 08 x 01    0.1047  3 08 x 01
0.1704  4 08 x 01    0.1704  4 08 x 01    0.1062  0 02 x 12    0.1062  0 02 x 12
0.1840  3 08 x 01    0.1840  3 08 x 01    0.1110  0 02 x 01    0.1110  0 02 x 01
0.1910  6 08 x 01    0.1910  6 08 x 01    0.1110  0 03 x 01    0.1111  0 03 x 01
0.1972  0 02 x 01    0.1973  0 02 x 01    0.1119  7 08 x 02    0.1121  7 08 x 02
0.1974  0 03 x 01    0.1974  0 03 x 01    0.1216  2 08 x 01    0.1215  2 08 x 01
0.2117  2 08 x 01    0.2117  2 08 x 01    0.1220  6 08 x 01    0.1220  6 08 x 01
0.2444  7 08 x 01    0.2444  7 08 x 01    0.1740  1 08 x 01    0.1741  1 08 x 01
0.2970  1 08 x 01    0.2969  1 08 x 01    0.1785  7 08 x 01    0.1787  7 08 x 01
---Benchmark Program Finished---
