
jeffreyhurchalla@Jeffreys-MacBook-Air montgomery_two_pow % ./testbench.sh clang++ O3 MontgomeryQuarter uint64_t 191 8 22 -DHURCHALLA_MONTGOMERY_TWO_POW_USE_CSELECT_ON_BIT -DHURCHALLA_ALLOW_INLINE_ASM_ALL
compilation finished, now executing:
---Running Program---

begin benchmarks - array two_pow
(ignore)16352975363793682379

OVERALL BEST:
0.1313  0 31 x 12
0.1314  0 29 x 12
0.1321  0 28 x 12
0.1326  0 30 x 12
0.1330  0 31 x 10
0.1343  0 30 x 10
0.1346  0 31 x 08
0.1353  0 29 x 08
0.1353  0 28 x 10
0.1360  0 29 x 10
0.1365  0 31 x 07
0.1365  0 27 x 12
0.1367  0 30 x 08
0.1375  0 29 x 07
0.1376  0 28 x 08
0.1381  0 27 x 10
0.1385  0 30 x 07
0.1389  0 03 x 12
0.1391  0 03 x 10
0.1392  0 28 x 07
0.1399  0 27 x 08
0.1417  0 27 x 07
0.1418  0 31 x 06
0.1422  0 03 x 08
0.1426  0 29 x 06
0.1428  0 04 x 08
0.1434  0 01 x 08
0.1435  0 05 x 08
0.1443  0 05 x 12
0.1445  0 05 x 07
0.1447  0 05 x 10
0.1448  0 01 x 06
0.1449  0 04 x 10
0.1449  0 04 x 12
0.1451  0 06 x 08
0.1451  0 30 x 06
0.1452  0 04 x 07
0.1465  0 28 x 06
0.1466  0 00 x 12
0.1467  0 06 x 12
0.1470  0 05 x 06
0.1471  0 00 x 07
0.1472  0 06 x 10
0.1473  0 00 x 08
0.1474  0 01 x 12
0.1475  0 06 x 07
0.1476  0 27 x 06
0.1476  0 01 x 07
0.1477  0 01 x 10
0.1477  0 04 x 06
0.1492  0 00 x 06
0.1493  0 01 x 05
0.1503  0 06 x 06
0.1504  0 03 x 07
0.1513  0 00 x 10
0.1533  0 31 x 05
0.1540  0 28 x 05
0.1541  0 30 x 05
0.1542  0 00 x 05
0.1542  0 05 x 05
0.1543  0 29 x 05
0.1558  0 04 x 05
0.1576  0 06 x 05
0.1597  3 08 x 08
0.1599  0 27 x 05
0.1612  0 07 x 08
0.1625  0 07 x 12
0.1631  0 07 x 10
0.1632  0 07 x 07
0.1648  0 02 x 06
0.1659  0 03 x 06
0.1664  0 07 x 06
0.1665  4 08 x 08
0.1668  0 01 x 04
0.1685  4 08 x 12
0.1689  0 05 x 04
0.1694  3 08 x 12
0.1702  0 04 x 04
0.1716  0 00 x 04
0.1721  3 08 x 10
0.1724  4 08 x 10
0.1733  0 31 x 04
0.1733  0 07 x 05
0.1737  0 06 x 04
0.1763  0 28 x 04
0.1763  0 30 x 04
0.1772  3 08 x 07
0.1775  0 29 x 04
0.1811  3 08 x 06
0.1811  4 08 x 07
0.1818  3 08 x 05
0.1820  0 02 x 05
0.1855  4 08 x 06
0.1859  5 08 x 12
0.1875  0 03 x 05
0.1876  0 02 x 07
0.1888  0 07 x 04
0.1891  0 27 x 04
0.1937  4 08 x 05
0.1947  5 08 x 10
0.1952  5 08 x 08
0.1997  3 08 x 04
0.2007  6 08 x 12
0.2053  0 01 x 03
0.2060  0 05 x 03
0.2067  0 04 x 03
0.2073  4 08 x 04
0.2073  6 08 x 10
0.2088  0 06 x 03
0.2116  0 00 x 03
0.2121  5 08 x 07
0.2133  0 02 x 04
0.2137  0 31 x 03
0.2154  0 30 x 03
0.2155  2 08 x 05
0.2161  0 28 x 03
0.2174  0 29 x 03
0.2212  0 03 x 04
0.2213  0 27 x 03
0.2217  5 08 x 06
0.2231  2 08 x 04
0.2238  0 07 x 03
0.2346  5 08 x 05
0.2505  4 08 x 03
0.2531  3 08 x 03
0.2537  5 08 x 04
0.2579  6 08 x 08
0.2649  0 03 x 03
0.2655  0 02 x 03
0.2724  1 08 x 05
0.2768  2 08 x 03
0.2833  6 08 x 07
0.2967  1 08 x 04
0.2968  5 08 x 03
0.3004  6 08 x 06
0.3340  6 08 x 05
0.3616  6 08 x 04
0.3744  1 08 x 03
0.3932  7 08 x 05
0.4207  6 08 x 03
0.4687  0 02 x 08
0.5019  0 02 x 10
0.5319  0 02 x 12
0.6483  7 08 x 04
0.7085  7 08 x 03
Timings By Test Type:
0.0399  0 31 x 12    0.0399  0 29 x 12    0.0258  0 31 x 12    0.0258  0 31 x 12
0.0399  0 29 x 12    0.0399  0 31 x 12    0.0258  0 29 x 12    0.0258  0 29 x 12
0.0399  0 28 x 12    0.0399  0 28 x 12    0.0261  0 28 x 12    0.0261  0 28 x 12
0.0401  0 30 x 12    0.0401  0 30 x 12    0.0262  0 31 x 10    0.0262  0 31 x 10
0.0403  0 31 x 10    0.0403  0 31 x 10    0.0262  0 30 x 12    0.0262  0 30 x 12
0.0406  0 30 x 10    0.0405  0 30 x 10    0.0266  0 30 x 10    0.0265  0 31 x 08
0.0408  0 31 x 08    0.0407  0 31 x 08    0.0266  0 31 x 08    0.0266  0 30 x 10
0.0409  0 28 x 10    0.0409  0 29 x 08    0.0267  0 29 x 08    0.0267  0 29 x 08
0.0409  0 29 x 08    0.0409  0 28 x 10    0.0268  0 28 x 10    0.0268  0 28 x 10
0.0411  0 29 x 10    0.0412  0 29 x 10    0.0268  0 29 x 10    0.0268  0 29 x 10
0.0412  0 27 x 12    0.0412  0 27 x 12    0.0269  0 31 x 07    0.0269  0 31 x 07
0.0413  0 30 x 08    0.0413  0 30 x 08    0.0270  0 27 x 12    0.0270  0 27 x 12
0.0413  0 31 x 07    0.0414  0 31 x 07    0.0271  0 30 x 08    0.0271  0 30 x 08
0.0415  0 28 x 08    0.0415  0 28 x 08    0.0271  0 29 x 07    0.0271  0 29 x 07
0.0417  0 27 x 10    0.0416  0 29 x 07    0.0273  0 28 x 08    0.0272  0 28 x 08
0.0417  0 29 x 07    0.0417  0 27 x 10    0.0274  0 27 x 10    0.0273  0 27 x 10
0.0417  0 30 x 07    0.0418  0 30 x 07    0.0275  0 30 x 07    0.0275  0 30 x 07
0.0418  0 28 x 07    0.0419  0 03 x 12    0.0275  0 31 x 06    0.0275  0 31 x 06
0.0419  0 03 x 12    0.0419  0 28 x 07    0.0276  0 03 x 12    0.0276  0 03 x 12
0.0419  0 03 x 10    0.0420  0 03 x 10    0.0276  0 03 x 10    0.0276  0 03 x 10
0.0423  0 27 x 08    0.0423  0 27 x 08    0.0276  0 27 x 08    0.0277  0 27 x 08
0.0428  0 03 x 08    0.0428  0 03 x 08    0.0277  0 28 x 07    0.0277  0 28 x 07
0.0428  0 05 x 08    0.0428  0 05 x 08    0.0280  0 27 x 07    0.0280  0 27 x 07
0.0428  0 27 x 07    0.0428  0 27 x 07    0.0280  0 29 x 06    0.0281  0 29 x 06
0.0430  0 04 x 08    0.0430  0 04 x 08    0.0284  0 03 x 08    0.0283  0 03 x 08
0.0431  0 01 x 08    0.0431  0 01 x 08    0.0284  0 04 x 08    0.0284  0 04 x 08
0.0431  0 05 x 12    0.0431  0 05 x 12    0.0287  0 01 x 08    0.0286  0 01 x 08
0.0431  0 05 x 07    0.0431  0 05 x 07    0.0287  0 04 x 12    0.0287  0 04 x 12
0.0432  0 06 x 08    0.0432  0 06 x 08    0.0288  0 30 x 06    0.0288  0 30 x 06
0.0432  0 05 x 10    0.0432  0 05 x 10    0.0288  0 04 x 10    0.0288  0 01 x 06
0.0433  0 29 x 06    0.0432  0 29 x 06    0.0288  0 01 x 06    0.0288  0 04 x 10
0.0434  0 31 x 06    0.0434  0 31 x 06    0.0289  0 00 x 12    0.0289  0 00 x 12
0.0436  0 01 x 06    0.0436  0 01 x 06    0.0290  0 05 x 08    0.0289  0 04 x 07
0.0436  0 04 x 10    0.0436  0 04 x 10    0.0290  0 04 x 07    0.0289  0 05 x 08
0.0437  0 04 x 07    0.0437  0 04 x 07    0.0290  0 28 x 06    0.0290  0 28 x 06
0.0437  0 06 x 12    0.0437  0 06 x 12    0.0291  0 05 x 12    0.0291  0 05 x 12
0.0438  0 04 x 12    0.0438  0 04 x 12    0.0291  0 00 x 08    0.0291  0 00 x 07
0.0438  0 01 x 07    0.0438  0 01 x 07    0.0291  0 00 x 07    0.0291  0 00 x 08
0.0438  0 30 x 06    0.0438  0 30 x 06    0.0292  0 05 x 07    0.0291  0 05 x 07
0.0438  0 06 x 10    0.0438  0 06 x 10    0.0292  0 05 x 10    0.0292  0 05 x 10
0.0439  0 05 x 06    0.0439  0 06 x 07    0.0293  0 01 x 12    0.0293  0 01 x 12
0.0439  0 06 x 07    0.0440  0 05 x 06    0.0293  0 04 x 06    0.0294  0 04 x 06
0.0443  0 28 x 06    0.0443  0 28 x 06    0.0294  0 06 x 08    0.0294  0 06 x 08
0.0444  0 27 x 06    0.0443  0 27 x 06    0.0294  0 01 x 05    0.0294  0 27 x 06
0.0444  0 01 x 10    0.0444  0 01 x 10    0.0295  0 01 x 10    0.0294  0 01 x 05
0.0444  0 00 x 12    0.0444  0 01 x 12    0.0295  0 27 x 06    0.0295  0 01 x 10
0.0445  0 00 x 07    0.0444  0 00 x 12    0.0295  0 00 x 06    0.0295  0 00 x 06
0.0445  0 01 x 12    0.0444  0 00 x 07    0.0296  0 05 x 06    0.0296  0 05 x 06
0.0445  0 04 x 06    0.0445  0 00 x 08    0.0297  0 06 x 12    0.0296  0 06 x 12
0.0445  0 00 x 08    0.0445  0 04 x 06    0.0298  0 06 x 07    0.0298  0 06 x 07
0.0448  0 06 x 06    0.0448  0 06 x 06    0.0298  0 06 x 10    0.0298  0 06 x 10
0.0451  0 00 x 06    0.0451  0 00 x 06    0.0298  0 03 x 07    0.0299  0 00 x 10
0.0452  0 01 x 05    0.0453  0 01 x 05    0.0299  0 00 x 10    0.0299  0 03 x 07
0.0453  0 03 x 07    0.0454  0 03 x 07    0.0300  0 01 x 07    0.0300  0 01 x 07
0.0458  0 00 x 10    0.0458  0 00 x 10    0.0302  0 30 x 05    0.0302  0 30 x 05
0.0461  0 31 x 05    0.0461  0 31 x 05    0.0302  0 28 x 05    0.0302  0 28 x 05
0.0462  0 05 x 05    0.0462  0 05 x 05    0.0303  0 00 x 05    0.0303  0 00 x 05
0.0462  0 29 x 05    0.0462  0 29 x 05    0.0303  0 06 x 06    0.0303  0 06 x 06
0.0467  0 28 x 05    0.0468  0 28 x 05    0.0306  0 31 x 05    0.0305  0 31 x 05
0.0468  0 00 x 05    0.0468  0 00 x 05    0.0309  0 04 x 05    0.0309  0 04 x 05
0.0468  0 30 x 05    0.0468  0 30 x 05    0.0309  0 05 x 05    0.0309  0 05 x 05
0.0470  0 04 x 05    0.0470  0 04 x 05    0.0310  0 29 x 05    0.0309  0 29 x 05
0.0471  0 06 x 05    0.0472  0 06 x 05    0.0315  0 27 x 05    0.0316  0 27 x 05
0.0472  0 07 x 08    0.0472  0 07 x 08    0.0316  0 06 x 05    0.0316  0 06 x 05
0.0476  0 07 x 12    0.0476  0 07 x 12    0.0320  3 08 x 08    0.0320  3 08 x 08
0.0478  0 07 x 10    0.0478  0 07 x 10    0.0325  0 01 x 04    0.0325  0 01 x 04
0.0479  3 08 x 08    0.0479  3 08 x 08    0.0327  0 02 x 06    0.0327  0 02 x 06
0.0479  0 07 x 07    0.0479  0 07 x 07    0.0330  0 03 x 06    0.0330  0 03 x 06
0.0484  0 27 x 05    0.0484  0 27 x 05    0.0334  0 07 x 08    0.0334  0 07 x 08
0.0488  0 07 x 06    0.0488  0 07 x 06    0.0334  0 04 x 04    0.0334  0 04 x 04
0.0491  4 08 x 08    0.0490  4 08 x 08    0.0334  0 00 x 04    0.0334  0 00 x 04
0.0497  0 02 x 06    0.0497  0 02 x 06    0.0335  0 05 x 04    0.0335  0 05 x 04
0.0499  4 08 x 12    0.0499  4 08 x 12    0.0336  0 31 x 04    0.0336  0 31 x 04
0.0499  0 03 x 06    0.0500  0 03 x 06    0.0337  0 07 x 12    0.0336  0 07 x 12
0.0508  3 08 x 12    0.0509  0 01 x 04    0.0337  0 07 x 07    0.0337  0 07 x 07
0.0509  0 01 x 04    0.0509  3 08 x 12    0.0338  0 07 x 10    0.0338  0 07 x 10
0.0510  4 08 x 10    0.0509  4 08 x 10    0.0338  3 08 x 12    0.0338  3 08 x 12
0.0510  0 05 x 04    0.0510  0 05 x 04    0.0342  4 08 x 08    0.0341  4 08 x 08
0.0510  0 07 x 05    0.0510  0 07 x 05    0.0342  0 28 x 04    0.0342  0 28 x 04
0.0517  0 04 x 04    0.0516  3 08 x 10    0.0343  0 30 x 04    0.0343  0 30 x 04
0.0517  3 08 x 10    0.0517  0 04 x 04    0.0344  3 08 x 10    0.0344  3 08 x 10
0.0521  0 06 x 04    0.0521  0 06 x 04    0.0344  4 08 x 12    0.0344  4 08 x 12
0.0523  0 00 x 04    0.0523  0 00 x 04    0.0344  0 07 x 06    0.0344  0 07 x 06
0.0530  0 31 x 04    0.0530  0 31 x 04    0.0348  0 29 x 04    0.0347  0 06 x 04
0.0534  3 08 x 07    0.0534  3 08 x 07    0.0348  0 06 x 04    0.0352  3 08 x 07
0.0535  4 08 x 07    0.0534  4 08 x 07    0.0353  3 08 x 07    0.0353  4 08 x 10
0.0536  0 29 x 04    0.0536  0 29 x 04    0.0353  4 08 x 10    0.0355  0 29 x 04
0.0538  5 08 x 12    0.0538  5 08 x 12    0.0357  0 07 x 05    0.0357  0 07 x 05
0.0539  0 28 x 04    0.0539  0 30 x 04    0.0358  0 02 x 05    0.0358  0 02 x 05
0.0539  0 30 x 04    0.0539  0 28 x 04    0.0359  3 08 x 05    0.0359  3 08 x 05
0.0545  3 08 x 06    0.0545  3 08 x 06    0.0360  3 08 x 06    0.0360  3 08 x 06
0.0548  4 08 x 06    0.0548  4 08 x 06    0.0371  4 08 x 07    0.0371  4 08 x 07
0.0550  3 08 x 05    0.0550  3 08 x 05    0.0371  0 03 x 05    0.0371  0 03 x 05
0.0552  0 02 x 05    0.0552  0 02 x 05    0.0372  0 27 x 04    0.0372  0 02 x 07
0.0559  5 08 x 08    0.0559  5 08 x 08    0.0372  0 02 x 07    0.0374  0 27 x 04
0.0559  0 07 x 04    0.0559  0 07 x 04    0.0380  4 08 x 06    0.0380  4 08 x 06
0.0561  5 08 x 10    0.0561  5 08 x 10    0.0385  0 07 x 04    0.0385  0 07 x 04
0.0566  0 03 x 05    0.0566  0 03 x 05    0.0391  5 08 x 12    0.0391  5 08 x 12
0.0566  0 02 x 07    0.0566  0 02 x 07    0.0392  3 08 x 04    0.0391  3 08 x 04
0.0572  0 27 x 04    0.0573  0 27 x 04    0.0396  4 08 x 05    0.0396  4 08 x 05
0.0573  4 08 x 05    0.0573  4 08 x 05    0.0396  0 01 x 03    0.0396  0 01 x 03
0.0576  6 08 x 12    0.0576  6 08 x 12    0.0400  0 04 x 03    0.0400  0 04 x 03
0.0593  6 08 x 10    0.0593  6 08 x 10    0.0402  0 05 x 03    0.0403  0 05 x 03
0.0607  5 08 x 07    0.0607  5 08 x 07    0.0408  0 00 x 03    0.0409  0 00 x 03
0.0607  3 08 x 04    0.0607  3 08 x 04    0.0411  0 06 x 03    0.0411  0 06 x 03
0.0619  4 08 x 04    0.0618  4 08 x 04    0.0411  0 31 x 03    0.0411  0 31 x 03
0.0627  0 05 x 03    0.0627  0 05 x 03    0.0412  5 08 x 10    0.0412  5 08 x 10
0.0630  0 01 x 03    0.0630  0 01 x 03    0.0416  0 30 x 03    0.0416  0 30 x 03
0.0633  0 06 x 03    0.0633  0 06 x 03    0.0417  0 28 x 03    0.0416  5 08 x 08
0.0633  0 04 x 03    0.0633  5 08 x 06    0.0417  5 08 x 08    0.0417  0 28 x 03
0.0634  5 08 x 06    0.0634  0 04 x 03    0.0417  0 02 x 04    0.0417  0 02 x 04
0.0649  0 00 x 03    0.0649  0 02 x 04    0.0418  4 08 x 04    0.0418  4 08 x 04
0.0650  0 02 x 04    0.0650  0 00 x 03    0.0421  0 29 x 03    0.0421  0 29 x 03
0.0654  2 08 x 05    0.0654  2 08 x 05    0.0424  2 08 x 05    0.0424  2 08 x 05
0.0657  0 31 x 03    0.0657  0 31 x 03    0.0426  0 27 x 03    0.0426  0 27 x 03
0.0661  0 30 x 03    0.0661  0 30 x 03    0.0428  6 08 x 12    0.0428  6 08 x 12
0.0664  0 28 x 03    0.0664  0 28 x 03    0.0437  2 08 x 04    0.0437  2 08 x 04
0.0666  0 29 x 03    0.0666  0 03 x 04    0.0439  0 03 x 04    0.0439  0 03 x 04
0.0669  0 03 x 04    0.0666  0 29 x 03    0.0443  6 08 x 10    0.0444  6 08 x 10
0.0671  5 08 x 05    0.0671  5 08 x 05    0.0447  0 07 x 03    0.0447  0 07 x 03
0.0671  0 07 x 03    0.0671  0 07 x 03    0.0453  5 08 x 07    0.0454  5 08 x 07
0.0679  2 08 x 04    0.0679  2 08 x 04    0.0475  5 08 x 06    0.0475  5 08 x 06
0.0680  0 27 x 03    0.0681  0 27 x 03    0.0489  3 08 x 03    0.0489  3 08 x 03
0.0715  6 08 x 08    0.0717  6 08 x 08    0.0497  4 08 x 03    0.0498  4 08 x 03
0.0729  5 08 x 04    0.0730  5 08 x 04    0.0503  5 08 x 05    0.0502  5 08 x 05
0.0755  4 08 x 03    0.0755  4 08 x 03    0.0514  0 03 x 03    0.0513  0 03 x 03
0.0777  3 08 x 03    0.0776  3 08 x 03    0.0515  0 02 x 03    0.0515  0 02 x 03
0.0785  6 08 x 07    0.0784  6 08 x 07    0.0535  1 08 x 05    0.0534  1 08 x 05
0.0811  0 03 x 03    0.0811  0 03 x 03    0.0537  2 08 x 03    0.0537  2 08 x 03
0.0813  0 02 x 03    0.0813  0 02 x 03    0.0539  5 08 x 04    0.0539  5 08 x 04
0.0827  1 08 x 05    0.0828  1 08 x 05    0.0574  6 08 x 08    0.0572  6 08 x 08
0.0832  6 08 x 06    0.0829  6 08 x 06    0.0579  1 08 x 04    0.0579  1 08 x 04
0.0847  2 08 x 03    0.0847  2 08 x 03    0.0620  5 08 x 03    0.0620  5 08 x 03
0.0864  5 08 x 03    0.0865  5 08 x 03    0.0634  6 08 x 07    0.0631  6 08 x 07
0.0905  1 08 x 04    0.0904  1 08 x 04    0.0671  6 08 x 06    0.0672  6 08 x 06
0.0916  6 08 x 05    0.0919  6 08 x 05    0.0726  1 08 x 03    0.0726  1 08 x 03
0.1000  6 08 x 04    0.0994  6 08 x 04    0.0751  6 08 x 05    0.0755  6 08 x 05
0.1060  7 08 x 05    0.1060  7 08 x 05    0.0817  6 08 x 04    0.0805  6 08 x 04
0.1145  1 08 x 03    0.1147  1 08 x 03    0.0905  7 08 x 05    0.0906  7 08 x 05
0.1174  6 08 x 03    0.1174  6 08 x 03    0.0918  0 02 x 08    0.0916  0 02 x 08
0.1428  0 02 x 08    0.1425  0 02 x 08    0.0931  6 08 x 03    0.0928  6 08 x 03
0.1521  0 02 x 10    0.1521  0 02 x 10    0.0988  0 02 x 10    0.0989  0 02 x 10
0.1613  0 02 x 12    0.1613  0 02 x 12    0.1045  0 02 x 12    0.1046  0 02 x 12
0.1732  7 08 x 04    0.1734  7 08 x 04    0.1470  7 08 x 04    0.1548  7 08 x 04
0.1852  7 08 x 03    0.1872  7 08 x 03    0.1679  7 08 x 03    0.1682  7 08 x 03
---Benchmark Program Finished---
