
jeffreyhurchalla@Jeffreys-MacBook-Air montgomery_two_pow % ./testbench.sh g++ O3 MontgomeryQuarter uint64_t 191 8 22 -DHURCHALLA_MONTGOMERY_TWO_POW_USE_CSELECT_ON_BIT -DHURCHALLA_ALLOW_INLINE_ASM_ALL 
compilation finished, now executing:
---Running Program---

begin benchmarks - array two_pow
(ignore)16352975363793682379

OVERALL BEST:
0.1357  0 29 x 10
0.1360  0 29 x 08
0.1361  0 29 x 12
0.1362  0 31 x 12
0.1364  0 28 x 08
0.1367  0 30 x 10
0.1368  0 28 x 07
0.1369  0 28 x 10
0.1371  0 30 x 12
0.1377  0 31 x 10
0.1379  0 28 x 12
0.1382  0 30 x 08
0.1384  0 31 x 07
0.1392  0 27 x 08
0.1395  0 27 x 12
0.1396  0 31 x 08
0.1401  0 00 x 07
0.1408  0 30 x 07
0.1409  0 27 x 10
0.1410  0 03 x 08
0.1411  0 29 x 07
0.1414  0 27 x 07
0.1416  0 30 x 06
0.1424  0 00 x 06
0.1426  0 03 x 07
0.1431  0 29 x 06
0.1434  0 00 x 08
0.1435  0 27 x 06
0.1436  0 28 x 06
0.1440  0 31 x 06
0.1442  0 01 x 06
0.1446  0 04 x 06
0.1460  0 01 x 05
0.1470  0 00 x 10
0.1483  0 05 x 05
0.1498  0 00 x 12
0.1505  0 00 x 05
0.1508  0 28 x 05
0.1509  0 30 x 05
0.1510  0 05 x 06
0.1513  0 31 x 05
0.1516  0 04 x 05
0.1519  0 05 x 08
0.1537  0 01 x 07
0.1538  0 03 x 10
0.1542  0 04 x 07
0.1549  0 06 x 06
0.1549  0 04 x 12
0.1550  0 04 x 10
0.1550  0 01 x 08
0.1551  0 29 x 05
0.1552  0 01 x 10
0.1553  0 05 x 07
0.1555  0 01 x 12
0.1559  0 27 x 05
0.1563  0 06 x 07
0.1564  0 05 x 10
0.1564  0 05 x 12
0.1567  0 06 x 08
0.1572  0 03 x 06
0.1578  4 08 x 07
0.1582  4 08 x 08
0.1596  0 03 x 12
0.1597  0 04 x 08
0.1599  4 08 x 10
0.1605  3 08 x 08
0.1606  4 08 x 12
0.1608  3 08 x 07
0.1608  0 06 x 05
0.1632  3 08 x 12
0.1632  0 05 x 04
0.1635  3 08 x 10
0.1638  0 04 x 04
0.1641  0 06 x 12
0.1662  0 06 x 10
0.1663  3 08 x 06
0.1669  4 08 x 06
0.1671  5 08 x 07
0.1677  4 08 x 05
0.1682  5 08 x 12
0.1684  0 00 x 04
0.1687  5 08 x 08
0.1703  0 29 x 04
0.1708  0 31 x 04
0.1711  3 08 x 05
0.1711  5 08 x 10
0.1717  0 01 x 04
0.1728  0 07 x 07
0.1741  5 08 x 06
0.1741  0 07 x 06
0.1742  0 30 x 04
0.1752  0 27 x 04
0.1762  0 06 x 04
0.1777  5 08 x 05
0.1785  0 28 x 04
0.1786  0 07 x 05
0.1806  0 07 x 08
0.1820  0 03 x 05
0.1851  0 07 x 04
0.1893  4 08 x 04
0.1900  6 08 x 12
0.1909  0 07 x 12
0.1915  0 07 x 10
0.1917  3 08 x 04
0.1918  2 08 x 05
0.1930  6 08 x 08
0.1935  6 08 x 07
0.1936  6 08 x 10
0.1972  6 08 x 06
0.2002  0 01 x 03
0.2027  0 05 x 03
0.2028  0 04 x 03
0.2031  0 06 x 03
0.2043  5 08 x 04
0.2072  0 00 x 03
0.2079  6 08 x 05
0.2088  0 31 x 03
0.2089  0 29 x 03
0.2114  0 03 x 04
0.2115  0 28 x 03
0.2124  0 30 x 03
0.2165  0 27 x 03
0.2180  0 07 x 03
0.2216  4 08 x 03
0.2227  2 08 x 04
0.2315  6 08 x 04
0.2347  3 08 x 03
0.2365  5 08 x 03
0.2546  1 08 x 05
0.2607  2 08 x 03
0.2613  0 03 x 03
0.2741  6 08 x 03
0.2817  7 08 x 05
0.2853  1 08 x 04
0.3005  7 08 x 04
0.3598  7 08 x 03
0.3606  1 08 x 03
0.4648  0 02 x 06
0.4653  0 02 x 05
0.4657  0 02 x 07
0.4681  0 02 x 08
0.4764  0 02 x 03
0.4792  0 02 x 04
0.5063  0 02 x 10
0.5423  0 02 x 12
Timings By Test Type:
0.0412  0 28 x 08    0.0412  0 28 x 08    0.0265  0 31 x 12    0.0265  0 31 x 12
0.0412  0 29 x 10    0.0413  0 29 x 10    0.0266  0 29 x 10    0.0265  0 29 x 12
0.0413  0 29 x 08    0.0413  0 29 x 08    0.0266  0 29 x 12    0.0266  0 29 x 10
0.0415  0 29 x 12    0.0414  0 28 x 07    0.0267  0 29 x 08    0.0267  0 29 x 08
0.0415  0 28 x 07    0.0415  0 30 x 10    0.0268  0 28 x 10    0.0268  0 28 x 10
0.0415  0 30 x 10    0.0415  0 29 x 12    0.0268  0 28 x 12    0.0268  0 28 x 12
0.0416  0 31 x 12    0.0415  0 31 x 12    0.0268  0 30 x 12    0.0268  0 30 x 12
0.0417  0 31 x 10    0.0416  0 31 x 10    0.0269  0 30 x 10    0.0269  0 30 x 10
0.0417  0 28 x 10    0.0417  0 28 x 10    0.0270  0 28 x 08    0.0269  0 28 x 07
0.0417  0 30 x 12    0.0417  0 30 x 12    0.0270  0 28 x 07    0.0270  0 28 x 08
0.0419  0 30 x 08    0.0420  0 30 x 08    0.0272  0 31 x 07    0.0271  0 30 x 08
0.0420  0 31 x 07    0.0421  0 31 x 07    0.0272  0 31 x 10    0.0272  0 31 x 07
0.0421  0 28 x 12    0.0421  0 28 x 12    0.0272  0 30 x 08    0.0272  0 31 x 10
0.0422  0 31 x 08    0.0423  0 31 x 08    0.0273  0 27 x 08    0.0272  0 27 x 08
0.0423  0 27 x 08    0.0423  0 27 x 08    0.0273  0 27 x 12    0.0274  0 27 x 12
0.0424  0 30 x 07    0.0424  0 27 x 12    0.0275  0 00 x 07    0.0274  0 00 x 07
0.0424  0 27 x 12    0.0424  0 30 x 07    0.0276  0 31 x 08    0.0275  0 31 x 08
0.0426  0 00 x 07    0.0426  0 00 x 07    0.0277  0 27 x 10    0.0277  0 27 x 10
0.0428  0 03 x 08    0.0427  0 03 x 08    0.0277  0 29 x 07    0.0277  0 29 x 07
0.0428  0 27 x 10    0.0428  0 27 x 10    0.0278  0 03 x 08    0.0278  0 03 x 08
0.0428  0 29 x 07    0.0428  0 27 x 07    0.0278  0 00 x 06    0.0278  0 00 x 06
0.0429  0 27 x 07    0.0428  0 29 x 07    0.0278  0 30 x 06    0.0278  0 30 x 06
0.0430  0 30 x 06    0.0430  0 30 x 06    0.0278  0 27 x 07    0.0279  0 27 x 07
0.0432  0 03 x 07    0.0432  0 03 x 07    0.0280  0 30 x 07    0.0280  0 30 x 07
0.0435  0 00 x 06    0.0434  0 00 x 06    0.0280  0 00 x 08    0.0280  0 29 x 06
0.0435  0 29 x 06    0.0435  0 29 x 06    0.0280  0 29 x 06    0.0280  0 00 x 08
0.0437  0 27 x 06    0.0437  0 27 x 06    0.0281  0 28 x 06    0.0281  0 27 x 06
0.0437  0 31 x 06    0.0437  0 00 x 08    0.0281  0 27 x 06    0.0281  0 28 x 06
0.0437  0 00 x 08    0.0437  0 31 x 06    0.0281  0 03 x 07    0.0281  0 03 x 07
0.0437  0 28 x 06    0.0437  0 28 x 06    0.0282  0 01 x 06    0.0282  0 01 x 06
0.0439  0 01 x 06    0.0439  0 01 x 06    0.0283  0 31 x 06    0.0283  0 31 x 06
0.0439  0 04 x 06    0.0439  0 04 x 06    0.0284  0 04 x 06    0.0284  0 04 x 06
0.0445  0 01 x 05    0.0445  0 01 x 05    0.0285  0 01 x 05    0.0286  0 01 x 05
0.0446  0 05 x 05    0.0447  0 05 x 05    0.0287  0 00 x 10    0.0287  0 00 x 10
0.0449  0 00 x 10    0.0448  0 00 x 10    0.0292  0 00 x 12    0.0292  0 00 x 12
0.0453  0 05 x 06    0.0453  0 05 x 06    0.0293  0 00 x 05    0.0293  0 00 x 05
0.0457  0 00 x 12    0.0457  0 00 x 12    0.0295  0 28 x 05    0.0295  0 28 x 05
0.0459  0 05 x 08    0.0458  0 05 x 08    0.0295  0 05 x 05    0.0295  0 05 x 05
0.0459  0 30 x 05    0.0459  0 30 x 05    0.0295  0 31 x 05    0.0295  0 31 x 05
0.0459  0 28 x 05    0.0459  0 28 x 05    0.0296  0 30 x 05    0.0296  0 30 x 05
0.0459  0 00 x 05    0.0459  0 00 x 05    0.0297  0 04 x 05    0.0297  0 04 x 05
0.0461  0 31 x 05    0.0461  0 04 x 05    0.0301  0 05 x 08    0.0301  0 05 x 08
0.0461  0 04 x 05    0.0461  0 31 x 05    0.0302  0 05 x 06    0.0302  0 05 x 06
0.0465  0 06 x 06    0.0464  0 06 x 06    0.0302  0 29 x 05    0.0302  0 29 x 05
0.0465  0 01 x 07    0.0464  0 01 x 07    0.0303  0 03 x 10    0.0303  0 03 x 10
0.0466  0 06 x 08    0.0466  0 06 x 08    0.0303  0 01 x 07    0.0303  0 04 x 07
0.0466  0 03 x 10    0.0466  0 05 x 07    0.0304  0 04 x 07    0.0304  0 01 x 07
0.0467  0 01 x 10    0.0466  0 03 x 10    0.0304  0 04 x 12    0.0304  0 27 x 05
0.0467  0 04 x 07    0.0466  0 01 x 08    0.0304  0 27 x 05    0.0304  0 04 x 12
0.0468  0 05 x 12    0.0467  0 04 x 07    0.0305  0 04 x 10    0.0304  0 01 x 12
0.0468  0 01 x 08    0.0468  0 06 x 07    0.0307  0 01 x 12    0.0305  0 04 x 10
0.0468  0 06 x 07    0.0469  0 05 x 12    0.0308  0 01 x 08    0.0307  0 01 x 10
0.0468  0 05 x 07    0.0470  0 04 x 10    0.0309  0 01 x 10    0.0307  0 01 x 08
0.0469  0 05 x 10    0.0470  0 05 x 10    0.0309  0 05 x 07    0.0309  0 03 x 06
0.0469  0 04 x 12    0.0470  0 01 x 10    0.0310  0 03 x 06    0.0309  0 05 x 07
0.0470  0 04 x 10    0.0472  0 01 x 12    0.0310  0 06 x 06    0.0310  0 06 x 06
0.0471  0 01 x 12    0.0472  0 04 x 12    0.0313  0 05 x 10    0.0312  0 05 x 10
0.0473  4 08 x 07    0.0473  4 08 x 07    0.0313  0 04 x 08    0.0313  0 04 x 08
0.0473  0 29 x 05    0.0473  0 29 x 05    0.0313  0 06 x 07    0.0313  0 06 x 07
0.0474  4 08 x 08    0.0474  4 08 x 08    0.0314  0 05 x 12    0.0314  0 05 x 12
0.0475  0 27 x 05    0.0475  0 27 x 05    0.0314  0 03 x 12    0.0315  0 03 x 12
0.0477  0 03 x 06    0.0477  0 03 x 06    0.0316  4 08 x 07    0.0316  4 08 x 07
0.0478  4 08 x 10    0.0478  4 08 x 10    0.0317  3 08 x 08    0.0317  3 08 x 08
0.0480  4 08 x 12    0.0480  4 08 x 12    0.0317  4 08 x 08    0.0317  4 08 x 08
0.0482  0 06 x 05    0.0482  0 06 x 05    0.0318  0 06 x 08    0.0318  0 06 x 08
0.0483  0 03 x 12    0.0483  0 03 x 12    0.0318  3 08 x 07    0.0318  3 08 x 07
0.0485  0 04 x 08    0.0485  0 06 x 12    0.0321  4 08 x 10    0.0322  0 05 x 04
0.0485  0 06 x 12    0.0485  3 08 x 08    0.0321  0 04 x 04    0.0322  0 04 x 04
0.0485  3 08 x 08    0.0486  3 08 x 07    0.0322  0 05 x 04    0.0322  0 06 x 05
0.0486  3 08 x 07    0.0487  0 04 x 08    0.0322  0 06 x 05    0.0323  4 08 x 10
0.0490  0 06 x 10    0.0490  0 06 x 10    0.0323  4 08 x 12    0.0324  3 08 x 10
0.0492  5 08 x 07    0.0491  3 08 x 12    0.0323  3 08 x 12    0.0324  4 08 x 12
0.0493  3 08 x 12    0.0492  5 08 x 07    0.0323  3 08 x 10    0.0324  3 08 x 12
0.0494  3 08 x 10    0.0495  0 05 x 04    0.0326  0 00 x 04    0.0326  0 00 x 04
0.0494  0 05 x 04    0.0495  3 08 x 10    0.0328  3 08 x 06    0.0328  3 08 x 06
0.0495  5 08 x 12    0.0495  5 08 x 12    0.0330  0 29 x 04    0.0330  0 29 x 04
0.0497  0 04 x 04    0.0497  5 08 x 08    0.0331  0 31 x 04    0.0331  0 31 x 04
0.0498  5 08 x 08    0.0498  0 04 x 04    0.0335  4 08 x 06    0.0335  4 08 x 06
0.0500  4 08 x 06    0.0500  4 08 x 06    0.0335  4 08 x 05    0.0335  4 08 x 05
0.0503  5 08 x 10    0.0503  5 08 x 10    0.0336  0 06 x 12    0.0335  0 06 x 12
0.0504  3 08 x 06    0.0503  3 08 x 06    0.0338  3 08 x 05    0.0338  3 08 x 05
0.0504  4 08 x 05    0.0504  4 08 x 05    0.0339  0 01 x 04    0.0339  0 01 x 04
0.0507  0 07 x 07    0.0507  0 07 x 07    0.0339  0 30 x 04    0.0339  0 30 x 04
0.0511  0 07 x 06    0.0511  0 07 x 06    0.0340  0 27 x 04    0.0339  0 27 x 04
0.0513  5 08 x 06    0.0513  5 08 x 06    0.0341  0 06 x 10    0.0341  0 06 x 10
0.0515  0 00 x 04    0.0516  0 00 x 04    0.0343  5 08 x 07    0.0343  5 08 x 07
0.0518  3 08 x 05    0.0518  3 08 x 05    0.0346  5 08 x 08    0.0346  5 08 x 08
0.0520  0 01 x 04    0.0520  0 01 x 04    0.0346  5 08 x 12    0.0346  5 08 x 12
0.0521  0 29 x 04    0.0522  0 29 x 04    0.0349  0 28 x 04    0.0350  0 28 x 04
0.0522  0 31 x 04    0.0523  0 31 x 04    0.0351  0 06 x 04    0.0351  0 06 x 04
0.0525  5 08 x 05    0.0525  5 08 x 05    0.0353  5 08 x 10    0.0353  5 08 x 10
0.0526  0 07 x 05    0.0526  0 07 x 05    0.0356  0 03 x 05    0.0356  0 03 x 05
0.0527  0 07 x 08    0.0526  0 07 x 08    0.0357  5 08 x 06    0.0357  5 08 x 06
0.0530  0 06 x 04    0.0530  0 06 x 04    0.0357  0 07 x 07    0.0357  0 07 x 07
0.0532  0 30 x 04    0.0532  0 30 x 04    0.0360  0 07 x 06    0.0360  0 07 x 06
0.0536  0 27 x 04    0.0537  0 27 x 04    0.0363  5 08 x 05    0.0363  5 08 x 05
0.0543  0 28 x 04    0.0543  0 28 x 04    0.0367  0 07 x 05    0.0367  0 07 x 05
0.0548  0 07 x 04    0.0548  0 07 x 04    0.0375  3 08 x 04    0.0374  3 08 x 04
0.0553  6 08 x 12    0.0550  6 08 x 12    0.0376  4 08 x 04    0.0376  4 08 x 04
0.0553  0 07 x 12    0.0553  0 07 x 10    0.0376  2 08 x 05    0.0377  0 07 x 08
0.0554  0 03 x 05    0.0553  0 07 x 12    0.0376  0 07 x 08    0.0377  2 08 x 05
0.0558  0 07 x 10    0.0553  0 03 x 05    0.0377  0 07 x 04    0.0377  0 07 x 04
0.0558  6 08 x 08    0.0558  6 08 x 08    0.0387  0 01 x 03    0.0387  0 01 x 03
0.0558  6 08 x 07    0.0558  6 08 x 07    0.0391  0 04 x 03    0.0391  0 04 x 03
0.0561  6 08 x 10    0.0560  6 08 x 10    0.0395  0 05 x 03    0.0395  0 05 x 03
0.0570  6 08 x 06    0.0570  6 08 x 06    0.0399  6 08 x 12    0.0399  6 08 x 12
0.0570  4 08 x 04    0.0570  4 08 x 04    0.0399  0 00 x 03    0.0399  0 00 x 03
0.0583  2 08 x 05    0.0582  2 08 x 05    0.0400  0 06 x 03    0.0401  0 06 x 03
0.0584  3 08 x 04    0.0584  3 08 x 04    0.0402  0 07 x 12    0.0401  0 07 x 12
0.0605  6 08 x 05    0.0605  6 08 x 05    0.0402  0 31 x 03    0.0402  0 31 x 03
0.0608  5 08 x 04    0.0607  5 08 x 04    0.0402  0 29 x 03    0.0402  0 29 x 03
0.0614  0 01 x 03    0.0614  0 01 x 03    0.0402  0 07 x 10    0.0402  0 07 x 10
0.0615  0 06 x 03    0.0615  0 06 x 03    0.0407  6 08 x 08    0.0407  6 08 x 08
0.0618  0 05 x 03    0.0618  0 05 x 03    0.0407  6 08 x 10    0.0408  6 08 x 10
0.0623  0 04 x 03    0.0622  0 04 x 03    0.0408  0 28 x 03    0.0408  0 28 x 03
0.0637  0 00 x 03    0.0637  0 00 x 03    0.0409  6 08 x 07    0.0409  0 30 x 03
0.0642  0 31 x 03    0.0642  0 31 x 03    0.0409  0 30 x 03    0.0409  6 08 x 07
0.0642  0 29 x 03    0.0643  0 29 x 03    0.0412  0 03 x 04    0.0412  0 03 x 04
0.0645  0 03 x 04    0.0645  0 03 x 04    0.0414  5 08 x 04    0.0413  5 08 x 04
0.0650  0 28 x 03    0.0650  0 28 x 03    0.0416  0 27 x 03    0.0415  0 27 x 03
0.0653  0 30 x 03    0.0653  0 30 x 03    0.0416  6 08 x 06    0.0416  6 08 x 06
0.0653  0 07 x 03    0.0654  0 07 x 03    0.0432  4 08 x 03    0.0432  4 08 x 03
0.0667  0 27 x 03    0.0667  0 27 x 03    0.0435  2 08 x 04    0.0434  2 08 x 04
0.0670  6 08 x 04    0.0671  6 08 x 04    0.0435  6 08 x 05    0.0435  6 08 x 05
0.0676  4 08 x 03    0.0676  4 08 x 03    0.0437  0 07 x 03    0.0437  0 07 x 03
0.0679  2 08 x 04    0.0679  2 08 x 04    0.0452  3 08 x 03    0.0452  3 08 x 03
0.0708  5 08 x 03    0.0708  5 08 x 03    0.0474  5 08 x 03    0.0474  5 08 x 03
0.0722  3 08 x 03    0.0721  3 08 x 03    0.0487  6 08 x 04    0.0488  6 08 x 04
0.0775  1 08 x 05    0.0776  1 08 x 05    0.0497  1 08 x 05    0.0498  1 08 x 05
0.0785  7 08 x 05    0.0785  7 08 x 05    0.0505  0 03 x 03    0.0505  0 03 x 03
0.0798  2 08 x 03    0.0798  2 08 x 03    0.0505  2 08 x 03    0.0506  2 08 x 03
0.0801  6 08 x 03    0.0800  6 08 x 03    0.0556  1 08 x 04    0.0556  1 08 x 04
0.0802  0 03 x 03    0.0801  0 03 x 03    0.0569  6 08 x 03    0.0570  6 08 x 03
0.0838  7 08 x 04    0.0838  7 08 x 04    0.0623  7 08 x 05    0.0624  7 08 x 05
0.0871  1 08 x 04    0.0870  1 08 x 04    0.0664  7 08 x 04    0.0664  7 08 x 04
0.1010  7 08 x 03    0.1010  7 08 x 03    0.0697  1 08 x 03    0.0697  1 08 x 03
0.1106  1 08 x 03    0.1106  1 08 x 03    0.0789  7 08 x 03    0.0789  7 08 x 03
0.1417  0 02 x 06    0.1416  0 02 x 07    0.0908  0 02 x 06    0.0907  0 02 x 05
0.1417  0 02 x 07    0.1416  0 02 x 06    0.0908  0 02 x 05    0.0907  0 02 x 06
0.1419  0 02 x 05    0.1420  0 02 x 05    0.0912  0 02 x 07    0.0912  0 02 x 07
0.1422  0 02 x 08    0.1423  0 02 x 08    0.0919  0 02 x 08    0.0917  0 02 x 08
0.1455  0 02 x 03    0.1453  0 02 x 03    0.0928  0 02 x 03    0.0928  0 02 x 03
0.1461  0 02 x 04    0.1459  0 02 x 04    0.0935  0 02 x 04    0.0937  0 02 x 04
0.1538  0 02 x 10    0.1538  0 02 x 10    0.0993  0 02 x 10    0.0994  0 02 x 10
0.1650  0 02 x 12    0.1647  0 02 x 12    0.1061  0 02 x 12    0.1065  0 02 x 12
---Benchmark Program Finished---