
./testbench.sh clang++ O3 MontgomeryQuarter uint64_t 191 8 22 -DTEST_ARRAY -DHURCHALLA_MONTGOMERY_TWO_POW_USE_CSELECT_ON_BIT -DHURCHALLA_ALLOW_INLINE_ASM_ALL

compilation finished, now executing:
---Running Program---

begin benchmarks - array two_pow
(ignore)3718609572885830787

OVERALL BEST:
0.1315  0 32 x 12
0.1315  0 31 x 12
0.1317  0 29 x 12
0.1325  0 28 x 12
0.1331  0 30 x 12
0.1333  0 31 x 10
0.1333  0 32 x 10
0.1344  0 30 x 10
0.1346  0 31 x 08
0.1347  0 32 x 08
0.1353  0 28 x 10
0.1355  0 29 x 08
0.1359  0 29 x 10
0.1366  0 30 x 08
0.1368  0 27 x 12
0.1369  0 32 x 07
0.1370  0 31 x 07
0.1383  0 27 x 10
0.1384  0 28 x 08
0.1385  0 29 x 07
0.1387  0 30 x 07
0.1398  0 28 x 07
0.1402  0 03 x 10
0.1404  0 27 x 08
0.1413  0 03 x 12
0.1421  0 03 x 08
0.1424  0 32 x 06
0.1425  0 31 x 06
0.1426  0 29 x 06
0.1427  0 04 x 08
0.1431  0 27 x 07
0.1432  0 01 x 08
0.1435  0 05 x 08
0.1444  0 05 x 12
0.1445  0 05 x 07
0.1446  0 01 x 06
0.1448  0 30 x 06
0.1448  0 05 x 10
0.1450  0 04 x 10
0.1451  0 06 x 08
0.1457  0 04 x 07
0.1462  0 04 x 12
0.1466  0 28 x 06
0.1471  0 05 x 06
0.1471  0 06 x 12
0.1473  0 06 x 10
0.1473  0 01 x 12
0.1475  0 06 x 07
0.1476  0 01 x 10
0.1477  0 01 x 07
0.1477  0 27 x 06
0.1478  0 04 x 06
0.1494  0 01 x 05
0.1498  0 00 x 08
0.1504  0 06 x 06
0.1511  0 00 x 06
0.1519  0 03 x 07
0.1530  0 00 x 07
0.1541  0 05 x 05
0.1557  0 30 x 05
0.1558  0 04 x 05
0.1560  0 32 x 05
0.1561  0 29 x 05
0.1561  0 31 x 05
0.1563  0 28 x 05
0.1564  0 00 x 10
0.1575  0 06 x 05
0.1579  0 00 x 05
0.1598  3 08 x 08
0.1603  0 27 x 05
0.1613  0 00 x 12
0.1613  0 07 x 08
0.1627  0 07 x 12
0.1631  0 07 x 10
0.1632  0 07 x 07
0.1648  0 02 x 06
0.1664  0 03 x 06
0.1664  0 07 x 06
0.1668  4 08 x 08
0.1670  0 01 x 04
0.1686  0 05 x 04
0.1690  4 08 x 12
0.1698  3 08 x 12
0.1705  0 04 x 04
0.1714  0 00 x 04
0.1722  3 08 x 10
0.1724  4 08 x 10
0.1732  0 31 x 04
0.1733  0 07 x 05
0.1733  0 32 x 04
0.1736  0 06 x 04
0.1758  0 28 x 04
0.1759  0 30 x 04
0.1773  3 08 x 07
0.1775  0 29 x 04
0.1810  0 27 x 04
0.1811  4 08 x 07
0.1811  3 08 x 06
0.1828  0 03 x 05
0.1837  3 08 x 05
0.1856  4 08 x 06
0.1867  0 02 x 05
0.1872  5 08 x 12
0.1880  0 02 x 07
0.1888  0 07 x 04
0.1938  4 08 x 05
0.1939  5 08 x 10
0.1950  5 08 x 08
0.1998  3 08 x 04
0.2022  6 08 x 12
0.2055  0 01 x 03
0.2059  0 05 x 03
0.2068  0 04 x 03
0.2073  4 08 x 04
0.2078  6 08 x 10
0.2088  0 06 x 03
0.2123  5 08 x 07
0.2133  0 02 x 04
0.2133  0 32 x 03
0.2133  0 31 x 03
0.2137  0 03 x 04
0.2151  0 28 x 03
0.2157  0 30 x 03
0.2174  2 08 x 05
0.2177  0 29 x 03
0.2212  0 00 x 03
0.2214  5 08 x 06
0.2230  2 08 x 04
0.2238  0 07 x 03
0.2252  0 27 x 03
0.2352  5 08 x 05
0.2511  4 08 x 03
0.2532  3 08 x 03
0.2541  5 08 x 04
0.2576  6 08 x 08
0.2648  0 03 x 03
0.2653  0 02 x 03
0.2745  1 08 x 05
0.2770  2 08 x 03
0.2771  0 05 x 02
0.2803  0 06 x 02
0.2806  0 01 x 02
0.2818  0 04 x 02
0.2842  6 08 x 07
0.2886  0 00 x 02
0.2911  0 07 x 02
0.2934  0 28 x 02
0.2953  0 30 x 02
0.2967  1 08 x 04
0.2969  0 32 x 02
0.2969  0 31 x 02
0.2971  0 29 x 02
0.2974  5 08 x 03
0.2994  0 27 x 02
0.3006  6 08 x 06
0.3143  4 08 x 02
0.3348  6 08 x 05
0.3357  3 08 x 02
0.3616  5 08 x 02
0.3626  0 02 x 02
0.3634  6 08 x 04
0.3634  0 03 x 02
0.3771  1 08 x 03
0.3790  2 08 x 02
0.3935  7 08 x 05
0.4187  6 08 x 03
0.4679  0 05 x 01
0.4689  0 02 x 08
0.4694  0 01 x 01
0.4698  0 06 x 01
0.4721  0 04 x 01
0.4739  0 07 x 01
0.4745  0 30 x 01
0.4747  0 28 x 01
0.4798  6 08 x 02
0.4817  0 00 x 01
0.4995  0 27 x 01
0.5027  0 02 x 10
0.5146  1 08 x 02
0.5190  5 08 x 01
0.5246  0 29 x 01
0.5250  0 31 x 01
0.5251  0 32 x 01
0.5318  4 08 x 01
0.5326  0 02 x 12
0.5763  3 08 x 01
0.5959  0 02 x 01
0.5960  0 03 x 01
0.6176  6 08 x 01
0.6668  2 08 x 01
0.6694  7 08 x 04
0.6963  7 08 x 03
0.7678  7 08 x 02
0.8125  7 08 x 01
0.9432  1 08 x 01
Timings By Test Type:
0.0399  0 32 x 12    0.0399  0 31 x 12    0.0258  0 32 x 12    0.0258  0 31 x 12
0.0399  0 31 x 12    0.0399  0 32 x 12    0.0258  0 31 x 12    0.0258  0 32 x 12
0.0400  0 29 x 12    0.0400  0 29 x 12    0.0259  0 29 x 12    0.0259  0 29 x 12
0.0401  0 28 x 12    0.0401  0 28 x 12    0.0261  0 31 x 10    0.0261  0 31 x 10
0.0402  0 30 x 12    0.0402  0 30 x 12    0.0262  0 32 x 10    0.0262  0 32 x 10
0.0405  0 32 x 10    0.0405  0 32 x 10    0.0262  0 28 x 12    0.0262  0 28 x 12
0.0405  0 31 x 10    0.0405  0 31 x 10    0.0263  0 30 x 12    0.0263  0 30 x 12
0.0407  0 30 x 10    0.0406  0 30 x 10    0.0265  0 31 x 08    0.0265  0 31 x 08
0.0407  0 31 x 08    0.0408  0 31 x 08    0.0266  0 32 x 08    0.0266  0 32 x 08
0.0408  0 32 x 08    0.0408  0 32 x 08    0.0266  0 30 x 10    0.0266  0 30 x 10
0.0409  0 29 x 08    0.0409  0 29 x 08    0.0267  0 29 x 10    0.0267  0 28 x 10
0.0409  0 28 x 10    0.0409  0 28 x 10    0.0268  0 28 x 10    0.0268  0 29 x 10
0.0410  0 30 x 08    0.0410  0 30 x 08    0.0268  0 29 x 08    0.0269  0 29 x 08
0.0412  0 29 x 10    0.0412  0 29 x 10    0.0270  0 27 x 12    0.0270  0 27 x 12
0.0415  0 27 x 12    0.0414  0 27 x 12    0.0270  0 32 x 07    0.0270  0 32 x 07
0.0415  0 31 x 07    0.0415  0 32 x 07    0.0270  0 31 x 07    0.0270  0 31 x 07
0.0415  0 32 x 07    0.0415  0 31 x 07    0.0273  0 30 x 08    0.0272  0 30 x 08
0.0417  0 28 x 08    0.0417  0 28 x 08    0.0274  0 27 x 10    0.0274  0 27 x 10
0.0418  0 27 x 10    0.0418  0 27 x 10    0.0274  0 29 x 07    0.0274  0 29 x 07
0.0419  0 29 x 07    0.0419  0 29 x 07    0.0275  0 30 x 07    0.0275  0 30 x 07
0.0419  0 30 x 07    0.0419  0 30 x 07    0.0275  0 28 x 08    0.0275  0 28 x 08
0.0421  0 28 x 07    0.0421  0 28 x 07    0.0278  0 03 x 10    0.0278  0 28 x 07
0.0422  0 27 x 08    0.0422  0 27 x 08    0.0278  0 28 x 07    0.0279  0 03 x 10
0.0422  0 03 x 10    0.0422  0 03 x 10    0.0280  0 27 x 08    0.0280  0 03 x 12
0.0424  0 03 x 12    0.0427  0 03 x 08    0.0280  0 03 x 12    0.0280  0 27 x 08
0.0428  0 03 x 08    0.0428  0 32 x 06    0.0280  0 29 x 06    0.0280  0 29 x 06
0.0428  0 32 x 06    0.0428  0 31 x 06    0.0283  0 03 x 08    0.0283  0 04 x 08
0.0428  0 05 x 08    0.0428  0 05 x 08    0.0284  0 04 x 08    0.0283  0 03 x 08
0.0429  0 31 x 06    0.0430  0 03 x 12    0.0284  0 31 x 06    0.0283  0 31 x 06
0.0430  0 04 x 08    0.0430  0 04 x 08    0.0284  0 32 x 06    0.0284  0 27 x 07
0.0431  0 05 x 12    0.0431  0 05 x 12    0.0284  0 27 x 07    0.0284  0 32 x 06
0.0431  0 27 x 07    0.0431  0 01 x 08    0.0284  0 01 x 08    0.0286  0 01 x 08
0.0431  0 01 x 08    0.0431  0 27 x 07    0.0287  0 30 x 06    0.0287  0 30 x 06
0.0431  0 05 x 07    0.0432  0 05 x 07    0.0287  0 04 x 12    0.0287  0 01 x 06
0.0432  0 06 x 08    0.0432  0 06 x 08    0.0288  0 01 x 06    0.0288  0 04 x 12
0.0432  0 05 x 10    0.0432  0 05 x 10    0.0288  0 04 x 10    0.0288  0 04 x 10
0.0433  0 29 x 06    0.0433  0 29 x 06    0.0289  0 05 x 08    0.0289  0 05 x 08
0.0435  0 01 x 06    0.0436  0 01 x 06    0.0290  0 04 x 07    0.0290  0 04 x 07
0.0437  0 30 x 06    0.0437  0 30 x 06    0.0291  0 05 x 12    0.0291  0 28 x 06
0.0437  0 04 x 10    0.0437  0 04 x 10    0.0291  0 28 x 06    0.0291  0 05 x 12
0.0437  0 06 x 12    0.0437  0 01 x 07    0.0291  0 05 x 07    0.0291  0 05 x 07
0.0438  0 04 x 12    0.0438  0 06 x 10    0.0292  0 05 x 10    0.0292  0 05 x 10
0.0438  0 01 x 07    0.0439  0 04 x 07    0.0292  0 01 x 12    0.0293  0 01 x 12
0.0438  0 06 x 10    0.0439  0 05 x 06    0.0294  0 04 x 06    0.0294  0 04 x 06
0.0438  0 04 x 07    0.0440  0 06 x 07    0.0294  0 06 x 08    0.0294  0 06 x 08
0.0439  0 06 x 07    0.0441  0 06 x 12    0.0294  0 27 x 06    0.0294  0 01 x 10
0.0439  0 05 x 06    0.0442  0 28 x 06    0.0295  0 01 x 05    0.0295  0 27 x 06
0.0442  0 28 x 06    0.0443  0 27 x 06    0.0295  0 01 x 10    0.0295  0 01 x 05
0.0444  0 01 x 10    0.0444  0 01 x 10    0.0296  0 05 x 06    0.0296  0 05 x 06
0.0444  0 01 x 12    0.0444  0 01 x 12    0.0297  0 06 x 12    0.0297  0 06 x 12
0.0445  0 27 x 06    0.0445  0 04 x 06    0.0298  0 06 x 07    0.0298  0 06 x 10
0.0445  0 04 x 06    0.0449  0 06 x 06    0.0298  0 06 x 10    0.0298  0 06 x 07
0.0449  0 06 x 06    0.0450  0 04 x 12    0.0299  0 00 x 08    0.0298  0 00 x 08
0.0450  0 00 x 08    0.0451  0 00 x 08    0.0301  0 01 x 07    0.0300  0 00 x 06
0.0452  0 01 x 05    0.0452  0 01 x 05    0.0301  0 00 x 06    0.0301  0 01 x 07
0.0455  0 00 x 06    0.0455  0 00 x 06    0.0302  0 03 x 07    0.0302  0 03 x 07
0.0457  0 03 x 07    0.0458  0 03 x 07    0.0303  0 06 x 06    0.0304  0 06 x 06
0.0461  0 00 x 07    0.0461  0 00 x 07    0.0304  0 00 x 07    0.0304  0 00 x 07
0.0462  0 05 x 05    0.0462  0 05 x 05    0.0308  0 00 x 05    0.0308  0 30 x 05
0.0470  0 30 x 05    0.0470  0 04 x 05    0.0308  0 28 x 05    0.0308  0 00 x 05
0.0470  0 04 x 05    0.0471  0 32 x 05    0.0308  0 29 x 05    0.0309  0 04 x 05
0.0471  0 31 x 05    0.0471  0 30 x 05    0.0309  0 30 x 05    0.0309  0 05 x 05
0.0471  0 32 x 05    0.0471  0 31 x 05    0.0309  0 05 x 05    0.0309  0 29 x 05
0.0472  0 00 x 10    0.0471  0 06 x 05    0.0309  0 04 x 05    0.0309  0 28 x 05
0.0472  0 06 x 05    0.0472  0 00 x 10    0.0310  0 32 x 05    0.0309  0 32 x 05
0.0472  0 29 x 05    0.0472  0 29 x 05    0.0310  0 27 x 05    0.0309  0 27 x 05
0.0472  0 07 x 08    0.0473  0 28 x 05    0.0310  0 31 x 05    0.0310  0 31 x 05
0.0474  0 28 x 05    0.0473  0 07 x 08    0.0310  0 00 x 10    0.0310  0 00 x 10
0.0476  0 07 x 12    0.0477  0 07 x 12    0.0316  0 06 x 05    0.0316  0 06 x 05
0.0478  0 07 x 10    0.0477  0 07 x 10    0.0318  0 00 x 12    0.0318  0 00 x 12
0.0479  0 07 x 07    0.0479  0 07 x 07    0.0320  3 08 x 08    0.0319  3 08 x 08
0.0479  3 08 x 08    0.0479  3 08 x 08    0.0326  0 01 x 04    0.0326  0 01 x 04
0.0482  0 00 x 05    0.0482  0 00 x 05    0.0327  0 02 x 06    0.0327  0 02 x 06
0.0488  0 00 x 12    0.0488  0 07 x 06    0.0330  0 03 x 06    0.0330  0 03 x 06
0.0488  0 07 x 06    0.0489  0 00 x 12    0.0334  0 05 x 04    0.0334  0 07 x 08
0.0491  4 08 x 08    0.0491  4 08 x 08    0.0334  0 07 x 08    0.0334  0 00 x 04
0.0492  0 27 x 05    0.0491  0 27 x 05    0.0334  0 00 x 04    0.0334  0 05 x 04
0.0497  0 02 x 06    0.0498  0 02 x 06    0.0335  0 04 x 04    0.0334  0 04 x 04
0.0500  4 08 x 12    0.0500  4 08 x 12    0.0336  0 32 x 04    0.0336  0 31 x 04
0.0502  0 03 x 06    0.0502  0 03 x 06    0.0337  0 31 x 04    0.0336  0 32 x 04
0.0509  0 05 x 04    0.0509  0 01 x 04    0.0337  0 07 x 12    0.0337  0 07 x 12
0.0509  0 01 x 04    0.0509  0 05 x 04    0.0337  0 07 x 07    0.0337  0 07 x 07
0.0510  3 08 x 12    0.0509  4 08 x 10    0.0338  0 07 x 10    0.0338  0 07 x 10
0.0510  4 08 x 10    0.0510  0 07 x 05    0.0339  3 08 x 12    0.0339  3 08 x 12
0.0510  0 07 x 05    0.0511  3 08 x 12    0.0342  0 28 x 04    0.0342  0 28 x 04
0.0517  3 08 x 10    0.0517  3 08 x 10    0.0342  0 30 x 04    0.0342  0 30 x 04
0.0518  0 04 x 04    0.0518  0 04 x 04    0.0343  4 08 x 08    0.0343  4 08 x 08
0.0521  0 06 x 04    0.0521  0 06 x 04    0.0344  0 07 x 06    0.0344  3 08 x 10
0.0523  0 00 x 04    0.0523  0 00 x 04    0.0344  3 08 x 10    0.0344  0 07 x 06
0.0529  0 31 x 04    0.0530  0 31 x 04    0.0345  4 08 x 12    0.0345  4 08 x 12
0.0530  0 32 x 04    0.0530  0 32 x 04    0.0346  0 29 x 04    0.0346  0 06 x 04
0.0534  3 08 x 07    0.0534  3 08 x 07    0.0347  0 06 x 04    0.0351  0 27 x 04
0.0534  4 08 x 07    0.0534  4 08 x 07    0.0351  0 27 x 04    0.0352  4 08 x 10
0.0537  0 29 x 04    0.0537  0 29 x 04    0.0352  4 08 x 10    0.0353  3 08 x 07
0.0537  0 28 x 04    0.0537  0 28 x 04    0.0353  3 08 x 07    0.0356  0 29 x 04
0.0537  0 30 x 04    0.0537  0 30 x 04    0.0357  0 07 x 05    0.0356  0 07 x 05
0.0538  5 08 x 12    0.0545  3 08 x 06    0.0360  0 03 x 05    0.0360  0 03 x 05
0.0545  3 08 x 06    0.0548  4 08 x 06    0.0360  3 08 x 06    0.0360  3 08 x 06
0.0548  4 08 x 06    0.0552  5 08 x 12    0.0364  3 08 x 05    0.0364  3 08 x 05
0.0554  0 27 x 04    0.0554  0 27 x 04    0.0371  0 02 x 05    0.0371  0 02 x 05
0.0554  0 03 x 05    0.0554  3 08 x 05    0.0371  4 08 x 07    0.0371  4 08 x 07
0.0555  3 08 x 05    0.0554  0 03 x 05    0.0373  0 02 x 07    0.0373  0 02 x 07
0.0559  5 08 x 08    0.0559  5 08 x 08    0.0380  4 08 x 06    0.0380  4 08 x 06
0.0559  0 07 x 04    0.0559  0 07 x 04    0.0385  0 07 x 04    0.0385  0 07 x 04
0.0559  5 08 x 10    0.0559  5 08 x 10    0.0391  3 08 x 04    0.0390  5 08 x 12
0.0563  0 02 x 05    0.0562  0 02 x 05    0.0391  5 08 x 12    0.0391  3 08 x 04
0.0568  0 02 x 07    0.0566  0 02 x 07    0.0395  4 08 x 05    0.0396  4 08 x 05
0.0573  4 08 x 05    0.0573  4 08 x 05    0.0398  0 01 x 03    0.0397  0 01 x 03
0.0579  6 08 x 12    0.0585  6 08 x 12    0.0400  0 04 x 03    0.0400  0 04 x 03
0.0594  6 08 x 10    0.0595  6 08 x 10    0.0403  0 05 x 03    0.0402  0 05 x 03
0.0607  5 08 x 07    0.0608  3 08 x 04    0.0411  5 08 x 10    0.0410  5 08 x 10
0.0608  3 08 x 04    0.0608  5 08 x 07    0.0411  0 32 x 03    0.0411  0 31 x 03
0.0619  4 08 x 04    0.0619  4 08 x 04    0.0411  0 31 x 03    0.0411  0 06 x 03
0.0627  0 05 x 03    0.0627  0 05 x 03    0.0411  0 06 x 03    0.0411  0 32 x 03
0.0630  0 01 x 03    0.0630  0 01 x 03    0.0415  0 28 x 03    0.0415  0 28 x 03
0.0633  0 06 x 03    0.0633  0 06 x 03    0.0416  0 30 x 03    0.0416  5 08 x 08
0.0633  5 08 x 06    0.0634  5 08 x 06    0.0417  5 08 x 08    0.0417  4 08 x 04
0.0634  0 04 x 03    0.0634  0 04 x 03    0.0417  0 02 x 04    0.0417  0 02 x 04
0.0649  0 02 x 04    0.0649  0 02 x 04    0.0418  0 03 x 04    0.0418  0 03 x 04
0.0650  0 03 x 04    0.0650  0 03 x 04    0.0418  4 08 x 04    0.0419  0 30 x 03
0.0655  0 32 x 03    0.0655  0 32 x 03    0.0424  0 29 x 03    0.0423  0 29 x 03
0.0656  0 31 x 03    0.0656  0 31 x 03    0.0426  0 27 x 03    0.0426  0 27 x 03
0.0657  2 08 x 05    0.0658  2 08 x 05    0.0429  6 08 x 12    0.0428  6 08 x 12
0.0660  0 28 x 03    0.0661  0 28 x 03    0.0429  2 08 x 05    0.0430  2 08 x 05
0.0661  0 30 x 03    0.0661  0 30 x 03    0.0435  0 00 x 03    0.0436  2 08 x 04
0.0665  0 29 x 03    0.0665  0 29 x 03    0.0437  2 08 x 04    0.0439  0 00 x 03
0.0670  0 00 x 03    0.0669  0 00 x 03    0.0445  6 08 x 10    0.0445  6 08 x 10
0.0671  0 07 x 03    0.0671  0 07 x 03    0.0448  0 07 x 03    0.0448  0 07 x 03
0.0672  5 08 x 05    0.0673  5 08 x 05    0.0454  5 08 x 07    0.0454  5 08 x 07
0.0679  2 08 x 04    0.0679  2 08 x 04    0.0474  5 08 x 06    0.0474  5 08 x 06
0.0701  0 27 x 03    0.0700  0 27 x 03    0.0489  3 08 x 03    0.0490  3 08 x 03
0.0715  6 08 x 08    0.0713  6 08 x 08    0.0500  4 08 x 03    0.0500  4 08 x 03
0.0733  5 08 x 04    0.0728  5 08 x 04    0.0503  5 08 x 05    0.0504  5 08 x 05
0.0756  4 08 x 03    0.0756  4 08 x 03    0.0513  0 03 x 03    0.0513  0 03 x 03
0.0777  3 08 x 03    0.0777  3 08 x 03    0.0514  0 02 x 03    0.0514  0 02 x 03
0.0786  6 08 x 07    0.0787  6 08 x 07    0.0529  0 05 x 02    0.0529  0 05 x 02
0.0811  0 03 x 03    0.0811  0 03 x 03    0.0532  0 01 x 02    0.0532  0 01 x 02
0.0812  0 02 x 03    0.0813  0 02 x 03    0.0536  0 04 x 02    0.0536  0 04 x 02
0.0829  6 08 x 06    0.0831  6 08 x 06    0.0537  2 08 x 03    0.0537  2 08 x 03
0.0833  1 08 x 05    0.0834  1 08 x 05    0.0539  1 08 x 05    0.0540  1 08 x 05
0.0847  2 08 x 03    0.0848  2 08 x 03    0.0539  5 08 x 04    0.0541  5 08 x 04
0.0856  0 05 x 02    0.0856  0 05 x 02    0.0541  0 06 x 02    0.0541  0 06 x 02
0.0860  0 06 x 02    0.0861  0 06 x 02    0.0548  0 00 x 02    0.0548  0 00 x 02
0.0866  5 08 x 03    0.0867  5 08 x 03    0.0557  0 28 x 02    0.0557  0 28 x 02
0.0870  0 01 x 02    0.0871  0 01 x 02    0.0559  0 30 x 02    0.0560  0 30 x 02
0.0873  0 04 x 02    0.0873  0 04 x 02    0.0566  0 27 x 02    0.0566  0 31 x 02
0.0888  0 07 x 02    0.0888  0 07 x 02    0.0566  0 29 x 02    0.0566  0 32 x 02
0.0895  0 00 x 02    0.0895  0 00 x 02    0.0566  0 32 x 02    0.0566  0 29 x 02
0.0905  1 08 x 04    0.0905  1 08 x 04    0.0567  0 31 x 02    0.0568  0 27 x 02
0.0910  0 28 x 02    0.0910  0 28 x 02    0.0568  0 07 x 02    0.0568  0 07 x 02
0.0917  0 30 x 02    0.0917  0 30 x 02    0.0575  6 08 x 08    0.0573  6 08 x 08
0.0918  0 32 x 02    0.0918  0 32 x 02    0.0579  1 08 x 04    0.0579  1 08 x 04
0.0918  0 31 x 02    0.0918  0 31 x 02    0.0602  4 08 x 02    0.0602  4 08 x 02
0.0919  0 29 x 02    0.0919  0 29 x 02    0.0621  5 08 x 03    0.0621  5 08 x 03
0.0921  6 08 x 05    0.0923  6 08 x 05    0.0634  6 08 x 07    0.0634  6 08 x 07
0.0931  0 27 x 02    0.0930  0 27 x 02    0.0640  3 08 x 02    0.0640  3 08 x 02
0.0970  4 08 x 02    0.0970  4 08 x 02    0.0672  6 08 x 06    0.0674  6 08 x 06
0.1003  6 08 x 04    0.1002  6 08 x 04    0.0691  0 02 x 02    0.0692  0 02 x 02
0.1038  3 08 x 02    0.1038  3 08 x 02    0.0692  0 03 x 02    0.0692  0 03 x 02
0.1061  7 08 x 05    0.1061  7 08 x 05    0.0725  2 08 x 02    0.0725  2 08 x 02
0.1076  5 08 x 02    0.1080  5 08 x 02    0.0729  5 08 x 02    0.0731  5 08 x 02
0.1120  0 02 x 02    0.1122  0 02 x 02    0.0739  1 08 x 03    0.0740  1 08 x 03
0.1124  0 03 x 02    0.1125  0 03 x 02    0.0751  6 08 x 05    0.0752  6 08 x 05
0.1146  1 08 x 03    0.1146  1 08 x 03    0.0815  6 08 x 04    0.0815  6 08 x 04
0.1163  6 08 x 03    0.1170  2 08 x 02    0.0841  0 01 x 01    0.0842  0 01 x 01
0.1170  2 08 x 02    0.1171  6 08 x 03    0.0844  0 05 x 01    0.0844  0 05 x 01
0.1375  6 08 x 02    0.1375  6 08 x 02    0.0845  0 28 x 01    0.0845  0 28 x 01
0.1428  0 02 x 08    0.1427  0 02 x 08    0.0845  0 30 x 01    0.0845  0 30 x 01
0.1496  0 06 x 01    0.1495  0 05 x 01    0.0848  0 04 x 01    0.0848  0 04 x 01
0.1496  0 05 x 01    0.1496  0 06 x 01    0.0853  0 06 x 01    0.0853  0 06 x 01
0.1502  0 07 x 01    0.1502  0 07 x 01    0.0864  0 00 x 01    0.0863  0 00 x 01
0.1506  0 01 x 01    0.1506  0 01 x 01    0.0867  0 07 x 01    0.0867  0 07 x 01
0.1513  0 04 x 01    0.1512  0 04 x 01    0.0890  0 27 x 01    0.0890  0 27 x 01
0.1524  0 02 x 10    0.1524  0 02 x 10    0.0906  7 08 x 05    0.0906  7 08 x 05
0.1527  0 30 x 01    0.1527  0 30 x 01    0.0917  0 02 x 08    0.0917  0 02 x 08
0.1528  0 28 x 01    0.1529  0 28 x 01    0.0936  6 08 x 03    0.0918  6 08 x 03
0.1545  0 00 x 01    0.1545  0 00 x 01    0.0943  0 29 x 01    0.0943  0 29 x 01
0.1588  1 08 x 02    0.1588  1 08 x 02    0.0944  0 32 x 01    0.0944  0 32 x 01
0.1607  0 27 x 01    0.1607  0 27 x 01    0.0944  0 31 x 01    0.0944  0 31 x 01
0.1613  0 02 x 12    0.1615  0 02 x 12    0.0944  5 08 x 01    0.0945  5 08 x 01
0.1650  5 08 x 01    0.1651  5 08 x 01    0.0961  4 08 x 01    0.0961  4 08 x 01
0.1680  0 29 x 01    0.1680  0 29 x 01    0.0985  1 08 x 02    0.0985  1 08 x 02
0.1681  0 31 x 01    0.1681  0 31 x 01    0.0989  0 02 x 10    0.0990  0 02 x 10
0.1682  0 32 x 01    0.1682  0 32 x 01    0.1027  6 08 x 02    0.1021  6 08 x 02
0.1698  4 08 x 01    0.1693  7 08 x 04    0.1044  3 08 x 01    0.1044  3 08 x 01
0.1792  7 08 x 04    0.1699  4 08 x 01    0.1049  0 02 x 12    0.1048  0 02 x 12
0.1837  3 08 x 01    0.1811  7 08 x 03    0.1060  0 02 x 01    0.1061  0 02 x 01
0.1841  7 08 x 03    0.1838  3 08 x 01    0.1061  0 03 x 01    0.1061  0 03 x 01
0.1885  6 08 x 01    0.1885  6 08 x 01    0.1203  6 08 x 01    0.1203  6 08 x 01
0.1919  0 03 x 01    0.1919  0 03 x 01    0.1216  2 08 x 01    0.1216  2 08 x 01
0.1919  0 02 x 01    0.1919  0 02 x 01    0.1608  7 08 x 04    0.1601  7 08 x 04
0.2084  7 08 x 02    0.2085  7 08 x 02    0.1655  7 08 x 03    0.1655  7 08 x 03
0.2118  2 08 x 01    0.2118  2 08 x 01    0.1703  7 08 x 01    0.1704  7 08 x 01
0.2360  7 08 x 01    0.2358  7 08 x 01    0.1744  1 08 x 01    0.1744  1 08 x 01
0.2972  1 08 x 01    0.2973  1 08 x 01    0.1754  7 08 x 02    0.1754  7 08 x 02
---Benchmark Program Finished---
