
jeffreyhurchalla@Jeffreys-MacBook-Air montgomery_two_pow % ./testbench.sh clang++ O3 MontgomeryQuarter uint64_t 191 8 22                                         
compilation finished, now executing:
---Running Program---

begin benchmarks - array two_pow
(ignore)16352975363793682379

OVERALL BEST:
0.1309  0 29 x 12
0.1315  0 31 x 12
0.1318  0 28 x 12
0.1322  0 30 x 12
0.1329  0 31 x 10
0.1335  0 30 x 10
0.1345  0 31 x 08
0.1347  0 28 x 10
0.1350  0 29 x 08
0.1357  0 29 x 10
0.1359  0 30 x 08
0.1361  0 31 x 07
0.1375  0 29 x 07
0.1377  0 28 x 08
0.1378  0 30 x 07
0.1391  0 28 x 07
0.1428  0 05 x 08
0.1428  0 04 x 08
0.1432  0 30 x 06
0.1432  0 03 x 12
0.1437  0 31 x 06
0.1438  0 01 x 08
0.1442  0 03 x 10
0.1443  0 29 x 06
0.1446  0 01 x 06
0.1447  0 05 x 10
0.1448  0 01 x 07
0.1449  0 04 x 10
0.1452  0 05 x 12
0.1455  0 05 x 07
0.1456  0 04 x 07
0.1460  0 06 x 08
0.1461  0 04 x 12
0.1466  0 00 x 12
0.1470  0 28 x 06
0.1471  0 06 x 12
0.1472  0 00 x 07
0.1472  0 06 x 10
0.1474  0 00 x 08
0.1478  0 05 x 06
0.1481  0 01 x 10
0.1485  0 27 x 12
0.1485  0 06 x 07
0.1485  0 04 x 06
0.1488  0 27 x 06
0.1493  0 00 x 06
0.1493  0 03 x 08
0.1499  0 27 x 10
0.1501  0 01 x 12
0.1513  0 00 x 10
0.1513  0 27 x 08
0.1514  0 27 x 07
0.1517  0 06 x 06
0.1528  0 29 x 05
0.1530  0 28 x 05
0.1536  0 31 x 05
0.1542  0 00 x 05
0.1548  0 05 x 05
0.1551  0 30 x 05
0.1557  4 08 x 08
0.1565  0 04 x 05
0.1577  0 01 x 05
0.1582  3 08 x 08
0.1585  0 02 x 07
0.1587  0 03 x 07
0.1603  0 06 x 05
0.1608  0 27 x 05
0.1619  0 07 x 08
0.1626  0 07 x 12
0.1632  0 07 x 10
0.1637  4 08 x 10
0.1644  0 07 x 07
0.1659  5 08 x 08
0.1669  3 08 x 12
0.1674  0 07 x 06
0.1675  0 01 x 04
0.1677  4 08 x 12
0.1682  4 08 x 07
0.1692  0 05 x 04
0.1699  3 08 x 10
0.1707  0 04 x 04
0.1714  0 00 x 04
0.1715  0 02 x 06
0.1724  5 08 x 10
0.1726  0 03 x 06
0.1729  4 08 x 06
0.1741  0 31 x 04
0.1747  3 08 x 07
0.1751  0 06 x 04
0.1755  0 30 x 04
0.1757  0 07 x 05
0.1758  0 28 x 04
0.1765  5 08 x 07
0.1787  3 08 x 06
0.1800  4 08 x 05
0.1807  0 29 x 04
0.1818  5 08 x 06
0.1828  3 08 x 05
0.1846  0 27 x 04
0.1887  0 02 x 05
0.1891  0 03 x 05
0.1899  5 08 x 12
0.1899  0 07 x 04
0.1902  5 08 x 05
0.1932  6 08 x 08
0.1964  4 08 x 04
0.1979  6 08 x 10
0.2015  3 08 x 04
0.2020  6 08 x 07
0.2056  0 01 x 03
0.2058  0 05 x 03
0.2072  0 04 x 03
0.2073  6 08 x 06
0.2087  5 08 x 04
0.2105  0 06 x 03
0.2116  0 00 x 03
0.2148  2 08 x 05
0.2153  0 30 x 03
0.2157  0 28 x 03
0.2161  0 29 x 03
0.2173  0 31 x 03
0.2184  6 08 x 05
0.2191  0 02 x 04
0.2192  0 03 x 04
0.2220  0 27 x 03
0.2241  2 08 x 04
0.2252  0 07 x 03
0.2400  6 08 x 12
0.2415  6 08 x 04
0.2416  4 08 x 03
0.2546  3 08 x 03
0.2556  5 08 x 03
0.2712  0 02 x 03
0.2712  0 03 x 03
0.2723  1 08 x 05
0.2788  2 08 x 03
0.2879  7 08 x 05
0.2938  6 08 x 03
0.2968  1 08 x 04
0.3176  7 08 x 04
0.3740  1 08 x 03
0.3839  7 08 x 03
0.4705  0 02 x 08
0.5048  0 02 x 10
0.5379  0 02 x 12
Timings By Test Type:
0.0397  0 29 x 12    0.0397  0 29 x 12    0.0258  0 29 x 12    0.0258  0 29 x 12
0.0400  0 31 x 12    0.0399  0 28 x 12    0.0258  0 31 x 12    0.0258  0 31 x 12
0.0400  0 28 x 12    0.0399  0 31 x 12    0.0260  0 28 x 12    0.0260  0 28 x 12
0.0400  0 30 x 12    0.0400  0 30 x 12    0.0261  0 30 x 12    0.0261  0 30 x 12
0.0402  0 31 x 10    0.0403  0 31 x 10    0.0262  0 31 x 10    0.0262  0 31 x 10
0.0403  0 30 x 10    0.0403  0 30 x 10    0.0264  0 30 x 10    0.0264  0 30 x 10
0.0407  0 28 x 10    0.0407  0 28 x 10    0.0265  0 31 x 08    0.0265  0 31 x 08
0.0407  0 29 x 08    0.0407  0 29 x 08    0.0266  0 28 x 10    0.0266  0 28 x 10
0.0408  0 31 x 08    0.0408  0 31 x 08    0.0268  0 29 x 08    0.0267  0 29 x 08
0.0410  0 30 x 08    0.0410  0 29 x 10    0.0268  0 31 x 07    0.0268  0 29 x 10
0.0410  0 29 x 10    0.0410  0 30 x 08    0.0268  0 29 x 10    0.0268  0 31 x 07
0.0412  0 31 x 07    0.0413  0 31 x 07    0.0270  0 30 x 08    0.0269  0 30 x 08
0.0415  0 28 x 08    0.0415  0 28 x 08    0.0272  0 29 x 07    0.0271  0 29 x 07
0.0416  0 29 x 07    0.0416  0 30 x 07    0.0273  0 30 x 07    0.0273  0 30 x 07
0.0416  0 30 x 07    0.0417  0 29 x 07    0.0274  0 28 x 08    0.0274  0 28 x 08
0.0419  0 28 x 07    0.0419  0 28 x 07    0.0276  0 28 x 07    0.0276  0 28 x 07
0.0427  0 05 x 08    0.0426  0 05 x 08    0.0281  0 30 x 06    0.0281  0 30 x 06
0.0430  0 04 x 08    0.0430  0 04 x 08    0.0284  0 03 x 12    0.0283  0 04 x 08
0.0431  0 01 x 08    0.0431  0 01 x 08    0.0284  0 31 x 06    0.0284  0 03 x 12
0.0432  0 05 x 10    0.0432  0 05 x 10    0.0284  0 29 x 06    0.0284  0 29 x 06
0.0432  0 03 x 12    0.0432  0 03 x 12    0.0284  0 04 x 08    0.0284  0 31 x 06
0.0434  0 05 x 12    0.0433  0 05 x 12    0.0286  0 01 x 06    0.0286  0 03 x 10
0.0434  0 01 x 07    0.0434  0 31 x 06    0.0287  0 03 x 10    0.0287  0 01 x 06
0.0434  0 31 x 06    0.0434  0 01 x 07    0.0288  0 01 x 08    0.0287  0 05 x 08
0.0434  0 06 x 08    0.0434  0 05 x 07    0.0288  0 05 x 08    0.0288  0 04 x 10
0.0434  0 05 x 07    0.0434  0 30 x 06    0.0288  0 04 x 10    0.0288  0 01 x 08
0.0435  0 03 x 10    0.0434  0 06 x 08    0.0289  0 04 x 07    0.0289  0 04 x 07
0.0435  0 30 x 06    0.0435  0 03 x 10    0.0289  0 00 x 12    0.0289  0 00 x 12
0.0436  0 01 x 06    0.0437  0 01 x 06    0.0289  0 04 x 12    0.0289  0 04 x 12
0.0437  0 04 x 10    0.0437  0 04 x 10    0.0290  0 01 x 07    0.0290  0 01 x 07
0.0437  0 29 x 06    0.0437  0 29 x 06    0.0291  0 00 x 07    0.0291  0 00 x 07
0.0438  0 06 x 12    0.0438  0 06 x 10    0.0291  0 00 x 08    0.0292  0 05 x 10
0.0438  0 06 x 10    0.0438  0 06 x 12    0.0292  0 05 x 10    0.0292  0 00 x 08
0.0440  0 04 x 07    0.0439  0 04 x 07    0.0292  0 27 x 12    0.0292  0 27 x 12
0.0441  0 05 x 06    0.0441  0 05 x 06    0.0292  0 28 x 06    0.0292  0 28 x 06
0.0442  0 04 x 12    0.0441  0 04 x 12    0.0293  0 05 x 12    0.0293  0 05 x 12
0.0442  0 06 x 07    0.0442  0 06 x 07    0.0293  0 05 x 07    0.0293  0 05 x 07
0.0443  0 28 x 06    0.0443  0 28 x 06    0.0295  0 01 x 10    0.0295  0 27 x 06
0.0444  0 00 x 12    0.0444  0 00 x 12    0.0295  0 04 x 06    0.0295  0 04 x 06
0.0444  0 00 x 07    0.0445  0 00 x 07    0.0295  0 00 x 06    0.0295  0 01 x 10
0.0446  0 00 x 08    0.0446  0 00 x 08    0.0295  0 27 x 06    0.0295  0 00 x 06
0.0446  0 01 x 10    0.0446  0 01 x 10    0.0296  0 06 x 08    0.0296  0 06 x 08
0.0448  0 04 x 06    0.0447  0 04 x 06    0.0297  0 27 x 10    0.0296  0 27 x 10
0.0449  0 27 x 06    0.0449  0 27 x 06    0.0297  0 03 x 08    0.0297  0 03 x 08
0.0450  0 03 x 08    0.0450  0 03 x 08    0.0297  0 06 x 12    0.0297  0 06 x 12
0.0450  0 27 x 12    0.0450  0 27 x 12    0.0298  0 05 x 06    0.0298  0 05 x 06
0.0451  0 00 x 06    0.0451  0 00 x 06    0.0298  0 06 x 10    0.0298  0 06 x 10
0.0452  0 06 x 06    0.0452  0 06 x 06    0.0299  0 01 x 12    0.0298  0 01 x 12
0.0452  0 01 x 12    0.0452  0 01 x 12    0.0299  0 00 x 10    0.0299  0 29 x 05
0.0453  0 27 x 10    0.0453  0 27 x 10    0.0299  0 28 x 05    0.0299  0 00 x 10
0.0456  0 27 x 07    0.0456  0 27 x 07    0.0300  0 29 x 05    0.0300  0 28 x 05
0.0456  0 27 x 08    0.0456  0 27 x 08    0.0300  0 06 x 07    0.0300  0 06 x 07
0.0458  0 00 x 10    0.0458  0 00 x 10    0.0300  0 27 x 08    0.0300  0 27 x 08
0.0462  0 31 x 05    0.0462  0 31 x 05    0.0301  0 27 x 07    0.0301  0 27 x 07
0.0463  4 08 x 08    0.0463  4 08 x 08    0.0303  0 00 x 05    0.0303  0 00 x 05
0.0464  0 05 x 05    0.0464  0 05 x 05    0.0306  0 31 x 05    0.0306  0 31 x 05
0.0464  0 29 x 05    0.0465  0 29 x 05    0.0307  0 06 x 06    0.0307  0 06 x 06
0.0465  0 28 x 05    0.0465  0 28 x 05    0.0307  0 30 x 05    0.0307  0 30 x 05
0.0468  0 00 x 05    0.0468  0 30 x 05    0.0310  0 04 x 05    0.0310  0 04 x 05
0.0468  0 30 x 05    0.0469  0 00 x 05    0.0310  0 05 x 05    0.0310  0 05 x 05
0.0472  0 04 x 05    0.0472  0 04 x 05    0.0312  0 01 x 05    0.0312  0 01 x 05
0.0474  0 07 x 08    0.0474  0 07 x 08    0.0315  4 08 x 08    0.0315  4 08 x 08
0.0475  3 08 x 08    0.0475  3 08 x 08    0.0315  0 03 x 07    0.0315  0 03 x 07
0.0476  0 07 x 12    0.0476  0 07 x 12    0.0315  0 02 x 07    0.0315  0 02 x 07
0.0477  0 01 x 05    0.0477  0 01 x 05    0.0316  3 08 x 08    0.0316  3 08 x 08
0.0477  0 02 x 07    0.0477  0 02 x 07    0.0319  0 27 x 05    0.0322  0 27 x 05
0.0477  0 07 x 10    0.0478  0 07 x 10    0.0324  0 06 x 05    0.0323  0 06 x 05
0.0478  0 03 x 07    0.0478  0 06 x 05    0.0327  0 01 x 04    0.0327  0 01 x 04
0.0478  0 06 x 05    0.0478  0 03 x 07    0.0331  4 08 x 10    0.0331  4 08 x 10
0.0482  0 07 x 07    0.0482  0 07 x 07    0.0332  3 08 x 12    0.0332  3 08 x 12
0.0484  0 27 x 05    0.0484  0 27 x 05    0.0334  0 00 x 04    0.0334  0 00 x 04
0.0486  5 08 x 08    0.0486  5 08 x 08    0.0335  0 04 x 04    0.0335  0 04 x 04
0.0488  4 08 x 10    0.0488  4 08 x 10    0.0335  0 05 x 04    0.0335  0 07 x 08
0.0491  0 07 x 06    0.0490  0 07 x 06    0.0336  0 07 x 08    0.0335  0 05 x 04
0.0496  4 08 x 12    0.0496  4 08 x 12    0.0337  0 07 x 12    0.0337  0 07 x 12
0.0502  4 08 x 07    0.0502  4 08 x 07    0.0338  3 08 x 10    0.0338  0 07 x 10
0.0502  3 08 x 12    0.0502  3 08 x 12    0.0338  0 31 x 04    0.0338  0 31 x 04
0.0506  5 08 x 10    0.0505  5 08 x 10    0.0338  0 07 x 10    0.0338  3 08 x 10
0.0510  0 01 x 04    0.0510  0 05 x 04    0.0339  0 02 x 06    0.0338  0 02 x 06
0.0511  0 05 x 04    0.0510  0 01 x 04    0.0339  4 08 x 07    0.0339  4 08 x 07
0.0512  3 08 x 10    0.0511  3 08 x 10    0.0340  0 07 x 07    0.0340  0 07 x 07
0.0516  4 08 x 06    0.0516  4 08 x 06    0.0341  0 30 x 04    0.0341  0 30 x 04
0.0516  0 07 x 05    0.0516  0 07 x 05    0.0342  0 28 x 04    0.0342  0 28 x 04
0.0518  5 08 x 07    0.0518  5 08 x 07    0.0342  0 03 x 06    0.0342  4 08 x 12
0.0519  0 02 x 06    0.0518  0 04 x 04    0.0342  4 08 x 12    0.0343  0 03 x 06
0.0519  0 04 x 04    0.0519  0 02 x 06    0.0344  5 08 x 08    0.0344  5 08 x 08
0.0521  0 03 x 06    0.0520  0 03 x 06    0.0347  3 08 x 07    0.0346  3 08 x 07
0.0523  0 00 x 04    0.0523  0 00 x 04    0.0347  0 07 x 06    0.0347  0 07 x 06
0.0525  0 06 x 04    0.0525  0 06 x 04    0.0348  4 08 x 06    0.0348  4 08 x 06
0.0527  3 08 x 07    0.0527  3 08 x 07    0.0351  0 06 x 04    0.0350  0 06 x 04
0.0532  0 31 x 04    0.0533  0 31 x 04    0.0354  3 08 x 06    0.0354  3 08 x 06
0.0534  5 08 x 06    0.0534  5 08 x 06    0.0357  5 08 x 10    0.0357  5 08 x 10
0.0536  0 30 x 04    0.0536  0 30 x 04    0.0361  3 08 x 05    0.0361  3 08 x 05
0.0537  0 28 x 04    0.0537  0 28 x 04    0.0361  4 08 x 05    0.0361  4 08 x 05
0.0539  4 08 x 05    0.0539  4 08 x 05    0.0362  0 07 x 05    0.0362  0 07 x 05
0.0539  0 29 x 04    0.0539  0 29 x 04    0.0364  0 29 x 04    0.0364  0 29 x 04
0.0539  3 08 x 06    0.0539  3 08 x 06    0.0364  5 08 x 07    0.0364  5 08 x 07
0.0548  5 08 x 12    0.0548  5 08 x 12    0.0371  0 27 x 04    0.0369  0 27 x 04
0.0553  0 27 x 04    0.0553  0 27 x 04    0.0372  0 02 x 05    0.0372  0 02 x 05
0.0553  3 08 x 05    0.0553  3 08 x 05    0.0372  0 03 x 05    0.0372  0 03 x 05
0.0554  6 08 x 08    0.0553  6 08 x 08    0.0375  5 08 x 06    0.0375  5 08 x 06
0.0560  5 08 x 05    0.0560  5 08 x 05    0.0388  0 07 x 04    0.0388  0 07 x 04
0.0562  0 07 x 04    0.0562  0 07 x 04    0.0391  5 08 x 05    0.0390  4 08 x 04
0.0569  6 08 x 10    0.0569  6 08 x 10    0.0392  4 08 x 04    0.0392  5 08 x 05
0.0572  0 02 x 05    0.0572  0 02 x 05    0.0396  3 08 x 04    0.0396  3 08 x 04
0.0573  0 03 x 05    0.0573  0 03 x 05    0.0397  0 01 x 03    0.0397  0 01 x 03
0.0582  6 08 x 07    0.0581  6 08 x 07    0.0401  0 04 x 03    0.0401  0 04 x 03
0.0591  4 08 x 04    0.0591  4 08 x 04    0.0402  5 08 x 12    0.0402  5 08 x 12
0.0597  6 08 x 06    0.0596  6 08 x 06    0.0402  0 05 x 03    0.0402  0 05 x 03
0.0612  3 08 x 04    0.0612  3 08 x 04    0.0408  0 00 x 03    0.0409  0 00 x 03
0.0617  5 08 x 04    0.0618  5 08 x 04    0.0412  6 08 x 08    0.0413  6 08 x 08
0.0627  0 05 x 03    0.0627  0 05 x 03    0.0415  0 06 x 03    0.0415  0 06 x 03
0.0629  6 08 x 05    0.0630  6 08 x 05    0.0415  0 30 x 03    0.0415  0 30 x 03
0.0630  0 01 x 03    0.0631  0 01 x 03    0.0416  0 28 x 03    0.0416  0 28 x 03
0.0635  0 04 x 03    0.0635  0 04 x 03    0.0417  0 29 x 03    0.0417  0 29 x 03
0.0637  0 06 x 03    0.0637  0 06 x 03    0.0421  6 08 x 10    0.0421  6 08 x 10
0.0649  0 00 x 03    0.0650  0 00 x 03    0.0421  0 31 x 03    0.0421  0 31 x 03
0.0651  2 08 x 05    0.0651  2 08 x 05    0.0423  2 08 x 05    0.0423  2 08 x 05
0.0661  0 30 x 03    0.0661  0 30 x 03    0.0426  5 08 x 04    0.0426  5 08 x 04
0.0663  0 28 x 03    0.0663  0 28 x 03    0.0427  0 27 x 03    0.0427  0 27 x 03
0.0663  0 29 x 03    0.0663  0 29 x 03    0.0428  6 08 x 07    0.0428  0 02 x 04
0.0665  0 31 x 03    0.0665  0 31 x 03    0.0429  0 02 x 04    0.0429  6 08 x 07
0.0666  0 03 x 04    0.0667  0 03 x 04    0.0429  0 03 x 04    0.0430  0 03 x 04
0.0667  0 02 x 04    0.0667  0 02 x 04    0.0439  2 08 x 04    0.0439  2 08 x 04
0.0673  6 08 x 12    0.0673  6 08 x 12    0.0441  6 08 x 06    0.0439  6 08 x 06
0.0675  0 07 x 03    0.0675  0 07 x 03    0.0451  0 07 x 03    0.0451  0 07 x 03
0.0682  2 08 x 04    0.0681  2 08 x 04    0.0463  6 08 x 05    0.0462  6 08 x 05
0.0683  0 27 x 03    0.0683  0 27 x 03    0.0476  4 08 x 03    0.0476  4 08 x 03
0.0698  6 08 x 04    0.0699  6 08 x 04    0.0492  3 08 x 03    0.0493  3 08 x 03
0.0732  4 08 x 03    0.0732  4 08 x 03    0.0511  6 08 x 04    0.0508  6 08 x 04
0.0763  5 08 x 03    0.0762  5 08 x 03    0.0516  5 08 x 03    0.0516  5 08 x 03
0.0780  3 08 x 03    0.0781  3 08 x 03    0.0527  6 08 x 12    0.0527  6 08 x 12
0.0797  7 08 x 05    0.0797  7 08 x 05    0.0527  0 03 x 03    0.0527  0 02 x 03
0.0828  1 08 x 05    0.0828  1 08 x 05    0.0527  0 02 x 03    0.0527  0 03 x 03
0.0829  0 02 x 03    0.0830  0 03 x 03    0.0534  1 08 x 05    0.0534  1 08 x 05
0.0829  0 03 x 03    0.0830  0 02 x 03    0.0542  2 08 x 03    0.0542  2 08 x 03
0.0852  2 08 x 03    0.0852  2 08 x 03    0.0580  1 08 x 04    0.0579  1 08 x 04
0.0856  6 08 x 03    0.0856  6 08 x 03    0.0613  6 08 x 03    0.0613  6 08 x 03
0.0883  7 08 x 04    0.0882  7 08 x 04    0.0643  7 08 x 05    0.0643  7 08 x 05
0.0904  1 08 x 04    0.0904  1 08 x 04    0.0705  7 08 x 04    0.0706  7 08 x 04
0.1075  7 08 x 03    0.1075  7 08 x 03    0.0725  1 08 x 03    0.0725  1 08 x 03
0.1145  1 08 x 03    0.1145  1 08 x 03    0.0843  7 08 x 03    0.0844  7 08 x 03
0.1433  0 02 x 08    0.1434  0 02 x 08    0.0920  0 02 x 08    0.0919  0 02 x 08
0.1531  0 02 x 10    0.1532  0 02 x 10    0.0993  0 02 x 10    0.0992  0 02 x 10
0.1633  0 02 x 12    0.1624  0 02 x 12    0.1061  0 02 x 12    0.1061  0 02 x 12
---Benchmark Program Finished---